Title: Nd2

System Thermodynamic Data:
Pressure Temperature mass F phi S H V dVdP*10^6 dVdT*10^6 Cp logfO2(absolute) logfO2-NNO rhol rhos viscosity aH2O chisqr
500.00 1523.15 98.230426 1.0000000000000000 1.000000 275.790658 -1187910.138346 38.644049 -387.853838 3625.678041 146.654746 -7.007 0.000 2.541929 0.000000 2.207 0.350285 0.000
500.00 1513.15 98.230973 1.0000000000000000 1.000000 274.825677 -1189384.615733 38.608290 -386.798845 3622.983687 146.654130 -7.116 0.000 2.544297 0.000000 2.250 0.349396 0.000
500.00 1503.15 98.231553 1.0000000000000000 1.000000 273.854336 -1190859.605045 38.572587 -385.746653 3620.230569 146.653680 -7.225 0.000 2.546667 0.000000 2.293 0.348499 0.000
500.00 1493.15 98.232167 1.0000000000000000 1.000000 272.876549 -1192335.126388 38.536941 -384.697321 3617.418917 146.653403 -7.336 0.000 2.549039 0.000000 2.337 0.347592 0.000
500.00 1483.15 98.232818 1.0000000000000000 1.000000 271.892227 -1193811.200714 38.501354 -383.650913 3614.548971 146.653303 -7.449 0.000 2.551412 0.000000 2.381 0.346676 0.000
500.00 1473.15 98.233505 1.0000000000000000 1.000000 270.919370 -1195261.134504 38.465826 -382.607495 3611.620982 142.750207 -7.563 0.000 2.553786 0.000000 2.426 0.345751 0.000
500.00 1463.15 98.234230 1.0000000000000000 1.000000 269.948323 -1196699.295962 38.430360 -381.567135 3608.635212 142.740536 -7.679 0.000 2.556162 0.000000 2.472 0.344817 0.000
500.00 1453.15 98.234994 1.0000000000000000 1.000000 268.970717 -1198137.972039 38.394956 -380.529905 3605.591932 142.730411 -7.796 0.000 2.558539 0.000000 2.518 0.343873 0.000
500.00 1443.15 98.235799 1.0000000000000000 1.000000 267.986463 -1199577.180556 38.359617 -379.495879 3602.491428 142.719828 -7.915 0.000 2.560917 0.000000 2.565 0.34292 0.000
500.00 1433.15 98.236645 1.0000000000000000 1.000000 266.995471 -1201016.940286 38.324344 -378.465136 3599.333997 142.708781 -8.035 0.000 2.563296 0.000000 2.613 0.341958 0.000
500.00 1423.15 98.237421 0.9996148230981062 0.999701 265.986472 -1202471.220166 38.288275 -377.413863 3595.316136 142.677554 -8.157 0.000 2.565510 3.305077 2.663 0.341061 0.000
500.00 1413.15 98.235954 0.9918616347924221 0.993692 264.758884 -1204186.989181 38.235855 -375.910965 3575.826018 142.270016 -8.281 0.000 2.564479 3.314472 2.743 0.34158 0.000
500.00 1403.15 98.236863 0.9523541377228828 0.962231 262.662235 -1207154.723299 38.004663 -370.423847 3521.200768 140.817603 -8.407 0.000 2.558330 3.260858 2.835 0.357986 0.000
500.00 1393.15 98.239369 0.9128235352316881 0.930588 260.577597 -1210112.279582 37.775402 -364.915467 3464.858544 139.371597 -8.535 0.000 2.550973 3.266184 2.933 0.375779 0.000
500.00 1383.15 98.240800 0.8547817116196792 0.880024 258.123535 -1213543.117716 37.556437 -355.780953 3380.773303 137.461245 -8.664 0.000 2.540787 3.166170 3.027 0.412214 0.000
500.00 1373.15 98.245616 0.7969048520089140 0.829033 255.702307 -1216962.166810 37.356365 -346.492621 3293.805190 135.594436 -8.795 0.000 2.528035 3.124181 3.129 0.45485 0.000
500.00 1363.15 98.265333 0.7376439061114379 0.777644 253.256429 -1220644.119868 37.167338 -337.283047 3196.365500 133.698960 -8.929 0.000 2.507867 3.119479 3.270 0.503577 0.000
500.00 1353.15 98.297751 0.6783970084166106 0.726698 250.820278 -1224504.124529 36.993215 -328.212124 3092.228532 131.831146 -9.064 0.000 2.480570 3.126792 3.449 0.559487 0.000
500.00 1343.15 98.327218 0.6250482832708855 0.680001 248.558473 -1228053.710460 36.827133 -319.466933 3001.192594 130.225122 -9.201 0.000 2.454199 3.128475 3.615 0.620664 0.000
500.00 1333.15 98.359297 0.5705540247644456 0.631002 246.359084 -1231540.943872 36.608498 -309.178954 2923.173406 128.829315 -9.340 0.000 2.429402 3.126931 3.727 0.697788 0.000
500.00 1323.15 98.377533 0.5294739203182253 0.593258 244.423718 -1234420.389456 36.465314 -301.388175 2858.395109 127.682586 -9.481 0.000 2.407781 3.120906 3.849 0.767817 0.000
500.00 1313.15 98.388254 0.4960561112733023 0.562012 242.648707 -1236941.459989 36.358617 -294.909890 2802.609896 126.702500 -9.625 0.000 2.388478 3.113549 3.971 0.834904 0.000
500.00 1303.15 98.396126 0.4667934138036397 0.534239 240.975217 -1239263.593653 36.261742 -288.964743 2753.925223 125.848616 -9.771 0.000 2.370928 3.106432 4.082 0.902721 0.000

Title: Nd2

Liquid Composition:
Pressure Temperature mass SiO2 TiO2 Al2O3 Fe2O3 Cr2O3 FeO MnO MgO CaO Na2O K2O P2O5 H2O 
500.00 1523.15 98.230426 52.2178 1.04693 15.4964 2.13738 0.0114018 8.08178 0.167871 6.26181 9.68895 2.49882 1.24442 0.128372 1.01801
500.00 1513.15 98.230973 52.2175 1.04692 15.4963 2.14292 0.0114017 8.07674 0.16787 6.26177 9.6889 2.4988 1.24441 0.128371 1.01801
500.00 1503.15 98.231553 52.2172 1.04691 15.4962 2.1488 0.0114016 8.07139 0.167869 6.26174 9.68884 2.49879 1.24441 0.12837 1.018
500.00 1493.15 98.232167 52.2169 1.04691 15.4961 2.15503 0.0114016 8.06572 0.167868 6.2617 9.68878 2.49877 1.2444 0.128369 1.018
500.00 1483.15 98.232818 52.2166 1.0469 15.496 2.16162 0.0114015 8.05972 0.167867 6.26165 9.68872 2.49876 1.24439 0.128369 1.01799
500.00 1473.15 98.233505 52.2162 1.04689 15.4959 2.16859 0.0114014 8.05339 0.167865 6.26161 9.68865 2.49874 1.24438 0.128368 1.01798
500.00 1463.15 98.234230 52.2158 1.04689 15.4958 2.17594 0.0114013 8.0467 0.167864 6.26156 9.68858 2.49872 1.24437 0.128367 1.01798
500.00 1453.15 98.234994 52.2154 1.04688 15.4957 2.18369 0.0114012 8.03965 0.167863 6.26152 9.6885 2.4987 1.24436 0.128366 1.01797
500.00 1443.15 98.235799 52.215 1.04687 15.4956 2.19185 0.0114011 8.03222 0.167861 6.26146 9.68842 2.49868 1.24435 0.128365 1.01796
500.00 1433.15 98.236645 52.2145 1.04686 15.4954 2.20043 0.011401 8.02441 0.16786 6.26141 9.68834 2.49866 1.24434 0.128364 1.01795
500.00 1423.15 98.199582 52.2191 1.04725 15.5013 2.20914 0.0114053 8.01366 0.167796 6.24738 9.69184 2.4996 1.24481 0.128412 1.01833
500.00 1413.15 97.436474 52.3215 1.05546 15.6227 2.21142 0.0114947 7.94941 0.166451 5.96771 9.76443 2.51918 1.25456 0.129418 1.02631
500.00 1403.15 93.556283 52.4063 1.07997 16.0813 2.21047 0.0119714 8.00919 0.173003 5.55382 9.3469 2.61678 1.30659 0.134785 1.06888
500.00 1393.15 89.675208 52.5394 1.09931 16.5508 2.20014 0.00916883 8.03289 0.180289 5.14691 8.90038 2.72185 1.36314 0.140619 1.11514
500.00 1383.15 83.974439 52.9065 1.14245 16.5925 2.22132 0.00459653 8.12734 0.189192 4.74579 8.44445 2.83298 1.45192 0.150165 1.19084
500.00 1373.15 78.292408 53.402 1.17756 16.5651 2.22542 0.0013982 8.12739 0.198406 4.3618 8.00622 2.94413 1.55219 0.161063 1.27726
500.00 1363.15 72.484824 54.2147 1.16667 16.6003 2.1551 0.000208183 7.79717 0.209719 3.98625 7.57472 3.07107 1.67054 0.173967 1.3796
500.00 1353.15 66.684901 55.3483 1.10551 16.6835 2.00687 5.01329e-005 7.13842 0.223894 3.63352 7.15349 3.20915 1.80861 0.189098 1.49959
500.00 1343.15 61.459259 56.4101 1.03737 16.7551 1.85541 2.28981e-005 6.4784 0.241999 3.32616 6.77163 3.33766 1.95387 0.205177 1.62709
500.00 1333.15 56.119293 57.1448 0.962705 16.8696 1.72167 1.30634e-005 5.88039 0.285647 3.05474 6.44678 3.49792 2.12918 0.2247 1.78192
500.00 1323.15 52.088338 57.9309 0.906599 16.874 1.60194 9.66387e-006 5.36668 0.316578 2.79662 6.16393 3.59883 2.28209 0.242089 1.91982
500.00 1313.15 48.806094 58.7098 0.861005 16.8214 1.49289 8.03345e-006 4.91471 0.337868 2.56098 5.91111 3.6605 2.42242 0.258369 2.04892
500.00 1303.15 45.930663 59.4148 0.819536 16.7589 1.39254 7.03686e-006 4.50961 0.359019 2.35365 5.67758 3.70295 2.55965 0.274544 2.17719
Title: Nd2

liquid_0 thermodynamic data and composition:
Pressure Temperature mass S H V Cp viscosity SiO2 TiO2 Al2O3 Fe2O3 Cr2O3 FeO MnO MgO CaO Na2O K2O P2O5 H2O Mg#
500.00 1523.15 98.230426 275.790658 -1187910.138346 38.644049 146.654746 2.207 52.2178 1.04693 15.4964 2.13738 0.0114018 8.08178 0.167871 6.26181 9.68895 2.49882 1.24442 0.128372 1.01801 58.0
500.00 1513.15 98.230973 274.825677 -1189384.615733 38.608290 146.654130 2.250 52.2175 1.04692 15.4963 2.14292 0.0114017 8.07674 0.16787 6.26177 9.6889 2.4988 1.24441 0.128371 1.01801 58.0
500.00 1503.15 98.231553 273.854336 -1190859.605045 38.572587 146.653680 2.293 52.2172 1.04691 15.4962 2.1488 0.0114016 8.07139 0.167869 6.26174 9.68884 2.49879 1.24441 0.12837 1.018 58.0
500.00 1493.15 98.232167 272.876549 -1192335.126388 38.536941 146.653403 2.337 52.2169 1.04691 15.4961 2.15503 0.0114016 8.06572 0.167868 6.2617 9.68878 2.49877 1.2444 0.128369 1.018 58.0
500.00 1483.15 98.232818 271.892227 -1193811.200714 38.501354 146.653303 2.381 52.2166 1.0469 15.496 2.16162 0.0114015 8.05972 0.167867 6.26165 9.68872 2.49876 1.24439 0.128369 1.01799 58.1
500.00 1473.15 98.233505 270.919370 -1195261.134504 38.465826 142.750207 2.426 52.2162 1.04689 15.4959 2.16859 0.0114014 8.05339 0.167865 6.26161 9.68865 2.49874 1.24438 0.128368 1.01798 58.1
500.00 1463.15 98.234230 269.948323 -1196699.295962 38.430360 142.740536 2.472 52.2158 1.04689 15.4958 2.17594 0.0114013 8.0467 0.167864 6.26156 9.68858 2.49872 1.24437 0.128367 1.01798 58.1
500.00 1453.15 98.234994 268.970717 -1198137.972039 38.394956 142.730411 2.518 52.2154 1.04688 15.4957 2.18369 0.0114012 8.03965 0.167863 6.26152 9.6885 2.4987 1.24436 0.128366 1.01797 58.1
500.00 1443.15 98.235799 267.986463 -1199577.180556 38.359617 142.719828 2.565 52.215 1.04687 15.4956 2.19185 0.0114011 8.03222 0.167861 6.26146 9.68842 2.49868 1.24435 0.128365 1.01796 58.1
500.00 1433.15 98.236645 266.995471 -1201016.940286 38.324344 142.708781 2.613 52.2145 1.04686 15.4954 2.20043 0.011401 8.02441 0.16786 6.26141 9.68834 2.49866 1.24434 0.128364 1.01795 58.2
500.00 1423.15 98.199582 265.896454 -1202012.636109 38.276827 142.631034 2.663 52.2191 1.04725 15.5013 2.20914 0.0114053 8.01366 0.167796 6.24738 9.69184 2.4996 1.24481 0.128412 1.01833 58.1
500.00 1413.15 97.436474 262.865505 -1194540.655844 37.994646 141.290422 2.743 52.3215 1.05546 15.6227 2.21142 0.0114947 7.94941 0.166451 5.96771 9.76443 2.51918 1.25456 0.129418 1.02631 57.2
500.00 1403.15 93.556283 251.855034 -1148114.781279 36.569280 135.260826 2.835 52.4063 1.07997 16.0813 2.21047 0.0119714 8.00919 0.173003 5.55382 9.3469 2.61678 1.30659 0.134785 1.06888 55.3
500.00 1393.15 89.675208 240.925063 -1102067.997374 35.153333 129.266307 2.933 52.5394 1.09931 16.5508 2.20014 0.00916883 8.03289 0.180289 5.14691 8.90038 2.72185 1.36314 0.140619 1.11514 53.3
500.00 1383.15 83.974439 225.319058 -1031906.123548 33.050564 120.577608 3.027 52.9065 1.14245 16.5925 2.22132 0.00459653 8.12734 0.189192 4.74579 8.44445 2.83298 1.45192 0.150165 1.19084 51.0
500.00 1373.15 78.292408 209.870415 -962800.949159 30.969666 111.991093 3.129 53.402 1.17756 16.5651 2.22542 0.0013982 8.12739 0.198406 4.3618 8.00622 2.94413 1.55219 0.161063 1.27726 48.9
500.00 1363.15 72.484824 194.255389 -895249.641499 28.902975 103.334208 3.270 54.2147 1.16667 16.6003 2.1551 0.000208183 7.79717 0.209719 3.98625 7.57472 3.07107 1.67054 0.173967 1.3796 47.7
500.00 1353.15 66.684901 178.797304 -830137.804155 26.882899 94.794045 3.449 55.3483 1.10551 16.6835 2.00687 5.01329e-005 7.13842 0.223894 3.63352 7.15349 3.20915 1.80861 0.189098 1.49959 47.6
500.00 1343.15 61.459259 164.887199 -771042.212576 25.042490 87.160954 3.615 56.4101 1.03737 16.7551 1.85541 2.28981e-005 6.4784 0.241999 3.32616 6.77163 3.33766 1.95387 0.205177 1.62709 47.8
500.00 1333.15 56.119293 150.808132 -708594.156737 23.100045 79.487342 3.727 57.1448 0.962705 16.8696 1.72167 1.30634e-005 5.88039 0.285647 3.05474 6.44678 3.49792 2.12918 0.2247 1.78192 48.1
500.00 1323.15 52.088338 140.059361 -661501.297131 21.633339 73.648356 3.849 57.9309 0.906599 16.874 1.60194 9.66387e-006 5.36668 0.316578 2.79662 6.16393 3.59883 2.28209 0.242089 1.91982 48.2
500.00 1313.15 48.806094 131.233133 -623087.169856 20.433974 68.877386 3.971 58.7098 0.861005 16.8214 1.49289 8.03345e-006 4.91471 0.337868 2.56098 5.91111 3.6605 2.42242 0.258369 2.04892 48.2
500.00 1303.15 45.930663 123.478013 -589186.174218 19.372441 64.709515 4.082 59.4148 0.819536 16.7589 1.39254 7.03686e-006 4.50961 0.359019 2.35365 5.67758 3.70295 2.55965 0.274544 2.17719 48.2

orthopyroxene_0 thermodynamic data and composition:
Pressure Temperature mass S H V Cp structure formula SiO2 TiO2 Al2O3 Fe2O3 Cr2O3 FeO MnO MgO CaO Na2O K2O P2O5 H2O
500.00 1343.15 0.553260 1.275058 -6832.361552 0.167671 0.679598 opx Na0.00Ca0.07Fe''0.45Mg1.41Fe'''0.03Ti0.00Al0.10Si1.93O6 53.4437 0.107196 2.40232 1.17616 0 14.7309 0 26.2255 1.89347 0.0206996 0 0 0
500.00 1333.15 3.855438 8.848105 -47624.523622 1.167666 4.730165 opx Na0.00Ca0.07Fe''0.45Mg1.41Fe'''0.03Ti0.00Al0.10Si1.93O6 53.469 0.104931 2.35593 1.13888 0 14.8486 0 26.1911 1.87065 0.0209528 0 0 0
500.00 1323.15 5.351294 12.226597 -66058.887435 1.619070 6.554756 opx Na0.00Ca0.07Fe''0.46Mg1.41Fe'''0.03Ti0.00Al0.10Si1.93O6 53.4764 0.101443 2.29637 1.0996 0 15.0677 0 26.0819 1.85544 0.0210924 0 0 0
500.00 1313.15 6.038735 13.734348 -74466.949943 1.824931 7.383457 opx Na0.00Ca0.07Fe''0.46Mg1.40Fe'''0.03Ti0.00Al0.10Si1.94O6 53.4745 0.0976097 2.23352 1.06028 0 15.3293 0 25.9414 1.84212 0.0211465 0 0 0
500.00 1303.15 6.652628 15.061327 -81960.698689 2.008188 8.119782 opx Na0.00Ca0.07Fe''0.47Mg1.39Fe'''0.03Ti0.00Al0.09Si1.94O6 53.4732 0.0940416 2.17484 1.0221 0 15.5777 0 25.8108 1.82625 0.0211534 0 0 0

spinel_0 thermodynamic data and composition:
Pressure Temperature mass S H V Cp formula SiO2 TiO2 Al2O3 Fe2O3 Cr2O3 FeO MnO MgO CaO Na2O K2O P2O5 H2O
500.00 1393.15 0.030662 0.066060 -203.840908 0.006841 0.030021 Fe''0.68Mg0.43Fe'''1.01Al0.51Cr0.26Ti0.11O4 0 4.32236 12.9203 40.241 9.71171 24.1559 0 8.64874 0 0 0 0 0
500.00 1383.15 0.116805 0.249890 -736.626414 0.025784 0.112852 Fe''0.75Mg0.39Fe'''1.11Al0.44Cr0.17Ti0.14O4 0 5.54066 10.8623 43.2717 6.28405 26.3541 0 7.68719 0 0 0 0 0
500.00 1373.15 0.323350 0.686625 -1948.667522 0.070746 0.309252 Fe''0.83Mg0.36Fe'''1.18Al0.37Cr0.09Ti0.18O4 0 6.94509 9.03084 45.4918 3.1252 28.5184 0 6.88866 0 0 0 0 0
500.00 1363.15 0.981200 2.069196 -5750.190087 0.213428 0.932602 Fe''0.88Mg0.33Fe'''1.22Al0.32Cr0.03Ti0.21O4 0 8.02862 7.85545 46.5304 1.12608 30.0942 0 6.36526 0 0 0 0 0
500.00 1353.15 2.042438 4.283577 -11815.406979 0.442689 1.933870 Fe''0.91Mg0.32Fe'''1.24Al0.30Cr0.02Ti0.22O4 0 8.49257 7.26583 46.76 0.546727 30.8599 0 6.07503 0 0 0 0 0
500.00 1343.15 3.013538 6.289854 -17291.606563 0.651380 2.844790 Fe''0.92Mg0.31Fe'''1.24Al0.29Cr0.01Ti0.23O4 0 8.73182 6.87573 46.8231 0.371189 31.3306 0 5.86751 0 0 0 0 0
500.00 1333.15 3.944908 8.196575 -22507.132047 0.850867 3.715320 Fe''0.93Mg0.30Fe'''1.25Al0.28Cr0.01Ti0.23O4 0 8.80376 6.62316 46.9892 0.283724 31.5824 0 5.71776 0 0 0 0 0
500.00 1323.15 4.564920 9.439875 -25854.737584 0.981982 4.287039 Fe''0.95Mg0.29Fe'''1.25Al0.26Cr0.01Ti0.24O4 0 8.91768 6.3089 47.0696 0.245239 31.9416 0 5.51703 0 0 0 0 0
500.00 1313.15 5.006552 10.303563 -28143.611906 1.074022 4.688042 Fe''0.96Mg0.28Fe'''1.26Al0.25Cr0.01Ti0.24O4 0 9.05075 5.98685 47.0983 0.223629 32.3367 0 5.30382 0 0 0 0 0
500.00 1303.15 5.361445 10.981965 -29937.397110 1.147225 5.006769 Fe''0.97Mg0.27Fe'''1.26Al0.24Cr0.01Ti0.25O4 0 9.16939 5.69864 47.1173 0.208839 32.6981 0 5.10775 0 0 0 0 0

olivine_0 thermodynamic data and composition:
Pressure Temperature mass S H V Cp formula SiO2 TiO2 Al2O3 Fe2O3 Cr2O3 FeO MnO MgO CaO Na2O K2O P2O5 H2O
500.00 1423.15 0.037839 0.090018 -458.584057 0.011449 0.046520 (Ca0.01Mg0.81Fe''0.18Mn0.00Co0.00Ni0.00)2SiO4 39.3382 0 0 0 0 17.3712 0.331112 42.5452 0.414339 0 0 0 0
500.00 1413.15 0.799480 1.893379 -9646.333337 0.241209 0.979594 (Ca0.01Mg0.81Fe''0.19Mn0.00Co0.00Ni0.00)2SiO4 39.2273 0 0 0 0 17.9491 0.339784 42.0612 0.42266 0 0 0 0
500.00 1403.15 0.834200 1.965602 -9989.760626 0.250604 1.017363 (Ca0.01Mg0.79Fe''0.20Mn0.00Co0.00Ni0.00)2SiO4 39.056 0 0 0 0 18.8476 0.364963 41.3238 0.407728 0 0 0 0
500.00 1393.15 0.819289 1.920444 -9732.454849 0.245014 0.994289 (Ca0.01Mg0.78Fe''0.21Mn0.00Co0.00Ni0.00)2SiO4 38.8754 0 0 0 0 19.7928 0.393724 40.5466 0.391481 0 0 0 0
500.00 1383.15 1.396349 3.254822 -16419.026588 0.415326 1.684763 (Ca0.01Mg0.77Fe''0.23Mn0.00Co0.00Ni0.00)2SiO4 38.6536 0 0 0 0 20.9473 0.431658 39.59 0.377442 0 0 0 0
500.00 1373.15 2.016781 4.674402 -23468.736792 0.596578 2.419014 (Ca0.01Mg0.75Fe''0.24Mn0.01Co0.00Ni0.00)2SiO4 38.4298 0 0 0 0 22.1078 0.474185 38.6241 0.364133 0 0 0 0
500.00 1363.15 2.446912 5.641257 -28243.783464 0.720575 2.920489 (Ca0.00Mg0.74Fe''0.25Mn0.01Co0.00Ni0.00)2SiO4 38.2522 0 0 0 0 23.0132 0.526601 37.8587 0.349328 0 0 0 0
500.00 1353.15 2.635679 6.047926 -30287.668513 0.773920 3.135127 (Ca0.00Mg0.74Fe''0.26Mn0.01Co0.00Ni0.00)2SiO4 38.146 0 0 0 0 23.526 0.591752 37.4038 0.332423 0 0 0 0
500.00 1343.15 2.409358 5.504054 -27607.173866 0.705901 2.858010 (Ca0.00Mg0.73Fe''0.26Mn0.01Co0.00Ni0.00)2SiO4 38.0697 0 0 0 0 23.8651 0.6711 37.0775 0.316573 0 0 0 0
500.00 1333.15 0.557044 1.267237 -6372.001498 0.162931 0.659214 (Ca0.00Mg0.73Fe''0.26Mn0.01Co0.00Ni0.00)2SiO4 38.0139 0 0 0 0 24.0181 0.825242 36.837 0.305704 0 0 0 0

clinopyroxene_0 thermodynamic data and composition:
Pressure Temperature mass S H V Cp structure formula SiO2 TiO2 Al2O3 Fe2O3 Cr2O3 FeO MnO MgO CaO Na2O K2O P2O5 H2O
500.00 1403.15 3.846380 8.841599 -49050.181394 1.184779 4.539414 cpx Na0.01Ca0.79Fe''0.18Mg0.87Fe'''0.07Ti0.01Al0.20Si1.86O6 50.4004 0.468499 4.60472 2.48994 0 5.9959 0 15.8676 20.0055 0.167449 0 0 0
500.00 1393.15 7.714210 17.666029 -98107.986451 2.370214 9.080980 cpx Na0.01Ca0.79Fe''0.19Mg0.86Fe'''0.07Ti0.01Al0.21Si1.85O6 50.0442 0.534979 4.87757 2.63799 0 6.29196 0 15.5642 19.8706 0.178594 0 0 0
500.00 1383.15 10.450209 23.840935 -132478.698744 3.203201 12.272194 cpx Na0.01Ca0.78Fe''0.21Mg0.85Fe'''0.08Ti0.02Al0.22Si1.84O6 49.8194 0.598694 4.94789 2.74838 0 6.67383 0 15.3486 19.6759 0.187303 0 0 0
500.00 1373.15 12.757241 28.992771 -161223.019277 3.901545 14.947243 cpx Na0.01Ca0.77Fe''0.22Mg0.84Fe'''0.08Ti0.02Al0.22Si1.84O6 49.6424 0.658446 4.96513 2.83552 0 7.06371 0 15.1663 19.4732 0.195225 0 0 0
500.00 1363.15 15.060453 34.100429 -189942.160956 4.598401 17.617376 cpx Na0.01Ca0.77Fe''0.23Mg0.84Fe'''0.08Ti0.02Al0.22Si1.84O6 49.5846 0.690309 4.9203 2.85045 0 7.40421 0 15.0908 19.2577 0.201602 0 0 0
500.00 1353.15 17.263050 38.950843 -217613.310145 5.266920 20.180820 cpx Na0.01Ca0.76Fe''0.24Mg0.84Fe'''0.08Ti0.02Al0.21Si1.84O6 49.6885 0.682018 4.79585 2.77018 0 7.66665 0 15.1657 19.0255 0.205585 0 0 0
500.00 1343.15 18.967890 42.641589 -239174.931254 5.784478 22.161754 cpx Na0.02Ca0.75Fe''0.24Mg0.84Fe'''0.07Ti0.02Al0.20Si1.85O6 49.811 0.670134 4.67477 2.67707 0 7.84085 0 15.2443 18.8725 0.209376 0 0 0
500.00 1333.15 19.788988 44.288108 -249987.628929 6.033980 23.090588 cpx Na0.02Ca0.76Fe''0.24Mg0.84Fe'''0.07Ti0.02Al0.20Si1.85O6 49.8292 0.691248 4.64738 2.63808 0 7.72736 0 15.1406 19.1091 0.217131 0 0 0
500.00 1323.15 20.263103 45.144561 -256303.171654 6.176535 23.610329 cpx Na0.02Ca0.77Fe''0.24Mg0.83Fe'''0.07Ti0.02Al0.20Si1.85O6 49.8546 0.708943 4.59575 2.59531 0 7.68762 0 15.0358 19.2984 0.223662 0 0 0
500.00 1313.15 20.552310 45.580863 -260234.372869 6.262209 23.912632 cpx Na0.02Ca0.77Fe''0.24Mg0.83Fe'''0.07Ti0.02Al0.20Si1.85O6 49.8821 0.725719 4.53568 2.5506 0 7.67783 0 14.9327 19.466 0.229437 0 0 0
500.00 1303.15 20.750403 45.810328 -263037.958486 6.320245 24.109311 cpx Na0.02Ca0.78Fe''0.24Mg0.82Fe'''0.07Ti0.02Al0.20Si1.85O6 49.9104 0.742702 4.47914 2.50432 0 7.66198 0 14.8383 19.6282 0.234904 0 0 0

feldspar_0 thermodynamic data and composition:
Pressure Temperature mass S H V Cp formula SiO2 TiO2 Al2O3 Fe2O3 Cr2O3 FeO MnO MgO CaO Na2O K2O P2O5 H2O
500.00 1383.15 2.302998 5.458830 -32002.642422 0.861562 2.813827 K0.01Na0.22Ca0.78Al1.78Si2.22O8 48.6287 0 32.9574 0 0 0 0 0 15.8434 2.43354 0.136973 0 0
500.00 1373.15 4.855836 11.478094 -67520.794060 1.817831 5.927835 K0.01Na0.23Ca0.76Al1.76Si2.24O8 48.9313 0 32.7513 0 0 0 0 0 15.6027 2.56739 0.147339 0 0
500.00 1363.15 7.291944 17.190157 -101458.343863 2.731958 8.894285 K0.01Na0.24Ca0.75Al1.75Si2.25O8 49.2697 0 32.521 0 0 0 0 0 15.3337 2.71774 0.157881 0 0
500.00 1353.15 9.671684 22.740628 -134649.934737 3.626788 11.787284 K0.01Na0.26Ca0.73Al1.73Si2.27O8 49.6467 0 32.2646 0 0 0 0 0 15.0343 2.88565 0.168854 0 0
500.00 1343.15 11.923913 27.960720 -166105.424649 4.475213 14.520016 K0.01Na0.27Ca0.72Al1.72Si2.28O8 50.0135 0 32.0148 0 0 0 0 0 14.7426 3.04826 0.180879 0 0
500.00 1333.15 14.093627 32.950928 -196455.501038 5.293009 17.146685 K0.01Na0.28Ca0.71Al1.71Si2.29O8 50.311 0 31.8111 0 0 0 0 0 14.5051 3.17744 0.195248 0 0
500.00 1323.15 16.109877 37.553323 -224702.295652 6.054388 19.582105 K0.01Na0.29Ca0.70Al1.70Si2.30O8 50.62 0 31.5999 0 0 0 0 0 14.2588 3.31213 0.209179 0 0
500.00 1313.15 17.984562 41.796799 -251009.355415 6.763480 21.840982 K0.01Na0.30Ca0.68Al1.68Si2.32O8 50.9254 0 31.3911 0 0 0 0 0 14.0152 3.44529 0.223019 0 0
500.00 1303.15 19.700987 45.643583 -275141.365150 7.413642 23.903239 K0.01Na0.31Ca0.67Al1.67Si2.33O8 51.2168 0 31.1916 0 0 0 0 0 13.7826 3.5717 0.237225 0 0

Title: Nd2

Phase Masses:
Pressure Temperature mass liquid_0 olivine_0 orthopyroxene_0 clinopyroxene_0 feldspar_0 spinel_0 
500.00 1523.15 98.230426 98.230426 0.000000 0.000000 0.000000 0.000000 0.000000 
500.00 1513.15 98.230973 98.230973 0.000000 0.000000 0.000000 0.000000 0.000000 
500.00 1503.15 98.231553 98.231553 0.000000 0.000000 0.000000 0.000000 0.000000 
500.00 1493.15 98.232167 98.232167 0.000000 0.000000 0.000000 0.000000 0.000000 
500.00 1483.15 98.232818 98.232818 0.000000 0.000000 0.000000 0.000000 0.000000 
500.00 1473.15 98.233505 98.233505 0.000000 0.000000 0.000000 0.000000 0.000000 
500.00 1463.15 98.234230 98.234230 0.000000 0.000000 0.000000 0.000000 0.000000 
500.00 1453.15 98.234994 98.234994 0.000000 0.000000 0.000000 0.000000 0.000000 
500.00 1443.15 98.235799 98.235799 0.000000 0.000000 0.000000 0.000000 0.000000 
500.00 1433.15 98.236645 98.236645 0.000000 0.000000 0.000000 0.000000 0.000000 
500.00 1423.15 98.237421 98.199582 0.037839 0.000000 0.000000 0.000000 0.000000 
500.00 1413.15 98.235954 97.436474 0.799480 0.000000 0.000000 0.000000 0.000000 
500.00 1403.15 98.236863 93.556283 0.834200 0.000000 3.846380 0.000000 0.000000 
500.00 1393.15 98.239369 89.675208 0.819289 0.000000 7.714210 0.000000 0.030662 
500.00 1383.15 98.240800 83.974439 1.396349 0.000000 10.450209 2.302998 0.116805 
500.00 1373.15 98.245616 78.292408 2.016781 0.000000 12.757241 4.855836 0.323350 
500.00 1363.15 98.265333 72.484824 2.446912 0.000000 15.060453 7.291944 0.981200 
500.00 1353.15 98.297751 66.684901 2.635679 0.000000 17.263050 9.671684 2.042438 
500.00 1343.15 98.327218 61.459259 2.409358 0.553260 18.967890 11.923913 3.013538 
500.00 1333.15 98.359297 56.119293 0.557044 3.855438 19.788988 14.093627 3.944908 
500.00 1323.15 98.377533 52.088338 0.000000 5.351294 20.263103 16.109877 4.564920 
500.00 1313.15 98.388254 48.806094 0.000000 6.038735 20.552310 17.984562 5.006552 
500.00 1303.15 98.396126 45.930663 0.000000 6.652628 20.750403 19.700987 5.361445 

Title: Nd2

Phase Volumes:
Pressure Temperature mass V liquid_0 olivine_0 orthopyroxene_0 clinopyroxene_0 feldspar_0 spinel_0 
500.00 1523.15 98.230426 38.644049 38.644049 0.000000 0.000000 0.000000 0.000000 0.000000 
500.00 1513.15 98.230973 38.608290 38.608290 0.000000 0.000000 0.000000 0.000000 0.000000 
500.00 1503.15 98.231553 38.572587 38.572587 0.000000 0.000000 0.000000 0.000000 0.000000 
500.00 1493.15 98.232167 38.536941 38.536941 0.000000 0.000000 0.000000 0.000000 0.000000 
500.00 1483.15 98.232818 38.501354 38.501354 0.000000 0.000000 0.000000 0.000000 0.000000 
500.00 1473.15 98.233505 38.465826 38.465826 0.000000 0.000000 0.000000 0.000000 0.000000 
500.00 1463.15 98.234230 38.430360 38.430360 0.000000 0.000000 0.000000 0.000000 0.000000 
500.00 1453.15 98.234994 38.394956 38.394956 0.000000 0.000000 0.000000 0.000000 0.000000 
500.00 1443.15 98.235799 38.359617 38.359617 0.000000 0.000000 0.000000 0.000000 0.000000 
500.00 1433.15 98.236645 38.324344 38.324344 0.000000 0.000000 0.000000 0.000000 0.000000 
500.00 1423.15 98.237421 38.288275 38.276827 0.011449 0.000000 0.000000 0.000000 0.000000 
500.00 1413.15 98.235954 38.235855 37.994646 0.241209 0.000000 0.000000 0.000000 0.000000 
500.00 1403.15 98.236863 38.004663 36.569280 0.250604 0.000000 1.184779 0.000000 0.000000 
500.00 1393.15 98.239369 37.775402 35.153333 0.245014 0.000000 2.370214 0.000000 0.006841 
500.00 1383.15 98.240800 37.556437 33.050564 0.415326 0.000000 3.203201 0.861562 0.025784 
500.00 1373.15 98.245616 37.356365 30.969666 0.596578 0.000000 3.901545 1.817831 0.070746 
500.00 1363.15 98.265333 37.167338 28.902975 0.720575 0.000000 4.598401 2.731958 0.213428 
500.00 1353.15 98.297751 36.993215 26.882899 0.773920 0.000000 5.266920 3.626788 0.442689 
500.00 1343.15 98.327218 36.827133 25.042490 0.705901 0.167671 5.784478 4.475213 0.651380 
500.00 1333.15 98.359297 36.608498 23.100045 0.162931 1.167666 6.033980 5.293009 0.850867 
500.00 1323.15 98.377533 36.465314 21.633339 0.000000 1.619070 6.176535 6.054388 0.981982 
500.00 1313.15 98.388254 36.358617 20.433974 0.000000 1.824931 6.262209 6.763480 1.074022 
500.00 1303.15 98.396126 36.261742 19.372441 0.000000 2.008188 6.320245 7.413642 1.147225 

Title: Nd2

Solid Composition:
Pressure Temperature mass SiO2 TiO2 Al2O3 Fe2O3 Cr2O3 FeO MnO MgO CaO Na2O K2O P2O5 H2O 
500.00 1523.15 0.000000 ---
500.00 1513.15 0.000000 ---
500.00 1503.15 0.000000 ---
500.00 1493.15 0.000000 ---
500.00 1483.15 0.000000 ---
500.00 1473.15 0.000000 ---
500.00 1463.15 0.000000 ---
500.00 1453.15 0.000000 ---
500.00 1443.15 0.000000 ---
500.00 1433.15 0.000000 ---
500.00 1423.15 0.037839 39.3382 0 -9.34885e-013 0 0 17.3712 0.331112 42.5452 0.414339 0 0 0 0
500.00 1413.15 0.799480 39.2273 0 8.84948e-014 0 0 17.9491 0.339784 42.0612 0.42266 0 0 0 0
500.00 1403.15 4.680580 48.3785 0.385001 3.78404 2.04617 0 8.2864 0.0650457 20.4046 16.5127 0.137606 0 0 0
500.00 1393.15 8.564161 48.7966 0.49736 4.43976 2.52025 0.0347709 7.64747 0.0376655 17.9293 17.936 0.160869 0 0 0
500.00 1383.15 14.266361 48.1265 0.483911 9.03357 2.36749 0.0514503 7.15466 0.0422494 15.1808 17.0073 0.530042 0.0221114 0 0
500.00 1373.15 19.953208 47.5316 0.53353 11.2912 2.55013 0.0506451 7.21295 0.0479285 13.7123 16.2843 0.749622 0.0358565 0 0
500.00 1363.15 25.780509 46.5327 0.708832 12.3718 3.43611 0.0428583 7.65502 0.0499814 12.6513 15.6202 0.886475 0.0446561 0 0
500.00 1353.15 31.612851 45.5031 0.921121 12.9594 4.53379 0.0353229 8.14182 0.0493365 11.7926 15.0167 0.995105 0.0516596 0 0
500.00 1343.15 36.867959 45.0922 1.06011 13.3574 5.22222 0.0303405 8.37556 0.0438571 11.1391 14.5267 1.0939 0.0585003 0 0
500.00 1333.15 42.240004 45.5127 1.15563 13.6248 5.72832 0.0264978 8.24179 0.010883 10.5036 13.9669 1.16381 0.0651458 0 0
500.00 1323.15 46.289195 45.6231 1.20151 13.8971 5.9051 0.0241848 8.25716 0 10.1412 13.6248 1.25306 0.0728 0 0
500.00 1313.15 49.582159 45.6612 1.2266 14.1429 5.94212 0.0225809 8.31473 0 9.88478 13.3768 1.34736 0.0808939 0 0
500.00 1303.15 52.465462 45.7524 1.24269 14.3422 5.93499 0.0213412 8.34703 0 9.66341 13.1701 1.43678 0.0890791 0 0
Title: Nd2

Bulk Composition:
Pressure Temperature mass SiO2 TiO2 Al2O3 Fe2O3 Cr2O3 FeO MnO MgO CaO Na2O K2O P2O5 H2O 
500.00 1523.15 98.230426 52.2178 1.04693 15.4964 2.13738 0.0114018 8.08178 0.167871 6.26181 9.68895 2.49882 1.24442 0.128372 1.01801
500.00 1513.15 98.230973 52.2175 1.04692 15.4963 2.14292 0.0114017 8.07674 0.16787 6.26177 9.6889 2.4988 1.24441 0.128371 1.01801
500.00 1503.15 98.231553 52.2172 1.04691 15.4962 2.1488 0.0114016 8.07139 0.167869 6.26174 9.68884 2.49879 1.24441 0.12837 1.018
500.00 1493.15 98.232167 52.2169 1.04691 15.4961 2.15503 0.0114016 8.06572 0.167868 6.2617 9.68878 2.49877 1.2444 0.128369 1.018
500.00 1483.15 98.232818 52.2166 1.0469 15.496 2.16162 0.0114015 8.05972 0.167867 6.26165 9.68872 2.49876 1.24439 0.128369 1.01799
500.00 1473.15 98.233505 52.2162 1.04689 15.4959 2.16859 0.0114014 8.05339 0.167865 6.26161 9.68865 2.49874 1.24438 0.128368 1.01798
500.00 1463.15 98.234230 52.2158 1.04689 15.4958 2.17594 0.0114013 8.0467 0.167864 6.26156 9.68858 2.49872 1.24437 0.128367 1.01798
500.00 1453.15 98.234994 52.2154 1.04688 15.4957 2.18369 0.0114012 8.03965 0.167863 6.26152 9.6885 2.4987 1.24436 0.128366 1.01797
500.00 1443.15 98.235799 52.215 1.04687 15.4956 2.19185 0.0114011 8.03222 0.167861 6.26146 9.68842 2.49868 1.24435 0.128365 1.01796
500.00 1433.15 98.236645 52.2145 1.04686 15.4954 2.20043 0.011401 8.02441 0.16786 6.26141 9.68834 2.49866 1.24434 0.128364 1.01795
500.00 1423.15 98.237421 52.2141 1.04685 15.4953 2.20829 0.011401 8.01726 0.167859 6.26136 9.68826 2.49864 1.24433 0.128362 1.01794
500.00 1413.15 98.235954 52.2149 1.04687 15.4955 2.19342 0.0114011 8.03079 0.167861 6.26145 9.68841 2.49868 1.24435 0.128364 1.01796
500.00 1403.15 98.236863 52.2144 1.04686 15.4954 2.20264 0.011401 8.0224 0.16786 6.2614 9.68832 2.49865 1.24434 0.128363 1.01795
500.00 1393.15 98.239369 52.2131 1.04683 15.495 2.22804 0.0114007 7.99929 0.167855 6.26124 9.68807 2.49859 1.24431 0.12836 1.01792
500.00 1383.15 98.240800 52.2123 1.04682 15.4948 2.24255 0.0114006 7.98609 0.167853 6.26115 9.68793 2.49855 1.24429 0.128358 1.01791
500.00 1373.15 98.245616 52.2098 1.04676 15.494 2.29137 0.0114 7.94168 0.167845 6.26084 9.68746 2.49843 1.24423 0.128352 1.01786
500.00 1363.15 98.265333 52.1993 1.04655 15.4909 2.49118 0.0113977 7.75988 0.167811 6.25958 9.68551 2.49793 1.24398 0.128326 1.01765
500.00 1353.15 98.297751 52.1821 1.04621 15.4858 2.81953 0.011394 7.46112 0.167756 6.25752 9.68232 2.49711 1.24357 0.128284 1.01732
500.00 1343.15 98.327218 52.1664 1.0459 15.4812 3.1178 0.0113905 7.18974 0.167705 6.25564 9.67942 2.49636 1.2432 0.128245 1.01701
500.00 1333.15 98.359297 52.1494 1.04555 15.4761 3.44231 0.0113868 6.89448 0.167651 6.2536 9.67626 2.49554 1.24279 0.128203 1.01668
500.00 1323.15 98.377533 52.1398 1.04536 15.4732 3.62669 0.0113847 6.72673 0.16762 6.25244 9.67446 2.49508 1.24256 0.12818 1.01649
500.00 1313.15 98.388254 52.1341 1.04525 15.4716 3.73505 0.0113835 6.62813 0.167601 6.25176 9.67341 2.49481 1.24242 0.128166 1.01638
500.00 1303.15 98.396126 52.1299 1.04516 15.4703 3.81461 0.0113826 6.55575 0.167588 6.25126 9.67264 2.49461 1.24233 0.128155 1.0163
