Title: Nd2

Solid Composition:
Pressure Temperature mass SiO2 TiO2 Al2O3 Fe2O3 Cr2O3 FeO MnO MgO CaO Na2O K2O P2O5 H2O 
500.00 1523.15 0.000000 ---
500.00 1513.15 0.000000 ---
500.00 1503.15 0.000000 ---
500.00 1493.15 0.000000 ---
500.00 1483.15 0.000000 ---
500.00 1473.15 0.000000 ---
500.00 1463.15 0.000000 ---
500.00 1453.15 0.000000 ---
500.00 1443.15 0.000000 ---
500.00 1433.15 0.000000 ---
500.00 1423.15 0.037839 39.3382 0 -9.34885e-013 0 0 17.3712 0.331112 42.5452 0.414339 0 0 0 0
500.00 1413.15 0.799480 39.2273 0 8.84948e-014 0 0 17.9491 0.339784 42.0612 0.42266 0 0 0 0
500.00 1403.15 4.680580 48.3785 0.385001 3.78404 2.04617 0 8.2864 0.0650457 20.4046 16.5127 0.137606 0 0 0
500.00 1393.15 8.564161 48.7966 0.49736 4.43976 2.52025 0.0347709 7.64747 0.0376655 17.9293 17.936 0.160869 0 0 0
500.00 1383.15 14.266361 48.1265 0.483911 9.03357 2.36749 0.0514503 7.15466 0.0422494 15.1808 17.0073 0.530042 0.0221114 0 0
500.00 1373.15 19.953208 47.5316 0.53353 11.2912 2.55013 0.0506451 7.21295 0.0479285 13.7123 16.2843 0.749622 0.0358565 0 0
500.00 1363.15 25.780509 46.5327 0.708832 12.3718 3.43611 0.0428583 7.65502 0.0499814 12.6513 15.6202 0.886475 0.0446561 0 0
500.00 1353.15 31.612851 45.5031 0.921121 12.9594 4.53379 0.0353229 8.14182 0.0493365 11.7926 15.0167 0.995105 0.0516596 0 0
500.00 1343.15 36.867959 45.0922 1.06011 13.3574 5.22222 0.0303405 8.37556 0.0438571 11.1391 14.5267 1.0939 0.0585003 0 0
500.00 1333.15 42.240004 45.5127 1.15563 13.6248 5.72832 0.0264978 8.24179 0.010883 10.5036 13.9669 1.16381 0.0651458 0 0
500.00 1323.15 46.289195 45.6231 1.20151 13.8971 5.9051 0.0241848 8.25716 0 10.1412 13.6248 1.25306 0.0728 0 0
500.00 1313.15 49.582159 45.6612 1.2266 14.1429 5.94212 0.0225809 8.31473 0 9.88478 13.3768 1.34736 0.0808939 0 0
500.00 1303.15 52.465462 45.7524 1.24269 14.3422 5.93499 0.0213412 8.34703 0 9.66341 13.1701 1.43678 0.0890791 0 0