Title: Mr1

liquid_0 thermodynamic data and composition:
Pressure Temperature mass S H V Cp viscosity SiO2 TiO2 Al2O3 Fe2O3 Cr2O3 FeO MnO MgO CaO Na2O K2O P2O5 H2O Mg#
500.00 1523.15 97.809707 273.923388 -1172241.236713 37.745438 147.238825 1.899 49.5247 1.13547 15.5012 2.36358 0.0171762 9.04 0.197424 7.04961 11.5024 2.15234 0.365301 0.12831 1.02239 58.1
500.00 1513.15 97.810309 272.954706 -1173722.343317 37.709306 147.238498 1.939 49.5244 1.13546 15.5011 2.36971 0.0171761 9.03441 0.197423 7.04956 11.5024 2.15233 0.365299 0.12831 1.02239 58.2
500.00 1503.15 97.810949 271.979646 -1175204.016322 37.673231 147.238357 1.979 49.5241 1.13546 15.501 2.37623 0.017176 9.02848 0.197422 7.04952 11.5023 2.15232 0.365297 0.128309 1.02238 58.2
500.00 1493.15 97.811628 270.998117 -1176686.277866 37.637217 147.238406 2.020 49.5238 1.13545 15.5009 2.38313 0.0171759 9.02219 0.19742 7.04947 11.5022 2.1523 0.365294 0.128308 1.02237 58.2
500.00 1483.15 97.812345 270.010032 -1178169.151020 37.601265 147.238652 2.062 49.5234 1.13544 15.5008 2.39044 0.0171757 9.01553 0.197419 7.04942 11.5021 2.15228 0.365291 0.128307 1.02237 58.2
500.00 1473.15 97.813104 269.030796 -1179629.776586 37.565375 143.895802 2.104 49.523 1.13543 15.5007 2.39816 0.0171756 9.0085 0.197417 7.04936 11.502 2.15227 0.365288 0.128306 1.02236 58.2
500.00 1463.15 97.813904 268.052124 -1181080.465823 37.529550 143.887853 2.147 49.5226 1.13542 15.5006 2.4063 0.0171755 9.00108 0.197416 7.0493 11.5019 2.15225 0.365286 0.128305 1.02235 58.2
500.00 1453.15 97.814747 267.066834 -1182531.748608 37.493790 143.879559 2.191 49.5222 1.13541 15.5004 2.41489 0.0171753 8.99326 0.197414 7.04924 11.5018 2.15223 0.365282 0.128304 1.02234 58.3
500.00 1443.15 97.815635 266.074837 -1183983.646112 37.458099 143.870917 2.235 49.5217 1.1354 15.5003 2.42393 0.0171752 8.98502 0.197412 7.04918 11.5017 2.15221 0.365279 0.128303 1.02233 58.3
500.00 1433.15 97.816570 265.076039 -1185436.180579 37.422476 143.861925 2.279 49.5213 1.13539 15.5001 2.43344 0.017175 8.97636 0.19741 7.04911 11.5016 2.15219 0.365276 0.128301 1.02232 58.3
500.00 1423.15 97.432228 263.071276 -1182101.448100 37.248050 143.253255 2.327 49.5177 1.13802 15.5418 2.44377 0.0172428 8.98248 0.198189 7.01502 11.4638 2.16008 0.366716 0.128807 1.02635 58.2
500.00 1413.15 91.582261 246.921276 -1109724.027458 35.078393 134.242266 2.383 49.518 1.18298 15.8631 2.48158 0.0183442 9.2662 0.210849 6.65921 10.9137 2.26742 0.389676 0.137035 1.09191 56.1
500.00 1403.15 85.096173 229.201232 -1027944.560713 32.648542 124.350329 2.419 49.5602 1.24509 15.8733 2.55313 0.0197424 9.68794 0.226771 6.41443 10.3021 2.37656 0.418179 0.14748 1.17514 54.1
500.00 1393.15 78.729170 211.874316 -948544.555907 30.297805 114.567989 2.479 49.7872 1.31467 15.8051 2.62108 0.00968973 10.0215 0.240882 5.98811 9.83996 2.49179 0.450433 0.159407 1.27018 51.6
500.00 1383.15 73.276328 197.019327 -880790.957457 28.285126 106.209401 2.540 50.0197 1.37929 15.7343 2.68331 0.00415365 10.3248 0.254448 5.58134 9.39803 2.60224 0.482381 0.171269 1.3647 49.1
500.00 1373.15 68.380568 183.710109 -820852.664495 26.493497 98.739383 2.609 50.3273 1.42931 15.6795 2.72728 0.000510133 10.5352 0.268252 5.18511 8.9717 2.71457 0.515333 0.183532 1.4624 46.7
500.00 1363.15 62.359658 167.757562 -754047.371665 24.439855 89.757075 2.769 51.4281 1.35401 15.8284 2.61207 2.38512e-007 9.97414 0.290982 4.72901 8.51922 2.89576 0.563405 0.201252 1.6036 45.8
500.00 1353.15 56.513516 152.390733 -691478.441385 22.491360 81.125772 2.977 52.9565 1.21291 16.0375 2.40601 0 8.99836 0.319055 4.28482 8.06607 3.10739 0.61987 0.222071 1.76949 45.9
500.00 1343.15 51.926020 140.261784 -641721.996113 20.941839 74.357061 3.162 54.3105 1.09738 16.152 2.22846 0 8.17785 0.345111 3.90838 7.64762 3.29243 0.672754 0.24169 1.92582 46.0
500.00 1333.15 47.908207 129.613005 -596844.712826 19.551873 68.435565 3.320 55.4937 1.01042 16.1426 2.08513 0 7.49171 0.374071 3.52918 7.33272 3.46434 0.726889 0.261959 2.08733 45.6
500.00 1323.15 44.592218 120.783778 -559466.987970 18.392645 63.553781 3.463 56.5752 0.935787 16.0793 1.95721 0 6.892 0.401887 3.19832 7.04031 3.61738 0.778605 0.281439 2.24254 45.3
500.00 1313.15 40.992633 110.968236 -517550.625356 17.060156 58.216335 3.632 57.8151 0.874118 15.8354 1.84115 0 6.34114 0.437177 2.86137 6.72378 3.7793 0.843334 0.306153 2.34203 44.6
500.00 1303.15 37.260001 100.603470 -473105.742770 15.619677 52.659749 3.832 59.2285 0.823484 15.4076 1.73354 0 5.82642 0.480973 2.52714 6.39388 3.94034 0.922438 0.336822 2.3788 43.6
500.00 1293.15 34.213596 92.107204 -436688.552030 14.434553 48.136131 4.020 60.5493 0.778138 14.9658 1.63271 0 5.36068 0.523799 2.24446 6.09751 4.07181 0.998863 0.366813 2.41006 42.7
500.00 1283.15 31.672025 84.989662 -406188.688688 13.438253 44.370894 4.197 61.7895 0.737293 14.5165 1.53781 0 4.93701 0.565832 2.00281 5.82975 4.17737 1.07295 0.396249 2.43688 42.0
500.00 1273.15 29.515254 78.926074 -380210.068992 12.586681 41.182504 4.365 62.9585 0.700318 14.0646 1.44819 0 4.54994 0.607179 1.7944 5.58659 4.26011 1.14492 0.425204 2.46007 41.3
500.00 1263.15 27.660609 73.692249 -357791.580703 11.849422 38.446031 4.525 64.0632 0.666699 13.6142 1.36337 0 4.1951 0.647891 1.6133 5.36471 4.3227 1.21488 0.453714 2.48027 40.7
500.00 1253.15 26.048809 69.127028 -338243.787781 11.204614 36.071971 4.677 65.1093 0.636011 13.1684 1.28297 0 3.86896 0.68798 1.45492 5.16133 4.36752 1.28288 0.481788 2.49795 40.1
500.00 1243.15 24.635895 65.110598 -321054.941404 10.635995 33.994034 4.822 66.1015 0.607901 12.7296 1.20672 0 3.56859 0.727436 1.31564 4.97409 4.39669 1.34893 0.509419 2.51353 39.7
500.00 1233.15 23.388328 61.551301 -305833.921868 10.131105 32.161712 4.961 67.0435 0.58207 12.2997 1.13438 0 3.2915 0.766239 1.19255 4.80102 4.4121 1.41301 0.536592 2.52734 39.2
500.00 1223.15 22.279900 58.377331 -292274.407821 9.680161 30.535599 5.094 67.9387 0.558265 11.88 1.06578 0 3.03561 0.804359 1.0833 4.64042 4.41546 1.47512 0.563288 2.53963 38.9
500.00 1213.15 21.289729 55.531323 -280131.636100 9.275326 29.084352 5.221 68.7901 0.536266 11.4716 1.00074 0 2.79908 0.84177 0.98595 4.49085 4.40828 1.53524 0.589486 2.55064 38.6
500.00 1203.15 20.400904 52.966719 -269206.830203 8.910219 27.782639 5.343 69.6002 0.515885 11.0751 0.939128 0 2.58029 0.878444 0.898896 4.35109 4.39193 1.59335 0.615169 2.56054 38.3
500.00 1193.15 19.599553 50.645246 -259336.426718 8.579573 26.609718 5.461 70.3715 0.496956 10.6907 0.880801 0 2.37784 0.91436 0.820801 4.22009 4.36761 1.64944 0.640321 2.56951 38.1
500.00 1183.15 18.874175 48.535104 -250384.389773 8.279000 25.548426 5.574 71.1062 0.479332 10.3188 0.825631 0 2.19045 0.949501 0.75054 4.09695 4.33639 1.70353 0.66493 2.57768 37.9
500.00 1173.15 18.215148 46.609643 -242236.572775 8.004806 24.584428 5.682 71.8064 0.462886 9.95938 0.773492 0 2.01696 0.983854 0.687156 3.9809 4.29921 1.75562 0.688987 2.58515 37.8
500.00 1163.15 17.614359 44.846357 -234796.478853 7.753863 23.705665 5.787 72.4739 0.447502 9.61229 0.724263 0 1.85635 1.01741 0.629837 3.87129 4.25691 1.80572 0.712487 2.59203 37.7
500.00 1153.15 17.064925 43.226122 -227982.005210 7.523504 22.901920 5.888 73.1106 0.433078 9.27738 0.677821 0 1.70766 1.05017 0.577885 3.76755 4.21023 1.85386 0.735427 2.59839 37.6
500.00 1143.15 16.560971 41.732590 -221722.898590 7.311440 22.164487 5.985 73.718 0.419521 8.95443 0.634047 0 1.57002 1.08213 0.530699 3.66919 4.15981 1.90005 0.757806 2.60432 37.6
500.00 1133.15 16.097457 40.351716 -215958.737307 7.115700 21.485906 6.079 74.2978 0.40675 8.64314 0.592823 0 1.44266 1.11328 0.487759 3.57578 4.10624 1.94432 0.779626 2.60986 37.6
500.00 1123.15 15.670035 39.071374 -210637.311359 6.934579 20.859756 6.171 74.8513 0.394688 8.34322 0.554033 0 1.32483 1.14365 0.448614 3.48695 4.05003 1.98671 0.800892 2.61508 37.6
500.00 1113.15 15.274941 37.881047 -205713.308829 6.766591 20.280483 6.260 75.38 0.383267 8.05433 0.517564 0 1.21586 1.17323 0.412868 3.40237 3.99163 2.02723 0.821607 2.62001 37.7
500.00 1103.15 14.908900 36.771579 -201147.241336 6.610443 19.743259 6.346 75.8852 0.372425 7.77614 0.483304 0 1.11512 1.20204 0.380176 3.32175 3.93143 2.06592 0.841779 2.62469 37.8
500.00 1093.15 14.569052 35.734962 -196904.558235 6.464998 19.243874 6.429 76.368 0.362107 7.50829 0.451144 0 1.02205 1.23008 0.350235 3.24486 3.86982 2.10281 0.861415 2.62917 37.9
500.00 1083.15 14.210848 34.653999 -192470.476874 6.312782 18.720971 6.531 76.9119 0.342802 7.22438 0.414856 0 0.92102 1.21104 0.312765 3.20397 3.80124 2.1429 0.883128 2.62997 37.7
500.00 1073.15 13.884705 33.661124 -188428.392762 6.173708 18.243845 6.628 77.4229 0.321214 6.95518 0.381484 0 0.829803 1.19784 0.279543 3.16294 3.7335 2.18042 0.903872 2.6313 37.5
500.00 1063.15 13.584184 32.738690 -184704.336943 6.045147 17.803423 6.723 77.9078 0.301205 6.69776 0.349938 0 0.745472 1.18515 0.249406 3.1249 3.66619 2.21581 0.923868 2.63252 37.4
500.00 1053.15 13.306825 31.879771 -181267.929552 5.926099 17.396098 6.816 78.3676 0.282634 6.45162 0.320209 0 0.66775 1.17301 0.222049 3.08976 3.59949 2.2491 0.943125 2.63366 37.2
500.00 1043.15 13.049484 31.076222 -178080.606025 5.815332 17.016901 6.909 78.8092 0.265386 6.21673 0.292197 0 0.59624 1.1614 0.197237 3.05387 3.53381 2.2805 0.958714 2.63473 37.1
500.00 1033.15 12.812631 30.327629 -175147.903833 5.712929 16.667430 6.999 79.2192 0.249337 5.99158 0.266033 0 0.530813 1.1504 0.174678 3.02597 3.4687 2.30965 0.977812 2.63578 37.0
500.00 1023.15 11.393914 26.840137 -155762.036753 5.079964 14.797122 7.008 79.2204 0.241148 5.78495 0.229025 0 0.439172 1.21589 0.1365 3.02861 3.52683 2.54826 0.988516 2.6407 35.7
500.00 1013.15 10.205174 23.926532 -139498.136368 4.548539 13.235093 7.015 79.1491 0.234708 5.60207 0.194596 0 0.358117 1.28189 0.103023 3.05292 3.59567 2.78161 0.998619 2.64767 33.9

water thermodynamic data and composition:
Pressure Temperature mass S H V Cp formula
500.00 1313.15 0.039941 0.423764 -453.854317 0.476316 0.111920 H2O
500.00 1303.15 0.113658 1.203442 -1294.689693 1.342815 0.318712 H2O
500.00 1293.15 0.175431 1.853722 -2003.275237 2.053093 0.492337 H2O
500.00 1283.15 0.228190 2.406233 -2612.142534 2.645003 0.641000 H2O
500.00 1273.15 0.273903 2.882242 -3143.122476 3.144079 0.770219 H2O
500.00 1263.15 0.313943 3.296617 -3611.432552 3.568239 0.883855 H2O
500.00 1253.15 0.349313 3.660201 -4028.146871 3.930602 0.984724 H2O
500.00 1243.15 0.380768 3.981193 -4401.619252 4.241116 1.074958 H2O
500.00 1233.15 0.408898 4.265979 -4738.349328 4.507549 1.156226 H2O
500.00 1223.15 0.434173 4.519664 -5043.525431 4.736117 1.229862 H2O
500.00 1213.15 0.456977 4.746407 -5321.375135 4.931886 1.296961 H2O
500.00 1203.15 0.477626 4.949648 -5575.399087 5.099047 1.358435 H2O
500.00 1193.15 0.496387 5.132272 -5808.532516 5.241106 1.415054 H2O
500.00 1183.15 0.513484 5.296715 -6023.260743 5.361024 1.467475 H2O
500.00 1173.15 0.529111 5.445055 -6221.704590 5.461315 1.516267 H2O
500.00 1163.15 0.543431 5.579069 -6405.685410 5.544131 1.561923 H2O
500.00 1153.15 0.556586 5.700291 -6576.775840 5.611316 1.604878 H2O
500.00 1143.15 0.568700 5.810047 -6736.340228 5.664464 1.645517 H2O
500.00 1133.15 0.579879 5.909486 -6885.567345 5.704952 1.684183 H2O
500.00 1123.15 0.590217 5.999613 -7025.497202 5.733974 1.721186 H2O
500.00 1113.15 0.599795 6.081304 -7157.043255 5.752571 1.756812 H2O
500.00 1103.15 0.608687 6.155328 -7281.010949 5.761650 1.791319 H2O
500.00 1093.15 0.616955 6.222362 -7398.113324 5.762003 1.824955 H2O
500.00 1083.15 0.626259 6.299124 -7528.251781 5.769089 1.862716 H2O
500.00 1073.15 0.634652 6.365992 -7648.087393 5.764772 1.898940 H2O
500.00 1063.15 0.642394 6.425594 -7760.662508 5.751636 1.934469 H2O
500.00 1053.15 0.649543 6.478556 -7866.658184 5.730390 1.969573 H2O
500.00 1043.15 0.656164 6.525539 -7966.812747 5.701744 2.004549 H2O
500.00 1033.15 0.662279 6.566781 -8061.364803 5.666017 2.039583 H2O
500.00 1023.15 0.698577 6.905676 -8524.795646 5.881721 2.170145 H2O
500.00 1013.15 0.728803 7.182136 -8916.399316 6.036052 2.285395 H2O

feldspar_0 thermodynamic data and composition:
Pressure Temperature mass S H V Cp formula SiO2 TiO2 Al2O3 Fe2O3 Cr2O3 FeO MnO MgO CaO Na2O K2O P2O5 H2O
500.00 1413.15 1.094747 2.611855 -15191.125760 0.408138 1.340830 K0.00Na0.17Ca0.83Al1.83Si2.17O8 47.2769 0 33.89 0 0 0 0 0 16.9282 1.86603 0.0388955 0 0
500.00 1403.15 2.408851 5.730613 -33450.123942 0.898484 2.947763 K0.00Na0.18Ca0.82Al1.82Si2.18O8 47.5074 0 33.734 0 0 0 0 0 16.7457 1.97062 0.0423425 0 0
500.00 1393.15 2.690431 6.381680 -37387.316742 1.003952 3.289426 K0.00Na0.18Ca0.81Al1.81Si2.19O8 47.7264 0 33.5857 0 0 0 0 0 16.5722 2.06986 0.045835 0 0
500.00 1383.15 2.331294 5.513455 -32419.926470 0.870334 2.847795 K0.00Na0.19Ca0.80Al1.80Si2.20O8 47.9513 0 33.4334 0 0 0 0 0 16.3941 2.17182 0.0493935 0 0
500.00 1373.15 2.045712 4.823729 -28468.763381 0.764089 2.496715 K0.00Na0.20Ca0.79Al1.79Si2.21O8 48.187 0 33.2739 0 0 0 0 0 16.2075 2.27871 0.0529701 0 0
500.00 1363.15 1.879814 4.419990 -26177.861967 0.702573 2.292265 K0.00Na0.21Ca0.78Al1.78Si2.22O8 48.4747 0 33.0794 0 0 0 0 0 15.9799 2.41008 0.0559055 0 0
500.00 1353.15 1.749516 4.102420 -24379.198402 0.654381 2.131593 K0.00Na0.23Ca0.77Al1.77Si2.23O8 48.8096 0 32.8531 0 0 0 0 0 15.7151 2.56337 0.0587278 0 0
500.00 1343.15 1.575156 3.683520 -21963.532008 0.589647 1.917553 K0.00Na0.24Ca0.76Al1.76Si2.24O8 49.1602 0 32.6163 0 0 0 0 0 15.4379 2.72361 0.0620165 0 0
500.00 1333.15 1.664558 3.881435 -23225.358878 0.623564 2.024633 K0.00Na0.25Ca0.74Al1.74Si2.26O8 49.4799 0 32.4001 0 0 0 0 0 15.1849 2.86928 0.0658147 0 0
500.00 1323.15 1.490819 3.466300 -20814.681709 0.558898 1.811735 K0.00Na0.27Ca0.73Al1.73Si2.27O8 49.8099 0 32.1768 0 0 0 0 0 14.9238 3.0195 0.0699516 0 0
500.00 1313.15 1.923051 4.460986 -26863.178402 0.721903 2.335284 K0.00Na0.29Ca0.71Al1.71Si2.29O8 50.3399 0 31.8182 0 0 0 0 0 14.5042 3.26012 0.0776256 0 0
500.00 1303.15 2.233814 5.173016 -31215.590583 0.840208 2.711050 K0.01Na0.32Ca0.68Al1.68Si2.32O8 51.0846 0 31.3138 0 0 0 0 0 13.9144 3.59745 0.0897781 0 0
500.00 1293.15 1.896990 4.385032 -26518.518333 0.714897 2.300874 K0.01Na0.35Ca0.65Al1.65Si2.35O8 51.8226 0 30.8137 0 0 0 0 0 13.3295 3.93108 0.103026 0 0
500.00 1283.15 1.637388 3.777539 -22898.161790 0.618222 1.994166 K0.01Na0.37Ca0.62Al1.62Si2.38O8 52.5462 0 30.3232 0 0 0 0 0 12.756 4.25732 0.117385 0 0
500.00 1273.15 1.430535 3.293378 -20013.255124 0.541097 1.741813 K0.01Na0.40Ca0.59Al1.59Si2.41O8 53.2489 0 29.8463 0 0 0 0 0 12.1986 4.57329 0.132852 0 0
500.00 1263.15 1.261123 2.896814 -17650.347258 0.477840 1.535118 K0.01Na0.43Ca0.56Al1.56Si2.44O8 53.9264 0 29.3863 0 0 0 0 0 11.661 4.87694 0.149411 0 0
500.00 1253.15 1.119545 2.565412 -15675.467962 0.424890 1.362364 K0.01Na0.45Ca0.54Al1.54Si2.46O8 54.5759 0 28.9448 0 0 0 0 0 11.1452 5.16702 0.167045 0 0
500.00 1243.15 0.999438 2.284319 -13999.884896 0.379893 1.215796 K0.01Na0.48Ca0.51Al1.51Si2.49O8 55.1964 0 28.5226 0 0 0 0 0 10.6521 5.44305 0.185735 0 0
500.00 1233.15 0.896403 2.043264 -12562.283944 0.341225 1.090055 K0.01Na0.50Ca0.49Al1.49Si2.51O8 55.7879 0 28.1198 0 0 0 0 0 10.1818 5.70504 0.205472 0 0
500.00 1223.15 0.807273 1.834841 -11318.479532 0.307718 0.981279 K0.01Na0.52Ca0.47Al1.47Si2.53O8 56.3513 0 27.7356 0 0 0 0 0 9.73339 5.9534 0.226254 0 0
500.00 1213.15 0.729670 1.653488 -10235.349798 0.278496 0.886575 K0.01Na0.54Ca0.45Al1.45Si2.55O8 56.8879 0 27.3693 0 0 0 0 0 9.30596 6.18875 0.24809 0 0
500.00 1203.15 0.661752 1.494888 -9287.204521 0.252880 0.803696 K0.02Na0.56Ca0.43Al1.43Si2.57O8 57.3993 0 27.0197 0 0 0 0 0 8.89818 6.41183 0.270998 0 0
500.00 1193.15 0.602050 1.355591 -8453.562398 0.230329 0.730852 K0.02Na0.57Ca0.41Al1.41Si2.59O8 57.8873 0 26.6856 0 0 0 0 0 8.50867 6.62342 0.295011 0 0
500.00 1183.15 0.549366 1.232787 -7717.749734 0.210401 0.666584 K0.02Na0.59Ca0.39Al1.39Si2.61O8 58.3537 0 26.3658 0 0 0 0 0 8.13604 6.82432 0.320171 0 0
500.00 1173.15 0.502712 1.124150 -7065.982898 0.192730 0.609687 K0.02Na0.61Ca0.37Al1.37Si2.63O8 58.8001 0 26.0592 0 0 0 0 0 7.77892 7.01528 0.346536 0 0
500.00 1163.15 0.461259 1.027734 -6486.741012 0.177010 0.559153 K0.02Na0.62Ca0.36Al1.36Si2.64O8 59.2281 0 25.7647 0 0 0 0 0 7.43603 7.19701 0.374176 0 0
500.00 1153.15 0.424313 0.941899 -5970.317643 0.162982 0.514133 K0.02Na0.64Ca0.34Al1.34Si2.66O8 59.6394 0 25.4811 0 0 0 0 0 7.10617 7.37015 0.403177 0 0
500.00 1143.15 0.391282 0.865255 -5508.487120 0.150427 0.473908 K0.02Na0.65Ca0.32Al1.32Si2.68O8 60.0351 0 25.2077 0 0 0 0 0 6.78824 7.53528 0.433642 0 0
500.00 1133.15 0.361664 0.796618 -5094.247541 0.139157 0.437865 K0.03Na0.66Ca0.31Al1.31Si2.69O8 60.4167 0 24.9435 0 0 0 0 0 6.4812 7.69291 0.465694 0 0
500.00 1123.15 0.335029 0.734978 -4721.617560 0.129013 0.405483 K0.03Na0.68Ca0.29Al1.29Si2.71O8 60.7853 0 24.6876 0 0 0 0 0 6.18415 7.84348 0.499473 0 0
500.00 1113.15 0.311010 0.679468 -4385.472592 0.119857 0.376315 K0.03Na0.69Ca0.28Al1.28Si2.72O8 61.1418 0 24.4395 0 0 0 0 0 5.89622 7.98737 0.53515 0 0
500.00 1103.15 0.289291 0.629346 -4081.411045 0.111570 0.349978 K0.03Na0.70Ca0.27Al1.27Si2.73O8 61.4872 0 24.1983 0 0 0 0 0 5.61664 8.12491 0.57292 0 0
500.00 1093.15 0.269601 0.583970 -3805.644142 0.104051 0.326146 K0.03Na0.71Ca0.25Al1.25Si2.75O8 61.8224 0 23.9635 0 0 0 0 0 5.34471 8.25634 0.613018 0 0
500.00 1083.15 0.282760 0.609685 -3993.711957 0.109188 0.342081 K0.04Na0.72Ca0.24Al1.24Si2.76O8 62.0901 0 23.7746 0 0 0 0 0 5.12645 8.35758 0.651286 0 0
500.00 1073.15 0.258013 0.553742 -3646.264347 0.099684 0.312224 K0.04Na0.73Ca0.23Al1.23Si2.77O8 62.3532 0 23.5882 0 0 0 0 0 4.91123 8.45525 0.692098 0 0
500.00 1063.15 0.238400 0.509224 -3371.023232 0.092152 0.288650 K0.04Na0.73Ca0.22Al1.22Si2.78O8 62.6079 0 23.407 0 0 0 0 0 4.70227 8.54773 0.735099 0 0
500.00 1053.15 0.220723 0.469180 -3122.834640 0.085361 0.267495 K0.04Na0.74Ca0.21Al1.21Si2.79O8 62.8547 0 23.2305 0 0 0 0 0 4.49909 8.6351 0.780572 0 0
500.00 1043.15 0.204768 0.433110 -2898.731213 0.079228 0.248516 K0.05Na0.75Ca0.20Al1.20Si2.80O8 63.0946 0 23.0581 0 0 0 0 0 4.30089 8.7175 0.828976 0 0
500.00 1033.15 0.190244 0.400354 -2694.634341 0.073642 0.231378 K0.05Na0.76Ca0.19Al1.19Si2.81O8 63.327 0 22.8899 0 0 0 0 0 4.10795 8.79467 0.880451 0 0
500.00 1023.15 0.480406 1.006229 -6802.151413 0.186253 0.585972 K0.07Na0.76Ca0.17Al1.17Si2.83O8 63.7977 0 22.5093 0 0 0 0 0 3.68405 8.8456 1.1634 0 0
500.00 1013.15 0.395308 0.823999 -5591.517537 0.153600 0.483947 K0.09Na0.76Ca0.15Al1.15Si2.85O8 64.333 0 22.041 0 0 0 0 0 3.17285 8.81111 1.64195 0 0

spinel_0 thermodynamic data and composition:
Pressure Temperature mass S H V Cp formula SiO2 TiO2 Al2O3 Fe2O3 Cr2O3 FeO MnO MgO CaO Na2O K2O P2O5 H2O
500.00 1393.15 0.109549 0.236741 -735.303054 0.024534 0.107667 Fe''0.68Mg0.45Fe'''1.01Al0.52Cr0.22Ti0.13O4 0 5.07217 13.1511 40.041 8.37195 24.4227 0 8.94105 0 0 0 0 0
500.00 1383.15 0.096387 0.206642 -609.959327 0.021328 0.093308 Fe''0.77Mg0.40Fe'''1.10Al0.43Cr0.13Ti0.17O4 0 6.63008 10.6387 43.0053 4.84375 26.9902 0 7.89189 0 0 0 0 0
500.00 1373.15 0.185782 0.395014 -1122.115134 0.040733 0.177972 Fe''0.85Mg0.36Fe'''1.17Al0.35Cr0.04Ti0.22O4 0 8.37166 8.64209 44.9605 1.4766 29.4927 0 7.05642 0 0 0 0 0
500.00 1363.15 1.197957 2.527934 -7062.481762 0.261185 1.140778 Fe''0.90Mg0.34Fe'''1.20Al0.31Cr0.00Ti0.24O4 0 9.22122 7.64135 45.6921 0.0303391 30.8667 0 6.54832 0 0 0 0 0
500.00 1353.15 1.501783 3.152357 -8754.207668 0.326207 1.424492 Fe''0.92Mg0.33Fe'''1.21Al0.30Cr0.00Ti0.24O4 0 9.27475 7.23434 45.9337 0 31.3134 0 6.24379 0 0 0 0 0
500.00 1343.15 1.098116 2.293468 -6338.989399 0.237728 1.037935 Fe''0.93Mg0.31Fe'''1.22Al0.29Cr0.00Ti0.25O4 0 9.31581 6.87827 46.1285 0 31.7016 0 5.97584 0 0 0 0 0
500.00 1333.15 0.826342 1.716677 -4715.119345 0.178207 0.777960 Fe''0.95Mg0.30Fe'''1.23Al0.27Cr0.00Ti0.25O4 0 9.39762 6.45975 46.2919 0 32.1912 0 5.65952 0 0 0 0 0
500.00 1323.15 0.642163 1.327118 -3626.047249 0.137999 0.602368 Fe''0.97Mg0.28Fe'''1.24Al0.25Cr0.00Ti0.25O4 0 9.47792 6.08105 46.426 0 32.645 0 5.37012 0 0 0 0 0
500.00 1313.15 0.571701 1.174941 -3187.974831 0.122359 0.534073 Fe''0.99Mg0.27Fe'''1.25Al0.24Cr0.00Ti0.26O4 0 9.60462 5.62949 46.5292 0 33.2058 0 5.03088 0 0 0 0 0
500.00 1303.15 0.502922 1.027569 -2765.602351 0.107165 0.467760 Fe''1.01Mg0.25Fe'''1.26Al0.22Cr0.00Ti0.26O4 0 9.76599 5.13299 46.5994 0 33.8451 0 4.65652 0 0 0 0 0
500.00 1293.15 0.394370 0.801268 -2142.922951 0.083708 0.365390 Fe''1.04Mg0.23Fe'''1.26Al0.20Cr0.00Ti0.27O4 0 9.90455 4.70975 46.6532 0 34.4028 0 4.32971 0 0 0 0 0
500.00 1283.15 0.316056 0.638671 -1699.664019 0.066853 0.291831 Fe''1.05Mg0.22Fe'''1.27Al0.18Cr0.00Ti0.27O4 0 10.0259 4.34203 46.6951 0 34.8964 0 4.04047 0 0 0 0 0
500.00 1273.15 0.257642 0.517877 -1372.988079 0.054327 0.237163 Fe''1.07Mg0.20Fe'''1.28Al0.17Cr0.00Ti0.28O4 0 10.1343 4.01793 46.7274 0 35.3385 0 3.78184 0 0 0 0 0
500.00 1263.15 0.212889 0.425704 -1125.431528 0.044762 0.195420 Fe''1.09Mg0.19Fe'''1.28Al0.16Cr0.00Ti0.28O4 0 10.233 3.72911 46.7507 0 35.7385 0 3.54869 0 0 0 0 0
500.00 1253.15 0.177869 0.353864 -933.639735 0.037301 0.162855 Fe''1.10Mg0.18Fe'''1.28Al0.15Cr0.00Ti0.28O4 0 10.3245 3.46946 46.7652 0 36.1037 0 3.33717 0 0 0 0 0
500.00 1243.15 0.149996 0.296913 -782.381502 0.031380 0.137011 Fe''1.11Mg0.17Fe'''1.29Al0.14Cr0.00Ti0.29O4 0 10.4109 3.23435 46.7706 0 36.4399 0 3.14424 0 0 0 0 0
500.00 1233.15 0.127503 0.251136 -661.341624 0.026615 0.116211 Fe''1.13Mg0.16Fe'''1.29Al0.13Cr0.00Ti0.29O4 0 10.4941 3.02014 46.7665 0 36.7518 0 2.96745 0 0 0 0 0
500.00 1223.15 0.109144 0.213918 -563.303625 0.022735 0.099275 Fe''1.14Mg0.15Fe'''1.29Al0.12Cr0.00Ti0.29O4 0 10.5755 2.82397 46.7522 0 37.0435 0 2.80482 0 0 0 0 0
500.00 1213.15 0.094014 0.183365 -483.077490 0.019546 0.085350 Fe''1.15Mg0.15Fe'''1.29Al0.11Cr0.00Ti0.30O4 0 10.6563 2.64347 46.7275 0 37.3181 0 2.65468 0 0 0 0 0
500.00 1203.15 0.081441 0.158072 -416.842948 0.016901 0.073803 Fe''1.16Mg0.14Fe'''1.30Al0.11Cr0.00Ti0.30O4 0 10.7375 2.47674 46.6916 0 37.5785 0 2.51561 0 0 0 0 0
500.00 1193.15 0.070917 0.136982 -361.732873 0.014692 0.064157 Fe''1.17Mg0.13Fe'''1.30Al0.10Cr0.00Ti0.30O4 0 10.82 2.32215 46.6444 0 37.827 0 2.38642 0 0 0 0 0
500.00 1183.15 0.062052 0.119281 -315.560244 0.012835 0.056047 Fe''1.18Mg0.13Fe'''1.30Al0.10Cr0.00Ti0.30O4 0 10.9045 2.17836 46.5855 0 38.0656 0 2.26606 0 0 0 0 0
500.00 1173.15 0.054540 0.104338 -276.633794 0.011265 0.049187 Fe''1.19Mg0.12Fe'''1.30Al0.09Cr0.00Ti0.31O4 0 10.9914 2.04423 46.5147 0 38.296 0 2.15362 0 0 0 0 0
500.00 1163.15 0.048141 0.091657 -243.630208 0.009929 0.043353 Fe''1.20Mg0.11Fe'''1.30Al0.08Cr0.00Ti0.31O4 0 11.0813 1.91879 46.4319 0 38.5197 0 2.04834 0 0 0 0 0
500.00 1153.15 0.042665 0.080842 -215.503469 0.008788 0.038368 Fe''1.20Mg0.11Fe'''1.30Al0.08Cr0.00Ti0.31O4 0 11.1744 1.80121 46.337 0 38.7378 0 1.94951 0 0 0 0 0
500.00 1143.15 0.037958 0.071578 -191.419268 0.007809 0.034090 Fe''1.21Mg0.10Fe'''1.29Al0.07Cr0.00Ti0.32O4 0 11.2711 1.69078 46.2302 0 38.9514 0 1.85652 0 0 0 0 0
500.00 1133.15 0.033896 0.063611 -170.706744 0.006965 0.030402 Fe''1.22Mg0.10Fe'''1.29Al0.07Cr0.00Ti0.32O4 0 11.3713 1.58688 46.1116 0 39.1614 0 1.76885 0 0 0 0 0
500.00 1123.15 0.030376 0.056732 -152.822456 0.006235 0.027212 Fe''1.23Mg0.09Fe'''1.29Al0.07Cr0.00Ti0.32O4 0 11.4753 1.48897 45.9813 0 39.3685 0 1.68602 0 0 0 0 0
500.00 1113.15 0.027317 0.050773 -137.323159 0.005601 0.024442 Fe''1.24Mg0.09Fe'''1.29Al0.06Cr0.00Ti0.33O4 0 11.583 1.3966 45.8397 0 39.5732 0 1.60759 0 0 0 0 0
500.00 1103.15 0.024650 0.045594 -123.845003 0.005049 0.022030 Fe''1.24Mg0.09Fe'''1.28Al0.06Cr0.00Ti0.33O4 0 11.6944 1.30935 45.687 0 39.776 0 1.53321 0 0 0 0 0
500.00 1093.15 0.022317 0.041079 -112.087494 0.004567 0.019922 Fe''1.25Mg0.08Fe'''1.28Al0.05Cr0.00Ti0.33O4 0 11.8095 1.22686 45.5238 0 39.9774 0 1.46252 0 0 0 0 0

clinopyroxene_0 thermodynamic data and composition:
Pressure Temperature mass S H V Cp structure formula SiO2 TiO2 Al2O3 Fe2O3 Cr2O3 FeO MnO MgO CaO Na2O K2O P2O5 H2O
500.00 1423.15 0.385368 0.890697 -4942.952986 0.119092 0.455456 cpx Na0.01Ca0.83Fe''0.15Mg0.86Fe'''0.07Ti0.01Al0.21Si1.85O6 50.2867 0.467296 4.93277 2.47367 0 5.01186 0 15.6509 21.025 0.151744 0 0 0
500.00 1413.15 4.757698 10.959842 -60883.671302 1.467062 5.612473 cpx Na0.01Ca0.82Fe''0.16Mg0.85Fe'''0.07Ti0.01Al0.22Si1.84O6 50.0118 0.533936 5.12729 2.58769 0 5.30541 0 15.4779 20.7956 0.160376 0 0 0
500.00 1403.15 4.048970 9.300266 -51686.643992 1.246155 4.771287 cpx Na0.01Ca0.81Fe''0.18Mg0.85Fe'''0.07Ti0.02Al0.22Si1.84O6 49.8994 0.589787 5.13827 2.63877 0 5.69048 0 15.4975 20.379 0.166724 0 0 0
500.00 1393.15 2.828671 6.472797 -35997.961048 0.868536 3.325396 cpx Na0.01Ca0.80Fe''0.19Mg0.84Fe'''0.08Ti0.02Al0.23Si1.84O6 49.6759 0.669825 5.18515 2.74924 0 6.05145 0 15.2956 20.1986 0.174207 0 0 0
500.00 1383.15 2.377682 5.419811 -30160.674127 0.728272 2.788228 cpx Na0.01Ca0.79Fe''0.20Mg0.83Fe'''0.08Ti0.02Al0.23Si1.83O6 49.4349 0.75715 5.23971 2.86508 0 6.42208 0 15.0764 20.0227 0.181963 0 0 0
500.00 1373.15 2.107912 4.786047 -26650.863868 0.644048 2.465606 cpx Na0.01Ca0.79Fe''0.21Mg0.82Fe'''0.08Ti0.02Al0.23Si1.83O6 49.1948 0.8464 5.29099 2.97695 0 6.79932 0 14.8545 19.8473 0.189785 0 0 0
500.00 1363.15 2.659162 6.016154 -33562.577144 0.811382 3.106525 cpx Na0.01Ca0.78Fe''0.22Mg0.82Fe'''0.08Ti0.02Al0.23Si1.83O6 49.2132 0.851428 5.19901 2.95512 0 7.14708 0 14.841 19.5988 0.194354 0 0 0
500.00 1353.15 2.482693 5.598501 -31324.407782 0.757210 2.899860 cpx Na0.01Ca0.77Fe''0.23Mg0.83Fe'''0.08Ti0.02Al0.22Si1.84O6 49.4284 0.793931 5.00543 2.82949 0 7.45488 0 14.9977 19.2939 0.196301 0 0 0
500.00 1343.15 1.812579 4.073868 -22862.155170 0.552582 2.116802 cpx Na0.01Ca0.76Fe''0.24Mg0.84Fe'''0.08Ti0.02Al0.21Si1.84O6 49.6342 0.741232 4.8219 2.70588 0 7.75888 0 15.1586 18.9812 0.198146 0 0 0
500.00 1333.15 1.024712 2.292807 -12928.885238 0.312205 1.194777 cpx Na0.01Ca0.76Fe''0.24Mg0.83Fe'''0.07Ti0.02Al0.21Si1.85O6 49.6768 0.742598 4.73055 2.66292 0 7.83944 0 15.0385 19.1053 0.203868 0 0 0
500.00 1323.15 0.741595 1.651794 -9360.949626 0.225817 0.863265 cpx Na0.02Ca0.77Fe''0.25Mg0.83Fe'''0.07Ti0.02Al0.20Si1.85O6 49.7141 0.747069 4.6455 2.62155 0 7.90047 0 14.9131 19.2483 0.209917 0 0 0
500.00 1313.15 0.482448 1.069653 -6088.432366 0.146796 0.560612 cpx Na0.02Ca0.77Fe''0.25Mg0.82Fe'''0.07Ti0.02Al0.20Si1.85O6 49.7747 0.742482 4.51743 2.57854 0 8.0447 0 14.7792 19.3446 0.218412 0 0 0
500.00 1303.15 0.261127 0.576256 -3292.369315 0.079379 0.302848 cpx Na0.02Ca0.77Fe''0.26Mg0.81Fe'''0.07Ti0.02Al0.19Si1.86O6 49.8579 0.727999 4.34638 2.5339 0 8.27303 0 14.6317 19.3999 0.229251 0 0 0
500.00 1293.15 0.172530 0.378950 -2173.681562 0.052401 0.199717 cpx Na0.02Ca0.78Fe''0.26Mg0.81Fe'''0.07Ti0.02Al0.18Si1.86O6 49.939 0.714447 4.18373 2.48783 0 8.48268 0 14.4876 19.465 0.239739 0 0 0
500.00 1283.15 0.118682 0.259438 -1494.328623 0.036015 0.137127 cpx Na0.02Ca0.78Fe''0.27Mg0.80Fe'''0.07Ti0.02Al0.18Si1.87O6 50.0181 0.701784 4.02839 2.44068 0 8.6773 0 14.347 19.5369 0.249896 0 0 0
500.00 1273.15 0.085808 0.186677 -1079.858110 0.026018 0.098960 cpx Na0.02Ca0.78Fe''0.28Mg0.79Fe'''0.07Ti0.02Al0.17Si1.87O6 50.095 0.689999 3.87967 2.39272 0 8.85956 0 14.2098 19.6135 0.259737 0 0 0
500.00 1263.15 0.065946 0.142774 -829.557659 0.019980 0.075915 cpx Na0.02Ca0.79Fe''0.28Mg0.78Fe'''0.07Ti0.02Al0.16Si1.88O6 50.1698 0.679111 3.73716 2.3442 0 9.03138 0 14.0759 19.6932 0.269284 0 0 0
500.00 1253.15 0.054198 0.116768 -681.546136 0.016408 0.062279 cpx Na0.02Ca0.79Fe''0.29Mg0.78Fe'''0.06Ti0.02Al0.16Si1.88O6 50.2421 0.669147 3.60059 2.29532 0 9.19419 0 13.9453 19.7747 0.27856 0 0 0
500.00 1243.15 0.047497 0.101829 -597.122532 0.014369 0.054481 cpx Na0.02Ca0.80Fe''0.29Mg0.77Fe'''0.06Ti0.02Al0.15Si1.88O6 50.3119 0.660138 3.46976 2.24627 0 9.34906 0 13.8178 19.8574 0.287589 0 0 0
500.00 1233.15 0.043896 0.093643 -551.736372 0.013270 0.050261 cpx Na0.02Ca0.80Fe''0.30Mg0.76Fe'''0.06Ti0.02Al0.15Si1.89O6 50.3791 0.652112 3.34447 2.19721 0 9.49683 0 13.6933 19.9405 0.296402 0 0 0
500.00 1223.15 0.042152 0.089473 -529.734466 0.012734 0.048179 cpx Na0.02Ca0.80Fe''0.30Mg0.76Fe'''0.06Ti0.02Al0.14Si1.89O6 50.4437 0.64509 3.22455 2.14828 0 9.63814 0 13.5717 20.0235 0.305027 0 0 0
500.00 1213.15 0.041474 0.087591 -521.163390 0.012520 0.047321 cpx Na0.02Ca0.81Fe''0.31Mg0.75Fe'''0.06Ti0.02Al0.14Si1.89O6 50.5055 0.639087 3.10982 2.0996 0 9.77352 0 13.4528 20.1061 0.313495 0 0 0
500.00 1203.15 0.041364 0.086916 -519.754701 0.012478 0.047113 cpx Na0.02Ca0.81Fe''0.31Mg0.75Fe'''0.06Ti0.02Al0.13Si1.90O6 50.5647 0.634111 3.00007 2.0513 0 9.90345 0 13.3366 20.188 0.321837 0 0 0
500.00 1193.15 0.041513 0.086785 -521.627611 0.012515 0.047201 cpx Na0.02Ca0.82Fe''0.32Mg0.74Fe'''0.06Ti0.02Al0.13Si1.90O6 50.6211 0.630166 2.89512 2.00348 0 10.0283 0 13.2228 20.2689 0.330084 0 0 0
500.00 1183.15 0.041737 0.086801 -524.443857 0.012574 0.047372 cpx Na0.02Ca0.82Fe''0.32Mg0.73Fe'''0.06Ti0.02Al0.12Si1.91O6 50.6749 0.627252 2.79476 1.95622 0 10.1485 0 13.1115 20.3486 0.338267 0 0 0
500.00 1173.15 0.041926 0.086741 -526.854585 0.012622 0.047505 cpx Na0.03Ca0.82Fe''0.32Mg0.73Fe'''0.05Ti0.02Al0.12Si1.91O6 50.7262 0.625368 2.69881 1.90962 0 10.2642 0 13.0024 20.4271 0.346416 0 0 0
500.00 1163.15 0.042025 0.086488 -528.138268 0.012644 0.047534 cpx Na0.03Ca0.83Fe''0.33Mg0.72Fe'''0.05Ti0.02Al0.12Si1.91O6 50.7748 0.624512 2.60706 1.86376 0 10.3759 0 12.8954 20.504 0.354559 0 0 0
500.00 1153.15 0.042006 0.085992 -527.964401 0.012630 0.047430 cpx Na0.03Ca0.83Fe''0.33Mg0.72Fe'''0.05Ti0.02Al0.11Si1.91O6 50.8208 0.624685 2.51935 1.81872 0 10.4839 0 12.7903 20.5795 0.362728 0 0 0
500.00 1143.15 0.041863 0.085241 -526.240098 0.012579 0.047187 cpx Na0.03Ca0.83Fe''0.33Mg0.71Fe'''0.05Ti0.02Al0.11Si1.92O6 50.8644 0.625889 2.43549 1.77458 0 10.5884 0 12.6871 20.6532 0.37095 0 0 0
500.00 1133.15 0.041600 0.084248 -523.011327 0.012492 0.046808 cpx Na0.03Ca0.84Fe''0.34Mg0.71Fe'''0.05Ti0.02Al0.10Si1.92O6 50.9053 0.628128 2.35534 1.73141 0 10.6898 0 12.5855 20.7253 0.379255 0 0 0
500.00 1123.15 0.041226 0.083035 -518.399989 0.012371 0.046306 cpx Na0.03Ca0.84Fe''0.34Mg0.70Fe'''0.05Ti0.02Al0.10Si1.92O6 50.9438 0.631411 2.27875 1.68928 0 10.7883 0 12.4853 20.7956 0.387674 0 0 0
500.00 1113.15 0.040754 0.081633 -512.564484 0.012222 0.045695 cpx Na0.03Ca0.84Fe''0.34Mg0.70Fe'''0.05Ti0.02Al0.10Si1.92O6 50.9797 0.635752 2.20557 1.64827 0 10.8843 0 12.3863 20.8639 0.396234 0 0 0
500.00 1103.15 0.040198 0.080073 -505.675533 0.012047 0.044992 cpx Na0.03Ca0.85Fe''0.35Mg0.69Fe'''0.05Ti0.02Al0.10Si1.93O6 51.013 0.641167 2.13569 1.60845 0 10.9781 0 12.2883 20.9304 0.404967 0 0 0
500.00 1093.15 0.039572 0.078383 -497.901856 0.011852 0.044213 cpx Na0.03Ca0.85Fe''0.35Mg0.69Fe'''0.04Ti0.02Al0.09Si1.93O6 51.0437 0.64768 2.06899 1.56988 0 11.07 0 12.191 20.9948 0.413904 0 0 0
500.00 1083.15 0.014760 0.029060 -185.735481 0.004417 0.016454 cpx Na0.03Ca0.86Fe''0.35Mg0.68Fe'''0.04Ti0.02Al0.09Si1.93O6 51.0521 0.651637 2.01214 1.5428 0 11.1423 0 12.0193 21.1574 0.422315 0 0 0
500.00 1073.15 0.017233 0.033724 -216.875528 0.005154 0.019169 cpx Na0.03Ca0.86Fe''0.36Mg0.67Fe'''0.04Ti0.02Al0.09Si1.93O6 51.0726 0.646477 1.95009 1.51169 0 11.232 0 11.8606 21.2968 0.429761 0 0 0
500.00 1063.15 0.017108 0.033275 -215.316319 0.005113 0.018988 cpx Na0.03Ca0.87Fe''0.36Mg0.66Fe'''0.04Ti0.02Al0.08Si1.93O6 51.0914 0.642566 1.89093 1.4803 0 11.3218 0 11.7059 21.4299 0.437186 0 0 0
500.00 1053.15 0.016803 0.032483 -211.503150 0.005019 0.018609 cpx Na0.03Ca0.88Fe''0.36Mg0.65Fe'''0.04Ti0.02Al0.08Si1.94O6 51.108 0.639927 1.83467 1.44891 0 11.4134 0 11.5539 21.5566 0.444617 0 0 0
500.00 1043.15 0.016269 0.031255 -204.793209 0.004856 0.017977 cpx Na0.03Ca0.88Fe''0.36Mg0.64Fe'''0.04Ti0.02Al0.08Si1.94O6 51.1227 0.638509 1.78105 1.41734 0 11.506 0 11.405 21.6774 0.452036 0 0 0
500.00 1033.15 0.015816 0.030194 -199.091686 0.004717 0.017438 cpx Na0.03Ca0.89Fe''0.37Mg0.64Fe'''0.04Ti0.02Al0.08Si1.94O6 51.1328 0.63857 1.7306 1.38683 0 11.6058 0 11.2542 21.7916 0.459567 0 0 0
500.00 1023.15 0.038263 0.072534 -481.514005 0.011399 0.042049 cpx Na0.04Ca0.90Fe''0.37Mg0.62Fe'''0.04Ti0.02Al0.08Si1.94O6 51.038 0.700453 1.71821 1.40877 0 11.6395 0 10.9273 22.0827 0.48506 0 0 0
500.00 1013.15 0.031629 0.059529 -397.345929 0.009406 0.034628 cpx Na0.04Ca0.91Fe''0.38Mg0.60Fe'''0.04Ti0.02Al0.08Si1.94O6 50.889 0.775514 1.71847 1.44341 0 11.8274 0 10.5289 22.3048 0.512475 0 0 0

orthopyroxene_0 thermodynamic data and composition:
Pressure Temperature mass S H V Cp structure formula SiO2 TiO2 Al2O3 Fe2O3 Cr2O3 FeO MnO MgO CaO Na2O K2O P2O5 H2O
500.00 1333.15 0.531974 1.220400 -6558.256652 0.160964 0.652052 opx Na0.00Ca0.07Fe''0.46Mg1.40Fe'''0.03Ti0.00Al0.10Si1.93O6 53.3774 0.110702 2.39592 1.1484 0 15.0603 0 26.0187 1.86909 0.0195151 0 0 0
500.00 1323.15 0.465053 1.061822 -5721.309344 0.140496 0.568734 opx Na0.00Ca0.07Fe''0.47Mg1.39Fe'''0.03Ti0.00Al0.10Si1.93O6 53.3566 0.103927 2.3181 1.10777 0 15.4352 0 25.7931 1.86565 0.0196589 0 0 0
500.00 1313.15 0.603110 1.370092 -7395.505567 0.181838 0.735509 opx Na0.00Ca0.07Fe''0.48Mg1.38Fe'''0.03Ti0.00Al0.09Si1.94O6 53.3174 0.0954536 2.21739 1.06489 0 15.9387 0 25.4755 1.87062 0.0200271 0 0 0
500.00 1303.15 0.678938 1.534088 -8287.881634 0.204194 0.825226 opx Na0.00Ca0.07Fe''0.50Mg1.36Fe'''0.03Ti0.00Al0.09Si1.94O6 53.2565 0.085709 2.09658 1.02067 0 16.5746 0 25.0637 1.88162 0.0205792 0 0 0
500.00 1293.15 0.535333 1.203127 -6506.802750 0.160615 0.648579 opx Na0.00Ca0.07Fe''0.52Mg1.34Fe'''0.03Ti0.00Al0.09Si1.94O6 53.1945 0.0772759 1.9862 0.97902 0 17.1852 0 24.6717 1.88503 0.0210293 0 0 0
500.00 1283.15 0.428947 0.958861 -5192.145782 0.128391 0.518053 opx Na0.00Ca0.07Fe''0.54Mg1.33Fe'''0.03Ti0.00Al0.08Si1.95O6 53.1313 0.0699135 1.88459 0.939607 0 17.7756 0 24.2958 1.88178 0.0213842 0 0 0
500.00 1273.15 0.347632 0.772913 -4191.008907 0.103810 0.418554 opx Na0.00Ca0.07Fe''0.56Mg1.31Fe'''0.02Ti0.00Al0.08Si1.95O6 53.0668 0.0634426 1.7905 0.90218 0 18.3496 0 23.9332 1.8726 0.0216498 0 0 0
500.00 1263.15 0.283927 0.627864 -3409.608376 0.084591 0.340817 opx Na0.00Ca0.07Fe''0.58Mg1.29Fe'''0.02Ti0.00Al0.07Si1.95O6 53.001 0.0577259 1.70304 0.866538 0 18.9101 0 23.5817 1.85809 0.021832 0 0 0
500.00 1253.15 0.233121 0.512719 -2788.796488 0.069296 0.278998 opx Na0.00Ca0.07Fe''0.60Mg1.28Fe'''0.02Ti0.00Al0.07Si1.95O6 52.9339 0.0526543 1.6215 0.832516 0 19.459 0 23.2398 1.83876 0.0219362 0 0 0
500.00 1243.15 0.192070 0.420127 -2289.083207 0.056964 0.229191 opx Na0.00Ca0.07Fe''0.62Mg1.26Fe'''0.02Ti0.00Al0.07Si1.95O6 52.8654 0.0481387 1.54529 0.799974 0 19.9979 0 22.9062 1.81508 0.0219681 0 0 0
500.00 1233.15 0.158575 0.344959 -1882.920745 0.046924 0.188672 opx Na0.00Ca0.07Fe''0.64Mg1.25Fe'''0.02Ti0.00Al0.06Si1.96O6 52.7957 0.0441051 1.47391 0.768789 0 20.5281 0 22.5799 1.78744 0.0219331 0 0 0
500.00 1223.15 0.131043 0.283493 -1550.352175 0.038690 0.155466 opx Na0.00Ca0.07Fe''0.65Mg1.23Fe'''0.02Ti0.00Al0.06Si1.96O6 52.7249 0.0404912 1.40692 0.738856 0 21.0505 0 22.2602 1.75625 0.0218363 0 0 0
500.00 1213.15 0.108282 0.232949 -1276.464170 0.031899 0.128095 opx Na0.00Ca0.07Fe''0.67Mg1.22Fe'''0.02Ti0.00Al0.06Si1.96O6 52.653 0.0372436 1.34393 0.710081 0 21.566 0 21.9463 1.72185 0.0216828 0 0 0
500.00 1203.15 0.089374 0.191196 -1049.839382 0.026271 0.105429 opx Na0.00Ca0.07Fe''0.69Mg1.20Fe'''0.02Ti0.00Al0.06Si1.96O6 52.58 0.0343171 1.28459 0.682381 0 22.0751 0 21.6376 1.68458 0.0214774 0 0 0
500.00 1193.15 0.073606 0.156574 -861.576277 0.021588 0.086583 opx Na0.00Ca0.07Fe''0.71Mg1.19Fe'''0.02Ti0.00Al0.05Si1.96O6 52.5061 0.0316723 1.22857 0.655683 0 22.5785 0 21.3335 1.64475 0.0212245 0 0 0
500.00 1183.15 0.060409 0.127771 -704.640626 0.017678 0.070861 opx Na0.00Ca0.06Fe''0.72Mg1.18Fe'''0.02Ti0.00Al0.05Si1.97O6 52.4312 0.0292755 1.1756 0.629926 0 23.0767 0 21.0337 1.60264 0.0209283 0 0 0
500.00 1173.15 0.049330 0.103738 -573.417889 0.014404 0.057704 opx Na0.00Ca0.06Fe''0.74Mg1.16Fe'''0.02Ti0.00Al0.05Si1.97O6 52.3556 0.0270976 1.12541 0.605053 0 23.57 0 20.7377 1.55855 0.0205929 0 0 0
500.00 1163.15 0.040002 0.083635 -463.392491 0.011655 0.046663 opx Na0.00Ca0.06Fe''0.76Mg1.15Fe'''0.02Ti0.00Al0.05Si1.97O6 52.2792 0.0251133 1.07776 0.581017 0 24.0588 0 20.4451 1.51272 0.0202217 0 0 0
500.00 1153.15 0.032128 0.066780 -370.910886 0.009340 0.037375 opx Na0.00Ca0.06Fe''0.77Mg1.13Fe'''0.02Ti0.00Al0.05Si1.97O6 52.2021 0.0233006 1.03245 0.557773 0 24.5435 0 20.1557 1.46541 0.0198183 0 0 0
500.00 1143.15 0.025466 0.052620 -293.002328 0.007387 0.029543 opx Na0.00Ca0.06Fe''0.79Mg1.12Fe'''0.02Ti0.00Al0.04Si1.97O6 52.1244 0.0216406 0.989276 0.535287 0 25.0242 0 19.869 1.41685 0.0193861 0 0 0
500.00 1133.15 0.019817 0.040705 -227.240914 0.005736 0.022927 opx Na0.00Ca0.06Fe''0.81Mg1.11Fe'''0.01Ti0.00Al0.04Si1.97O6 52.046 0.0201166 0.948069 0.513524 0 25.5012 0 19.5849 1.36727 0.018928 0 0 0
500.00 1123.15 0.015018 0.030663 -171.638021 0.004338 0.017328 opx Na0.00Ca0.05Fe''0.82Mg1.09Fe'''0.01Ti0.00Al0.04Si1.97O6 51.9671 0.0187144 0.908666 0.492456 0 25.9746 0 19.3031 1.3169 0.0184471 0 0 0
500.00 1113.15 0.010935 0.022191 -124.557671 0.003152 0.012583 opx Na0.00Ca0.05Fe''0.84Mg1.08Fe'''0.01Ti0.00Al0.04Si1.97O6 51.8877 0.0174213 0.870921 0.472056 0 26.4445 0 19.0235 1.26594 0.0179463 0 0 0
500.00 1103.15 0.007457 0.015039 -84.649460 0.002144 0.008556 opx Na0.00Ca0.05Fe''0.86Mg1.07Fe'''0.01Ti0.00Al0.04Si1.97O6 51.8078 0.0162263 0.8347 0.452302 0 26.9111 0 18.7458 1.21461 0.0174285 0 0 0
500.00 1093.15 0.004489 0.008998 -50.795125 0.001288 0.005137 opx Na0.00Ca0.05Fe''0.87Mg1.05Fe'''0.01Ti0.00Al0.04Si1.98O6 51.7275 0.0151198 0.799878 0.43317 0 27.3743 0 18.47 1.16312 0.0168962 0 0 0

rhm-oxide_0 thermodynamic data and composition:
Pressure Temperature mass S H V Cp formula SiO2 TiO2 Al2O3 Fe2O3 Cr2O3 FeO MnO MgO CaO Na2O K2O P2O5 H2O
500.00 1083.15 0.008583 0.015480 -63.253377 0.001837 0.007750 Mn0.05Fe''0.78Mg0.06Fe'''0.21Ti0.89O3 0 47.4052 0 11.2167 0 37.3569 2.46499 1.5562 0 0 0 0 0
500.00 1073.15 0.009433 0.016924 -69.593188 0.002017 0.008504 Mn0.05Fe''0.79Mg0.05Fe'''0.21Ti0.90O3 0 47.5412 0 10.8886 0 37.5494 2.55534 1.46549 0 0 0 0 0
500.00 1063.15 0.008504 0.015177 -62.819577 0.001817 0.007654 Mn0.06Fe''0.79Mg0.05Fe'''0.20Ti0.90O3 0 47.6853 0 10.5491 0 37.7336 2.6519 1.38 0 0 0 0 0
500.00 1053.15 0.007698 0.013665 -56.942445 0.001644 0.006917 Mn0.06Fe''0.80Mg0.05Fe'''0.19Ti0.90O3 0 47.8364 0 10.2002 0 37.909 2.75546 1.299 0 0 0 0 0
500.00 1043.15 0.006999 0.012357 -51.850258 0.001494 0.006278 Mn0.06Fe''0.80Mg0.05Fe'''0.19Ti0.91O3 0 47.9939 0 9.84234 0 38.0743 2.86724 1.22221 0 0 0 0 0
500.00 1033.15 0.006376 0.011195 -47.310566 0.001360 0.005709 Mn0.06Fe''0.80Mg0.04Fe'''0.18Ti0.91O3 0 48.1551 0 9.48 0 38.2292 2.9872 1.1485 0 0 0 0 0
500.00 1023.15 0.009683 0.016911 -72.058837 0.002065 0.008653 Mn0.07Fe''0.80Mg0.04Fe'''0.17Ti0.92O3 0 48.4361 0 8.86117 0 38.1699 3.5015 1.03129 0 0 0 0 0
500.00 1013.15 0.007736 0.013436 -57.746750 0.001649 0.006897 Mn0.09Fe''0.80Mg0.03Fe'''0.16Ti0.92O3 0 48.7305 0 8.2155 0 38.0235 4.12017 0.910374 0 0 0 0 0

quartz thermodynamic data and composition:
Pressure Temperature mass S H V Cp formula
500.00 1023.15 0.786403 1.542181 -11287.511388 0.310002 0.910534 SiO2
500.00 1013.15 0.671214 1.308661 -9641.935685 0.264594 0.776153 SiO2

olivine_0 thermodynamic data and composition:
Pressure Temperature mass S H V Cp formula SiO2 TiO2 Al2O3 Fe2O3 Cr2O3 FeO MnO MgO CaO Na2O K2O P2O5 H2O
500.00 1403.15 0.030944 0.072960 -371.884882 0.009311 0.037794 (Ca0.01Mg0.80Fe''0.20Mn0.00Co0.00Ni0.00)2SiO4 39.126 0 0 0 0 18.4277 0.409087 41.6253 0.411885 0 0 0 0
500.00 1393.15 0.742609 1.741381 -8837.315806 0.222260 0.901859 (Ca0.01Mg0.78Fe''0.21Mn0.00Co0.00Ni0.00)2SiO4 38.9089 0 0 0 0 19.557 0.4488 40.6892 0.396166 0 0 0 0
500.00 1383.15 0.652665 1.521867 -7686.088272 0.194259 0.787928 (Ca0.01Mg0.77Fe''0.22Mn0.01Co0.00Ni0.00)2SiO4 38.6816 0 0 0 0 20.738 0.490136 39.7086 0.381654 0 0 0 0
500.00 1373.15 0.564814 1.309462 -6579.471866 0.167154 0.677714 (Ca0.01Mg0.76Fe''0.24Mn0.01Co0.00Ni0.00)2SiO4 38.4481 0 0 0 0 21.9478 0.535154 38.701 0.367954 0 0 0 0
500.00 1363.15 0.326993 0.754138 -3779.544974 0.096352 0.390471 (Ca0.00Mg0.74Fe''0.25Mn0.01Co0.00Ni0.00)2SiO4 38.2762 0 0 0 0 22.8054 0.606246 37.9607 0.351453 0 0 0 0
500.00 1353.15 0.165285 0.379407 -1901.742770 0.048559 0.196687 (Ca0.00Mg0.74Fe''0.26Mn0.01Co0.00Ni0.00)2SiO4 38.167 0 0 0 0 23.3097 0.697261 37.4927 0.333284 0 0 0 0
500.00 1343.15 0.140964 0.322075 -1615.174473 0.041299 0.167191 (Ca0.00Mg0.73Fe''0.26Mn0.01Co0.00Ni0.00)2SiO4 38.0659 0 0 0 0 23.769 0.789891 37.0589 0.316319 0 0 0 0
500.00 1083.15 0.046190 0.088972 -387.032888 0.011679 0.045882 (Ca0.00Mg0.25Fe''0.55Mn0.20Co0.00Ni0.00)2SiO4 32.0522 0 0 0 0 42.0053 14.9384 10.8096 0.194569 0 0 0 0
500.00 1073.15 0.036587 0.069985 -303.814990 0.009213 0.036140 (Ca0.00Mg0.24Fe''0.55Mn0.21Co0.00Ni0.00)2SiO4 31.8903 0 0 0 0 42.199 15.6216 10.0978 0.191339 0 0 0 0
500.00 1063.15 0.032325 0.061407 -266.201287 0.008109 0.031759 (Ca0.00Mg0.22Fe''0.56Mn0.22Co0.00Ni0.00)2SiO4 31.7386 0 0 0 0 42.3112 16.3323 9.42989 0.188075 0 0 0 0
500.00 1053.15 0.028583 0.053926 -233.586797 0.007144 0.027937 (Ca0.00Mg0.21Fe''0.56Mn0.23Co0.00Ni0.00)2SiO4 31.5961 0 0 0 0 42.3438 17.0735 8.80168 0.184816 0 0 0 0
500.00 1043.15 0.025389 0.047575 -206.042288 0.006325 0.024692 (Ca0.00Mg0.20Fe''0.56Mn0.24Co0.00Ni0.00)2SiO4 31.4626 0 0 0 0 42.2946 17.8499 8.21138 0.181582 0 0 0 0
500.00 1033.15 0.022384 0.041659 -180.487270 0.005559 0.021664 (Ca0.00Mg0.19Fe''0.56Mn0.25Co0.00Ni0.00)2SiO4 31.3363 0 0 0 0 42.1733 18.6602 7.6518 0.178445 0 0 0 0
500.00 1023.15 0.041141 0.075967 -328.697933 0.010176 0.039518 (Ca0.00Mg0.16Fe''0.55Mn0.29Co0.00Ni0.00)2SiO4 31.1226 0 0 0 0 40.771 21.2354 6.67876 0.192254 0 0 0 0
500.00 1013.15 0.031810 0.058267 -252.088757 0.007840 0.030326 (Ca0.00Mg0.14Fe''0.53Mn0.33Co0.00Ni0.00)2SiO4 30.9172 0 0 0 0 39.0969 24.0395 5.73655 0.209839 0 0 0 0

apatite thermodynamic data and composition:
Pressure Temperature mass S H V Cp formula
500.00 1043.15 0.000927 0.001854 -11.646779 0.000303 0.001030 Ca5(PO4)3OH
500.00 1033.15 0.000511 0.001017 -6.428709 0.000167 0.000567 Ca5(PO4)3OH
500.00 1023.15 0.030362 0.060108 -382.294012 0.009914 0.033644 Ca5(PO4)3OH
500.00 1013.15 0.026291 0.051762 -331.323228 0.008585 0.029081 Ca5(PO4)3OH
