Title: Hr

Phase Masses:
Pressure Temperature mass liquid_0 olivine_0 orthopyroxene_0 clinopyroxene_0 feldspar_0 feldspar_1 spinel_0 rhm-oxide_0 apatite water 
500.00 1523.15 100.121971 99.862135 0.000000 0.000000 0.000000 0.000000 0.000000 0.000000 0.000000 0.000000 0.259836 
500.00 1513.15 100.122623 99.866988 0.000000 0.000000 0.000000 0.000000 0.000000 0.000000 0.000000 0.000000 0.255635 
500.00 1503.15 100.123314 99.871960 0.000000 0.000000 0.000000 0.000000 0.000000 0.000000 0.000000 0.000000 0.251355 
500.00 1493.15 100.124048 99.877054 0.000000 0.000000 0.000000 0.000000 0.000000 0.000000 0.000000 0.000000 0.246994 
500.00 1483.15 100.124824 99.882272 0.000000 0.000000 0.000000 0.000000 0.000000 0.000000 0.000000 0.000000 0.242552 
500.00 1473.15 100.125644 99.887620 0.000000 0.000000 0.000000 0.000000 0.000000 0.000000 0.000000 0.000000 0.238025 
500.00 1463.15 100.126510 99.893099 0.000000 0.000000 0.000000 0.000000 0.000000 0.000000 0.000000 0.000000 0.233411 
500.00 1453.15 100.127423 99.898714 0.000000 0.000000 0.000000 0.000000 0.000000 0.000000 0.000000 0.000000 0.228709 
500.00 1443.15 100.128384 99.904469 0.000000 0.000000 0.000000 0.000000 0.000000 0.000000 0.000000 0.000000 0.223915 
500.00 1433.15 100.129396 99.910368 0.000000 0.000000 0.000000 0.000000 0.000000 0.000000 0.000000 0.000000 0.219028 
500.00 1423.15 100.130459 99.916413 0.000000 0.000000 0.000000 0.000000 0.000000 0.000000 0.000000 0.000000 0.214046 
500.00 1413.15 100.129973 99.321631 0.596540 0.000000 0.000000 0.000000 0.000000 0.000000 0.000000 0.000000 0.211802 
500.00 1403.15 100.128773 98.498725 1.419547 0.000000 0.000000 0.000000 0.000000 0.000000 0.000000 0.000000 0.210501 
500.00 1393.15 100.128166 96.665600 2.070757 0.000000 1.167178 0.000000 0.000000 0.000000 0.000000 0.000000 0.224630 
500.00 1383.15 100.130545 91.433503 2.181310 0.000000 6.224933 0.000000 0.000000 0.000000 0.000000 0.000000 0.290799 
500.00 1373.15 100.133736 86.595352 2.340581 0.000000 10.846604 0.000000 0.000000 0.000000 0.000000 0.000000 0.351200 
500.00 1363.15 100.137587 82.093427 2.552654 0.000000 15.077416 0.007341 0.000000 0.000000 0.000000 0.000000 0.406750 
500.00 1353.15 100.134545 73.701411 3.801739 0.000000 17.797391 4.276790 0.000000 0.000000 0.000000 0.000000 0.557213 
500.00 1343.15 100.275192 57.707573 3.719816 0.000000 22.749446 10.578190 0.000000 4.719813 0.000000 0.000000 0.800354 
500.00 1333.15 100.303895 49.567978 4.103685 0.000000 24.825627 14.946625 0.000000 5.908387 0.000000 0.000000 0.951593 
500.00 1323.15 100.327042 41.773487 3.470091 1.494852 26.302095 19.301274 0.000000 6.877782 0.000000 0.000000 1.107460 
500.00 1313.15 100.354757 33.213332 0.776277 6.583590 26.706860 23.984455 0.000000 7.802229 0.000000 0.000000 1.288015 
500.00 1303.15 100.363110 27.510608 0.000000 8.730987 26.834477 27.612833 0.000000 8.260167 0.000000 0.000000 1.414038 
500.00 1293.15 100.361393 23.177003 0.000000 9.686087 26.862367 30.643066 0.000000 8.478869 0.000000 0.000000 1.514000 
500.00 1283.15 100.356846 19.613490 0.000000 10.497690 26.862360 33.184927 0.000000 8.600086 0.000000 0.000000 1.598293 
500.00 1273.15 100.350332 16.707372 0.000000 11.204038 26.836275 35.285617 0.000000 8.648750 0.000000 0.000000 1.668280 
500.00 1263.15 100.342545 14.351468 0.000000 11.833008 26.784258 37.003033 0.000000 8.645083 0.000000 0.000000 1.725695 
500.00 1253.15 100.333251 12.324516 0.000000 12.435536 26.703419 38.449680 0.000000 8.597961 0.000000 0.047760 1.774381 
500.00 1243.15 100.321468 10.632385 0.122405 12.897398 26.594122 39.674476 0.000000 8.494422 0.000000 0.090585 1.815674 
500.00 1233.15 100.307412 9.178010 0.332534 13.281535 26.460775 40.731768 0.000000 8.342213 0.000000 0.128799 1.851778 
500.00 1223.15 100.293372 7.951781 0.508145 13.686804 26.314465 41.611607 0.000000 8.177117 0.000000 0.161161 1.882292 
500.00 1213.15 100.279575 6.909792 0.652721 14.107538 26.159735 42.347892 0.000000 8.004916 0.000000 0.188762 1.908218 
500.00 1203.15 100.266152 6.016132 0.770765 14.537896 26.000611 42.968593 0.000000 7.829271 0.000000 0.212477 1.930407 
500.00 1193.15 100.253167 5.241872 0.866673 14.973139 25.840444 43.496156 0.000000 7.652314 0.000000 0.233013 1.949557 
500.00 1183.15 100.240638 4.563893 0.944324 15.409911 25.681923 43.948306 0.000000 7.475103 0.000000 0.250940 1.966238 
500.00 1173.15 100.228559 3.963740 1.006998 15.846152 25.527175 44.338930 0.000000 7.297932 0.000000 0.266724 1.980909 
500.00 1163.15 100.216901 3.426616 1.057413 16.280903 25.377889 44.678864 0.000000 7.120532 0.000000 0.280745 1.993939 
500.00 1153.15 100.203659 2.681724 1.113851 16.821500 25.227182 45.161434 0.000000 6.676347 0.209679 0.300212 2.011729 
500.00 1143.15 100.190306 1.960102 1.159318 17.369383 25.077106 45.629098 0.000000 6.217815 0.430045 0.318733 2.028705 
500.00 1133.15 100.177137 1.290516 1.193798 17.905389 24.929193 46.062817 0.000000 5.786742 0.628878 0.335618 2.044186 
500.00 1123.15 100.164118 0.659958 1.219684 18.429571 24.783907 46.472423 0.000000 5.379757 0.809033 0.351299 2.058487 
500.00 1113.15 100.149848 0.000000 1.240673 18.984668 24.637956 46.807880 0.094874 4.958194 0.984906 0.367562 2.073135 
500.00 1103.15 100.150736 0.000000 1.237770 19.067767 24.547168 46.699812 0.200147 4.939845 1.017530 0.367562 2.073135 
500.00 1093.15 100.151604 0.000000 1.234473 19.146947 24.461153 46.595973 0.300887 4.922265 1.049208 0.367562 2.073135 
500.00 1083.15 100.152451 0.000000 1.230761 19.222643 24.379587 46.496116 0.397289 4.905449 1.079907 0.367562 2.073135 
