Title: Hr

Solid Composition:
Pressure Temperature mass SiO2 TiO2 Al2O3 Fe2O3 FeO MnO MgO CaO Na2O K2O P2O5 H2O 
500.00 1523.15 0.000000 ---
500.00 1513.15 0.000000 ---
500.00 1503.15 0.000000 ---
500.00 1493.15 0.000000 ---
500.00 1483.15 0.000000 ---
500.00 1473.15 0.000000 ---
500.00 1463.15 0.000000 ---
500.00 1453.15 0.000000 ---
500.00 1443.15 0.000000 ---
500.00 1433.15 0.000000 ---
500.00 1423.15 0.000000 ---
500.00 1413.15 2.982886 49.5094 0.584285 4.91234 2.4618 5.85733 0.015667 16.7951 19.7061 0.157982 0 0 0
500.00 1403.15 6.934055 47.7806 0.362575 15.3617 1.39277 4.91667 0.0424001 12.4429 16.8274 0.857781 0.0152081 0 0
500.00 1393.15 6.437427 47.4502 0.355033 16.9056 1.24705 5.08293 0.0530746 11.7373 16.1361 1.01363 0.0191069 0 0
500.00 1383.15 5.517550 47.3568 0.399433 16.941 1.28686 5.41783 0.0593391 11.5418 15.9062 1.0699 0.0208231 0 0
500.00 1373.15 4.785974 47.2478 0.448304 16.9803 1.32702 5.77517 0.0663705 11.3371 15.6666 1.12868 0.022619 0 0
500.00 1363.15 4.195766 47.1191 0.502976 17.0214 1.36798 6.16006 0.0743751 11.1232 15.4162 1.19014 0.0245037 0 0
500.00 1353.15 3.714050 46.9641 0.565834 17.0608 1.41074 6.57929 0.0836211 10.9006 15.1543 1.25424 0.0264815 0 0
500.00 1343.15 11.585404 28.4232 4.67255 11.4749 20.0325 16.4351 0 7.94031 10.3295 0.679157 0.012711 0 0
500.00 1333.15 3.740973 38.5909 2.63187 15.2139 11.1565 10.611 0 7.61487 12.9624 1.19516 0.023486 0 0
500.00 1323.15 3.381317 40.9474 2.16643 16.9616 9.28275 10.097 0 7.87692 11.1524 1.48484 0.0306374 0 0
500.00 1313.15 3.080721 41.915 1.96264 17.9878 8.37762 9.47683 0 7.27781 10.8701 1.72274 0.0365822 0 0.372886
500.00 1303.15 3.905008 43.6326 1.47401 20.0191 6.30312 7.98195 0 6.15104 9.89465 2.23234 0.0506476 0 2.26053
500.00 1293.15 3.265493 43.2698 1.39024 19.7759 5.87659 7.59876 0 5.52544 9.36236 2.4684 0.0591178 0 4.67337
500.00 1283.15 2.802224 42.7272 1.30576 19.3875 5.46029 7.19089 0 4.95358 8.82153 2.67971 0.0678105 0 7.40578
500.00 1273.15 2.454575 42.0188 1.2224 18.8788 5.05936 6.77096 0 4.4349 8.28482 2.86167 0.0765669 0 10.3917
500.00 1263.15 2.185824 41.1597 1.14152 18.2738 4.67751 6.34893 0 3.96745 7.7618 3.01145 0.0852271 0 13.5726
500.00 1253.15 1.973122 40.1675 1.06396 17.5955 4.31668 5.93192 0 3.54803 7.25872 3.12822 0.0936506 0 16.8959
500.00 1243.15 1.801588 39.0615 0.990224 16.8649 3.9777 5.52508 0 3.1728 6.77939 3.21273 0.101721 0 20.314
500.00 1233.15 1.661154 37.8623 0.920583 16.1007 3.66069 5.13206 0 2.83779 6.32588 3.26689 0.109348 0 23.7838
500.00 1223.15 1.544777 36.5909 0.855158 15.3188 3.36535 4.75541 0 2.53906 5.89907 3.29339 0.11647 0 27.2664
500.00 1213.15 1.447372 35.2678 0.793966 14.5326 3.09108 4.39687 0 2.27294 5.499 3.29537 0.123052 0 30.7273
500.00 1203.15 1.365163 33.9123 0.736954 13.7531 2.83715 4.05751 0 2.03601 5.12518 3.27617 0.129082 0 34.1366
500.00 1193.15 1.295285 32.5419 0.684018 12.989 2.60267 3.73792 0 1.82516 4.77677 3.23909 0.134567 0 37.4689
500.00 1183.15 1.235517 31.1719 0.635017 12.2472 2.38672 3.43825 0 1.63757 4.4527 3.18727 0.139531 0 40.7038
500.00 1173.15 1.184112 29.8154 0.589785 11.5325 2.18829 3.15834 0 1.4707 4.15175 3.12361 0.144009 0 43.8256
500.00 1163.15 1.145397 28.3886 0.545455 10.8106 1.99647 2.89689 0 1.32341 4.07462 3.04039 0.147611 0.175024 46.6009