Title: Hr

System Thermodynamic Data:
Pressure Temperature mass F phi S H V dVdP*10^6 dVdT*10^6 Cp logfO2(absolute) logfO2-NNO rhol rhos viscosity aH2O chisqr
500.00 1523.15 100.101174 0.9983578472348345 0.944362 288.506695 -1187617.099042 41.861207 -5121.037811 6575.788747 151.800243 -7.007 0.000 2.527988 0.070579 1.566 0.999784 0.000
500.00 1513.15 100.101823 0.9984003356319783 0.946048 287.507084 -1189146.049857 41.744010 -4970.644770 6536.194697 151.797032 -7.116 0.000 2.530693 0.071100 1.603 0.999781 0.000
500.00 1503.15 100.102512 0.9984436176975680 0.947749 286.500893 -1190675.615622 41.626664 -4819.638797 6495.650234 151.794013 -7.225 0.000 2.533399 0.071630 1.639 0.999778 0.000
500.00 1493.15 100.103242 0.9984877131735596 0.949466 285.488031 -1192205.820934 41.509171 -4668.010213 6454.125106 151.791192 -7.336 0.000 2.536107 0.072169 1.676 0.999774 0.000
500.00 1483.15 100.104015 0.9985326423867160 0.951198 284.468405 -1193736.691407 41.391535 -4515.749250 6411.587633 151.788573 -7.449 0.000 2.538815 0.072718 1.714 0.99977 0.000
500.00 1473.15 100.104832 0.9985784263936300 0.952947 283.457129 -1195245.797913 41.273757 -4362.845721 6368.004511 148.505312 -7.563 0.000 2.541524 0.073277 1.752 0.999766 0.000
500.00 1463.15 100.105694 0.9986250871460032 0.954713 282.446067 -1196745.224312 41.155841 -4209.288642 6323.340589 148.494629 -7.679 0.000 2.544234 0.073846 1.790 0.999762 0.000
500.00 1453.15 100.106603 0.9986726468778912 0.956494 281.428167 -1198245.306926 41.037789 -4055.067958 6277.559346 148.483614 -7.796 0.000 2.546945 0.074425 1.829 0.999758 0.000
500.00 1443.15 100.107560 0.9987211284482609 0.958293 280.403335 -1199746.069892 40.919607 -3900.173663 6230.622502 148.472261 -7.915 0.000 2.549656 0.075015 1.868 0.999753 0.000
500.00 1433.15 100.108567 0.9987705553837435 0.960108 279.371474 -1201247.538521 40.801297 -3744.595752 6182.489884 148.460568 -8.035 0.000 2.552367 0.075616 1.908 0.999749 0.000
500.00 1423.15 100.109626 0.9988209518946390 0.961939 278.332485 -1202749.739359 40.682864 -3588.324250 6133.119316 148.448529 -8.157 0.000 2.555078 0.076229 1.949 0.999744 0.000
500.00 1413.15 100.110738 0.9988723428905365 0.963788 277.286270 -1204252.700251 40.564315 -3431.349240 6082.466497 148.436142 -8.281 0.000 2.557790 0.076854 1.990 0.999739 0.000
500.00 1403.15 100.110042 0.9923090677825014 0.959735 276.046677 -1205986.347846 40.466386 -3354.027462 6046.073218 148.077601 -8.407 0.000 2.557872 0.472535 2.051 0.999744 0.000
500.00 1393.15 99.450753 0.9908416807495265 0.959184 273.214384 -1199730.375177 40.172491 -3290.232219 6002.118794 146.836752 -8.535 0.000 2.557300 0.555473 2.117 0.999752 0.000
500.00 1383.15 98.656851 0.9539709646268360 0.916000 269.076698 -1193255.935907 40.243613 -4585.665072 6419.303994 144.154919 -8.664 0.000 2.553111 1.343338 2.201 0.999747 0.000
500.00 1373.15 94.289687 0.9445665296103843 0.889811 256.751944 -1141828.416401 39.293093 -6104.862682 6879.708435 137.139956 -8.795 0.000 2.547317 1.207203 2.293 0.999752 0.000
500.00 1363.15 89.312612 0.9171258550723590 0.836958 242.670813 -1083499.300745 38.586573 -8609.337956 7687.574437 128.822683 -8.929 0.000 2.536308 1.176510 2.418 0.999766 0.000
500.00 1353.15 82.312619 0.8475392123058669 0.732671 222.808187 -1002500.874851 38.054913 -13189.392211 9211.540431 116.596320 -9.064 0.000 2.502110 1.233582 2.678 0.999805 0.000
500.00 1343.15 70.334750 0.8630503311290939 0.691270 192.651730 -864318.456818 35.544034 -16688.126432 10365.530391 99.833446 -9.201 0.000 2.470537 0.877781 2.936 0.999847 0.000
500.00 1333.15 61.405085 0.8782499595031250 0.655186 170.121633 -761358.072492 33.679590 -19375.102743 11306.229150 87.384026 -9.340 0.000 2.443942 0.643757 3.175 0.999885 0.000
500.00 1323.15 54.738588 0.8721459938822933 0.607210 153.003760 -684261.569714 32.477100 -21975.988541 12284.336144 77.859377 -9.481 0.000 2.420844 0.548618 3.399 0.99992 0.000
500.00 1313.15 48.656077 0.8787169412057859 0.570028 137.517695 -611991.206281 31.240094 -24098.453677 13124.274849 69.316413 -9.625 0.000 2.400921 0.439323 3.607 0.999956 0.000
500.00 1303.15 43.762109 0.8865886628688690 0.538983 125.021859 -553318.937306 30.199521 -25770.456606 13831.990151 62.460424 -9.771 0.000 2.383667 0.356482 3.802 0.99999 0.000
500.00 1293.15 39.881390 0.8918777901525578 0.511507 115.051430 -506650.842266 29.358782 -27115.033937 14445.842400 57.013666 -9.919 0.000 2.368571 0.300669 3.985 1.00002 0.000
500.00 1283.15 36.715219 0.8954097349565486 0.487157 106.870485 -468454.009841 28.652413 -28211.051702 14989.062093 52.576280 -10.069 0.000 2.355253 0.261332 4.158 1.00005 0.000
500.00 1273.15 34.075574 0.8977122561114591 0.465523 100.013830 -436507.918670 28.040604 -29111.799266 15476.637205 48.866862 -10.221 0.000 2.343427 0.232568 4.321 1.00007 0.000
500.00 1263.15 31.837882 0.8991403197647578 0.446255 94.171946 -409343.007059 27.497817 -29854.774495 15919.963646 45.723264 -10.376 0.000 2.332871 0.210889 4.475 1.00009 0.000
500.00 1253.15 29.916176 0.8999265814230951 0.429052 89.130276 -385946.287684 27.007084 -30467.542818 16327.253227 43.025317 -10.534 0.000 2.323410 0.194156 4.622 1.0001 0.000
500.00 1243.15 28.248647 0.9002293756184043 0.413661 84.733909 -365589.469426 26.556639 -30971.100419 16704.836184 40.686271 -10.694 0.000 2.314904 0.181000 4.762 1.00012 0.000
500.00 1233.15 26.789329 0.9001594455492575 0.399867 80.867205 -347730.545861 26.138036 -31381.914873 17057.754327 38.641420 -10.857 0.000 2.307237 0.170510 4.895 1.00012 0.000
500.00 1223.15 25.503061 0.8997966712520724 0.387487 77.441392 -331954.249327 25.745016 -31713.206759 17390.132996 36.841173 -11.022 0.000 2.300313 0.162056 5.022 1.00013 0.000
500.00 1213.15 24.362308 0.8992006021646901 0.376360 74.386750 -317934.713392 25.372822 -31975.783609 17705.422012 35.246659 -11.190 0.000 2.294051 0.155193 5.144 1.00013 0.000
500.00 1203.15 23.345102 0.8984170823233846 0.366351 71.647495 -305411.236616 25.017749 -32178.603527 18006.557740 33.826853 -11.361 0.000 2.288382 0.149596 5.260 1.00013 0.000
500.00 1193.15 22.433640 0.8974824321762596 0.357341 69.178325 -294171.995465 24.676858 -32329.171026 18296.076662 32.556631 -11.534 0.000 2.283247 0.145020 5.371 1.00012 0.000
500.00 1183.15 21.613320 0.8964261159059804 0.349228 66.942003 -284042.723864 24.347782 -32433.825270 18576.198299 31.415400 -11.711 0.000 2.278595 0.141281 5.477 1.00012 0.000
500.00 1173.15 20.872041 0.8952724752873159 0.341923 64.907617 -274878.593838 24.028584 -32497.956802 18848.888136 30.386122 -11.890 0.000 2.274380 0.138236 5.579 1.00011 0.000
500.00 1163.15 20.199677 0.8937278480337122 0.335244 63.048760 -266558.689532 23.717994 -32527.452985 19116.427810 29.450579 -12.073 0.000 2.270444 0.136152 5.680 1.0001 0.000
500.00 1153.15 19.582429 0.8919377620818871 0.329117 61.332371 -258914.551825 23.412949 -32526.492395 19380.513912 28.589532 -12.259 0.000 2.266702 0.134722 5.782 1.0001 0.000
500.00 1143.15 19.009489 0.8906293296571528 0.323676 59.733386 -251813.388666 23.110580 -32496.353290 19641.745099 27.795524 -12.448 0.000 2.263321 0.133017 5.879 1.00009 0.000
500.00 1133.15 18.486230 0.8892854478566915 0.318809 58.260509 -245324.629922 22.813784 -32440.126328 19901.550145 27.073028 -12.641 0.000 2.260275 0.131700 5.973 1.00008 0.000
500.00 1123.15 18.006991 0.8879188355050706 0.314470 56.899207 -239379.662175 22.521633 -32360.483429 20161.245038 26.414132 -12.837 0.000 2.257537 0.130722 6.063 1.00007 0.000
500.00 1113.15 17.566932 0.8865404661836798 0.310618 55.637033 -233919.728609 22.233326 -32259.743692 20422.079439 25.812113 -13.036 0.000 2.255087 0.130039 6.149 1.00006 0.000
500.00 1103.15 17.161896 0.8851598583807980 0.307217 54.463269 -228894.293677 21.948170 -32139.926725 20685.257530 25.261234 -13.239 0.000 2.252905 0.129618 6.232 1.00005 0.000
500.00 1093.15 16.788085 0.8834909237626698 0.304134 53.366565 -224258.522673 21.665534 -32003.430277 20952.209216 24.755272 -13.446 0.000 2.250963 0.129738 6.311 1.00004 0.000
500.00 1083.15 16.437972 0.8796500343575143 0.300593 52.323117 -219894.310475 21.394760 -31881.430050 21241.230391 24.275681 -13.656 0.000 2.248390 0.132208 6.408 1.00004 0.000
500.00 1073.15 16.074126 0.8784828092528917 0.297809 51.264870 -215421.191648 21.109895 -31738.323122 21532.636392 23.794182 -13.871 0.000 2.246141 0.131772 6.502 1.00003 0.000
500.00 1063.15 15.743989 0.8771700361988435 0.295459 50.288540 -211362.273202 20.828044 -31577.907497 21829.425264 23.361237 -14.089 0.000 2.244157 0.131784 6.592 1.00003 0.000
500.00 1053.15 15.441278 0.8758954844502302 0.293531 49.379702 -207646.753565 20.547669 -31401.745588 22132.990962 22.969381 -14.312 0.000 2.242429 0.132013 6.680 1.00002 0.000
500.00 1043.15 15.163404 0.8746648028934331 0.292005 48.531596 -204242.469769 20.268297 -31211.215775 22444.797000 22.615265 -14.539 0.000 2.240947 0.132441 6.765 1.00001 0.000
500.00 1033.15 14.908105 0.8734831580012097 0.290861 47.738294 -201121.427921 19.989496 -31007.533608 22766.366710 22.296055 -14.770 0.000 2.239701 0.133057 6.848 1.00001 0.000
500.00 1023.15 14.672993 0.8166325026871381 0.269893 46.888210 -198362.029581 19.826320 -31173.079375 23356.489066 21.949982 -15.006 0.000 2.239300 0.185871 6.870 1.00001 0.000

Title: Hr

Liquid Composition:
Pressure Temperature mass SiO2 TiO2 Al2O3 Fe2O3 Cr2O3 FeO MnO MgO CaO Na2O K2O P2O5 H2O 
500.00 1523.15 99.936792 48.2439 1.38036 15.2622 2.48959 0.0203178 9.82083 0.195795 7.14653 10.8568 2.25165 0.342642 0.156636 1.83263
500.00 1513.15 99.941693 48.2416 1.38029 15.2615 2.49595 0.0203168 9.81451 0.195786 7.14618 10.8563 2.25153 0.342625 0.156629 1.83679
500.00 1503.15 99.946714 48.2392 1.38022 15.2607 2.50271 0.0203157 9.80783 0.195776 7.14582 10.8558 2.25142 0.342608 0.156621 1.84103
500.00 1493.15 99.951857 48.2367 1.38015 15.2599 2.50987 0.0203147 9.80076 0.195766 7.14545 10.8552 2.25131 0.34259 0.156613 1.84535
500.00 1483.15 99.957126 48.2341 1.38008 15.2591 2.51746 0.0203136 9.7933 0.195755 7.14507 10.8546 2.25119 0.342572 0.156604 1.84975
500.00 1473.15 99.962525 48.2315 1.38 15.2583 2.52548 0.0203125 9.78543 0.195745 7.14469 10.8541 2.25107 0.342553 0.156596 1.85424
500.00 1463.15 99.968057 48.2289 1.37992 15.2575 2.53395 0.0203114 9.77715 0.195734 7.14429 10.8535 2.25094 0.342535 0.156587 1.85881
500.00 1453.15 99.973726 48.2261 1.37985 15.2566 2.54288 0.0203103 9.76843 0.195723 7.14389 10.8528 2.25081 0.342515 0.156578 1.86346
500.00 1443.15 99.979535 48.2233 1.37977 15.2557 2.55229 0.0203091 9.75926 0.195712 7.14347 10.8522 2.25068 0.342495 0.156569 1.86821
500.00 1433.15 99.985489 48.2205 1.37968 15.2548 2.56219 0.0203079 9.74963 0.1957 7.14305 10.8516 2.25055 0.342475 0.15656 1.87304
500.00 1423.15 99.991592 48.2175 1.3796 15.2539 2.5726 0.0203066 9.73953 0.195688 7.14261 10.8509 2.25041 0.342454 0.15655 1.87797
500.00 1413.15 99.997848 48.2145 1.37951 15.2529 2.58354 0.0203054 9.72893 0.195676 7.14216 10.8502 2.25027 0.342432 0.156541 1.883
500.00 1403.15 99.340102 48.2722 1.38865 15.3539 2.59365 0.0204398 9.68683 0.195051 6.90494 10.9193 2.26517 0.3447 0.157577 1.89757
500.00 1393.15 98.539952 48.3448 1.39992 15.4786 2.60311 0.0206058 9.63324 0.194223 6.61644 11.0045 2.28356 0.347499 0.158857 1.91459
500.00 1383.15 94.115771 48.4364 1.4142 15.9519 2.60455 0.00939107 9.71769 0.202641 6.18692 10.6129 2.38434 0.363834 0.166324 1.94894
500.00 1373.15 89.062882 48.5635 1.41817 16.5183 2.59784 0.00258472 9.81597 0.214023 5.73055 10.0784 2.51068 0.384476 0.17576 1.98973
500.00 1363.15 81.910906 49.0949 1.40476 16.8374 2.57539 3.43736e-005 9.78846 0.230967 5.24893 9.48985 2.68284 0.417333 0.191107 2.03794
500.00 1353.15 69.763172 51.0118 1.27778 16.8053 2.40599 5.51407e-010 8.98341 0.265673 4.65698 8.764 2.99514 0.487245 0.224384 2.12231
500.00 1343.15 60.702429 52.8972 1.15354 16.7049 2.23076 0 8.16296 0.29968 4.14997 8.10993 3.27992 0.556992 0.257876 2.1963
500.00 1333.15 53.929013 54.6181 1.05013 16.5281 2.07515 0 7.44472 0.33141 3.72489 7.53195 3.5246 0.623775 0.290265 2.25683
500.00 1323.15 47.740040 56.2281 0.97411 16.1869 1.94875 0 6.81658 0.374389 3.28072 7.08503 3.76729 0.700301 0.327895 2.30992
500.00 1313.15 42.754919 57.7383 0.913478 15.7606 1.83688 0 6.25848 0.418042 2.88016 6.72018 3.97611 0.777003 0.366127 2.35455
500.00 1303.15 38.798989 59.142 0.859537 15.3121 1.73237 0 5.75588 0.460665 2.54545 6.39604 4.14942 0.850959 0.403457 2.39216
500.00 1293.15 35.569326 60.4545 0.811226 14.8499 1.63419 0 5.30042 0.502493 2.26216 6.10628 4.2919 0.922605 0.44009 2.42422
500.00 1283.15 32.875165 61.6877 0.767697 14.3807 1.54154 0 4.88552 0.543673 2.01984 5.84579 4.40737 0.992216 0.476156 2.45181
500.00 1273.15 30.590061 62.8504 0.728274 13.9096 1.45382 0 4.50599 0.584286 1.81074 5.6104 4.49906 1.05995 0.511726 2.47574
500.00 1263.15 28.626723 63.9495 0.692403 13.4407 1.37059 0 4.15767 0.624359 1.62894 5.39667 4.56977 1.12587 0.546822 2.49665
500.00 1253.15 26.922362 64.9905 0.659634 12.9772 1.29152 0 3.83719 0.663885 1.46988 5.20171 4.622 1.18999 0.581439 2.51504
500.00 1243.15 25.430262 65.9777 0.62959 12.5216 1.21636 0 3.54174 0.702838 1.32993 5.02307 4.65797 1.2523 0.615555 2.53132
500.00 1233.15 24.114668 66.9149 0.601954 12.0758 1.14491 0 3.26896 0.741182 1.20619 4.85868 4.67968 1.31275 0.649137 2.5458
500.00 1223.15 22.947569 67.8054 0.576459 11.6412 1.077 0 3.01683 0.778878 1.09631 4.70679 4.6889 1.37132 0.682152 2.55877
500.00 1213.15 21.906602 68.652 0.552873 11.2187 1.01251 0 2.78359 0.815889 0.998355 4.56592 4.68721 1.42799 0.714566 2.57046
500.00 1203.15 20.973638 69.4573 0.530997 10.8089 0.951298 0 2.5677 0.852182 0.910722 4.43479 4.67605 1.48272 0.746352 2.58104
500.00 1193.15 20.133798 70.2237 0.510658 10.4121 0.893256 0 2.36778 0.887729 0.832071 4.31233 4.65665 1.53551 0.777485 2.5907
500.00 1183.15 19.374745 70.9534 0.4917 10.0287 0.83827 0 2.1826 0.922507 0.761275 4.19761 4.63012 1.58635 0.807945 2.59955
500.00 1173.15 18.686163 71.6484 0.47399 9.65842 0.786227 0 2.01106 0.956502 0.697379 4.08984 4.59745 1.63525 0.837717 2.60771
500.00 1163.15 18.053014 72.3327 0.457563 9.30339 0.736761 0 1.85229 0.990048 0.639249 3.97426 4.56075 1.68279 0.854834 2.61535
500.00 1153.15 17.466308 73.0179 0.442367 8.96411 0.689705 0 1.70541 1.0233 0.586151 3.84403 4.52125 1.72924 0.854003 2.62257
500.00 1143.15 16.930408 73.6691 0.428027 8.6368 0.64539 0 1.56932 1.0557 0.538019 3.72201 4.47757 1.77368 0.855035 2.62932
500.00 1133.15 16.439535 74.288 0.414462 8.3212 0.603688 0 1.44327 1.08722 0.494299 3.60782 4.4303 1.81612 0.857966 2.63567
500.00 1123.15 15.988747 74.8757 0.401599 8.01699 0.564476 0 1.32655 1.11787 0.454508 3.50115 4.37998 1.8566 0.862855 2.64167
500.00 1113.15 15.573796 75.4336 0.389368 7.72387 0.527634 0 1.2185 1.14766 0.41823 3.40176 4.32711 1.89512 0.869787 2.64739
500.00 1103.15 15.191021 75.9625 0.377708 7.44149 0.493048 0 1.11853 1.17657 0.385101 3.30949 4.2721 1.93172 0.878869 2.65286
500.00 1093.15 14.832121 76.4677 0.351959 7.16689 0.465678 0 1.03756 1.20393 0.351426 3.22548 4.21489 1.96693 0.888846 2.65873
500.00 1083.15 14.459663 77.0415 0.329183 6.8818 0.429735 0 0.938701 1.18705 0.313406 3.16568 4.15316 2.00468 0.894379 2.66071
500.00 1073.15 14.120843 77.5768 0.307959 6.61018 0.396042 0 0.847775 1.17353 0.279274 3.11188 4.09146 2.03991 0.902391 2.66281
500.00 1063.15 13.810155 78.0798 0.288304 6.3505 0.36418 0 0.763552 1.16046 0.248324 3.06468 4.02986 2.07291 0.912638 2.66483
500.00 1053.15 13.524946 78.5511 0.270075 6.10229 0.334145 0 0.685788 1.14789 0.220242 3.02417 3.96855 2.10371 0.92526 2.66679
500.00 1043.15 13.262896 78.9914 0.253148 5.86511 0.305908 0 0.614196 1.13585 0.194758 2.99048 3.90772 2.13234 0.940427 2.66871
500.00 1033.15 13.021979 79.4011 0.237416 5.63852 0.279424 0 0.548463 1.12436 0.171641 2.9638 3.84753 2.15881 0.958341 2.67061
500.00 1023.15 11.982443 79.5295 0.226125 5.4164 0.247065 0 0.468144 1.16258 0.138316 2.95741 3.89448 2.31187 0.969855 2.67823
Title: Hr

liquid_0 thermodynamic data and composition:
Pressure Temperature mass S H V Cp viscosity SiO2 TiO2 Al2O3 Fe2O3 Cr2O3 FeO MnO MgO CaO Na2O K2O P2O5 H2O Mg#
500.00 1523.15 99.936792 286.694430 -1185845.809927 39.532152 151.339109 1.566 48.2439 1.38036 15.2622 2.48959 0.0203178 9.82083 0.195795 7.14653 10.8568 2.25165 0.342642 0.156636 1.83263 56.4
500.00 1513.15 99.941693 285.744655 -1187416.088297 39.491830 151.348060 1.603 48.2416 1.38029 15.2615 2.49595 0.0203168 9.81451 0.195786 7.14618 10.8563 2.25153 0.342625 0.156629 1.83679 56.5
500.00 1503.15 99.946714 284.789034 -1188988.082789 39.451622 151.357399 1.639 48.2392 1.38022 15.2607 2.50271 0.0203157 9.80783 0.195776 7.14582 10.8558 2.25142 0.342608 0.156621 1.84103 56.5
500.00 1493.15 99.951857 283.827492 -1190561.845877 39.411532 151.367137 1.676 48.2367 1.38015 15.2599 2.50987 0.0203147 9.80076 0.195766 7.14545 10.8552 2.25131 0.34259 0.156613 1.84535 56.5
500.00 1483.15 99.957126 282.859952 -1192137.431919 39.371564 151.377287 1.714 48.2341 1.38008 15.2591 2.51746 0.0203136 9.7933 0.195755 7.14507 10.8546 2.25119 0.342572 0.156604 1.84975 56.5
500.00 1473.15 99.962525 281.901544 -1193692.441562 39.331718 148.107009 1.752 48.2315 1.38 15.2583 2.52548 0.0203125 9.78543 0.195745 7.14469 10.8541 2.25107 0.342553 0.156596 1.85424 56.5
500.00 1463.15 99.968057 280.944152 -1195238.989671 39.292000 148.109530 1.790 48.2289 1.37992 15.2575 2.53395 0.0203114 9.77715 0.195734 7.14429 10.8535 2.25094 0.342535 0.156587 1.85881 56.6
500.00 1453.15 99.973726 279.980741 -1196787.444135 39.252411 148.111945 1.829 48.2261 1.37985 15.2566 2.54288 0.0203103 9.76843 0.195723 7.14389 10.8528 2.25081 0.342515 0.156578 1.86346 56.6
500.00 1443.15 99.979535 279.011235 -1198337.861615 39.212954 148.114257 1.868 48.2233 1.37977 15.2557 2.55229 0.0203091 9.75926 0.195712 7.14347 10.8522 2.25068 0.342495 0.156569 1.86821 56.6
500.00 1433.15 99.985489 278.035557 -1199890.300953 39.173634 148.116471 1.908 48.2205 1.37968 15.2548 2.56219 0.0203079 9.74963 0.1957 7.14305 10.8516 2.25055 0.342475 0.15656 1.87304 56.6
500.00 1423.15 99.991592 277.053626 -1201444.823264 39.134453 148.118588 1.949 48.2175 1.3796 15.2539 2.5726 0.0203066 9.73953 0.195688 7.14261 10.8509 2.25041 0.342454 0.15655 1.87797 56.6
500.00 1413.15 99.997848 276.065363 -1203001.492034 39.095415 148.120614 1.990 48.2145 1.37951 15.2529 2.58354 0.0203054 9.72893 0.195676 7.14216 10.8502 2.25027 0.342432 0.156541 1.883 56.7
500.00 1403.15 99.340102 273.293152 -1196720.756404 38.837004 146.957843 2.051 48.2722 1.38865 15.3539 2.59365 0.0204398 9.68683 0.195051 6.90494 10.9193 2.26517 0.3447 0.157577 1.89757 55.9
500.00 1393.15 98.539952 270.152146 -1188784.268373 38.532803 145.549605 2.117 48.3448 1.39992 15.4786 2.60311 0.0206058 9.63324 0.194223 6.61644 11.0045 2.28356 0.347499 0.158857 1.91459 55.0
500.00 1383.15 94.115771 257.387003 -1136553.418652 36.863167 138.592526 2.201 48.4364 1.4142 15.9519 2.60455 0.00939107 9.71769 0.202641 6.18692 10.6129 2.38434 0.363834 0.166324 1.94894 53.1
500.00 1373.15 89.062882 243.042099 -1076770.426909 34.963410 130.707273 2.293 48.5635 1.41817 16.5183 2.59784 0.00258472 9.81597 0.214023 5.73055 10.0784 2.51068 0.384476 0.17576 1.98973 51.0
500.00 1363.15 81.910906 223.128719 -992381.555754 32.295336 119.691762 2.418 49.0949 1.40476 16.8374 2.57539 3.43736e-005 9.78846 0.230967 5.24893 9.48985 2.68284 0.417333 0.191107 2.03794 48.9
500.00 1353.15 69.763172 190.079658 -853614.988954 27.881734 101.322502 2.678 51.0118 1.27778 16.8053 2.40599 5.51407e-010 8.98341 0.265673 4.65698 8.764 2.99514 0.487245 0.224384 2.12231 48.0
500.00 1343.15 60.702429 165.331279 -750163.278688 24.570542 87.672642 2.936 52.8972 1.15354 16.7049 2.23076 0 8.16296 0.29968 4.14997 8.10993 3.27992 0.556992 0.257876 2.1963 47.5
500.00 1333.15 53.929013 146.716532 -672278.987583 22.066406 77.489893 3.175 54.6181 1.05013 16.5281 2.07515 0 7.44472 0.33141 3.72489 7.53195 3.5246 0.623775 0.290265 2.25683 47.1
500.00 1323.15 47.740040 129.674595 -599314.327074 19.720415 68.228563 3.399 56.2281 0.97411 16.1869 1.94875 0 6.81658 0.374389 3.28072 7.08503 3.76729 0.700301 0.327895 2.30992 46.2
500.00 1313.15 42.754919 115.889448 -540003.828797 17.807714 60.786854 3.607 57.7383 0.913478 15.7606 1.83688 0 6.25848 0.418042 2.88016 6.72018 3.97611 0.777003 0.366127 2.35455 45.1
500.00 1303.15 38.798989 104.900643 -492753.619050 16.277014 54.898367 3.802 59.142 0.859537 15.3121 1.73237 0 5.75588 0.460665 2.54545 6.39604 4.14942 0.850959 0.403457 2.39216 44.1
500.00 1293.15 35.569326 95.891203 -454027.259906 15.017209 50.103632 3.985 60.4545 0.811226 14.8499 1.63419 0 5.30042 0.502493 2.26216 6.10628 4.2919 0.922605 0.44009 2.42422 43.2
500.00 1283.15 32.875165 88.345648 -421599.066818 13.958230 46.113618 4.158 61.6877 0.767697 14.3807 1.54154 0 4.88552 0.543673 2.01984 5.84579 4.40737 0.992216 0.476156 2.45181 42.4
500.00 1273.15 30.590061 81.921572 -393994.257892 13.053559 42.736931 4.321 62.8504 0.728274 13.9096 1.45382 0 4.50599 0.584286 1.81074 5.6104 4.49906 1.05995 0.511726 2.47574 41.7
500.00 1263.15 28.626723 76.382037 -370195.052841 12.271027 39.841554 4.475 63.9495 0.692403 13.4407 1.37059 0 4.15767 0.624359 1.62894 5.39667 4.56977 1.12587 0.546822 2.49665 41.1
500.00 1253.15 26.922362 71.556169 -349468.914802 11.587433 37.332627 4.622 64.9905 0.659634 12.9772 1.29152 0 3.83719 0.663885 1.46988 5.20171 4.622 1.18999 0.581439 2.51504 40.6
500.00 1243.15 25.430262 67.316496 -331270.109677 10.985448 35.139666 4.762 65.9777 0.62959 12.5216 1.21636 0 3.54174 0.702838 1.32993 5.02307 4.65797 1.2523 0.615555 2.53132 40.1
500.00 1233.15 24.114668 63.565192 -315180.100155 10.451750 33.208809 4.895 66.9149 0.601954 12.0758 1.14491 0 3.26896 0.741182 1.20619 4.85868 4.67968 1.31275 0.649137 2.5458 39.7
500.00 1223.15 22.947569 60.225415 -300870.148209 9.975846 31.497938 5.022 67.8054 0.576459 11.6412 1.077 0 3.01683 0.778878 1.09631 4.70679 4.6889 1.37132 0.682152 2.55877 39.3
500.00 1213.15 21.906602 57.235663 -288077.026545 9.549310 29.973490 5.144 68.652 0.552873 11.2187 1.01251 0 2.78359 0.815889 0.998355 4.56592 4.68721 1.42799 0.714566 2.57046 39.0
500.00 1203.15 20.973638 54.545966 -276586.687202 9.165270 28.608313 5.260 69.4573 0.530997 10.8089 0.951298 0 2.5677 0.852182 0.910722 4.43479 4.67605 1.48272 0.746352 2.58104 38.7
500.00 1193.15 20.133798 52.115224 -266222.903350 8.818056 27.380169 5.371 70.2237 0.510658 10.4121 0.893256 0 2.36778 0.887729 0.832071 4.31233 4.65665 1.53551 0.777485 2.5907 38.5
500.00 1183.15 19.374745 49.909297 -256839.117324 8.502936 26.270656 5.477 70.9534 0.4917 10.0287 0.83827 0 2.1826 0.922507 0.761275 4.19761 4.63012 1.58635 0.807945 2.59955 38.3
500.00 1173.15 18.686163 47.899588 -248312.423350 8.215936 25.264419 5.579 71.6484 0.47399 9.65842 0.786227 0 2.01106 0.956502 0.697379 4.08984 4.59745 1.63525 0.837717 2.60771 38.2
500.00 1163.15 18.053014 46.047360 -240460.481382 7.951313 24.337150 5.680 72.3327 0.457563 9.30339 0.736761 0 1.85229 0.990048 0.639249 3.97426 4.56075 1.68279 0.854834 2.61535 38.1
500.00 1153.15 17.466308 44.328816 -233174.754287 7.705605 23.474864 5.782 73.0179 0.442367 8.96411 0.689705 0 1.70541 1.0233 0.586151 3.84403 4.52125 1.72924 0.854003 2.62257 38.0
500.00 1143.15 16.930408 42.750999 -226511.356136 7.480339 22.687349 5.879 73.6691 0.428027 8.6368 0.64539 0 1.56932 1.0557 0.538019 3.72201 4.47757 1.77368 0.855035 2.62932 37.9
500.00 1133.15 16.439535 41.297853 -220400.695836 7.273247 21.965993 5.973 74.288 0.414462 8.3212 0.603688 0 1.44327 1.08722 0.494299 3.60782 4.4303 1.81612 0.857966 2.63567 37.9
500.00 1123.15 15.988747 39.955619 -214783.150764 7.082385 21.303448 6.063 74.8757 0.401599 8.01699 0.564476 0 1.32655 1.11787 0.454508 3.50115 4.37998 1.8566 0.862855 2.64167 37.9
500.00 1113.15 15.573796 38.712452 -209607.416752 6.906073 20.693410 6.149 75.4336 0.389368 7.72387 0.527634 0 1.2185 1.14766 0.41823 3.40176 4.32711 1.89512 0.869787 2.64739 38.0
500.00 1103.15 15.191021 37.558113 -204829.174496 6.742860 20.130455 6.232 75.9625 0.377708 7.44149 0.493048 0 1.11853 1.17657 0.385101 3.30949 4.2721 1.93172 0.878869 2.65286 38.0
500.00 1093.15 14.832121 36.470839 -200321.980488 6.589233 19.602181 6.311 76.4677 0.351959 7.16689 0.465678 0 1.03756 1.20393 0.351426 3.22548 4.21489 1.96693 0.888846 2.65873 37.6
500.00 1083.15 14.459663 35.352871 -195706.737230 6.431119 19.056441 6.408 77.0415 0.329183 6.8818 0.429735 0 0.938701 1.18705 0.313406 3.16568 4.15316 2.00468 0.894379 2.66071 37.3
500.00 1073.15 14.120843 34.326576 -191506.401389 6.286713 18.559472 6.502 77.5768 0.307959 6.61018 0.396042 0 0.847775 1.17353 0.279274 3.11188 4.09146 2.03991 0.902391 2.66281 37.0
500.00 1063.15 13.810155 33.376908 -187656.021821 6.153826 18.103307 6.592 78.0798 0.288304 6.3505 0.36418 0 0.763552 1.16046 0.248324 3.06468 4.02986 2.07291 0.912638 2.66483 36.7
500.00 1053.15 13.524946 32.496376 -184122.823493 6.031382 17.684042 6.680 78.5511 0.270075 6.10229 0.334145 0 0.685788 1.14789 0.220242 3.02417 3.96855 2.10371 0.92526 2.66679 36.4
500.00 1043.15 13.262896 31.678411 -180878.259628 5.918434 17.298276 6.765 78.9914 0.253148 5.86511 0.305908 0 0.614196 1.13585 0.194758 2.99048 3.90772 2.13234 0.940427 2.66871 36.1
500.00 1033.15 13.021979 30.917247 -177897.446117 5.814159 16.943047 6.848 79.4011 0.237416 5.63852 0.279424 0 0.548463 1.12436 0.171641 2.9638 3.84753 2.15881 0.958341 2.67061 35.8
500.00 1023.15 11.982443 28.309097 -163787.793047 5.350976 15.562144 6.870 79.5295 0.226125 5.4164 0.247065 0 0.468144 1.16258 0.138316 2.95741 3.89448 2.31187 0.969855 2.67823 34.5

apatite thermodynamic data and composition:
Pressure Temperature mass S H V Cp formula
500.00 1163.15 0.005223 0.011091 -64.948211 0.001706 0.005917 Ca5(PO4)3OH
500.00 1153.15 0.013175 0.027847 -163.966909 0.004302 0.014904 Ca5(PO4)3OH
500.00 1143.15 0.011385 0.023952 -141.823907 0.003718 0.012861 Ca5(PO4)3OH
500.00 1133.15 0.009765 0.020448 -121.756647 0.003189 0.011015 Ca5(PO4)3OH
500.00 1123.15 0.008280 0.017255 -103.333350 0.002704 0.009326 Ca5(PO4)3OH
500.00 1113.15 0.006900 0.014310 -86.189018 0.002253 0.007760 Ca5(PO4)3OH
500.00 1103.15 0.005600 0.011556 -70.008166 0.001829 0.006288 Ca5(PO4)3OH
500.00 1093.15 0.004950 0.010165 -61.944144 0.001616 0.005550 Ca5(PO4)3OH
500.00 1083.15 0.006923 0.014145 -86.706198 0.002261 0.007749 Ca5(PO4)3OH
500.00 1073.15 0.005480 0.011140 -68.697077 0.001789 0.006124 Ca5(PO4)3OH
500.00 1063.15 0.004276 0.008647 -53.647283 0.001396 0.004770 Ca5(PO4)3OH
500.00 1053.15 0.003113 0.006263 -39.095836 0.001017 0.003468 Ca5(PO4)3OH
500.00 1043.15 0.001974 0.003951 -24.817548 0.000645 0.002196 Ca5(PO4)3OH
500.00 1033.15 0.000842 0.001676 -10.591383 0.000275 0.000935 Ca5(PO4)3OH
500.00 1023.15 0.021090 0.041753 -265.551666 0.006887 0.023370 Ca5(PO4)3OH

quartz thermodynamic data and composition:
Pressure Temperature mass S H V Cp formula
500.00 1023.15 0.540393 1.059741 -7756.445967 0.213024 0.625692 SiO2

rhm-oxide_0 thermodynamic data and composition:
Pressure Temperature mass S H V Cp formula SiO2 TiO2 Al2O3 Fe2O3 Cr2O3 FeO MnO MgO CaO Na2O K2O P2O5 H2O
500.00 1093.15 0.006964 0.012625 -51.287992 0.001491 0.006298 Mn0.05Fe''0.78Mg0.06Fe'''0.22Ti0.89O3 0 47.2846 0 11.5347 0 37.1344 2.37497 1.67135 0 0 0 0 0
500.00 1083.15 0.010745 0.019379 -79.200788 0.002299 0.009702 Mn0.05Fe''0.78Mg0.06Fe'''0.21Ti0.89O3 0 47.4065 0 11.2248 0 37.344 2.45476 1.56995 0 0 0 0 0
500.00 1073.15 0.009422 0.016905 -69.515584 0.002015 0.008494 Mn0.05Fe''0.79Mg0.06Fe'''0.21Ti0.90O3 0 47.5342 0 10.9087 0 37.5389 2.54379 1.47442 0 0 0 0 0
500.00 1063.15 0.008475 0.015125 -62.596340 0.001811 0.007628 Mn0.06Fe''0.79Mg0.05Fe'''0.20Ti0.90O3 0 47.6702 0 10.5811 0 37.726 2.63836 1.38429 0 0 0 0 0
500.00 1053.15 0.007655 0.013589 -56.610324 0.001635 0.006878 Mn0.06Fe''0.80Mg0.05Fe'''0.19Ti0.90O3 0 47.813 0 10.2443 0 37.9048 2.73914 1.2988 0 0 0 0 0
500.00 1043.15 0.006941 0.012256 -51.404637 0.001482 0.006227 Mn0.06Fe''0.80Mg0.05Fe'''0.19Ti0.91O3 0 47.9615 0 9.8998 0 38.0745 2.84684 1.21734 0 0 0 0 0
500.00 1033.15 0.006318 0.011093 -46.855008 0.001348 0.005658 Mn0.06Fe''0.80Mg0.04Fe'''0.18Ti0.91O3 0 48.1148 0 9.54928 0 38.2343 2.96222 1.13945 0 0 0 0 0
500.00 1023.15 0.008456 0.014768 -62.854675 0.001803 0.007558 Mn0.07Fe''0.80Mg0.04Fe'''0.17Ti0.91O3 0 48.3417 0 9.03787 0 38.255 3.33493 1.03055 0 0 0 0 0

orthopyroxene_0 thermodynamic data and composition:
Pressure Temperature mass S H V Cp structure formula SiO2 TiO2 Al2O3 Fe2O3 Cr2O3 FeO MnO MgO CaO Na2O K2O P2O5 H2O
500.00 1323.15 1.000737 2.286680 -12357.251057 0.302769 1.225925 opx Na0.00Ca0.07Fe''0.45Mg1.41Fe'''0.03Ti0.00Al0.10Si1.93O6 53.4416 0.116483 2.34809 1.10017 0 15.0381 0 26.1001 1.83559 0.0199257 0 0 0
500.00 1313.15 0.928847 2.111043 -11415.982674 0.280314 1.133959 opx Na0.00Ca0.07Fe''0.48Mg1.39Fe'''0.03Ti0.00Al0.09Si1.94O6 53.3884 0.103845 2.20963 1.05169 0 15.698 0 25.67 1.8578 0.020631 0 0 0
500.00 1303.15 0.715276 1.616964 -8752.304216 0.215337 0.870348 opx Na0.00Ca0.07Fe''0.50Mg1.37Fe'''0.03Ti0.00Al0.09Si1.94O6 53.3334 0.0930262 2.0844 1.00636 0 16.3262 0 25.2642 1.8712 0.0212215 0 0 0
500.00 1293.15 0.563148 1.266261 -6861.771687 0.169136 0.683049 opx Na0.00Ca0.07Fe''0.52Mg1.35Fe'''0.03Ti0.00Al0.08Si1.94O6 53.2768 0.0836625 1.96996 0.963725 0 16.9297 0 24.8775 1.87697 0.0217059 0 0 0
500.00 1283.15 0.450293 1.007084 -5464.369573 0.134926 0.544463 opx Na0.00Ca0.07Fe''0.54Mg1.34Fe'''0.03Ti0.00Al0.08Si1.95O6 53.2184 0.0754906 1.86464 0.923462 0 17.5137 0 24.5063 1.87599 0.0220909 0 0 0
500.00 1273.15 0.363976 0.809666 -4399.479276 0.108811 0.438749 opx Na0.00Ca0.07Fe''0.55Mg1.32Fe'''0.02Ti0.00Al0.08Si1.95O6 53.1582 0.0683139 1.76721 0.885304 0 18.0818 0 24.1478 1.86898 0.0223828 0 0 0
500.00 1263.15 0.296361 0.655705 -3568.431758 0.088397 0.356172 opx Na0.00Ca0.07Fe''0.57Mg1.30Fe'''0.02Ti0.00Al0.07Si1.95O6 53.0962 0.0619807 1.67675 0.849041 0 18.6367 0 23.8002 1.85651 0.0225874 0 0 0
500.00 1253.15 0.242492 0.533614 -2908.821300 0.072166 0.290569 opx Na0.00Ca0.07Fe''0.59Mg1.29Fe'''0.02Ti0.00Al0.07Si1.95O6 53.0325 0.0563698 1.59252 0.814498 0 19.1804 0 23.4619 1.8391 0.0227108 0 0 0
500.00 1243.15 0.199041 0.435614 -2378.784520 0.059103 0.237806 opx Na0.00Ca0.07Fe''0.61Mg1.27Fe'''0.02Ti0.00Al0.07Si1.96O6 52.9673 0.0513818 1.51392 0.781524 0 19.7143 0 23.1317 1.81718 0.0227586 0 0 0
500.00 1233.15 0.163671 0.356242 -1948.957433 0.048492 0.194981 opx Na0.00Ca0.07Fe''0.63Mg1.26Fe'''0.02Ti0.00Al0.06Si1.96O6 52.9004 0.0469337 1.44041 0.749988 0 20.2397 0 22.8086 1.79118 0.0227366 0 0 0
500.00 1223.15 0.134677 0.291518 -1597.958489 0.039814 0.159981 opx Na0.00Ca0.07Fe''0.64Mg1.24Fe'''0.02Ti0.00Al0.06Si1.96O6 52.8322 0.0429554 1.37154 0.719775 0 20.7575 0 22.4919 1.76149 0.0226502 0 0 0
500.00 1213.15 0.110778 0.238457 -1309.747419 0.032676 0.131219 opx Na0.00Ca0.07Fe''0.66Mg1.23Fe'''0.02Ti0.00Al0.06Si1.96O6 52.7626 0.0393871 1.30688 0.690782 0 21.2686 0 22.1809 1.72845 0.0225046 0 0 0
500.00 1203.15 0.090989 0.194764 -1072.015578 0.026780 0.107475 opx Na0.00Ca0.07Fe''0.68Mg1.21Fe'''0.02Ti0.00Al0.05Si1.96O6 52.6918 0.0361773 1.24606 0.66292 0 21.7735 0 21.8749 1.69242 0.0223047 0 0 0
500.00 1193.15 0.074539 0.158653 -875.159121 0.021891 0.087798 opx Na0.00Ca0.07Fe''0.70Mg1.20Fe'''0.02Ti0.00Al0.05Si1.96O6 52.6198 0.0332821 1.18873 0.636109 0 22.2728 0 21.5735 1.6537 0.0220553 0 0 0
500.00 1183.15 0.060816 0.128710 -711.592863 0.017822 0.071435 opx Na0.00Ca0.06Fe''0.71Mg1.19Fe'''0.02Ti0.00Al0.05Si1.97O6 52.5467 0.0306634 1.13461 0.610282 0 22.7672 0 21.2762 1.6126 0.0217604 0 0 0
500.00 1173.15 0.049334 0.103811 -575.271698 0.014425 0.057787 opx Na0.00Ca0.06Fe''0.73Mg1.17Fe'''0.02Ti0.00Al0.05Si1.97O6 52.4727 0.0282884 1.0834 0.585378 0 23.2568 0 20.9826 1.56938 0.0214243 0 0 0
500.00 1163.15 0.040760 0.085273 -473.680167 0.011892 0.047613 opx Na0.00Ca0.06Fe''0.75Mg1.16Fe'''0.02Ti0.00Al0.05Si1.97O6 52.3977 0.0261351 1.03471 0.561286 0 23.7429 0 20.6919 1.52433 0.0210496 0 0 0
500.00 1153.15 0.033954 0.070620 -393.251688 0.009885 0.039553 opx Na0.00Ca0.06Fe''0.76Mg1.15Fe'''0.02Ti0.00Al0.04Si1.97O6 52.3218 0.0241811 0.988281 0.537941 0 24.2257 0 20.4037 1.47768 0.0206396 0 0 0
500.00 1143.15 0.026641 0.055083 -307.515594 0.007739 0.030949 opx Na0.00Ca0.06Fe''0.78Mg1.13Fe'''0.01Ti0.00Al0.04Si1.97O6 52.2452 0.022393 0.944163 0.515403 0 24.7045 0 20.1184 1.42968 0.0201989 0 0 0
500.00 1133.15 0.020471 0.042074 -235.507272 0.005934 0.023717 opx Na0.00Ca0.06Fe''0.80Mg1.12Fe'''0.01Ti0.00Al0.04Si1.97O6 52.1678 0.0207529 0.902162 0.493636 0 25.1796 0 19.8358 1.38054 0.0197308 0 0 0
500.00 1123.15 0.015251 0.031157 -174.869733 0.004411 0.017621 opx Na0.00Ca0.05Fe''0.81Mg1.10Fe'''0.01Ti0.00Al0.04Si1.97O6 52.0898 0.0192451 0.862103 0.472606 0 25.651 0 19.5554 1.33051 0.0192383 0 0 0
500.00 1113.15 0.010823 0.021976 -123.683158 0.003124 0.012470 opx Na0.00Ca0.05Fe''0.83Mg1.09Fe'''0.01Ti0.00Al0.04Si1.98O6 52.0112 0.0178557 0.823829 0.452284 0 26.1191 0 19.2772 1.27978 0.0187244 0 0 0
500.00 1103.15 0.007056 0.014241 -80.376495 0.002032 0.008109 opx Na0.00Ca0.05Fe''0.85Mg1.08Fe'''0.01Ti0.00Al0.04Si1.98O6 51.932 0.016573 0.787198 0.432646 0 26.584 0 19.0008 1.22858 0.018192 0 0 0
500.00 1093.15 0.008751 0.017545 -99.174987 0.002513 0.010021 opx Na0.00Ca0.05Fe''0.87Mg1.06Fe'''0.01Ti0.00Al0.03Si1.98O6 51.8006 0.0147832 0.75774 0.420509 0 27.219 0 18.5977 1.17216 0.0175694 0 0 0

spinel_0 thermodynamic data and composition:
Pressure Temperature mass S H V Cp formula SiO2 TiO2 Al2O3 Fe2O3 Cr2O3 FeO MnO MgO CaO Na2O K2O P2O5 H2O
500.00 1383.15 0.162410 0.350588 -1093.517110 0.036481 0.159854 Fe''0.68Mg0.47Fe'''1.01Al0.49Cr0.19Ti0.16O4 0 6.19245 12.4258 40.349 7.06019 24.5033 0 9.46921 0 0 0 0 0
500.00 1373.15 0.198058 0.424936 -1281.557309 0.044134 0.193000 Fe''0.76Mg0.43Fe'''1.09Al0.44Cr0.09Ti0.19O4 0 7.51711 11.0234 42.756 3.33591 26.7654 0 8.60221 0 0 0 0 0
500.00 1363.15 0.667386 1.419133 -4140.128737 0.147381 0.643744 Fe''0.84Mg0.40Fe'''1.15Al0.38Cr0.01Ti0.23O4 0 8.96518 9.33904 44.503 0.345711 29.1261 0 7.72103 0 0 0 0 0
500.00 1353.15 2.264624 4.778006 -13661.091367 0.496250 2.166222 Fe''0.88Mg0.37Fe'''1.17Al0.33Cr0.00Ti0.25O4 0 9.44308 8.18226 44.9356 0.00139592 30.3738 0 7.06383 0 0 0 0 0
500.00 1343.15 1.700779 3.565587 -10059.974988 0.370487 1.616665 Fe''0.91Mg0.34Fe'''1.19Al0.31Cr0.00Ti0.25O4 0 9.6479 7.41934 45.1691 0 31.1993 0 6.5644 0 0 0 0 0
500.00 1333.15 1.202644 2.506289 -6998.932265 0.260660 1.137145 Fe''0.94Mg0.32Fe'''1.20Al0.28Cr0.00Ti0.26O4 0 9.80646 6.80468 45.3581 0 31.8881 0 6.14268 0 0 0 0 0
500.00 1323.15 0.930262 1.926445 -5316.132514 0.200505 0.874596 Fe''0.97Mg0.30Fe'''1.21Al0.26Cr0.00Ti0.27O4 0 10.0032 6.14137 45.4997 0 32.6921 0 5.66369 0 0 0 0 0
500.00 1313.15 0.689338 1.418707 -3873.626817 0.147805 0.644684 Fe''1.00Mg0.28Fe'''1.22Al0.23Cr0.00Ti0.27O4 0 10.1973 5.5419 45.5855 0 33.4641 0 5.21117 0 0 0 0 0
500.00 1303.15 0.525597 1.075375 -2912.017365 0.112190 0.489337 Fe''1.02Mg0.26Fe'''1.23Al0.21Cr0.00Ti0.28O4 0 10.3588 5.04439 45.6493 0 34.1247 0 4.82285 0 0 0 0 0
500.00 1293.15 0.412144 0.838498 -2255.884050 0.087625 0.382198 Fe''1.04Mg0.24Fe'''1.24Al0.20Cr0.00Ti0.28O4 0 10.4958 4.62072 45.6997 0 34.7002 0 4.48351 0 0 0 0 0
500.00 1283.15 0.330189 0.668096 -1788.314432 0.069952 0.305125 Fe''1.06Mg0.23Fe'''1.24Al0.18Cr0.00Ti0.29O4 0 10.6143 4.25308 45.741 0 35.2086 0 4.18299 0 0 0 0 0
500.00 1273.15 0.269008 0.541406 -1443.501209 0.056809 0.247804 Fe''1.08Mg0.21Fe'''1.25Al0.17Cr0.00Ti0.29O4 0 10.7186 3.92952 45.7749 0 35.6628 0 3.91413 0 0 0 0 0
500.00 1263.15 0.222116 0.444700 -1182.145677 0.046769 0.204022 Fe''1.10Mg0.20Fe'''1.25Al0.16Cr0.00Ti0.30O4 0 10.8122 3.64161 45.802 0 36.0725 0 3.67172 0 0 0 0 0
500.00 1253.15 0.185424 0.369336 -979.708094 0.038939 0.169872 Fe''1.11Mg0.19Fe'''1.26Al0.15Cr0.00Ti0.30O4 0 10.8977 3.3832 45.8221 0 36.4453 0 3.45177 0 0 0 0 0
500.00 1243.15 0.156234 0.309619 -820.148465 0.032728 0.142783 Fe''1.12Mg0.18Fe'''1.26Al0.14Cr0.00Ti0.30O4 0 10.9774 3.14958 45.8346 0 36.7872 0 3.25116 0 0 0 0 0
500.00 1233.15 0.132695 0.261657 -692.577889 0.027734 0.121000 Fe''1.14Mg0.17Fe'''1.26Al0.13Cr0.00Ti0.30O4 0 11.0532 2.93708 45.839 0 37.1033 0 3.06738 0 0 0 0 0
500.00 1223.15 0.113500 0.222701 -589.361667 0.023672 0.103281 Fe''1.15Mg0.16Fe'''1.27Al0.12Cr0.00Ti0.31O4 0 11.1266 2.74277 45.8346 0 37.3977 0 2.89836 0 0 0 0 0
500.00 1213.15 0.097699 0.190755 -504.999219 0.020336 0.088728 Fe''1.16Mg0.15Fe'''1.27Al0.11Cr0.00Ti0.31O4 0 11.1989 2.56427 45.8206 0 37.6738 0 2.74236 0 0 0 0 0
500.00 1203.15 0.084583 0.164341 -435.436772 0.017574 0.076676 Fe''1.17Mg0.14Fe'''1.27Al0.10Cr0.00Ti0.31O4 0 11.2713 2.39961 45.7966 0 37.9346 0 2.59793 0 0 0 0 0
500.00 1193.15 0.073617 0.142341 -377.630110 0.015269 0.066620 Fe''1.18Mg0.14Fe'''1.27Al0.10Cr0.00Ti0.32O4 0 11.3445 2.24716 45.7621 0 38.1825 0 2.4638 0 0 0 0 0
500.00 1183.15 0.064389 0.123897 -329.257000 0.013334 0.058174 Fe''1.19Mg0.13Fe'''1.27Al0.09Cr0.00Ti0.32O4 0 11.4194 2.10554 45.7166 0 38.4196 0 2.33889 0 0 0 0 0
500.00 1173.15 0.056579 0.108344 -288.522340 0.011698 0.051038 Fe''1.20Mg0.12Fe'''1.27Al0.09Cr0.00Ti0.32O4 0 11.4965 1.97361 45.6599 0 38.6477 0 2.22226 0 0 0 0 0
500.00 1163.15 0.049970 0.095228 -254.222065 0.010317 0.045009 Fe''1.21Mg0.12Fe'''1.27Al0.08Cr0.00Ti0.32O4 0 11.5808 1.84985 45.5839 0 38.8723 0 2.11319 0 0 0 0 0
500.00 1153.15 0.044298 0.084014 -224.925477 0.009134 0.039844 Fe''1.21Mg0.11Fe'''1.27Al0.08Cr0.00Ti0.33O4 0 11.6746 1.73331 45.4848 0 39.0963 0 2.01103 0 0 0 0 0
500.00 1143.15 0.039370 0.074308 -199.570863 0.008108 0.035363 Fe''1.22Mg0.11Fe'''1.27Al0.07Cr0.00Ti0.33O4 0 11.7704 1.6242 45.3763 0 39.3142 0 1.91496 0 0 0 0 0
500.00 1133.15 0.035130 0.065987 -177.834648 0.007226 0.031513 Fe''1.23Mg0.10Fe'''1.27Al0.07Cr0.00Ti0.33O4 0 11.8685 1.52184 45.2584 0 39.5268 0 1.82441 0 0 0 0 0
500.00 1123.15 0.031468 0.058823 -159.119551 0.006465 0.028192 Fe''1.24Mg0.10Fe'''1.27Al0.06Cr0.00Ti0.34O4 0 11.9689 1.42566 45.1315 0 39.7351 0 1.73888 0 0 0 0 0
500.00 1113.15 0.028293 0.052632 -142.941920 0.005807 0.025317 Fe''1.25Mg0.09Fe'''1.26Al0.06Cr0.00Ti0.34O4 0 12.0717 1.33515 44.9958 0 39.9394 0 1.65791 0 0 0 0 0
500.00 1103.15 0.025531 0.047264 -128.907424 0.005235 0.022819 Fe''1.25Mg0.09Fe'''1.26Al0.06Cr0.00Ti0.34O4 0 12.1768 1.24987 44.8518 0 40.1405 0 1.5811 0 0 0 0 0
500.00 1093.15 0.014778 0.027203 -74.266990 0.003025 0.013191 Fe''1.25Mg0.08Fe'''1.28Al0.05Cr0.00Ti0.34O4 0 11.9213 1.18415 45.3664 0 40.0506 0 1.47765 0 0 0 0 0

feldspar_0 thermodynamic data and composition:
Pressure Temperature mass S H V Cp formula SiO2 TiO2 Al2O3 Fe2O3 Cr2O3 FeO MnO MgO CaO Na2O K2O P2O5 H2O
500.00 1363.15 1.755884 4.108454 -24476.940204 0.653429 2.139120 K0.00Na0.16Ca0.84Al1.84Si2.16O8 47.035 0 34.0542 0 0 0 0 0 17.1201 1.75745 0.0332618 0 0
500.00 1353.15 4.908204 11.465188 -68450.373628 1.829557 5.975568 K0.00Na0.18Ca0.82Al1.82Si2.18O8 47.6619 0 33.6306 0 0 0 0 0 16.6244 2.04393 0.0391982 0 0
500.00 1343.15 3.953898 9.221459 -55164.046693 1.476504 4.810760 K0.00Na0.21Ca0.79Al1.79Si2.21O8 48.3421 0 33.171 0 0 0 0 0 16.0864 2.35473 0.0457807 0 0
500.00 1333.15 3.224513 7.508734 -45005.202890 1.206430 3.920972 K0.00Na0.24Ca0.76Al1.76Si2.24O8 49.0591 0 32.6864 0 0 0 0 0 15.5193 2.68208 0.053113 0 0
500.00 1323.15 3.309414 7.694952 -46206.579733 1.240716 4.021918 K0.00Na0.27Ca0.73Al1.73Si2.27O8 49.8217 0 32.1706 0 0 0 0 0 14.9159 3.02925 0.06262 0 0
500.00 1313.15 2.882307 6.691455 -40257.252971 1.082811 3.500869 K0.00Na0.30Ca0.70Al1.70Si2.30O8 50.5947 0 31.6475 0 0 0 0 0 14.3039 3.38044 0.0734632 0 0
500.00 1303.15 2.394054 5.548805 -33449.478385 0.901223 2.906171 K0.00Na0.33Ca0.67Al1.67Si2.33O8 51.3671 0 31.1245 0 0 0 0 0 13.6922 3.73076 0.0853827 0 0
500.00 1293.15 2.032210 4.701839 -28403.912227 0.766540 2.465484 K0.01Na0.36Ca0.64Al1.64Si2.36O8 52.1295 0 30.6081 0 0 0 0 0 13.0883 4.07574 0.098415 0 0
500.00 1283.15 1.752482 4.046870 -24503.239728 0.662306 2.135258 K0.01Na0.39Ca0.61Al1.61Si2.39O8 52.8734 0 30.1038 0 0 0 0 0 12.4987 4.41154 0.11257 0 0
500.00 1273.15 1.528993 3.523456 -21386.633311 0.578914 1.862547 K0.01Na0.41Ca0.58Al1.58Si2.42O8 53.5928 0 29.6158 0 0 0 0 0 11.9282 4.73532 0.127842 0 0
500.00 1263.15 1.345593 3.093886 -18828.886730 0.510370 1.638724 K0.01Na0.44Ca0.55Al1.55Si2.45O8 54.2835 0 29.1469 0 0 0 0 0 11.3802 5.04519 0.144214 0 0
500.00 1253.15 1.192161 2.734526 -16688.882610 0.452927 1.451452 K0.01Na0.47Ca0.52Al1.52Si2.48O8 54.9433 0 28.6985 0 0 0 0 0 10.8563 5.34015 0.161667 0 0
500.00 1243.15 1.061976 2.429679 -14872.913071 0.404098 1.292537 K0.01Na0.49Ca0.50Al1.50Si2.50O8 55.5717 0 28.2711 0 0 0 0 0 10.357 5.61994 0.180184 0 0
500.00 1233.15 0.950367 2.168426 -13315.828803 0.362161 1.156286 K0.01Na0.51Ca0.48Al1.48Si2.52O8 56.1693 0 27.8642 0 0 0 0 0 9.88195 5.8848 0.199756 0 0
500.00 1223.15 0.853936 1.942823 -11970.281254 0.325863 1.038561 K0.01Na0.53Ca0.45Al1.45Si2.55O8 56.7371 0 27.4771 0 0 0 0 0 9.43007 6.13534 0.220381 0 0
500.00 1213.15 0.770114 1.746850 -10800.453251 0.294257 0.936230 K0.01Na0.55Ca0.43Al1.43Si2.57O8 57.277 0 27.1086 0 0 0 0 0 9.00005 6.3723 0.24207 0 0
500.00 1203.15 0.696890 1.575795 -9778.335869 0.266603 0.846845 K0.02Na0.57Ca0.41Al1.41Si2.59O8 57.7908 0 26.7574 0 0 0 0 0 8.59042 6.59656 0.264842 0 0
500.00 1193.15 0.632653 1.425868 -8881.457142 0.242306 0.768441 K0.02Na0.59Ca0.39Al1.39Si2.61O8 58.2804 0 26.4222 0 0 0 0 0 8.19964 6.80899 0.28873 0 0
500.00 1183.15 0.576084 1.293969 -8091.445024 0.220879 0.699409 K0.02Na0.61Ca0.37Al1.37Si2.63O8 58.7478 0 26.1017 0 0 0 0 0 7.8262 7.01044 0.313778 0 0
500.00 1173.15 0.526089 1.177528 -7393.076812 0.201917 0.638417 K0.02Na0.62Ca0.36Al1.36Si2.64O8 59.1948 0 25.7948 0 0 0 0 0 7.46866 7.20172 0.340043 0 0
500.00 1163.15 0.482654 1.076398 -6786.236590 0.185427 0.585440 K0.02Na0.64Ca0.34Al1.34Si2.66O8 59.624 0 25.4995 0 0 0 0 0 7.12489 7.38391 0.367764 0 0
500.00 1153.15 0.444113 0.986755 -6247.643092 0.170778 0.538455 K0.02Na0.65Ca0.32Al1.32Si2.68O8 60.0371 0 25.2146 0 0 0 0 0 6.79346 7.55771 0.397136 0 0
500.00 1143.15 0.408309 0.903725 -5747.014622 0.157149 0.494840 K0.02Na0.67Ca0.31Al1.31Si2.69O8 60.434 0 24.9403 0 0 0 0 0 6.47456 7.72313 0.427996 0 0
500.00 1133.15 0.376338 0.829680 -5299.843210 0.144966 0.455921 K0.03Na0.68Ca0.29Al1.29Si2.71O8 60.816 0 24.6757 0 0 0 0 0 6.16713 7.8807 0.460463 0 0
500.00 1123.15 0.347694 0.763434 -4899.095872 0.134041 0.421086 K0.03Na0.69Ca0.28Al1.28Si2.72O8 61.1843 0 24.4199 0 0 0 0 0 5.87018 8.03091 0.494675 0 0
500.00 1113.15 0.321950 0.703978 -4538.796325 0.124212 0.389812 K0.03Na0.70Ca0.27Al1.27Si2.73O8 61.54 0 24.1722 0 0 0 0 0 5.58283 8.17415 0.530794 0 0
500.00 1103.15 0.298741 0.650454 -4213.850381 0.115343 0.361657 K0.03Na0.72Ca0.25Al1.25Si2.75O8 61.884 0 23.9319 0 0 0 0 0 5.30431 8.31076 0.56901 0 0
500.00 1093.15 0.281381 0.609981 -3971.131012 0.108716 0.340630 K0.03Na0.73Ca0.24Al1.24Si2.76O8 62.2073 0 23.705 0 0 0 0 0 5.04162 8.43624 0.60986 0 0
500.00 1083.15 0.288591 0.622757 -4075.218555 0.111561 0.349382 K0.04Na0.73Ca0.23Al1.23Si2.77O8 62.4768 0 23.5145 0 0 0 0 0 4.82163 8.53768 0.649302 0 0
500.00 1073.15 0.263992 0.567022 -3729.985902 0.102105 0.319694 K0.04Na0.74Ca0.22Al1.22Si2.78O8 62.7384 0 23.3291 0 0 0 0 0 4.60756 8.63417 0.690837 0 0
500.00 1063.15 0.243304 0.520100 -3439.649038 0.094150 0.294813 K0.04Na0.75Ca0.21Al1.21Si2.79O8 62.9907 0 23.1493 0 0 0 0 0 4.40037 8.72513 0.734534 0 0
500.00 1053.15 0.224675 0.477942 -3178.086068 0.086983 0.272502 K0.04Na0.76Ca0.20Al1.20Si2.80O8 63.2343 0 22.9748 0 0 0 0 0 4.19957 8.81065 0.78065 0 0
500.00 1043.15 0.207845 0.439942 -2941.684514 0.080504 0.252462 K0.05Na0.76Ca0.19Al1.19Si2.81O8 63.4698 0 22.8052 0 0 0 0 0 4.00472 8.89078 0.8295 0 0
500.00 1033.15 0.192593 0.405586 -2727.344218 0.074630 0.234443 K0.05Na0.77Ca0.18Al1.18Si2.82O8 63.6976 0 22.6401 0 0 0 0 0 3.81536 8.96551 0.881466 0 0
500.00 1023.15 0.380157 0.796665 -5383.387696 0.147481 0.464166 K0.06Na0.77Ca0.16Al1.16Si2.84O8 64.0751 0 22.3409 0 0 0 0 0 3.4804 9.02234 1.08129 0 0

olivine_0 thermodynamic data and composition:
Pressure Temperature mass S H V Cp formula SiO2 TiO2 Al2O3 Fe2O3 Cr2O3 FeO MnO MgO CaO Na2O K2O P2O5 H2O
500.00 1403.15 0.659143 1.557465 -8034.495767 0.199580 0.810101 (Ca0.01Mg0.82Fe''0.18Mn0.00Co0.00Ni0.00)2SiO4 39.4151 0 0 0 0 17.0022 0.289419 42.8789 0.414422 0 0 0 0
500.00 1393.15 0.801589 1.885459 -9729.558149 0.242043 0.981916 (Ca0.01Mg0.81Fe''0.19Mn0.00Co0.00Ni0.00)2SiO4 39.308 0 0 0 0 17.5613 0.296893 42.4122 0.421571 0 0 0 0
500.00 1383.15 0.210555 0.492734 -2536.854131 0.063309 0.256724 (Ca0.01Mg0.80Fe''0.20Mn0.00Co0.00Ni0.00)2SiO4 39.1388 0 0 0 0 18.4508 0.319657 41.6835 0.407261 0 0 0 0
500.00 1373.15 0.030143 0.070161 -359.983872 0.009019 0.036560 (Ca0.01Mg0.79Fe''0.21Mn0.00Co0.00Ni0.00)2SiO4 38.9422 0 0 0 0 19.4829 0.349153 40.8386 0.387149 0 0 0 0
500.00 1363.15 0.361275 0.836176 -4270.824183 0.107509 0.435628 (Ca0.01Mg0.77Fe''0.22Mn0.00Co0.00Ni0.00)2SiO4 38.7202 0 0 0 0 20.6338 0.39608 39.8828 0.367044 0 0 0 0
500.00 1353.15 0.772720 1.778774 -9051.842283 0.228803 0.926703 (Ca0.00Mg0.76Fe''0.23Mn0.01Co0.00Ni0.00)2SiO4 38.5199 0 0 0 0 21.6174 0.498109 39.0216 0.343052 0 0 0 0
500.00 1343.15 0.559246 1.280600 -6499.257822 0.164858 0.667377 (Ca0.00Mg0.75Fe''0.24Mn0.01Co0.00Ni0.00)2SiO4 38.3432 0 0 0 0 22.4592 0.614105 38.262 0.321388 0 0 0 0
500.00 1333.15 0.431554 0.983050 -4977.684364 0.126677 0.512540 (Ca0.00Mg0.74Fe''0.25Mn0.01Co0.00Ni0.00)2SiO4 38.1757 0 0 0 0 23.2415 0.739865 37.5408 0.302126 0 0 0 0
500.00 1083.15 0.044938 0.086590 -377.154645 0.011369 0.044667 (Ca0.00Mg0.26Fe''0.55Mn0.20Co0.00Ni0.00)2SiO4 32.0768 0 0 0 0 41.9364 14.8755 10.9173 0.194039 0 0 0 0
500.00 1073.15 0.037700 0.072130 -313.389608 0.009497 0.037256 (Ca0.00Mg0.24Fe''0.55Mn0.21Co0.00Ni0.00)2SiO4 31.907 0 0 0 0 42.1727 15.5576 10.1716 0.191109 0 0 0 0
500.00 1063.15 0.033254 0.063178 -273.992635 0.008343 0.032679 (Ca0.00Mg0.23Fe''0.56Mn0.22Co0.00Ni0.00)2SiO4 31.7479 0 0 0 0 42.3289 16.2638 9.47128 0.188141 0 0 0 0
500.00 1053.15 0.029350 0.055373 -239.855696 0.007336 0.028689 (Ca0.00Mg0.21Fe''0.56Mn0.23Co0.00Ni0.00)2SiO4 31.5982 0 0 0 0 42.4078 16.9969 8.81197 0.185179 0 0 0 0
500.00 1043.15 0.025925 0.048573 -210.271652 0.006457 0.025210 (Ca0.00Mg0.20Fe''0.56Mn0.24Co0.00Ni0.00)2SiO4 31.4574 0 0 0 0 42.4111 17.7593 8.19001 0.18226 0 0 0 0
500.00 1033.15 0.022922 0.042650 -184.620170 0.005690 0.022179 (Ca0.00Mg0.18Fe''0.57Mn0.25Co0.00Ni0.00)2SiO4 31.3245 0 0 0 0 42.3402 18.5536 7.60234 0.179418 0 0 0 0
500.00 1023.15 0.034307 0.063345 -273.851131 0.008483 0.032967 (Ca0.00Mg0.16Fe''0.56Mn0.28Co0.00Ni0.00)2SiO4 31.1311 0 0 0 0 41.4297 20.5221 6.72893 0.188178 0 0 0 0

clinopyroxene_0 thermodynamic data and composition:
Pressure Temperature mass S H V Cp structure formula SiO2 TiO2 Al2O3 Fe2O3 Cr2O3 FeO MnO MgO CaO Na2O K2O P2O5 H2O
500.00 1383.15 4.006522 9.108438 -51267.597713 1.230066 4.694160 cpx Na0.01Ca0.85Fe''0.16Mg0.82Fe'''0.08Ti0.03Al0.24Si1.82O6 49.1865 0.959526 5.47093 2.8707 0 5.19629 0 14.8319 21.3298 0.154358 0 0 0
500.00 1373.15 4.774861 10.812943 -60911.615785 1.461447 5.577679 cpx Na0.01Ca0.84Fe''0.17Mg0.80Fe'''0.09Ti0.03Al0.26Si1.80O6 48.659 1.11219 5.86105 3.06579 0 5.4737 0 14.4587 21.203 0.166599 0 0 0
500.00 1363.15 4.290611 9.679587 -54564.939228 1.309720 4.999416 cpx Na0.01Ca0.84Fe''0.18Mg0.79Fe'''0.09Ti0.03Al0.27Si1.79O6 48.3153 1.22737 6.05723 3.19473 0 5.81985 0 14.2024 21.0039 0.179209 0 0 0
500.00 1353.15 4.088641 9.196559 -51925.366135 1.247580 4.764301 cpx Na0.01Ca0.82Fe''0.20Mg0.80Fe'''0.08Ti0.03Al0.25Si1.81O6 48.6966 1.11239 5.68205 3.03721 0 6.29156 0 14.4232 20.5679 0.189096 0 0 0
500.00 1343.15 2.755757 6.180482 -34957.926513 0.840651 3.212136 cpx Na0.01Ca0.80Fe''0.21Mg0.81Fe'''0.08Ti0.03Al0.23Si1.82O6 49.0996 0.987443 5.31246 2.86037 0 6.76612 0 14.6858 20.0909 0.197249 0 0 0
500.00 1333.15 1.838598 4.111629 -23291.756401 0.560635 2.143787 cpx Na0.01Ca0.78Fe''0.23Mg0.83Fe'''0.08Ti0.02Al0.22Si1.84O6 49.4698 0.874268 4.97378 2.69052 0 7.26681 0 14.9594 19.5616 0.203889 0 0 0
500.00 1323.15 0.865043 1.926688 -10944.051863 0.263546 1.007380 cpx Na0.02Ca0.77Fe''0.24Mg0.83Fe'''0.07Ti0.02Al0.21Si1.84O6 49.6447 0.828604 4.73879 2.61104 0 7.61119 0 14.9457 19.4058 0.214188 0 0 0
500.00 1313.15 0.411502 0.912325 -5200.596718 0.125249 0.478299 cpx Na0.02Ca0.77Fe''0.24Mg0.82Fe'''0.07Ti0.02Al0.20Si1.85O6 49.7399 0.810356 4.55108 2.56667 0 7.85842 0 14.8041 19.4435 0.225888 0 0 0
500.00 1303.15 0.260475 0.574812 -3289.069473 0.079210 0.302190 cpx Na0.02Ca0.78Fe''0.25Mg0.81Fe'''0.07Ti0.02Al0.19Si1.86O6 49.8329 0.792979 4.3733 2.52039 0 8.08329 0 14.6656 19.4944 0.237178 0 0 0
500.00 1293.15 0.170990 0.375571 -2157.601609 0.051954 0.198009 cpx Na0.02Ca0.78Fe''0.26Mg0.81Fe'''0.07Ti0.02Al0.18Si1.86O6 49.9235 0.77646 4.20394 2.47271 0 8.29049 0 14.5302 19.5546 0.248087 0 0 0
500.00 1283.15 0.117276 0.256374 -1478.964631 0.035604 0.135560 cpx Na0.02Ca0.78Fe''0.26Mg0.80Fe'''0.07Ti0.02Al0.18Si1.87O6 50.0118 0.760809 4.04203 2.42404 0 8.48341 0 14.3978 19.6214 0.25864 0 0 0
500.00 1273.15 0.085018 0.184969 -1071.653152 0.025791 0.098097 cpx Na0.02Ca0.79Fe''0.27Mg0.79Fe'''0.07Ti0.02Al0.17Si1.87O6 50.0976 0.74606 3.887 2.37468 0 8.66448 0 14.2684 19.693 0.268858 0 0 0
500.00 1263.15 0.065949 0.142791 -830.964977 0.019991 0.075959 cpx Na0.02Ca0.79Fe''0.28Mg0.79Fe'''0.07Ti0.02Al0.16Si1.87O6 50.1807 0.732264 3.7385 2.32488 0 8.83547 0 14.1418 19.7677 0.278764 0 0 0
500.00 1253.15 0.054997 0.118499 -692.746250 0.016659 0.063232 cpx Na0.02Ca0.79Fe''0.28Mg0.78Fe'''0.06Ti0.02Al0.16Si1.88O6 50.2609 0.719474 3.5963 2.27487 0 8.99766 0 14.0179 19.8445 0.288385 0 0 0
500.00 1243.15 0.049005 0.105073 -617.128828 0.014834 0.056245 cpx Na0.02Ca0.80Fe''0.29Mg0.78Fe'''0.06Ti0.02Al0.15Si1.88O6 50.3381 0.707738 3.46023 2.22484 0 9.15204 0 13.8966 19.9227 0.297751 0 0 0
500.00 1233.15 0.045992 0.098125 -579.068499 0.013912 0.052694 cpx Na0.02Ca0.80Fe''0.29Mg0.77Fe'''0.06Ti0.02Al0.15Si1.89O6 50.4122 0.697092 3.3301 2.17495 0 9.29935 0 13.7779 20.0015 0.306895 0 0 0
500.00 1223.15 0.044706 0.094907 -562.806620 0.013513 0.051132 cpx Na0.02Ca0.81Fe''0.30Mg0.76Fe'''0.06Ti0.02Al0.14Si1.89O6 50.4832 0.687562 3.20573 2.12535 0 9.44021 0 13.6615 20.0806 0.315849 0 0 0
500.00 1213.15 0.044367 0.093714 -558.489084 0.013402 0.050657 cpx Na0.02Ca0.81Fe''0.30Mg0.76Fe'''0.06Ti0.02Al0.14Si1.90O6 50.551 0.679162 3.0869 2.07615 0 9.57511 0 13.5475 20.1595 0.324645 0 0 0
500.00 1203.15 0.044491 0.093502 -560.038708 0.013430 0.050712 cpx Na0.02Ca0.81Fe''0.30Mg0.75Fe'''0.06Ti0.02Al0.13Si1.90O6 50.6157 0.671897 2.97342 2.02746 0 9.70448 0 13.4358 20.2379 0.333319 0 0 0
500.00 1193.15 0.044789 0.093647 -563.792789 0.013511 0.050964 cpx Na0.02Ca0.82Fe''0.31Mg0.75Fe'''0.06Ti0.02Al0.13Si1.90O6 50.6774 0.665765 2.86506 1.97938 0 9.8287 0 13.3263 20.3155 0.341901 0 0 0
500.00 1183.15 0.045092 0.093794 -567.623468 0.013594 0.051221 cpx Na0.03Ca0.82Fe''0.31Mg0.74Fe'''0.05Ti0.02Al0.12Si1.91O6 50.7361 0.660759 2.76158 1.93199 0 9.94812 0 13.2188 20.3922 0.350425 0 0 0
500.00 1173.15 0.045307 0.093752 -570.368635 0.013650 0.051377 cpx Na0.03Ca0.82Fe''0.32Mg0.73Fe'''0.05Ti0.02Al0.12Si1.91O6 50.7918 0.656871 2.66279 1.88538 0 10.0631 0 13.1133 20.4678 0.358922 0 0 0
500.00 1163.15 0.044450 0.091497 -559.642813 0.013383 0.050319 cpx Na0.03Ca0.83Fe''0.32Mg0.73Fe'''0.05Ti0.02Al0.11Si1.91O6 50.8445 0.654337 2.56833 1.83958 0 10.1742 0 13.0095 20.5421 0.367432 0 0 0
500.00 1153.15 0.043109 0.088267 -542.824564 0.012971 0.048717 cpx Na0.03Ca0.83Fe''0.32Mg0.72Fe'''0.05Ti0.02Al0.11Si1.91O6 50.8941 0.653267 2.47803 1.79464 0 10.2817 0 12.9072 20.6152 0.375989 0 0 0
500.00 1143.15 0.043179 0.087937 -543.778570 0.012984 0.048712 cpx Na0.03Ca0.83Fe''0.33Mg0.72Fe'''0.05Ti0.02Al0.11Si1.92O6 50.9409 0.653227 2.39189 1.75072 0 10.3854 0 12.8065 20.6867 0.384609 0 0 0
500.00 1133.15 0.043089 0.087280 -542.733383 0.012948 0.048526 cpx Na0.03Ca0.84Fe''0.33Mg0.71Fe'''0.05Ti0.02Al0.10Si1.92O6 50.985 0.654218 2.30971 1.7079 0 10.4858 0 12.7074 20.7567 0.393322 0 0 0
500.00 1123.15 0.042859 0.086342 -539.942831 0.012871 0.048184 cpx Na0.03Ca0.84Fe''0.33Mg0.71Fe'''0.05Ti0.02Al0.10Si1.92O6 51.0265 0.656242 2.23133 1.66624 0 10.583 0 12.6096 20.8249 0.402158 0 0 0
500.00 1113.15 0.042512 0.085171 -535.673920 0.012759 0.047710 cpx Na0.03Ca0.84Fe''0.34Mg0.70Fe'''0.05Ti0.02Al0.10Si1.93O6 51.0653 0.659302 2.15656 1.62581 0 10.6776 0 12.513 20.8914 0.411149 0 0 0
500.00 1103.15 0.042068 0.083813 -530.187055 0.012617 0.047128 cpx Na0.03Ca0.85Fe''0.34Mg0.70Fe'''0.05Ti0.02Al0.09Si1.93O6 51.1014 0.663409 2.08527 1.58667 0 10.7697 0 12.4173 20.956 0.420324 0 0 0
500.00 1093.15 0.038683 0.076630 -487.114512 0.011591 0.043242 cpx Na0.03Ca0.85Fe''0.35Mg0.69Fe'''0.04Ti0.02Al0.09Si1.93O6 51.1338 0.640433 2.00308 1.55884 0 10.9826 0 12.265 20.9882 0.427948 0 0 0
500.00 1083.15 0.017144 0.033757 -215.867309 0.005133 0.019120 cpx Na0.03Ca0.86Fe''0.35Mg0.68Fe'''0.04Ti0.02Al0.09Si1.93O6 51.1475 0.635383 1.94011 1.53335 0 11.0832 0 12.0854 21.1389 0.436249 0 0 0
500.00 1073.15 0.018083 0.035391 -227.664302 0.005410 0.020122 cpx Na0.03Ca0.86Fe''0.35Mg0.67Fe'''0.04Ti0.02Al0.08Si1.94O6 51.1599 0.63071 1.8795 1.50758 0 11.1905 0 11.9102 21.2771 0.444525 0 0 0
500.00 1063.15 0.017983 0.034980 -226.372198 0.005376 0.019964 cpx Na0.03Ca0.87Fe''0.36Mg0.66Fe'''0.04Ti0.02Al0.08Si1.94O6 51.1691 0.627408 1.82208 1.4821 0 11.3019 0 11.7365 21.408 0.452864 0 0 0
500.00 1053.15 0.017700 0.034216 -222.754111 0.005287 0.019603 cpx Na0.03Ca0.87Fe''0.36Mg0.65Fe'''0.04Ti0.02Al0.08Si1.94O6 51.1745 0.625516 1.76783 1.45728 0 11.4197 0 11.5625 21.5314 0.46131 0 0 0
500.00 1043.15 0.017266 0.033169 -217.235742 0.005153 0.019078 cpx Na0.03Ca0.88Fe''0.37Mg0.64Fe'''0.04Ti0.02Al0.08Si1.94O6 51.1753 0.625089 1.71675 1.43343 0 11.546 0 11.3863 21.6472 0.469906 0 0 0
500.00 1033.15 0.016712 0.031903 -210.185764 0.004983 0.018421 cpx Na0.04Ca0.88Fe''0.37Mg0.63Fe'''0.04Ti0.02Al0.07Si1.94O6 51.1707 0.626202 1.6688 1.41083 0 11.6831 0 11.2063 21.7553 0.478698 0 0 0
500.00 1023.15 0.032920 0.062408 -413.606678 0.009802 0.036165 cpx Na0.04Ca0.90Fe''0.38Mg0.62Fe'''0.04Ti0.02Al0.07Si1.94O6 51.0826 0.669283 1.64722 1.43232 0 11.8133 0 10.8786 21.9751 0.50152 0 0 0

water thermodynamic data and composition:
Pressure Temperature mass S H V Cp formula
500.00 1523.15 0.164381 1.812265 -1771.289115 2.329055 0.461134 H2O
500.00 1513.15 0.160129 1.762429 -1729.961559 2.252180 0.448973 H2O
500.00 1503.15 0.155798 1.711859 -1687.532833 2.175042 0.436615 H2O
500.00 1493.15 0.151385 1.660539 -1643.975057 2.097639 0.424054 H2O
500.00 1483.15 0.146888 1.608454 -1599.259488 2.019971 0.411286 H2O
500.00 1473.15 0.142306 1.555585 -1553.356351 1.942039 0.398303 H2O
500.00 1463.15 0.137637 1.501915 -1506.234641 1.863841 0.385100 H2O
500.00 1453.15 0.132877 1.447426 -1457.862791 1.785379 0.371669 H2O
500.00 1443.15 0.128025 1.392100 -1408.208277 1.706652 0.358004 H2O
500.00 1433.15 0.123078 1.335917 -1357.237569 1.627662 0.344097 H2O
500.00 1423.15 0.118034 1.278859 -1304.916095 1.548411 0.329941 H2O
500.00 1413.15 0.112891 1.220906 -1251.208216 1.468900 0.315528 H2O
500.00 1403.15 0.110797 1.196060 -1231.095674 1.429802 0.309657 H2O
500.00 1393.15 0.109213 1.176779 -1216.548655 1.397645 0.305231 H2O
500.00 1383.15 0.161593 1.737934 -1804.548301 2.050591 0.451655 H2O
500.00 1373.15 0.223742 2.401806 -2504.832527 2.815083 0.625444 H2O
500.00 1363.15 0.326550 3.498744 -3664.912639 4.073199 0.913013 H2O
500.00 1353.15 0.515258 5.510002 -5797.212484 6.370988 1.441023 H2O
500.00 1343.15 0.662641 7.072324 -7473.972113 8.120993 1.853865 H2O
500.00 1333.15 0.778763 8.295398 -8805.508989 9.458782 2.179689 H2O
500.00 1323.15 0.893092 9.494400 -10123.227472 10.749149 2.500996 H2O
500.00 1313.15 0.989164 10.494716 -11239.918303 11.796200 2.771748 H2O
500.00 1303.15 1.067717 11.305260 -12162.448819 12.614547 2.994011 H2O
500.00 1293.15 1.133572 11.978058 -12944.412786 13.266319 3.181294 H2O
500.00 1283.15 1.189814 12.546413 -13620.054659 13.791393 3.342256 H2O
500.00 1273.15 1.238519 13.032761 -14212.393830 14.216720 3.482735 H2O
500.00 1263.15 1.281139 13.452827 -14737.525076 14.561262 3.606833 H2O
500.00 1253.15 1.318740 13.818132 -15207.214628 14.838960 3.717566 H2O
500.00 1243.15 1.352129 14.137427 -15630.384865 15.060428 3.817234 H2O
500.00 1233.15 1.381937 14.417563 -16014.013083 15.233987 3.907650 H2O
500.00 1223.15 1.408673 14.664029 -16363.693088 15.366309 3.990280 H2O
500.00 1213.15 1.432749 14.881311 -16683.997873 15.462841 4.066335 H2O
500.00 1203.15 1.454510 15.073128 -16978.722487 15.528091 4.136832 H2O
500.00 1193.15 1.474244 15.242592 -17251.052952 15.565825 4.202640 H2O
500.00 1183.15 1.492194 15.392335 -17503.688185 15.579218 4.264506 H2O
500.00 1173.15 1.508568 15.524595 -17738.931002 15.570957 4.323085 H2O
500.00 1163.15 1.523605 15.641913 -17959.478304 15.543956 4.379130 H2O
500.00 1153.15 1.537472 15.746052 -18167.185808 15.500274 4.433194 H2O
500.00 1143.15 1.550197 15.837382 -18362.328974 15.440544 4.485451 H2O
500.00 1133.15 1.561902 15.917187 -18546.258926 15.366274 4.536342 H2O
500.00 1123.15 1.572693 15.986577 -18720.150075 15.278756 4.586276 H2O
500.00 1113.15 1.582658 16.046513 -18885.027516 15.179098 4.635634 H2O
500.00 1103.15 1.591879 16.097827 -19041.789660 15.068254 4.684779 H2O
500.00 1093.15 1.600457 16.141577 -19191.622547 14.947349 4.734158 H2O
500.00 1083.15 1.609968 16.193617 -19353.425749 14.831018 4.788619 H2O
500.00 1073.15 1.618606 16.235707 -19505.537787 14.702366 4.843021 H2O
500.00 1063.15 1.626542 16.269602 -19649.993887 14.563141 4.898075 H2O
500.00 1053.15 1.633839 16.295943 -19787.528038 14.414030 4.954198 H2O
500.00 1043.15 1.640556 16.315293 -19918.796047 14.255622 5.011817 H2O
500.00 1033.15 1.646739 16.328140 -20044.385260 14.088411 5.071373 H2O
500.00 1023.15 1.673226 16.540433 -20418.538721 14.087863 5.197919 H2O

Title: Hr

Phase Masses:
Pressure Temperature mass liquid_0 olivine_0 orthopyroxene_0 clinopyroxene_0 feldspar_0 quartz spinel_0 rhm-oxide_0 apatite water 
500.00 1523.15 100.101174 99.936792 0.000000 0.000000 0.000000 0.000000 0.000000 0.000000 0.000000 0.000000 0.164381 
500.00 1513.15 100.101823 99.941693 0.000000 0.000000 0.000000 0.000000 0.000000 0.000000 0.000000 0.000000 0.160129 
500.00 1503.15 100.102512 99.946714 0.000000 0.000000 0.000000 0.000000 0.000000 0.000000 0.000000 0.000000 0.155798 
500.00 1493.15 100.103242 99.951857 0.000000 0.000000 0.000000 0.000000 0.000000 0.000000 0.000000 0.000000 0.151385 
500.00 1483.15 100.104015 99.957126 0.000000 0.000000 0.000000 0.000000 0.000000 0.000000 0.000000 0.000000 0.146888 
500.00 1473.15 100.104832 99.962525 0.000000 0.000000 0.000000 0.000000 0.000000 0.000000 0.000000 0.000000 0.142306 
500.00 1463.15 100.105694 99.968057 0.000000 0.000000 0.000000 0.000000 0.000000 0.000000 0.000000 0.000000 0.137637 
500.00 1453.15 100.106603 99.973726 0.000000 0.000000 0.000000 0.000000 0.000000 0.000000 0.000000 0.000000 0.132877 
500.00 1443.15 100.107560 99.979535 0.000000 0.000000 0.000000 0.000000 0.000000 0.000000 0.000000 0.000000 0.128025 
500.00 1433.15 100.108567 99.985489 0.000000 0.000000 0.000000 0.000000 0.000000 0.000000 0.000000 0.000000 0.123078 
500.00 1423.15 100.109626 99.991592 0.000000 0.000000 0.000000 0.000000 0.000000 0.000000 0.000000 0.000000 0.118034 
500.00 1413.15 100.110738 99.997848 0.000000 0.000000 0.000000 0.000000 0.000000 0.000000 0.000000 0.000000 0.112891 
500.00 1403.15 100.110042 99.340102 0.659143 0.000000 0.000000 0.000000 0.000000 0.000000 0.000000 0.000000 0.110797 
500.00 1393.15 99.450753 98.539952 0.801589 0.000000 0.000000 0.000000 0.000000 0.000000 0.000000 0.000000 0.109213 
500.00 1383.15 98.656851 94.115771 0.210555 0.000000 4.006522 0.000000 0.000000 0.162410 0.000000 0.000000 0.161593 
500.00 1373.15 94.289687 89.062882 0.030143 0.000000 4.774861 0.000000 0.000000 0.198058 0.000000 0.000000 0.223742 
500.00 1363.15 89.312612 81.910906 0.361275 0.000000 4.290611 1.755884 0.000000 0.667386 0.000000 0.000000 0.326550 
500.00 1353.15 82.312619 69.763172 0.772720 0.000000 4.088641 4.908204 0.000000 2.264624 0.000000 0.000000 0.515258 
500.00 1343.15 70.334750 60.702429 0.559246 0.000000 2.755757 3.953898 0.000000 1.700779 0.000000 0.000000 0.662641 
500.00 1333.15 61.405085 53.929013 0.431554 0.000000 1.838598 3.224513 0.000000 1.202644 0.000000 0.000000 0.778763 
500.00 1323.15 54.738588 47.740040 0.000000 1.000737 0.865043 3.309414 0.000000 0.930262 0.000000 0.000000 0.893092 
500.00 1313.15 48.656077 42.754919 0.000000 0.928847 0.411502 2.882307 0.000000 0.689338 0.000000 0.000000 0.989164 
500.00 1303.15 43.762109 38.798989 0.000000 0.715276 0.260475 2.394054 0.000000 0.525597 0.000000 0.000000 1.067717 
500.00 1293.15 39.881390 35.569326 0.000000 0.563148 0.170990 2.032210 0.000000 0.412144 0.000000 0.000000 1.133572 
500.00 1283.15 36.715219 32.875165 0.000000 0.450293 0.117276 1.752482 0.000000 0.330189 0.000000 0.000000 1.189814 
500.00 1273.15 34.075574 30.590061 0.000000 0.363976 0.085018 1.528993 0.000000 0.269008 0.000000 0.000000 1.238519 
500.00 1263.15 31.837882 28.626723 0.000000 0.296361 0.065949 1.345593 0.000000 0.222116 0.000000 0.000000 1.281139 
500.00 1253.15 29.916176 26.922362 0.000000 0.242492 0.054997 1.192161 0.000000 0.185424 0.000000 0.000000 1.318740 
500.00 1243.15 28.248647 25.430262 0.000000 0.199041 0.049005 1.061976 0.000000 0.156234 0.000000 0.000000 1.352129 
500.00 1233.15 26.789329 24.114668 0.000000 0.163671 0.045992 0.950367 0.000000 0.132695 0.000000 0.000000 1.381937 
500.00 1223.15 25.503061 22.947569 0.000000 0.134677 0.044706 0.853936 0.000000 0.113500 0.000000 0.000000 1.408673 
500.00 1213.15 24.362308 21.906602 0.000000 0.110778 0.044367 0.770114 0.000000 0.097699 0.000000 0.000000 1.432749 
500.00 1203.15 23.345102 20.973638 0.000000 0.090989 0.044491 0.696890 0.000000 0.084583 0.000000 0.000000 1.454510 
500.00 1193.15 22.433640 20.133798 0.000000 0.074539 0.044789 0.632653 0.000000 0.073617 0.000000 0.000000 1.474244 
500.00 1183.15 21.613320 19.374745 0.000000 0.060816 0.045092 0.576084 0.000000 0.064389 0.000000 0.000000 1.492194 
500.00 1173.15 20.872041 18.686163 0.000000 0.049334 0.045307 0.526089 0.000000 0.056579 0.000000 0.000000 1.508568 
500.00 1163.15 20.199677 18.053014 0.000000 0.040760 0.044450 0.482654 0.000000 0.049970 0.000000 0.005223 1.523605 
500.00 1153.15 19.582429 17.466308 0.000000 0.033954 0.043109 0.444113 0.000000 0.044298 0.000000 0.013175 1.537472 
500.00 1143.15 19.009489 16.930408 0.000000 0.026641 0.043179 0.408309 0.000000 0.039370 0.000000 0.011385 1.550197 
500.00 1133.15 18.486230 16.439535 0.000000 0.020471 0.043089 0.376338 0.000000 0.035130 0.000000 0.009765 1.561902 
500.00 1123.15 18.006991 15.988747 0.000000 0.015251 0.042859 0.347694 0.000000 0.031468 0.000000 0.008280 1.572693 
500.00 1113.15 17.566932 15.573796 0.000000 0.010823 0.042512 0.321950 0.000000 0.028293 0.000000 0.006900 1.582658 
500.00 1103.15 17.161896 15.191021 0.000000 0.007056 0.042068 0.298741 0.000000 0.025531 0.000000 0.005600 1.591879 
500.00 1093.15 16.788085 14.832121 0.000000 0.008751 0.038683 0.281381 0.000000 0.014778 0.006964 0.004950 1.600457 
500.00 1083.15 16.437972 14.459663 0.044938 0.000000 0.017144 0.288591 0.000000 0.000000 0.010745 0.006923 1.609968 
500.00 1073.15 16.074126 14.120843 0.037700 0.000000 0.018083 0.263992 0.000000 0.000000 0.009422 0.005480 1.618606 
500.00 1063.15 15.743989 13.810155 0.033254 0.000000 0.017983 0.243304 0.000000 0.000000 0.008475 0.004276 1.626542 
500.00 1053.15 15.441278 13.524946 0.029350 0.000000 0.017700 0.224675 0.000000 0.000000 0.007655 0.003113 1.633839 
500.00 1043.15 15.163404 13.262896 0.025925 0.000000 0.017266 0.207845 0.000000 0.000000 0.006941 0.001974 1.640556 
500.00 1033.15 14.908105 13.021979 0.022922 0.000000 0.016712 0.192593 0.000000 0.000000 0.006318 0.000842 1.646739 
500.00 1023.15 14.672993 11.982443 0.034307 0.000000 0.032920 0.380157 0.540393 0.000000 0.008456 0.021090 1.673226 

Title: Hr

Phase Volumes:
Pressure Temperature mass V liquid_0 olivine_0 orthopyroxene_0 clinopyroxene_0 feldspar_0 quartz spinel_0 rhm-oxide_0 apatite water 
500.00 1523.15 100.101174 41.861207 39.532152 0.000000 0.000000 0.000000 0.000000 0.000000 0.000000 0.000000 0.000000 2.329055 
500.00 1513.15 100.101823 41.744010 39.491830 0.000000 0.000000 0.000000 0.000000 0.000000 0.000000 0.000000 0.000000 2.252180 
500.00 1503.15 100.102512 41.626664 39.451622 0.000000 0.000000 0.000000 0.000000 0.000000 0.000000 0.000000 0.000000 2.175042 
500.00 1493.15 100.103242 41.509171 39.411532 0.000000 0.000000 0.000000 0.000000 0.000000 0.000000 0.000000 0.000000 2.097639 
500.00 1483.15 100.104015 41.391535 39.371564 0.000000 0.000000 0.000000 0.000000 0.000000 0.000000 0.000000 0.000000 2.019971 
500.00 1473.15 100.104832 41.273757 39.331718 0.000000 0.000000 0.000000 0.000000 0.000000 0.000000 0.000000 0.000000 1.942039 
500.00 1463.15 100.105694 41.155841 39.292000 0.000000 0.000000 0.000000 0.000000 0.000000 0.000000 0.000000 0.000000 1.863841 
500.00 1453.15 100.106603 41.037789 39.252411 0.000000 0.000000 0.000000 0.000000 0.000000 0.000000 0.000000 0.000000 1.785379 
500.00 1443.15 100.107560 40.919607 39.212954 0.000000 0.000000 0.000000 0.000000 0.000000 0.000000 0.000000 0.000000 1.706652 
500.00 1433.15 100.108567 40.801297 39.173634 0.000000 0.000000 0.000000 0.000000 0.000000 0.000000 0.000000 0.000000 1.627662 
500.00 1423.15 100.109626 40.682864 39.134453 0.000000 0.000000 0.000000 0.000000 0.000000 0.000000 0.000000 0.000000 1.548411 
500.00 1413.15 100.110738 40.564315 39.095415 0.000000 0.000000 0.000000 0.000000 0.000000 0.000000 0.000000 0.000000 1.468900 
500.00 1403.15 100.110042 40.466386 38.837004 0.199580 0.000000 0.000000 0.000000 0.000000 0.000000 0.000000 0.000000 1.429802 
500.00 1393.15 99.450753 40.172491 38.532803 0.242043 0.000000 0.000000 0.000000 0.000000 0.000000 0.000000 0.000000 1.397645 
500.00 1383.15 98.656851 40.243613 36.863167 0.063309 0.000000 1.230066 0.000000 0.000000 0.036481 0.000000 0.000000 2.050591 
500.00 1373.15 94.289687 39.293093 34.963410 0.009019 0.000000 1.461447 0.000000 0.000000 0.044134 0.000000 0.000000 2.815083 
500.00 1363.15 89.312612 38.586573 32.295336 0.107509 0.000000 1.309720 0.653429 0.000000 0.147381 0.000000 0.000000 4.073199 
500.00 1353.15 82.312619 38.054913 27.881734 0.228803 0.000000 1.247580 1.829557 0.000000 0.496250 0.000000 0.000000 6.370988 
500.00 1343.15 70.334750 35.544034 24.570542 0.164858 0.000000 0.840651 1.476504 0.000000 0.370487 0.000000 0.000000 8.120993 
500.00 1333.15 61.405085 33.679590 22.066406 0.126677 0.000000 0.560635 1.206430 0.000000 0.260660 0.000000 0.000000 9.458782 
500.00 1323.15 54.738588 32.477100 19.720415 0.000000 0.302769 0.263546 1.240716 0.000000 0.200505 0.000000 0.000000 10.749149 
500.00 1313.15 48.656077 31.240094 17.807714 0.000000 0.280314 0.125249 1.082811 0.000000 0.147805 0.000000 0.000000 11.796200 
500.00 1303.15 43.762109 30.199521 16.277014 0.000000 0.215337 0.079210 0.901223 0.000000 0.112190 0.000000 0.000000 12.614547 
500.00 1293.15 39.881390 29.358782 15.017209 0.000000 0.169136 0.051954 0.766540 0.000000 0.087625 0.000000 0.000000 13.266319 
500.00 1283.15 36.715219 28.652413 13.958230 0.000000 0.134926 0.035604 0.662306 0.000000 0.069952 0.000000 0.000000 13.791393 
500.00 1273.15 34.075574 28.040604 13.053559 0.000000 0.108811 0.025791 0.578914 0.000000 0.056809 0.000000 0.000000 14.216720 
500.00 1263.15 31.837882 27.497817 12.271027 0.000000 0.088397 0.019991 0.510370 0.000000 0.046769 0.000000 0.000000 14.561262 
500.00 1253.15 29.916176 27.007084 11.587433 0.000000 0.072166 0.016659 0.452927 0.000000 0.038939 0.000000 0.000000 14.838960 
500.00 1243.15 28.248647 26.556639 10.985448 0.000000 0.059103 0.014834 0.404098 0.000000 0.032728 0.000000 0.000000 15.060428 
500.00 1233.15 26.789329 26.138036 10.451750 0.000000 0.048492 0.013912 0.362161 0.000000 0.027734 0.000000 0.000000 15.233987 
500.00 1223.15 25.503061 25.745016 9.975846 0.000000 0.039814 0.013513 0.325863 0.000000 0.023672 0.000000 0.000000 15.366309 
500.00 1213.15 24.362308 25.372822 9.549310 0.000000 0.032676 0.013402 0.294257 0.000000 0.020336 0.000000 0.000000 15.462841 
500.00 1203.15 23.345102 25.017749 9.165270 0.000000 0.026780 0.013430 0.266603 0.000000 0.017574 0.000000 0.000000 15.528091 
500.00 1193.15 22.433640 24.676858 8.818056 0.000000 0.021891 0.013511 0.242306 0.000000 0.015269 0.000000 0.000000 15.565825 
500.00 1183.15 21.613320 24.347782 8.502936 0.000000 0.017822 0.013594 0.220879 0.000000 0.013334 0.000000 0.000000 15.579218 
500.00 1173.15 20.872041 24.028584 8.215936 0.000000 0.014425 0.013650 0.201917 0.000000 0.011698 0.000000 0.000000 15.570957 
500.00 1163.15 20.199677 23.717994 7.951313 0.000000 0.011892 0.013383 0.185427 0.000000 0.010317 0.000000 0.001706 15.543956 
500.00 1153.15 19.582429 23.412949 7.705605 0.000000 0.009885 0.012971 0.170778 0.000000 0.009134 0.000000 0.004302 15.500274 
500.00 1143.15 19.009489 23.110580 7.480339 0.000000 0.007739 0.012984 0.157149 0.000000 0.008108 0.000000 0.003718 15.440544 
500.00 1133.15 18.486230 22.813784 7.273247 0.000000 0.005934 0.012948 0.144966 0.000000 0.007226 0.000000 0.003189 15.366274 
500.00 1123.15 18.006991 22.521633 7.082385 0.000000 0.004411 0.012871 0.134041 0.000000 0.006465 0.000000 0.002704 15.278756 
500.00 1113.15 17.566932 22.233326 6.906073 0.000000 0.003124 0.012759 0.124212 0.000000 0.005807 0.000000 0.002253 15.179098 
500.00 1103.15 17.161896 21.948170 6.742860 0.000000 0.002032 0.012617 0.115343 0.000000 0.005235 0.000000 0.001829 15.068254 
500.00 1093.15 16.788085 21.665534 6.589233 0.000000 0.002513 0.011591 0.108716 0.000000 0.003025 0.001491 0.001616 14.947349 
500.00 1083.15 16.437972 21.394760 6.431119 0.011369 0.000000 0.005133 0.111561 0.000000 0.000000 0.002299 0.002261 14.831018 
500.00 1073.15 16.074126 21.109895 6.286713 0.009497 0.000000 0.005410 0.102105 0.000000 0.000000 0.002015 0.001789 14.702366 
500.00 1063.15 15.743989 20.828044 6.153826 0.008343 0.000000 0.005376 0.094150 0.000000 0.000000 0.001811 0.001396 14.563141 
500.00 1053.15 15.441278 20.547669 6.031382 0.007336 0.000000 0.005287 0.086983 0.000000 0.000000 0.001635 0.001017 14.414030 
500.00 1043.15 15.163404 20.268297 5.918434 0.006457 0.000000 0.005153 0.080504 0.000000 0.000000 0.001482 0.000645 14.255622 
500.00 1033.15 14.908105 19.989496 5.814159 0.005690 0.000000 0.004983 0.074630 0.000000 0.000000 0.001348 0.000275 14.088411 
500.00 1023.15 14.672993 19.826320 5.350976 0.008483 0.000000 0.009802 0.147481 0.213024 0.000000 0.001803 0.006887 14.087863 

Title: Hr

Solid Composition:
Pressure Temperature mass SiO2 TiO2 Al2O3 Fe2O3 Cr2O3 FeO MnO MgO CaO Na2O K2O P2O5 H2O 
500.00 1523.15 0.164381 -4.59385e-011 6.7454e-012 2.33223e-011 -4.11198e-011 -2.50619e-015 1.00203e-009 1.49721e-013 0 -6.42852e-011 7.84879e-013 -4.97066e-014 8.80043e-013 100
500.00 1513.15 0.160129 -1.98527e-012 0 8.56045e-013 0 0 0 0 0 3.03762e-013 0 0 0 100
500.00 1503.15 0.155798 4.44889e-012 0 7.09552e-013 0 0 0 0 0 -3.90259e-013 0 0 0 100
500.00 1493.15 0.151385 1.41144e-012 0 3.79723e-013 0 0 0 0 0 2.24915e-013 0 0 0 100
500.00 1483.15 0.146888 2.66094e-012 0 2.10725e-013 0 0 0 0 0 -4.96715e-013 0 0 0 100
500.00 1473.15 0.142306 -1.42824e-012 0 -9.32186e-014 0 0 0 0 0 3.41806e-014 0 0 0 100
500.00 1463.15 0.137637 2.23398e-012 0 -2.89144e-013 0 0 0 0 0 3.88743e-013 0 0 0 100
500.00 1453.15 0.132877 -4.27502e-012 0 -5.65725e-013 0 0 0 0 0 -2.92849e-013 0 0 0 100
500.00 1443.15 0.128025 -3.46008e-012 0 -8.63479e-013 0 0 0 0 0 1.89968e-013 0 0 0 100
500.00 1433.15 0.123078 3.26041e-012 0 -1.11375e-012 0 0 0 0 0 5.73049e-013 0 0 0 100
500.00 1423.15 0.118034 7.72666e-012 0 1.01149e-012 0 0 0 0 0 -3.0907e-013 0 0 0 100
500.00 1413.15 0.112891 -2.63135e-012 0 7.4422e-013 0 0 0 0 0 2.36978e-013 0 0 0 100
500.00 1403.15 0.769940 33.7431 0 1.72294e-014 0 0 14.5555 0.247771 36.7085 0.354786 0 0 0 14.3903
500.00 1393.15 0.910802 34.5947 0 -5.34041e-014 0 0 15.4555 0.261293 37.3267 0.371022 0 0 0 11.9908
500.00 1383.15 4.541080 45.2112 1.06804 5.27132 3.97584 0.252505 6.31646 0.0148214 15.3574 18.8378 0.136188 0 0 3.55848
500.00 1373.15 5.226805 44.6762 1.30087 5.77197 4.42084 0.126407 6.12698 0.00201357 13.77 19.3719 0.152194 0 0 4.28067
500.00 1363.15 7.401706 41.0553 1.51984 12.4319 5.86459 0.0311716 7.00697 0.0193325 10.8757 16.2547 0.520798 0.0078906 0 4.41182
500.00 1353.15 12.549447 36.8783 2.06648 16.481 9.09843 0.000251903 8.86202 0.0306705 8.37653 13.2241 0.861009 0.0153308 0 4.10582
500.00 1343.15 9.632321 36.1169 1.98603 16.446 8.79384 0 8.74857 0.0356545 7.58209 12.3698 1.02301 0.0187922 0 6.87935
500.00 1333.15 7.476072 35.5296 1.79253 16.4158 7.95824 0 8.25844 0.0427085 6.83416 11.5219 1.20695 0.0229082 0 10.4167
500.00 1323.15 6.998548 37.3372 1.44872 16.9504 6.52796 0 7.4366 0 6.33227 9.71438 1.46177 0.0296112 0 12.7611
500.00 1313.15 5.901158 36.5838 1.26404 16.7701 5.66954 0 6.92794 0 5.68154 8.63475 1.67011 0.0358817 0 16.7622
500.00 1303.15 4.963119 35.0796 1.15202 16.0776 5.1116 0 6.39096 0 4.92145 7.89748 1.81511 0.0411859 0 21.513
500.00 1293.15 4.312064 33.5053 1.0449 15.2907 4.59186 0 5.85636 0 4.25367 7.18885 1.93351 0.0463815 0 26.2884
500.00 1283.15 3.840055 31.8977 0.944763 14.4462 4.11539 0 5.34021 0 3.67305 6.52323 2.02378 0.0513735 0 30.9843
500.00 1273.15 3.485514 30.2826 0.852583 13.5742 3.68323 0 4.85195 0 3.17177 5.90808 2.08614 0.0560806 0 35.5333
500.00 1263.15 3.211159 28.6777 0.76864 12.697 3.29423 0 4.39659 0 2.74096 5.34604 2.12193 0.060431 0 39.8965
500.00 1253.15 2.993814 27.0977 0.692741 11.8326 2.94579 0 3.97612 0 2.37166 4.83658 2.13363 0.064377 0 44.0488
500.00 1243.15 2.818385 25.5555 0.624454 10.9943 2.63466 0 3.59066 0 2.05547 4.37731 2.12439 0.0678939 0 47.9753
500.00 1233.15 2.674661 24.0622 0.563228 10.1919 2.35745 0 3.2392 0 1.78482 3.96482 2.09767 0.0709776 0 51.6677
500.00 1223.15 2.555492 22.6266 0.508471 9.43185 2.11083 0 2.92008 0 1.55307 3.59525 2.05689 0.073642 0 55.1234
500.00 1213.15 2.455706 21.2556 0.459588 8.71804 1.89162 0 2.63125 0 1.35445 3.26462 2.00525 0.0759136 0 58.3437
500.00 1203.15 2.371464 19.954 0.416004 8.05224 1.6969 0 2.37049 0 1.18403 2.96904 1.94561 0.0778279 0 61.3339
500.00 1193.15 2.299842 18.7245 0.377178 7.43462 1.52399 0 2.13549 0 1.0376 2.70484 1.88043 0.0794255 0 64.102
500.00 1183.15 2.238576 17.5679 0.342606 6.86414 1.37047 0 1.924 0 0.911564 2.4686 1.81174 0.0807488 0 66.6582
500.00 1173.15 2.185877 16.4838 0.311829 6.33893 1.23415 0 1.73382 0 0.802886 2.25719 1.74121 0.0818403 0 69.0143
500.00 1163.15 2.146663 15.4535 0.283624 5.84917 1.10985 0 1.56637 0 0.711464 2.19208 1.6682 0.0826876 0.103136 70.9799
500.00 1153.15 2.116121 14.4764 0.258088 5.39445 0.997356 0 1.4166 0 0.632426 2.21696 1.59414 0.0833474 0.263892 72.6663
500.00 1143.15 2.079081 13.596 0.236738 4.99054 0.902213 0 1.2767 0 0.560023 2.02516 1.52499 0.0840538 0.232111 74.5715
500.00 1133.15 2.046695 12.7777 0.217692 4.62104 0.817715 0 1.15104 0 0.497236 1.85111 1.45755 0.0846679 0.202238 76.322
500.00 1123.15 2.018245 12.0178 0.200694 4.28309 0.742624 0 1.0381 0 0.442658 1.69259 1.39221 0.0852204 0.173899 77.9311
500.00 1113.15 1.993136 11.3121 0.185517 3.97396 0.67585 0 0.93651 0 0.395098 1.54759 1.32924 0.085739 0.146742 79.4116
500.00 1103.15 1.970875 10.6569 0.17196 3.69107 0.616435 0 0.845043 0 0.353553 1.41431 1.26876 0.0862492 0.120431 80.7753
500.00 1093.15 1.955964 10.1921 0.271142 3.4621 0.416525 0 0.773774 0.0084554 0.342886 1.28688 1.22216 0.0877333 0.107275 81.829
500.00 1083.15 1.978309 10.2858 0.262991 3.44706 0.0742547 0 1.25148 0.351235 0.361249 1.0863 1.24924 0.0947185 0.148329 81.3873
500.00 1073.15 1.953283 9.56873 0.235132 3.17039 0.0665776 0 1.09864 0.312543 0.313694 0.980004 1.17105 0.0933687 0.11892 82.871
500.00 1063.15 1.933834 8.94691 0.214745 2.92946 0.0601536 0 0.998312 0.291232 0.278074 0.879365 1.10196 0.092415 0.0937185 84.1137
500.00 1053.15 1.916332 8.37034 0.196768 2.70994 0.0543807 0 0.906396 0.271262 0.246944 0.784756 1.03724 0.0915251 0.0688606 85.2616
500.00 1043.15 1.900508 7.8353 0.180852 2.50964 0.0491805 0 0.8225 0.252658 0.219614 0.695114 0.976591 0.0907166 0.0440368 86.3238
500.00 1033.15 1.886126 7.33828 0.16671 2.32658 0.0444864 0 0.74614 0.2354 0.195503 0.609453 0.919713 0.0900069 0.0189201 87.3088
500.00 1023.15 2.690550 30.1602 0.160127 3.17677 0.0459312 0 0.793044 0.272158 0.222143 1.20059 1.28093 0.152779 0.332252 62.2031
Title: Hr

Bulk Composition:
Pressure Temperature mass SiO2 TiO2 Al2O3 Fe2O3 Cr2O3 FeO MnO MgO CaO Na2O K2O P2O5 H2O 
500.00 1523.15 100.101174 48.1647 1.37809 15.2372 2.48551 0.0202844 9.8047 0.195474 7.13479 10.839 2.24795 0.342079 0.156379 1.99383
500.00 1513.15 100.101823 48.1644 1.37808 15.2371 2.49196 0.0202843 9.79881 0.195472 7.13474 10.8389 2.24793 0.342077 0.156378 1.99382
500.00 1503.15 100.102512 48.1641 1.37807 15.237 2.49881 0.0202841 9.79256 0.195471 7.1347 10.8389 2.24792 0.342074 0.156377 1.99381
500.00 1493.15 100.103242 48.1637 1.37806 15.2369 2.50608 0.020284 9.78594 0.19547 7.13464 10.8388 2.2479 0.342072 0.156376 1.99379
500.00 1483.15 100.104015 48.1634 1.37805 15.2367 2.51376 0.0202838 9.77893 0.195468 7.13459 10.8387 2.24788 0.342069 0.156375 1.99378
500.00 1473.15 100.104832 48.163 1.37804 15.2366 2.52189 0.0202837 9.77152 0.195467 7.13453 10.8386 2.24787 0.342067 0.156373 1.99376
500.00 1463.15 100.105694 48.1626 1.37803 15.2365 2.53046 0.0202835 9.7637 0.195465 7.13447 10.8385 2.24785 0.342064 0.156372 1.99374
500.00 1453.15 100.106603 48.1621 1.37801 15.2363 2.5395 0.0202833 9.75546 0.195463 7.1344 10.8384 2.24783 0.34206 0.15637 1.99372
500.00 1443.15 100.107560 48.1617 1.378 15.2362 2.54902 0.0202831 9.74678 0.195461 7.13434 10.8383 2.2478 0.342057 0.156369 1.9937
500.00 1433.15 100.108567 48.1612 1.37799 15.2361 2.55904 0.0202829 9.73764 0.195459 7.13426 10.8382 2.24778 0.342054 0.156367 1.99368
500.00 1423.15 100.109626 48.1607 1.37797 15.2359 2.56957 0.0202827 9.72804 0.195457 7.13419 10.8381 2.24776 0.34205 0.156366 1.99366
500.00 1413.15 100.110738 48.1601 1.37796 15.2357 2.58063 0.0202825 9.71796 0.195455 7.13411 10.838 2.24773 0.342046 0.156364 1.99364
500.00 1403.15 100.110042 48.1605 1.37797 15.2358 2.5737 0.0202826 9.72427 0.195456 7.13416 10.8381 2.24775 0.342049 0.156365 1.99366
500.00 1393.15 99.450753 48.2189 1.3871 15.3368 2.57927 0.0204171 9.68656 0.194837 6.89769 10.9072 2.26265 0.344316 0.157402 2.00687
500.00 1383.15 98.656851 48.2879 1.39826 15.4602 2.66767 0.0205814 9.56114 0.193995 6.60903 10.9915 2.28086 0.347087 0.158668 2.02302
500.00 1373.15 94.289687 48.348 1.41167 15.9226 2.69889 0.00944862 9.61148 0.20227 6.17621 10.5936 2.37994 0.363163 0.166017 2.11672
500.00 1363.15 89.312612 48.4287 1.4143 16.4723 2.84798 0.00261484 9.55795 0.213428 5.71524 10.0505 2.50366 0.383401 0.175269 2.23468
500.00 1353.15 82.312619 48.857 1.39803 16.7559 3.42632 3.84058e-005 8.9649 0.229845 5.22406 9.444 2.66977 0.415296 0.190174 2.42472
500.00 1343.15 70.334750 50.5991 1.26755 16.6694 3.12958 0 8.24316 0.263522 4.61999 8.69332 2.97083 0.483286 0.22256 2.83764
500.00 1333.15 61.405085 52.2941 1.14052 16.5145 2.79141 0 7.54379 0.29626 4.10345 8.01773 3.24243 0.550619 0.254925 3.2503
500.00 1323.15 54.738588 53.8128 1.03479 16.2845 2.53422 0 6.89585 0.326522 3.67088 7.4212 3.47252 0.61455 0.285972 3.64615
500.00 1313.15 48.656077 55.1727 0.955996 15.8831 2.30171 0 6.33968 0.36734 3.21992 6.95238 3.69643 0.687117 0.321722 4.10195
500.00 1303.15 43.762109 56.413 0.892708 15.3989 2.11562 0 5.82791 0.408421 2.81491 6.56632 3.88469 0.759122 0.3577 4.56068
500.00 1293.15 39.881390 57.5407 0.836491 14.8976 1.95398 0 5.36053 0.448163 2.47749 6.22333 4.03691 0.827866 0.392507 5.00446
500.00 1283.15 36.715219 58.5719 0.786217 14.3876 1.81074 0 4.93307 0.48681 2.19275 5.91664 4.15807 0.893813 0.426355 5.43603
500.00 1273.15 34.075574 59.5191 0.740989 13.8753 1.68186 0 4.54138 0.524521 1.94995 5.64085 4.25224 0.957266 0.459382 5.85713
500.00 1263.15 31.837882 60.392 0.700093 13.3657 1.56461 0 4.18177 0.561386 1.7411 5.39157 4.32288 1.01841 0.49167 6.26879
500.00 1253.15 29.916176 61.1984 0.662947 12.8626 1.45707 0 3.85109 0.597448 1.56012 5.16517 4.37298 1.07735 0.523253 6.67147
500.00 1243.15 28.248647 61.9448 0.629077 12.3692 1.35786 0 3.54662 0.632715 1.40231 4.95864 4.4052 1.13413 0.55414 7.06529
500.00 1233.15 26.789329 62.6365 0.598088 11.8877 1.26597 0 3.26599 0.667182 1.26396 4.76944 4.42189 1.18877 0.584327 7.45016
500.00 1223.15 25.503061 63.2783 0.569646 11.4198 1.18059 0 3.00714 0.700831 1.14208 4.59541 4.42516 1.24129 0.613798 7.82592
500.00 1213.15 24.362308 63.8745 0.54347 10.9666 1.10112 0 2.76824 0.733648 1.03425 4.43475 4.41687 1.2917 0.642538 8.19236
500.00 1203.15 23.345102 64.4286 0.519316 10.5288 1.02704 0 2.54766 0.765614 0.938486 4.2859 4.39868 1.34001 0.670535 8.54933
500.00 1193.15 22.433640 64.9441 0.496974 10.1069 0.957917 0 2.34396 0.796721 0.853141 4.14753 4.37203 1.38623 0.697779 8.89668
500.00 1183.15 21.613320 65.4241 0.476258 9.70091 0.893391 0 2.15581 0.82696 0.776841 4.01853 4.33821 1.43041 0.724263 9.23435
500.00 1173.15 20.872041 65.8712 0.457008 9.31078 0.833136 0 1.98202 0.85633 0.708428 3.89791 4.29832 1.47257 0.749985 9.56231
500.00 1163.15 20.199677 66.288 0.439079 8.9363 0.776411 0 1.8219 0.884833 0.646924 3.78486 4.25335 1.51274 0.774949 9.8806
500.00 1153.15 19.582429 66.6917 0.422453 8.57836 0.722951 0 1.6742 0.912724 0.591152 3.6682 4.20494 1.55138 0.790234 10.1917
500.00 1143.15 19.009489 67.0989 0.407105 8.23801 0.673479 0 1.53732 0.940233 0.540426 3.53643 4.15464 1.58888 0.786905 10.4977
500.00 1133.15 18.486230 67.4779 0.392677 7.91153 0.627384 0 1.41092 0.966847 0.494624 3.41333 4.10117 1.62442 0.785367 10.7938
500.00 1123.15 18.006991 67.8305 0.379081 7.59849 0.584443 0 1.29422 0.992578 0.45318 3.29845 4.04511 1.65806 0.785636 11.0802
500.00 1113.15 17.566932 68.1584 0.366239 7.29841 0.544451 0 1.18651 1.01744 0.415606 3.19139 3.98697 1.68983 0.78775 11.357
500.00 1103.15 17.161896 68.4628 0.35408 7.01079 0.507218 0 1.08712 1.04146 0.381478 3.09184 3.9272 1.71979 0.79177 11.6244
500.00 1093.15 16.788085 68.746 0.342543 6.73525 0.459951 0 1.00683 1.06464 0.350431 2.99961 3.86621 1.74799 0.797786 11.8828
500.00 1083.15 16.437972 69.0075 0.321217 6.46843 0.386953 0 0.976344 1.08646 0.319164 2.91543 3.80368 1.77482 0.804592 12.1355
500.00 1073.15 16.074126 69.3126 0.299109 6.19218 0.356006 0 0.87826 1.0689 0.283457 2.85282 3.73658 1.80337 0.807186 12.4095
500.00 1063.15 15.743989 69.5882 0.279269 5.93029 0.326837 0 0.792388 1.05369 0.251978 2.79626 3.67023 1.82965 0.81205 12.6692
500.00 1053.15 15.441278 69.8413 0.260977 5.68129 0.299425 0 0.713166 1.0391 0.223556 2.74625 3.60476 1.85399 0.818977 12.9172
500.00 1043.15 15.163404 70.073 0.244087 5.44455 0.273731 0 0.640303 1.02516 0.197873 2.70279 3.54035 1.87645 0.828078 13.1536
500.00 1033.15 14.908105 70.2839 0.22847 5.2195 0.2497 0 0.573472 1.01189 0.17466 2.66594 3.47711 1.89707 0.839488 13.3788
500.00 1023.15 14.672993 70.4768 0.214023 5.00572 0.210184 0 0.527721 0.999308 0.153687 2.63527 3.41524 1.91596 0.85294 13.5931
