Title: Nd1

Bulk Composition:
Pressure Temperature mass SiO2 TiO2 Al2O3 Fe2O3 Cr2O3 FeO MnO MgO CaO Na2O K2O P2O5 H2O 
500.00 1523.15 97.260452 52.2034 0.947867 15.5613 2.02743 0.019638 7.45716 0.1679 6.64515 9.81468 2.63632 1.3725 0.118445 1.02817
500.00 1513.15 97.260963 52.2032 0.947862 15.5612 2.03265 0.0196379 7.45241 0.167899 6.64511 9.81463 2.63631 1.37249 0.118444 1.02816
500.00 1503.15 97.261504 52.2029 0.947857 15.5611 2.0382 0.0196378 7.44736 0.167898 6.64508 9.81457 2.63629 1.37249 0.118444 1.02816
500.00 1493.15 97.262079 52.2026 0.947851 15.561 2.04408 0.0196377 7.44202 0.167897 6.64504 9.81451 2.63628 1.37248 0.118443 1.02815
500.00 1483.15 97.262686 52.2022 0.947845 15.561 2.0503 0.0196375 7.43636 0.167896 6.64499 9.81445 2.63626 1.37247 0.118442 1.02814
500.00 1473.15 97.263328 52.2019 0.947839 15.5608 2.05687 0.0196374 7.43039 0.167895 6.64495 9.81439 2.63625 1.37246 0.118441 1.02814
500.00 1463.15 97.264005 52.2015 0.947833 15.5607 2.06381 0.0196373 7.42408 0.167894 6.6449 9.81432 2.63623 1.37245 0.118441 1.02813
500.00 1453.15 97.264719 52.2011 0.947826 15.5606 2.07112 0.0196371 7.41744 0.167892 6.64486 9.81425 2.63621 1.37244 0.11844 1.02812
500.00 1443.15 97.265470 52.2007 0.947818 15.5605 2.07881 0.019637 7.41044 0.167891 6.6448 9.81417 2.63619 1.37243 0.118439 1.02811
500.00 1433.15 97.265108 52.2009 0.947822 15.5606 2.0751 0.0196371 7.41382 0.167892 6.64483 9.81421 2.6362 1.37243 0.118439 1.02812
500.00 1423.15 97.263676 52.2017 0.947836 15.5608 2.06044 0.0196373 7.42715 0.167894 6.64493 9.81435 2.63624 1.37245 0.118441 1.02813
500.00 1413.15 97.263426 52.2018 0.947838 15.5608 2.05788 0.0196374 7.42947 0.167895 6.64494 9.81438 2.63624 1.37246 0.118441 1.02814
500.00 1403.15 97.265859 52.2005 0.947815 15.5604 2.0828 0.0196369 7.40682 0.16789 6.64478 9.81413 2.63618 1.37242 0.118438 1.02811
500.00 1393.15 97.269408 52.1986 0.94778 15.5599 2.11914 0.0196362 7.37379 0.167884 6.64454 9.81377 2.63608 1.37237 0.118434 1.02807
500.00 1383.15 97.270589 52.198 0.947768 15.5597 2.13123 0.0196359 7.36279 0.167882 6.64445 9.81366 2.63605 1.37236 0.118433 1.02806
500.00 1373.15 97.274606 52.1958 0.947729 15.559 2.17236 0.0196351 7.32539 0.167875 6.64418 9.81325 2.63594 1.3723 0.118428 1.02802
500.00 1363.15 97.285818 52.1898 0.94762 15.5573 2.28714 0.0196329 7.22105 0.167856 6.64341 9.81212 2.63564 1.37214 0.118414 1.0279
500.00 1353.15 97.306318 52.1788 0.94742 15.554 2.49694 0.0196287 7.03032 0.167821 6.64201 9.81005 2.63508 1.37185 0.118389 1.02768
500.00 1343.15 97.327807 52.1673 0.947211 15.5505 2.71675 0.0196244 6.83047 0.167783 6.64055 9.80789 2.6345 1.37155 0.118363 1.02746
500.00 1333.15 97.345528 52.1578 0.947039 15.5477 2.89796 0.0196208 6.66573 0.167753 6.63934 9.8061 2.63402 1.3713 0.118341 1.02727
500.00 1323.15 97.359323 52.1504 0.946905 15.5455 3.03898 0.019618 6.53753 0.167729 6.6384 9.80471 2.63365 1.37111 0.118325 1.02712
500.00 1313.15 97.376626 52.1412 0.946736 15.5427 3.2158 0.0196146 6.37678 0.167699 6.63722 9.80297 2.63318 1.37086 0.118304 1.02694
500.00 1303.15 97.391154 52.1334 0.946595 15.5404 3.3642 0.0196116 6.24186 0.167674 6.63623 9.80151 2.63279 1.37066 0.118286 1.02679
500.00 1293.15 97.402545 52.1273 0.946484 15.5386 3.48053 0.0196093 6.1361 0.167655 6.63545 9.80036 2.63248 1.3705 0.118272 1.02667
500.00 1283.15 97.413773 52.1213 0.946375 15.5368 3.59518 0.0196071 6.03187 0.167635 6.63469 9.79923 2.63217 1.37034 0.118258 1.02655
500.00 1273.15 97.414768 52.1207 0.946366 15.5367 3.60534 0.0196069 6.02264 0.167634 6.63462 9.79913 2.63215 1.37033 0.118257 1.02654
500.00 1263.15 97.413364 52.1215 0.946379 15.5369 3.591 0.0196072 6.03567 0.167636 6.63472 9.79927 2.63219 1.37035 0.118259 1.02655
500.00 1253.15 97.410359 52.1231 0.946409 15.5374 3.56032 0.0196078 6.06356 0.167641 6.63492 9.79957 2.63227 1.37039 0.118263 1.02658
500.00 1243.15 97.406086 52.1254 0.94645 15.538 3.5167 0.0196086 6.10322 0.167649 6.63521 9.8 2.63238 1.37045 0.118268 1.02663
500.00 1233.15 97.400837 52.1282 0.946501 15.5389 3.46309 0.0196097 6.15195 0.167658 6.63557 9.80053 2.63252 1.37052 0.118274 1.02669
500.00 1223.15 97.394862 52.1314 0.946559 15.5398 3.40207 0.0196109 6.20743 0.167668 6.63598 9.80113 2.63269 1.37061 0.118281 1.02675
500.00 1213.15 97.388369 52.1349 0.946622 15.5409 3.33576 0.0196122 6.26772 0.167679 6.63642 9.80179 2.63286 1.3707 0.118289 1.02682
500.00 1203.15 97.381523 52.1385 0.946689 15.542 3.26583 0.0196136 6.3313 0.167691 6.63689 9.80248 2.63305 1.37079 0.118298 1.02689
500.00 1193.15 97.374446 52.1423 0.946758 15.5431 3.19352 0.019615 6.39703 0.167703 6.63737 9.80319 2.63324 1.37089 0.118306 1.02696
500.00 1183.15 97.366018 52.1468 0.94684 15.5444 3.1074 0.0196167 6.47533 0.167718 6.63794 9.80404 2.63347 1.37101 0.118316 1.02705
500.00 1173.15 97.351047 52.1549 0.946985 15.5468 2.95438 0.0196197 6.61444 0.167743 6.63896 9.80554 2.63387 1.37122 0.118335 1.02721
500.00 1163.15 97.334323 52.1638 0.947148 15.5495 2.7834 0.0196231 6.76988 0.167772 6.6401 9.80723 2.63432 1.37146 0.118355 1.02739
500.00 1153.15 97.317568 52.1728 0.947311 15.5522 2.61203 0.0196265 6.92568 0.167801 6.64125 9.80892 2.63478 1.37169 0.118375 1.02756
500.00 1143.15 97.301647 52.1813 0.947466 15.5547 2.44914 0.0196297 7.07377 0.167829 6.64233 9.81052 2.63521 1.37192 0.118395 1.02773
500.00 1133.15 97.283369 52.1911 0.947644 15.5576 2.26207 0.0196334 7.24384 0.16786 6.64358 9.81237 2.6357 1.37218 0.118417 1.02792
500.00 1123.15 97.259048 52.2042 0.947881 15.5615 2.01304 0.0196383 7.47024 0.167902 6.64524 9.81482 2.63636 1.37252 0.118447 1.02818
500.00 1113.15 97.234159 52.2176 0.948124 15.5655 1.75808 0.0196433 7.70203 0.167945 6.64694 9.81733 2.63704 1.37287 0.118477 1.02845
500.00 1103.15 97.209130 52.231 0.948368 15.5695 1.50153 0.0196484 7.93526 0.167988 6.64866 9.81986 2.63772 1.37322 0.118507 1.02871
500.00 1093.15 97.184983 52.244 0.948603 15.5734 1.25391 0.0196532 8.16039 0.16803 6.65031 9.8223 2.63837 1.37357 0.118537 1.02897
500.00 1083.15 97.163612 52.2555 0.948812 15.5768 1.03465 0.0196576 8.35972 0.168067 6.65177 9.82446 2.63895 1.37387 0.118563 1.02919
500.00 1073.15 97.147013 52.2644 0.948974 15.5795 0.864287 0.0196609 8.5146 0.168096 6.65291 9.82614 2.6394 1.3741 0.118583 1.02937
500.00 1063.15 97.136642 52.27 0.949075 15.5811 0.757818 0.019663 8.6114 0.168114 6.65362 9.82719 2.63968 1.37425 0.118596 1.02948
500.00 1053.15 97.135930 52.2704 0.949082 15.5813 0.750506 0.0196632 8.61805 0.168115 6.65367 9.82726 2.6397 1.37426 0.118597 1.02949
500.00 1043.15 97.135231 52.2707 0.949089 15.5814 0.743332 0.0196633 8.62457 0.168116 6.65371 9.82733 2.63972 1.37427 0.118598 1.02949
500.00 1033.15 97.134546 52.2711 0.949096 15.5815 0.736296 0.0196634 8.63096 0.168117 6.65376 9.8274 2.63974 1.37428 0.118598 1.0295
500.00 1023.15 97.127343 52.275 0.949166 15.5826 0.662333 0.0196649 8.69821 0.16813 6.65425 9.82813 2.63994 1.37438 0.118607 1.02958
500.00 1013.15 97.118445 52.2798 0.949253 15.5841 0.570941 0.0196667 8.78129 0.168145 6.65486 9.82903 2.64018 1.37451 0.118618 1.02967