Title: Nd1

System Thermodynamic Data:
Pressure Temperature mass F phi S H V dVdP*10^6 dVdT*10^6 Cp logfO2(absolute) logfO2-NNO rhol rhos viscosity aH2O chisqr
500.00 1523.15 97.260452 1.0000000000000000 1.000000 273.662045 -1182577.895144 38.385156 -385.530076 3626.802685 145.770682 -7.007 0.000 2.533804 0.000000 2.184 0.353504 0.000
500.00 1513.15 97.260963 1.0000000000000000 1.000000 272.702816 -1184042.993268 38.349354 -384.434631 3624.100271 145.769881 -7.116 0.000 2.536183 0.000000 2.227 0.352572 0.000
500.00 1503.15 97.261504 1.0000000000000000 1.000000 271.737265 -1185508.566208 38.313606 -383.341916 3621.338593 145.769235 -7.225 0.000 2.538563 0.000000 2.270 0.351631 0.000
500.00 1493.15 97.262079 1.0000000000000000 1.000000 270.765305 -1186974.632673 38.277913 -382.251989 3618.517867 145.768750 -7.336 0.000 2.540945 0.000000 2.313 0.35068 0.000
500.00 1483.15 97.262686 1.0000000000000000 1.000000 269.786848 -1188441.212158 38.242277 -381.164908 3615.638316 145.768431 -7.449 0.000 2.543329 0.000000 2.358 0.349719 0.000
500.00 1473.15 97.263328 1.0000000000000000 1.000000 268.819428 -1189882.300020 38.206699 -380.080735 3612.700173 141.965971 -7.563 0.000 2.545714 0.000000 2.403 0.34875 0.000
500.00 1463.15 97.264005 1.0000000000000000 1.000000 267.853636 -1191311.892392 38.171180 -378.999534 3609.703681 141.956326 -7.679 0.000 2.548101 0.000000 2.448 0.34777 0.000
500.00 1453.15 97.264719 1.0000000000000000 1.000000 266.881319 -1192741.957716 38.135722 -377.921371 3606.649094 141.946231 -7.796 0.000 2.550488 0.000000 2.494 0.346781 0.000
500.00 1443.15 97.265470 1.0000000000000000 1.000000 265.902388 -1194172.512282 38.100326 -376.846317 3603.536677 141.935682 -7.915 0.000 2.552878 0.000000 2.541 0.345782 0.000
500.00 1433.15 97.265108 0.9958100398065294 0.996741 264.795386 -1195758.013481 38.055701 -375.518298 3591.721927 141.710289 -8.035 0.000 2.553474 3.286236 2.605 0.345593 0.000
500.00 1423.15 97.263676 0.9880978735164796 0.990755 263.582678 -1197465.335873 38.003453 -373.981808 3572.523715 141.305656 -8.157 0.000 2.552475 3.294765 2.685 0.34608 0.000
500.00 1413.15 97.263426 0.9626013946372798 0.970568 261.878083 -1199877.153671 37.852220 -370.266130 3533.945145 140.317823 -8.281 0.000 2.548465 3.265107 2.771 0.355419 0.000
500.00 1403.15 97.265859 0.9209404688001992 0.937346 259.739073 -1202930.912459 37.613346 -364.563871 3476.052267 138.800383 -8.407 0.000 2.540680 3.263064 2.869 0.373955 0.000
500.00 1393.15 97.269408 0.8822840788612677 0.906352 257.692358 -1205853.268672 37.392517 -359.209670 3420.126253 137.390489 -8.535 0.000 2.532231 3.269839 2.971 0.392421 0.000
500.00 1383.15 97.270589 0.8214613987386983 0.852642 255.204945 -1209326.491637 37.182159 -349.528704 3332.513994 135.434839 -8.664 0.000 2.520387 3.169612 3.066 0.434424 0.000
500.00 1373.15 97.274606 0.7659664230302999 0.803444 252.861669 -1212624.483103 36.993389 -340.578694 3249.679305 133.662270 -8.795 0.000 2.506856 3.130887 3.170 0.478806 0.000
500.00 1363.15 97.285818 0.7128047703151890 0.756522 250.584745 -1215930.561204 36.820807 -332.038483 3165.564338 131.977996 -8.929 0.000 2.489462 3.116542 3.293 0.52725 0.000
500.00 1353.15 97.306318 0.6608035500353687 0.710910 248.343694 -1219322.856652 36.663425 -323.749354 3078.016984 130.350263 -9.064 0.000 2.466981 3.114053 3.442 0.581367 0.000
500.00 1343.15 97.327807 0.6135448895511673 0.669127 246.227062 -1222541.361448 36.524434 -316.008377 2996.596012 128.892517 -9.201 0.000 2.443380 3.112373 3.598 0.639186 0.000
500.00 1333.15 97.345528 0.5723500562322906 0.632117 244.266422 -1225465.572852 36.402283 -308.928001 2925.603226 127.639422 -9.340 0.000 2.421316 3.108610 3.745 0.698903 0.000
500.00 1323.15 97.359323 0.5364673009269503 0.599324 242.441327 -1228123.223809 36.293518 -302.435460 2864.057344 126.560787 -9.481 0.000 2.401209 3.103386 3.881 0.760018 0.000
500.00 1313.15 97.376626 0.4987695088866244 0.564193 240.636759 -1230794.478169 36.141132 -294.726020 2810.229353 125.600618 -9.625 0.000 2.381909 3.098819 3.973 0.834619 0.000
500.00 1303.15 97.391154 0.4654924837174423 0.532634 238.937262 -1233263.020174 36.000724 -287.576216 2763.674587 124.769637 -9.771 0.000 2.364242 3.093893 4.050 0.911187 0.000
500.00 1293.15 97.402545 0.4366538347109720 0.504841 237.333664 -1235536.836157 35.877792 -281.135255 2722.836444 124.043015 -9.919 0.000 2.348157 3.088698 4.121 0.987513 0.000
500.00 1283.15 97.413773 0.3872594525071608 0.439666 235.382916 -1238238.513449 36.710814 -2621.514665 3668.227402 123.098812 -10.069 0.000 2.337251 2.901724 4.256 1.00018 0.000
500.00 1273.15 97.414768 0.3452409656616964 0.384591 233.558291 -1240587.468626 37.551970 -4873.561653 4603.573845 122.146299 -10.221 0.000 2.328708 2.760005 4.428 1.00021 0.000
500.00 1263.15 97.413364 0.3085098502425220 0.338118 231.847047 -1242734.050361 38.281563 -6849.291112 5452.611170 121.326018 -10.376 0.000 2.321826 2.658485 4.598 1.00022 0.000
500.00 1253.15 97.410359 0.2764033299192386 0.298755 230.234177 -1244712.920801 38.905277 -8566.745650 6218.538247 120.618223 -10.534 0.000 2.316456 2.583590 4.764 1.00023 0.000
500.00 1243.15 97.406086 0.2485387421274017 0.265525 228.708822 -1246545.265269 39.428289 -10037.267472 6901.842666 120.006440 -10.694 0.000 2.312417 2.527598 4.927 1.00024 0.000
500.00 1233.15 97.400837 0.2245014595797134 0.237543 227.260173 -1248251.136953 39.858238 -11278.351659 7505.974377 119.475971 -10.857 0.000 2.309516 2.485481 5.084 1.00023 0.000
500.00 1223.15 97.394862 0.2038411748957737 0.213991 225.877297 -1249849.731652 40.204809 -12312.877183 8037.188950 119.013511 -11.022 0.000 2.307563 2.453751 5.237 1.00023 0.000
500.00 1213.15 97.388369 0.1860923610989530 0.194123 224.549447 -1251358.963578 40.478797 -13166.892562 8503.717498 118.607168 -11.190 0.000 2.306377 2.429887 5.384 1.00022 0.000
500.00 1203.15 97.381523 0.1708025763337515 0.177276 223.266534 -1252794.881893 40.691076 -13867.045675 8914.694910 118.246602 -11.361 0.000 2.305801 2.412021 5.525 1.00021 0.000
500.00 1193.15 97.374446 0.1575563740793813 0.162879 222.019504 -1254171.274016 40.851787 -14438.486912 9279.212973 117.923099 -11.534 0.000 2.305706 2.398760 5.661 1.0002 0.000
500.00 1183.15 97.366018 0.1457494586734869 0.150206 220.792226 -1255489.427830 40.979924 -14926.286223 9616.332320 117.619261 -11.711 0.000 2.305445 2.388405 5.807 1.00018 0.000
500.00 1173.15 97.351047 0.1270649580265528 0.130228 219.439476 -1256834.601273 41.194090 -15666.542310 10084.892141 117.222884 -11.890 0.000 2.305827 2.371823 5.934 1.00017 0.000
500.00 1163.15 97.334323 0.1092639275822935 0.111473 218.094507 -1258128.634380 41.373020 -16327.971295 10531.581005 116.839982 -12.073 0.000 2.305990 2.358452 6.060 1.00015 0.000
500.00 1153.15 97.317568 0.0941405037648803 0.095795 216.790730 -1259361.351321 41.493811 -16844.349224 10922.731332 116.484916 -12.259 0.000 2.304850 2.349642 6.222 1.00013 0.000
500.00 1143.15 97.301647 0.0817268023513879 0.083056 215.525466 -1260550.954836 41.564163 -17231.006574 11263.803692 116.176589 -12.448 0.000 2.303531 2.344392 6.385 1.00011 0.000
500.00 1133.15 97.283369 0.0688936048234765 0.069946 214.236243 -1261716.461692 41.630472 -17626.340244 11624.970264 115.870276 -12.641 0.000 2.301655 2.339476 6.556 1.0001 0.000
500.00 1123.15 97.259048 0.0535605722011375 0.054312 212.881220 -1262844.243070 41.720718 -18121.173128 12056.844332 115.539076 -12.837 0.000 2.298930 2.333046 6.737 1.00009 0.000
500.00 1113.15 97.234159 0.0400540337054578 0.040600 211.551501 -1263921.354272 41.775315 -18529.417031 12460.742879 115.242882 -13.036 0.000 2.296227 2.328876 6.920 1.00008 0.000
500.00 1103.15 97.209130 0.0281337541366594 0.028527 210.242913 -1264959.962839 41.799334 -18862.359639 12840.980125 114.977725 -13.239 0.000 2.293585 2.326555 7.101 1.00007 0.000
500.00 1093.15 97.184983 0.0178437347298750 0.018111 208.956989 -1265975.617261 41.794254 -19119.040307 13195.228350 114.744060 -13.446 0.000 2.291046 2.325951 7.281 1.00006 0.000
500.00 1083.15 97.163612 0.0095281985955179 0.009687 207.701535 -1266991.298568 41.758386 -19285.958912 13513.568436 114.546821 -13.656 0.000 2.288653 2.327178 7.459 1.00005 0.000
500.00 1073.15 97.147013 0.0035163165013821 0.003584 206.484186 -1268031.951552 41.690722 -19350.789827 13785.944908 114.391034 -13.871 0.000 2.286448 2.330340 7.632 1.00004 0.000
500.00 1063.15 97.136642 0.0000000000000000 0.000000 205.309810 -1269116.775071 41.591275 -19307.386241 14005.310572 114.279685 -14.089 0.000 0.000000 2.335505 7.748 1 0.000
500.00 1053.15 97.135930 0.0000000000000000 0.000000 204.200943 -1270278.479592 41.449215 -19115.235275 14142.251087 114.224909 -14.312 0.000 0.000000 2.343493 7.748 1 0.000
500.00 1043.15 97.135231 0.0000000000000000 0.000000 203.082191 -1271439.691833 41.305707 -18922.689685 14287.441119 114.187457 -14.539 0.000 0.000000 2.351618 7.748 1 0.000
500.00 1033.15 97.134546 0.0000000000000000 0.000000 201.953162 -1272600.618127 41.160663 -18729.729084 14441.699850 114.173327 -14.770 0.000 0.000000 2.359888 7.748 1 0.000
500.00 1023.15 97.127343 0.0000000000000000 0.000000 200.749113 -1273721.231226 40.930759 -18340.537127 14462.833063 114.179618 -15.006 0.000 0.000000 2.372967 7.748 1 0.000
500.00 1013.15 97.118445 0.0000000000000000 0.000000 199.514022 -1274834.109983 40.678001 -17894.237207 14445.993889 114.226490 -15.246 0.000 0.000000 2.387493 7.748 1 0.000
