Title: Mr1

Bulk Composition:
Pressure Temperature mass SiO2 TiO2 Al2O3 Fe2O3 Cr2O3 FeO MnO MgO CaO Na2O K2O P2O5 H2O 
500.00 1523.15 100.098657 48.8811 1.12068 15.2997 2.32437 0.0169491 8.93014 0.194901 6.95795 11.353 2.12442 0.360566 0.126685 2.30957
500.00 1513.15 100.099260 48.8808 1.12067 15.2996 2.33037 0.016949 8.92468 0.1949 6.95791 11.3529 2.1244 0.360564 0.126685 2.30956
500.00 1503.15 100.099901 48.8805 1.12067 15.2995 2.33674 0.0169489 8.91888 0.194898 6.95787 11.3528 2.12439 0.360562 0.126684 2.30954
500.00 1493.15 100.100579 48.8802 1.12066 15.2994 2.34349 0.0169487 8.91273 0.194897 6.95782 11.3527 2.12438 0.360559 0.126683 2.30953
500.00 1483.15 100.101298 48.8798 1.12065 15.2993 2.35063 0.0169486 8.90622 0.194896 6.95777 11.3527 2.12436 0.360557 0.126682 2.30951
500.00 1473.15 100.102057 48.8794 1.12064 15.2992 2.35819 0.0169485 8.89934 0.194894 6.95772 11.3526 2.12435 0.360554 0.126681 2.30949
500.00 1463.15 100.102858 48.879 1.12063 15.2991 2.36616 0.0169484 8.89208 0.194893 6.95766 11.3525 2.12433 0.360551 0.12668 2.30948
500.00 1453.15 100.103703 48.8786 1.12062 15.2989 2.37456 0.0169482 8.88443 0.194891 6.9576 11.3524 2.12431 0.360548 0.126679 2.30946
500.00 1443.15 100.104592 48.8782 1.12061 15.2988 2.38341 0.0169481 8.87637 0.194889 6.95754 11.3523 2.12429 0.360545 0.126678 2.30944
500.00 1433.15 100.105528 48.8777 1.1206 15.2987 2.39272 0.0169479 8.86789 0.194887 6.95748 11.3522 2.12427 0.360542 0.126677 2.30941
500.00 1423.15 100.106512 48.8773 1.12059 15.2985 2.4025 0.0169477 8.85897 0.194885 6.95741 11.3521 2.12425 0.360538 0.126676 2.30939
500.00 1413.15 100.107546 48.8768 1.12058 15.2983 2.41278 0.0169476 8.84961 0.194883 6.95734 11.352 2.12423 0.360534 0.126674 2.30937
500.00 1403.15 100.108450 48.8763 1.12057 15.2982 2.42177 0.0169474 8.84142 0.194882 6.95727 11.3519 2.12421 0.360531 0.126673 2.30935
500.00 1393.15 100.109166 48.876 1.12056 15.2981 2.4289 0.0169473 8.83493 0.19488 6.95722 11.3518 2.12419 0.360528 0.126672 2.30933
500.00 1383.15 100.111776 48.8747 1.12053 15.2977 2.45486 0.0169468 8.81128 0.194875 6.95704 11.3515 2.12414 0.360519 0.126669 2.30927
500.00 1373.15 100.121507 48.8699 1.12042 15.2962 2.55162 0.0169452 8.72314 0.194856 6.95637 11.3504 2.12393 0.360484 0.126657 2.30905
500.00 1363.15 100.134604 48.8635 1.12028 15.2942 2.68184 0.016943 8.60453 0.194831 6.95546 11.3489 2.12365 0.360437 0.12664 2.30874
500.00 1353.15 100.173338 48.8447 1.11984 15.2883 3.06674 0.0169364 8.25393 0.194755 6.95277 11.3445 2.12283 0.360297 0.126591 2.30785
500.00 1343.15 100.216528 48.8236 1.11936 15.2817 3.49558 0.0169291 7.86332 0.194671 6.94977 11.3396 2.12192 0.360142 0.126536 2.30686
500.00 1333.15 100.246696 48.8089 1.11902 15.2771 3.7949 0.016924 7.59067 0.194613 6.94768 11.3362 2.12128 0.360034 0.126498 2.30616
500.00 1323.15 100.283801 48.7908 1.11861 15.2715 4.16279 0.0169178 7.25556 0.194541 6.94511 11.332 2.1205 0.359901 0.126452 2.30531
500.00 1313.15 100.291743 48.787 1.11852 15.2702 4.2415 0.0169164 7.18386 0.194525 6.94456 11.3311 2.12033 0.359872 0.126442 2.30513
500.00 1303.15 100.293879 48.7859 1.1185 15.2699 4.26267 0.0169161 7.16458 0.194521 6.94441 11.3309 2.12028 0.359864 0.126439 2.30508
500.00 1293.15 100.291947 48.7869 1.11852 15.2702 4.24353 0.0169164 7.18202 0.194525 6.94454 11.3311 2.12032 0.359871 0.126441 2.30512
500.00 1283.15 100.287179 48.7892 1.11857 15.2709 4.19627 0.0169172 7.22507 0.194534 6.94487 11.3316 2.12042 0.359888 0.126447 2.30523
500.00 1273.15 100.280490 48.7925 1.11865 15.272 4.12997 0.0169183 7.28546 0.194547 6.94534 11.3324 2.12057 0.359912 0.126456 2.30539
500.00 1263.15 100.272563 48.7963 1.11874 15.2732 4.05139 0.0169197 7.35703 0.194563 6.94589 11.3333 2.12073 0.359941 0.126466 2.30557
500.00 1253.15 100.263892 48.8005 1.11883 15.2745 3.96543 0.0169211 7.43533 0.194579 6.94649 11.3343 2.12092 0.359972 0.126477 2.30577
500.00 1243.15 100.254826 48.8049 1.11893 15.2759 3.87553 0.0169227 7.51722 0.194597 6.94712 11.3353 2.12111 0.360005 0.126488 2.30598
500.00 1233.15 100.245599 48.8094 1.11904 15.2773 3.78401 0.0169242 7.60058 0.194615 6.94776 11.3363 2.1213 0.360038 0.1265 2.30619
500.00 1223.15 100.236168 48.814 1.11914 15.2787 3.69046 0.0169258 7.6858 0.194633 6.94841 11.3374 2.1215 0.360072 0.126512 2.3064
500.00 1213.15 100.226606 48.8187 1.11925 15.2802 3.59558 0.0169274 7.77222 0.194652 6.94907 11.3385 2.12171 0.360106 0.126524 2.30662
500.00 1203.15 100.217237 48.8233 1.11935 15.2816 3.50261 0.016929 7.85691 0.19467 6.94972 11.3395 2.1219 0.36014 0.126536 2.30684
500.00 1193.15 100.205009 48.8292 1.11949 15.2835 3.38124 0.0169311 7.96746 0.194694 6.95057 11.3409 2.12216 0.360184 0.126551 2.30712
500.00 1183.15 100.192360 48.8354 1.11963 15.2854 3.25566 0.0169332 8.08185 0.194718 6.95145 11.3423 2.12243 0.360229 0.126567 2.30741
500.00 1173.15 100.180074 48.8414 1.11977 15.2873 3.13365 0.0169353 8.19299 0.194742 6.9523 11.3437 2.12269 0.360273 0.126582 2.3077
500.00 1163.15 100.168145 48.8472 1.1199 15.2891 3.01516 0.0169373 8.30092 0.194765 6.95313 11.3451 2.12294 0.360316 0.126598 2.30797
500.00 1153.15 100.156554 48.8528 1.12003 15.2909 2.89999 0.0169393 8.40582 0.194788 6.95393 11.3464 2.12319 0.360358 0.126612 2.30824
500.00 1143.15 100.142988 48.8595 1.12018 15.2929 2.76518 0.0169416 8.52862 0.194814 6.95487 11.3479 2.12348 0.360407 0.126629 2.30855
500.00 1133.15 100.127220 48.8671 1.12036 15.2953 2.60843 0.0169442 8.6714 0.194845 6.95597 11.3497 2.12381 0.360463 0.126649 2.30891
500.00 1123.15 100.111517 48.8748 1.12053 15.2977 2.45228 0.0169469 8.81363 0.194876 6.95706 11.3515 2.12414 0.36052 0.126669 2.30928
500.00 1113.15 100.095943 48.8824 1.12071 15.3001 2.29736 0.0169495 8.95474 0.194906 6.95814 11.3533 2.12448 0.360576 0.126689 2.30964
500.00 1103.15 100.080554 48.8899 1.12088 15.3025 2.14424 0.0169521 9.09422 0.194936 6.95921 11.355 2.1248 0.360632 0.126708 2.30999
500.00 1093.15 100.065399 48.8973 1.12105 15.3048 1.9934 0.0169547 9.23162 0.194965 6.96027 11.3567 2.12512 0.360686 0.126728 2.31034
500.00 1083.15 100.050513 48.9046 1.12122 15.3071 1.8452 0.0169572 9.36661 0.194994 6.9613 11.3584 2.12544 0.36074 0.126746 2.31068
500.00 1073.15 100.020737 48.9192 1.12155 15.3116 1.54861 0.0169623 9.63677 0.195053 6.96337 11.3618 2.12607 0.360847 0.126784 2.31137
500.00 1063.15 99.998876 48.9299 1.1218 15.315 1.33074 0.016966 9.83522 0.195095 6.9649 11.3643 2.12654 0.360926 0.126812 2.31188
500.00 1053.15 99.998360 48.9301 1.1218 15.315 1.32561 0.0169661 9.8399 0.195096 6.96493 11.3644 2.12655 0.360928 0.126813 2.31189
500.00 1043.15 99.997855 48.9304 1.12181 15.3151 1.32057 0.0169661 9.84448 0.195097 6.96497 11.3644 2.12656 0.36093 0.126813 2.3119
500.00 1033.15 99.997361 48.9306 1.12181 15.3152 1.31564 0.0169662 9.84897 0.195098 6.965 11.3645 2.12657 0.360932 0.126814 2.31191
500.00 1023.15 99.976863 48.9406 1.12204 15.3183 1.11127 0.0169697 10.0351 0.195138 6.96643 11.3668 2.12701 0.361006 0.12684 2.31239
500.00 1013.15 99.956321 48.9507 1.12227 15.3215 0.894229 0.0169732 10.2327 0.195178 6.96786 11.3691 2.12744 0.36108 0.126866 2.31408