Title: Mr1

Phase Volumes:
Pressure Temperature mass V liquid_0 olivine_0 orthopyroxene_0 clinopyroxene_0 biotite_0 feldspar_0 feldspar_1 spinel_0 rhm-oxide_0 apatite water 
500.00 1523.15 100.098657 46.194762 39.678413 0.000000 0.000000 0.000000 0.000000 0.000000 0.000000 0.000000 0.000000 0.000000 6.516349 
500.00 1513.15 100.099260 46.045952 39.638567 0.000000 0.000000 0.000000 0.000000 0.000000 0.000000 0.000000 0.000000 0.000000 6.407386 
500.00 1503.15 100.099901 45.896910 39.598835 0.000000 0.000000 0.000000 0.000000 0.000000 0.000000 0.000000 0.000000 0.000000 6.298075 
500.00 1493.15 100.100579 45.747634 39.559221 0.000000 0.000000 0.000000 0.000000 0.000000 0.000000 0.000000 0.000000 0.000000 6.188413 
500.00 1483.15 100.101298 45.598125 39.519728 0.000000 0.000000 0.000000 0.000000 0.000000 0.000000 0.000000 0.000000 0.000000 6.078397 
500.00 1473.15 100.102057 45.448383 39.480359 0.000000 0.000000 0.000000 0.000000 0.000000 0.000000 0.000000 0.000000 0.000000 5.968024 
500.00 1463.15 100.102858 45.298408 39.441116 0.000000 0.000000 0.000000 0.000000 0.000000 0.000000 0.000000 0.000000 0.000000 5.857291 
500.00 1453.15 100.103703 45.148199 39.402003 0.000000 0.000000 0.000000 0.000000 0.000000 0.000000 0.000000 0.000000 0.000000 5.746196 
500.00 1443.15 100.104592 44.997759 39.363024 0.000000 0.000000 0.000000 0.000000 0.000000 0.000000 0.000000 0.000000 0.000000 5.634735 
500.00 1433.15 100.105528 44.847087 39.324180 0.000000 0.000000 0.000000 0.000000 0.000000 0.000000 0.000000 0.000000 0.000000 5.522907 
500.00 1423.15 100.106512 44.696186 39.285476 0.000000 0.000000 0.000000 0.000000 0.000000 0.000000 0.000000 0.000000 0.000000 5.410710 
500.00 1413.15 100.107546 44.545057 39.246914 0.000000 0.000000 0.000000 0.000000 0.000000 0.000000 0.000000 0.000000 0.000000 5.298143 
500.00 1403.15 100.108450 44.395773 39.187105 0.019450 0.000000 0.000000 0.000000 0.000000 0.000000 0.000000 0.000000 0.000000 5.189218 
500.00 1393.15 100.109166 44.598261 37.802990 0.119108 0.000000 0.995906 0.000000 0.000000 0.000000 0.000000 0.000000 0.000000 5.680257 
500.00 1383.15 100.111776 44.973234 35.851616 0.131307 0.000000 2.527583 0.000000 0.000000 0.000000 0.000000 0.000000 0.000000 6.462727 
500.00 1373.15 100.121507 45.331499 33.956792 0.139943 0.000000 3.980149 0.000000 0.000000 0.000000 0.046138 0.000000 0.000000 7.208478 
500.00 1363.15 100.134604 46.538522 30.637623 0.373484 0.000000 5.133030 0.000000 1.308602 0.000000 0.140392 0.000000 0.000000 8.945390 
500.00 1353.15 100.173338 48.069990 26.714277 0.598723 0.000000 6.199157 0.000000 3.083610 0.000000 0.423847 0.000000 0.000000 11.050375 
500.00 1343.15 100.216528 49.486921 23.147324 0.725737 0.000000 7.109585 0.000000 4.772716 0.000000 0.748839 0.000000 0.000000 12.982720 
500.00 1333.15 100.246696 50.711440 20.135463 0.789420 0.000000 7.821023 0.000000 6.318212 0.000000 0.995771 0.000000 0.000000 14.651553 
500.00 1323.15 100.283801 52.265247 16.320020 0.000000 1.532776 8.134160 0.000000 8.177986 0.000000 1.246969 0.000000 0.000000 16.853335 
500.00 1313.15 100.291743 53.238115 13.967736 0.000000 1.941281 8.190721 0.000000 9.600236 0.000000 1.348582 0.000000 0.000000 18.189559 
500.00 1303.15 100.293879 54.011589 12.027265 0.000000 2.279015 8.212380 0.000000 10.809765 0.000000 1.412758 0.000000 0.000000 19.270406 
500.00 1293.15 100.291947 54.612965 10.421898 0.000000 2.564157 8.213882 0.000000 11.830308 0.000000 1.450114 0.000000 0.000000 20.132604 
500.00 1283.15 100.287179 55.064651 9.095946 0.000000 2.810082 8.202051 0.000000 12.683102 0.000000 1.468112 0.000000 0.000000 20.805359 
500.00 1273.15 100.280490 55.388375 8.002383 0.000000 3.026590 8.180327 0.000000 13.390518 0.000000 1.472275 0.000000 0.000000 21.316281 
500.00 1263.15 100.272563 55.605148 7.099663 0.000000 3.220687 8.150913 0.000000 13.975296 0.000000 1.466733 0.000000 0.000000 21.691856 
500.00 1253.15 100.263892 55.734306 6.351476 0.000000 3.397301 8.115589 0.000000 14.458998 0.000000 1.454515 0.000000 0.000000 21.956427 
500.00 1243.15 100.254826 55.792606 5.727223 0.000000 3.559892 8.075925 0.000000 14.860662 0.000000 1.437787 0.000000 0.000000 22.131119 
500.00 1233.15 100.245599 55.793906 5.201960 0.000000 3.710930 8.033289 0.000000 15.196232 0.000000 1.418054 0.000000 0.000000 22.233440 
500.00 1223.15 100.236168 55.751073 4.747247 0.000000 3.854314 7.988221 0.000000 15.481195 0.000000 1.395858 0.000000 0.003748 22.280490 
500.00 1213.15 100.226606 55.672295 4.348239 0.000000 3.991515 7.941502 0.000000 15.725176 0.000000 1.371777 0.000000 0.011370 22.282717 
500.00 1203.15 100.217237 55.562071 4.004210 0.000000 4.120838 7.894697 0.000000 15.932797 0.000000 1.346930 0.000000 0.017785 22.244814 
500.00 1193.15 100.205009 55.450552 3.672387 0.034536 4.226603 7.843294 0.000000 16.132805 0.000000 1.311933 0.000000 0.024886 22.204108 
500.00 1183.15 100.192360 55.321111 3.370072 0.071304 4.330107 7.791548 0.000000 16.310782 0.000000 1.274386 0.000000 0.031505 22.141407 
500.00 1173.15 100.180074 55.170833 3.099332 0.102193 4.435410 7.741156 0.000000 16.465288 0.000000 1.236790 0.000000 0.037357 22.053306 
500.00 1163.15 100.168145 55.002511 2.855188 0.128182 4.541810 7.692471 0.000000 16.599839 0.000000 1.199148 0.000000 0.042554 21.943320 
500.00 1153.15 100.156554 54.818443 2.633455 0.150086 4.648901 7.645774 0.000000 16.717279 0.000000 1.161377 0.000000 0.047191 21.814379 
500.00 1143.15 100.142988 54.644635 2.365511 0.171713 4.777641 7.599903 0.000000 16.857450 0.000000 1.089697 0.024432 0.052747 21.705542 
500.00 1133.15 100.127220 54.477992 2.055369 0.192413 4.926935 7.554069 0.000000 17.019184 0.000000 0.988390 0.069750 0.059056 21.612827 
500.00 1123.15 100.111517 54.294755 1.766991 0.209394 5.074414 7.509464 0.000000 17.166685 0.000000 0.892395 0.110713 0.064755 21.499944 
500.00 1113.15 100.095943 54.096657 1.497254 0.223298 5.219188 7.466172 0.000000 17.302545 0.000000 0.801571 0.147712 0.069949 21.368968 
500.00 1103.15 100.080554 53.885173 1.243442 0.234642 5.360572 7.424237 0.000000 17.429001 0.000000 0.715776 0.181092 0.074729 21.221682 
500.00 1093.15 100.065399 53.661568 1.003162 0.243840 5.498068 7.383675 0.000000 17.547999 0.000000 0.634855 0.211169 0.079178 21.059623 
500.00 1083.15 100.050513 53.426921 0.774298 0.251224 5.631350 7.344471 0.000000 17.661225 0.000000 0.558632 0.238231 0.083369 20.884123 
500.00 1073.15 100.020737 53.244973 0.313169 0.260544 5.881454 7.291186 0.000000 17.716744 0.187058 0.412831 0.284626 0.091876 20.805487 
500.00 1063.15 99.998876 53.015232 0.000000 0.265613 6.064968 7.248132 0.000000 17.738895 0.322339 0.311024 0.315578 0.097691 20.650991 
500.00 1053.15 99.998360 52.701276 0.000000 0.266094 6.078870 7.227101 0.000000 17.703511 0.351558 0.312264 0.315938 0.097691 20.348249 
500.00 1043.15 99.997855 52.384015 0.000000 0.266436 6.091929 7.207247 0.000000 17.669165 0.379538 0.313499 0.316271 0.097691 20.042239 
500.00 1033.15 99.997361 52.063255 0.000000 0.266639 6.104242 7.188497 0.000000 17.635791 0.406322 0.314724 0.316575 0.097691 19.732774 
500.00 1023.15 99.976863 51.500227 0.000000 0.257897 6.102036 7.167521 0.253932 17.673111 0.209308 0.227442 0.339870 0.097691 19.171419 
500.00 1013.15 99.956321 50.937839 0.000000 0.246472 6.096697 7.142271 0.523876 17.719574 0.000000 0.139555 0.362794 0.097691 18.608909 
