Title: Hr

liquid_0 thermodynamic data and composition:
Pressure Temperature mass S H V Cp viscosity SiO2 TiO2 Al2O3 Fe2O3 FeO MnO MgO CaO Na2O K2O P2O5 H2O Mg#
500.00 1523.15 98.020346 265.359495 -1163199.020779 36.021034 146.371226 2.026 48.2299 1.45154 15.9784 2.58093 10.0418 0.202917 7.36837 11.2391 2.38869 0.355028 0.163333 0 56.7
500.00 1513.15 98.021007 264.396622 -1164672.428890 35.997142 146.374622 2.067 48.2296 1.45153 15.9783 2.58765 10.0357 0.202916 7.36832 11.239 2.38867 0.355026 0.163332 0 56.7
500.00 1503.15 98.021710 263.427386 -1166146.502964 35.973283 146.378226 2.109 48.2292 1.45152 15.9782 2.59479 10.0292 0.202914 7.36827 11.2389 2.38865 0.355023 0.163331 0 56.7
500.00 1493.15 98.022455 262.451700 -1167621.267577 35.949458 146.382045 2.151 48.2288 1.4515 15.9781 2.60235 10.0223 0.202913 7.36821 11.2389 2.38864 0.355021 0.16333 0 56.7
500.00 1483.15 95.210484 253.926054 -1131289.594513 34.824633 142.143864 2.159 48.219 1.49437 15.4747 2.67895 10.3185 0.208906 7.58582 11.1008 2.38677 0.363943 0.168154 0 56.7
500.00 1473.15 91.344054 242.631682 -1080677.775064 33.285422 133.472332 2.148 48.1873 1.55763 14.744 2.78807 10.7591 0.217748 7.90692 10.9111 2.37613 0.376753 0.175271 0 56.7
500.00 1463.15 87.746386 232.114889 -1033576.454388 31.850117 128.196928 2.135 48.1371 1.62149 14.0185 2.89805 11.2041 0.226676 8.23111 10.7339 2.35728 0.38928 0.182458 0 56.7
500.00 1453.15 79.686698 209.775488 -930395.821825 28.803268 115.844810 2.154 48.1685 1.78033 13.2063 3.08919 11.9662 0.239088 7.96756 10.575 2.38404 0.422744 0.200912 0 54.3
500.00 1443.15 69.482591 182.055682 -801234.982357 24.978757 100.290185 2.165 47.9463 2.0122 12.6875 3.30847 13.1068 0.266449 7.50507 9.97563 2.48408 0.477151 0.230417 0 50.5
500.00 1433.15 60.433049 157.575220 -686817.337903 21.565823 86.661149 2.137 47.4308 2.28288 12.0972 3.55477 14.3667 0.306358 7.0952 9.48601 2.57668 0.53842 0.264921 0 46.8
500.00 1423.15 52.816452 136.995274 -590715.195752 18.688596 75.240968 2.092 46.801 2.58403 11.4121 3.81916 15.6944 0.350537 6.66191 9.1272 2.64386 0.602626 0.303125 0 43.1
500.00 1413.15 46.742939 120.577635 -514214.729853 16.388662 66.174014 2.037 46.1077 2.89267 10.6993 4.07916 17.0476 0.396084 6.27732 8.81127 2.68175 0.664593 0.342512 0 39.6
500.00 1403.15 41.739010 107.047561 -451258.484077 14.487854 58.738369 1.969 45.3352 3.21336 9.9471 4.33855 18.4515 0.443569 5.93773 8.53684 2.68893 0.723655 0.383574 0 36.5
500.00 1393.15 37.487047 95.550257 -397783.347651 12.866170 52.452041 1.885 44.4577 3.55288 9.13798 4.60188 19.9421 0.493881 5.64173 8.30488 2.66162 0.778348 0.427081 0 33.5
500.00 1383.15 33.746367 85.438820 -350703.939434 11.431709 46.953528 1.778 43.427 3.92306 8.24046 4.87594 21.5821 0.548626 5.39147 8.12033 2.59145 0.8252 0.474421 0 30.8
500.00 1373.15 30.268429 76.047763 -306811.870193 10.087096 41.878445 1.633 42.1262 4.35157 7.17897 5.17545 23.5193 0.611665 5.1987 7.99866 2.45695 0.853604 0.528934 0 28.3
500.00 1363.15 26.281528 65.323961 -256047.841241 8.518313 36.137526 1.362 39.9004 4.98896 5.53715 5.57818 26.5742 0.704454 5.14783 8.03271 2.14116 0.785821 0.609173 0 25.7
500.00 1353.15 22.546641 55.270070 -208586.599421 7.030936 30.813984 0.999 36.8332 5.78153 3.67631 5.9765 30.6089 0.821148 5.21313 8.16069 1.71478 0.503671 0.710084 0 23.3
500.00 1343.15 21.073715 51.225028 -190499.947712 6.457931 28.688004 0.872 35.4749 6.15612 3.03209 6.12885 32.4394 0.878541 5.09058 8.05991 1.58407 0.39587 0.759714 0 21.9
500.00 1333.15 20.096553 48.503750 -178780.671112 6.083610 27.268585 0.799 34.5396 6.42633 2.65334 6.23013 33.7176 0.921259 4.94334 7.91827 1.51757 0.335908 0.796654 0 20.7
500.00 1323.15 16.479916 39.421112 -141886.529892 4.919623 22.156434 0.736 34.1014 4.87043 2.08635 6.41882 36.717 1.06041 4.49797 7.49217 1.56134 0.222664 0.971485 0 17.9
500.00 1313.15 15.009238 35.646878 -126741.558672 4.436504 20.072461 0.695 33.6232 4.27202 1.77526 6.51806 38.4233 1.13906 4.23376 7.19364 1.58283 0.172195 1.06668 0 16.4

clinopyroxene_1 thermodynamic data and composition:
Pressure Temperature mass S H V Cp structure formula SiO2 TiO2 Al2O3 Fe2O3 FeO MnO MgO CaO Na2O K2O P2O5 H2O
500.00 1433.15 1.999100 4.764883 -24542.499622 0.611879 2.437615 cpx Na0.01Ca0.26Fe''0.39Mg1.24Fe'''0.05Ti0.01Al0.14Si1.90O6 52.2106 0.219354 3.28657 1.81595 12.7349 0 22.9041 6.73423 0.0943209 0 0 0
500.00 1423.15 2.292679 5.437652 -27955.599978 0.699171 2.783202 cpx Na0.01Ca0.26Fe''0.41Mg1.22Fe'''0.05Ti0.01Al0.14Si1.90O6 51.9752 0.24096 3.2485 1.902 13.5193 0 22.3595 6.65452 0.100049 0 0 0
500.00 1413.15 1.825478 4.308097 -22108.392272 0.554696 2.206425 cpx Na0.01Ca0.26Fe''0.44Mg1.20Fe'''0.05Ti0.01Al0.14Si1.90O6 51.762 0.258867 3.19274 1.9771 14.308 0 21.8408 6.55518 0.105318 0 0 0
500.00 1403.15 1.491500 3.502294 -17941.441475 0.451610 1.795033 cpx Na0.01Ca0.25Fe''0.47Mg1.17Fe'''0.06Ti0.01Al0.14Si1.90O6 51.5723 0.272325 3.1163 2.03973 15.1051 0 21.3412 6.44296 0.110141 0 0 0
500.00 1393.15 1.244874 2.908334 -14873.129725 0.375622 1.491850 cpx Na0.01Ca0.25Fe''0.49Mg1.15Fe'''0.06Ti0.01Al0.13Si1.90O6 51.4089 0.280444 3.01457 2.08734 15.9142 0 20.8556 6.32449 0.114517 0 0 0
500.00 1383.15 1.058809 2.460832 -12563.743732 0.318386 1.263492 cpx Na0.01Ca0.25Fe''0.52Mg1.13Fe'''0.06Ti0.01Al0.13Si1.90O6 51.278 0.282041 2.87957 2.11546 16.7398 0 20.3796 6.20717 0.118423 0 0 0
500.00 1373.15 0.918856 2.124165 -10827.727897 0.275376 1.091810 cpx Na0.01Ca0.24Fe''0.55Mg1.11Fe'''0.06Ti0.01Al0.12Si1.91O6 51.1929 0.27507 2.69374 2.11469 17.5923 0 19.908 6.10149 0.121757 0 0 0
500.00 1363.15 0.832309 1.913036 -9735.898464 0.248615 0.984545 cpx Na0.01Ca0.24Fe''0.58Mg1.08Fe'''0.06Ti0.01Al0.10Si1.92O6 51.2088 0.25202 2.3782 2.04487 18.5366 0 19.4157 6.03977 0.124042 0 0 0
500.00 1353.15 0.417743 0.954339 -4843.182291 0.124286 0.491597 cpx Na0.01Ca0.24Fe''0.62Mg1.05Fe'''0.06Ti0.01Al0.09Si1.92O6 51.1561 0.235655 2.09647 1.98612 19.6308 0 18.8194 5.95026 0.125297 0 0 0
500.00 1343.15 0.153142 0.347962 -1761.407281 0.045383 0.179380 cpx Na0.01Ca0.23Fe''0.65Mg1.03Fe'''0.06Ti0.01Al0.09Si1.92O6 50.9384 0.242073 2.05068 2.0414 20.5387 0 18.2985 5.76392 0.126336 0 0 0
500.00 1333.15 0.113283 0.256040 -1293.090357 0.033441 0.132102 cpx Na0.01Ca0.23Fe''0.68Mg1.01Fe'''0.06Ti0.01Al0.09Si1.92O6 50.695 0.252684 2.0498 2.11922 21.3884 0 17.8107 5.55725 0.127001 0 0 0

feldspar_0 thermodynamic data and composition:
Pressure Temperature mass S H V Cp formula SiO2 TiO2 Al2O3 Fe2O3 FeO MnO MgO CaO Na2O K2O P2O5 H2O
500.00 1483.15 2.811946 6.904620 -38742.736608 1.054104 3.469890 K0.00Na0.22Ca0.78Al1.78Si2.22O8 48.5615 0 33.0216 0 0 0 0 15.912 2.45199 0.0529226 0 0
500.00 1473.15 3.867039 9.475429 -53311.407270 1.451111 4.768514 K0.00Na0.23Ca0.76Al1.76Si2.24O8 48.9747 0 32.7414 0 0 0 0 15.5844 2.63819 0.0613121 0 0
500.00 1463.15 3.598287 8.798748 -49634.763168 1.351755 4.434035 K0.00Na0.25Ca0.74Al1.74Si2.26O8 49.4152 0 32.4424 0 0 0 0 15.235 2.83614 0.0712355 0 0
500.00 1453.15 5.409909 13.205390 -74660.025317 2.035265 6.662121 K0.01Na0.27Ca0.72Al1.72Si2.28O8 49.9704 0 32.0649 0 0 0 0 14.794 3.08365 0.0870349 0 0
500.00 1443.15 4.807684 11.721652 -66369.807151 1.812497 5.917305 K0.01Na0.30Ca0.69Al1.69Si2.31O8 50.7425 0 31.5395 0 0 0 0 14.1803 3.42674 0.11096 0 0
500.00 1433.15 4.264542 10.385200 -58887.623663 1.611219 5.246292 K0.01Na0.33Ca0.66Al1.66Si2.34O8 51.5404 0 30.9945 0 0 0 0 13.5445 3.77618 0.144327 0 0
500.00 1423.15 3.753865 9.130476 -51847.528182 1.421407 4.615478 K0.01Na0.36Ca0.63Al1.63Si2.37O8 52.3529 0 30.4372 0 0 0 0 12.8951 4.12564 0.189124 0 0
500.00 1413.15 3.078160 7.478040 -42521.486714 1.168253 3.782521 K0.01Na0.39Ca0.59Al1.59Si2.41O8 53.2036 0 29.8509 0 0 0 0 12.213 4.4844 0.248101 0 0
500.00 1403.15 2.619844 6.357330 -36192.343898 0.996771 3.217419 K0.02Na0.43Ca0.56Al1.56Si2.44O8 54.1053 0 29.2255 0 0 0 0 11.4866 4.85411 0.328514 0 0
500.00 1393.15 2.313464 5.607955 -31956.403194 0.882593 2.839343 K0.03Na0.46Ca0.52Al1.52Si2.48O8 55.0809 0 28.5424 0 0 0 0 10.6954 5.23738 0.443923 0 0
500.00 1383.15 2.133854 5.168045 -29463.751861 0.816621 2.616998 K0.04Na0.49Ca0.47Al1.47Si2.53O8 56.1778 0 27.7631 0 0 0 0 9.79652 5.63883 0.623706 0 0
500.00 1373.15 2.114588 5.118888 -29167.376557 0.812512 2.590888 K0.05Na0.53Ca0.42Al1.42Si2.58O8 57.5214 0 26.7845 0 0 0 0 8.67568 6.06743 0.950949 0 0
500.00 1363.15 2.727658 6.608335 -37486.318767 1.056095 3.335249 K0.11Na0.57Ca0.32Al1.32Si2.68O8 59.7627 0 25.0612 0 0 0 0 6.7309 6.54407 1.90113 0 0
500.00 1353.15 2.586241 6.262442 -35324.946136 1.011636 3.150218 K0.21Na0.58Ca0.21Al1.21Si2.79O8 62.2346 0 23.0152 0 0 0 0 4.46619 6.6887 3.59532 0 0
500.00 1343.15 0.751229 1.813301 -10252.512424 0.294581 0.913622 K0.23Na0.58Ca0.19Al1.19Si2.81O8 62.8324 0 22.5178 0 0 0 0 3.91637 6.71699 4.0164 0 0
500.00 1333.15 0.394948 0.950063 -5393.911221 0.154935 0.479958 K0.23Na0.59Ca0.18Al1.18Si2.82O8 63.0188 0 22.3868 0 0 0 0 3.76479 6.78888 4.04071 0 0
500.00 1323.15 0.613173 1.468892 -8351.744286 0.241529 0.742973 K0.29Na0.57Ca0.14Al1.14Si2.86O8 63.7518 0 21.6703 0 0 0 0 3.00262 6.54385 5.03145 0 0
500.00 1313.15 0.241999 0.577893 -3304.944492 0.095148 0.293358 K0.26Na0.59Ca0.16Al1.16Si2.84O8 63.5832 0 21.9025 0 0 0 0 3.23349 6.77675 4.50413 0 0

clinopyroxene_0 thermodynamic data and composition:
Pressure Temperature mass S H V Cp structure formula SiO2 TiO2 Al2O3 Fe2O3 FeO MnO MgO CaO Na2O K2O P2O5 H2O
500.00 1453.15 0.971141 2.280880 -12349.722003 0.300249 1.156863 cpx Na0.01Ca0.74Fe''0.19Mg0.92Fe'''0.06Ti0.01Al0.19Si1.87O6 50.8455 0.42357 4.39241 2.3403 6.0719 0 16.8184 18.9151 0.192901 0 0 0
500.00 1443.15 4.478886 10.495306 -56637.625179 1.380780 5.329885 cpx Na0.01Ca0.71Fe''0.21Mg0.93Fe'''0.07Ti0.01Al0.19Si1.87O6 50.7771 0.45903 4.28946 2.40371 6.8647 0 16.9172 18.0868 0.202017 0 0 0
500.00 1433.15 2.784410 6.505406 -35022.147186 0.855885 3.307436 cpx Na0.02Ca0.69Fe''0.23Mg0.93Fe'''0.07Ti0.01Al0.18Si1.87O6 50.6428 0.507628 4.23125 2.49488 7.56506 0 16.8644 17.4804 0.21363 0 0 0
500.00 1423.15 1.568463 3.647207 -19647.007407 0.480748 1.855802 cpx Na0.02Ca0.70Fe''0.25Mg0.90Fe'''0.07Ti0.02Al0.18Si1.86O6 50.3623 0.59325 4.24346 2.66034 7.93846 0 16.3875 17.5821 0.232603 0 0 0
500.00 1413.15 1.168725 2.704689 -14581.511568 0.357230 1.377463 cpx Na0.02Ca0.70Fe''0.26Mg0.88Fe'''0.08Ti0.02Al0.19Si1.86O6 50.0961 0.680796 4.23957 2.82003 8.29674 0 15.9206 17.6939 0.252298 0 0 0
500.00 1403.15 0.891679 2.053577 -11081.775979 0.271814 1.046906 cpx Na0.02Ca0.71Fe''0.27Mg0.86Fe'''0.08Ti0.02Al0.18Si1.85O6 49.8517 0.767389 4.21325 2.97077 8.6479 0 15.4682 17.8081 0.272653 0 0 0
500.00 1393.15 0.692788 1.587756 -8577.212171 0.210638 0.810341 cpx Na0.02Ca0.72Fe''0.28Mg0.84Fe'''0.09Ti0.02Al0.18Si1.85O6 49.6412 0.848135 4.15482 3.10687 9.00152 0 15.037 17.9169 0.293488 0 0 0
500.00 1383.15 0.547039 1.247588 -6747.418204 0.165918 0.637551 cpx Na0.02Ca0.72Fe''0.29Mg0.82Fe'''0.09Ti0.03Al0.18Si1.85O6 49.4853 0.914853 4.04831 3.21837 9.37108 0 14.6371 18.0106 0.314408 0 0 0
500.00 1373.15 0.442986 1.005320 -5443.838765 0.134061 0.514538 cpx Na0.02Ca0.73Fe''0.31Mg0.80Fe'''0.09Ti0.03Al0.17Si1.85O6 49.4234 0.952926 3.86163 3.28531 9.78107 0 14.2863 18.0749 0.334503 0 0 0
500.00 1363.15 0.422935 0.955044 -5177.695769 0.127772 0.489818 cpx Na0.03Ca0.73Fe''0.32Mg0.79Fe'''0.09Ti0.03Al0.15Si1.86O6 49.5915 0.920541 3.46905 3.23332 10.3283 0 14.0395 18.0672 0.350556 0 0 0
500.00 1353.15 0.725186 1.628927 -8835.464597 0.218578 0.836864 cpx Na0.03Ca0.73Fe''0.35Mg0.77Fe'''0.09Ti0.03Al0.14Si1.87O6 49.6627 0.918545 3.12808 3.21138 10.9458 0 13.6876 18.0784 0.367509 0 0 0
500.00 1343.15 0.568196 1.269645 -6892.869386 0.170749 0.652920 cpx Na0.03Ca0.74Fe''0.36Mg0.74Fe'''0.10Ti0.03Al0.14Si1.87O6 49.3465 1.03087 3.14887 3.40033 11.2868 0 13.1844 18.2112 0.391001 0 0 0
500.00 1333.15 0.469923 1.044574 -5677.063254 0.140772 0.537628 cpx Na0.03Ca0.75Fe''0.37Mg0.72Fe'''0.10Ti0.03Al0.15Si1.86O6 48.926 1.18719 3.2523 3.64929 11.5399 0 12.6556 18.3728 0.416909 0 0 0
500.00 1323.15 1.906214 4.213226 -22670.003132 0.567789 2.166655 cpx Na0.03Ca0.73Fe''0.43Mg0.68Fe'''0.11Ti0.03Al0.13Si1.87O6 48.8989 0.877373 2.97979 3.76794 13.388 0 11.9325 17.7557 0.399754 0 0 0
500.00 1313.15 0.862504 1.897071 -10133.268228 0.255628 0.975570 cpx Na0.03Ca0.70Fe''0.48Mg0.66Fe'''0.11Ti0.02Al0.13Si1.87O6 48.7581 0.753492 2.85434 3.86528 14.8234 0 11.4634 17.087 0.394985 0 0 0

olivine_0 thermodynamic data and composition:
Pressure Temperature mass S H V Cp formula SiO2 TiO2 Al2O3 Fe2O3 FeO MnO MgO CaO Na2O K2O P2O5 H2O
500.00 1453.15 1.673772 4.025660 -20209.035309 0.507089 2.062537 (Ca0.01Mg0.81Fe''0.18Mn0.01Co0.00Ni0.00)2SiO4 39.3154 0 0 0 17.2919 0.500575 42.424 0.468164 0 0 0 0
500.00 1443.15 0.915005 2.188077 -10908.270908 0.275383 1.119749 (Ca0.01Mg0.79Fe''0.20Mn0.01Co0.00Ni0.00)2SiO4 39.0387 0 0 0 18.694 0.589193 41.231 0.447136 0 0 0 0

rhm-oxide_0 thermodynamic data and composition:
Pressure Temperature mass S H V Cp formula SiO2 TiO2 Al2O3 Fe2O3 FeO MnO MgO CaO Na2O K2O P2O5 H2O
500.00 1323.15 1.111479 2.226100 -7675.346535 0.238743 1.039726 Mn0.02Fe''0.70Mg0.08Fe'''0.40Ti0.80O3 0 42.4766 0 21.1016 33.2359 0.934493 2.25145 0 0 0 0 0
500.00 1313.15 0.372877 0.744052 -2545.001583 0.079788 0.349313 Mn0.02Fe''0.70Mg0.07Fe'''0.42Ti0.79O3 0 41.6705 0 22.3569 33.0561 1.01887 1.8977 0 0 0 0 0
