Title: Hr

liquid_0 thermodynamic data and composition:
Pressure Temperature mass S H V Cp viscosity SiO2 TiO2 Al2O3 Fe2O3 FeO MnO MgO CaO Na2O K2O P2O5 H2O Mg#
500.00 1523.15 98.062564 274.897711 -1163747.093906 37.603536 147.668300 1.764 48.6718 1.40543 14.916 2.53933 9.82703 0.196813 7.50643 11.053 2.35105 0.356099 0.157247 1.01976 57.7
500.00 1513.15 98.063215 273.926309 -1165233.247893 37.566655 147.668219 1.803 48.6715 1.40542 14.9159 2.54593 9.821 0.196812 7.50638 11.053 2.35103 0.356097 0.157246 1.01975 57.7
500.00 1503.15 98.063906 272.948512 -1166720.019676 37.529835 147.668339 1.843 48.6711 1.40541 14.9158 2.55295 9.8146 0.19681 7.50633 11.0529 2.35102 0.356094 0.157244 1.01974 57.7
500.00 1493.15 98.064638 271.964231 -1168207.433279 37.493078 147.668665 1.883 48.6708 1.4054 14.9157 2.56038 9.80782 0.196809 7.50627 11.0528 2.351 0.356092 0.157243 1.01974 57.7
500.00 1483.15 98.065412 270.973377 -1169695.513739 37.456385 147.669204 1.923 48.6704 1.40539 14.9156 2.56825 9.80065 0.196807 7.50621 11.0527 2.35098 0.356089 0.157242 1.01973 57.7
500.00 1473.15 98.066231 269.990678 -1171162.404311 37.419757 144.472824 1.964 48.67 1.40538 14.9154 2.57656 9.79307 0.196806 7.50615 11.0526 2.35096 0.356086 0.157241 1.01972 57.7
500.00 1463.15 98.067095 269.008207 -1172619.880442 37.383196 144.465529 2.006 48.6695 1.40536 14.9153 2.58533 9.78507 0.196804 7.50609 11.0525 2.35094 0.356083 0.157239 1.01971 57.8
500.00 1453.15 98.068006 268.019092 -1174078.014815 37.346704 144.457928 2.048 48.6691 1.40535 14.9152 2.59457 9.77664 0.196802 7.50602 11.0524 2.35092 0.356079 0.157238 1.0197 57.8
500.00 1443.15 98.068964 267.023241 -1175536.831116 37.310283 144.450019 2.091 48.6686 1.40534 14.915 2.60431 9.76777 0.1968 7.50594 11.0523 2.3509 0.356076 0.157236 1.01969 57.8
500.00 1433.15 98.069973 266.020562 -1176996.354207 37.273933 144.441802 2.134 48.6681 1.40532 14.9149 2.61454 9.75843 0.196798 7.50587 11.0522 2.35087 0.356072 0.157235 1.01968 57.8
500.00 1423.15 97.596225 263.748959 -1172847.357861 37.083281 143.601394 2.194 48.7128 1.41214 14.9873 2.62494 9.72728 0.196118 7.33305 11.1037 2.36228 0.357801 0.157998 1.02463 57.3
500.00 1413.15 93.650838 252.528525 -1125594.064845 35.639891 137.408802 2.263 48.6974 1.44548 15.4173 2.64049 9.86776 0.203153 6.90775 10.7603 2.45514 0.372874 0.164654 1.0678 55.5
500.00 1403.15 87.992338 236.932713 -1056121.705647 33.561182 128.651499 2.325 48.7406 1.49845 15.696 2.68132 10.1329 0.213967 6.46391 10.2887 2.57615 0.396278 0.175243 1.13646 53.2
500.00 1393.15 81.304504 218.733731 -972618.455871 31.088356 118.390402 2.375 48.8841 1.57817 15.615 2.76105 10.5161 0.226462 6.04477 9.82485 2.70261 0.427212 0.189657 1.22994 50.6
500.00 1383.15 75.423557 202.744118 -899813.805001 28.920940 109.406069 2.427 49.0549 1.64807 15.545 2.82977 10.8448 0.238118 5.64213 9.38375 2.82446 0.458681 0.204445 1.32585 48.1
500.00 1373.15 70.177947 188.501670 -835511.258606 26.995794 101.430025 2.482 49.2609 1.70638 15.4877 2.8869 11.1135 0.248834 5.25437 8.96316 2.94268 0.490934 0.219727 1.42495 45.7
500.00 1363.15 65.437258 175.655616 -778052.613889 25.265171 94.258620 2.543 49.5121 1.75087 15.4447 2.93146 11.315 0.258465 4.88006 8.56103 3.0583 0.524265 0.235646 1.52818 43.5
500.00 1353.15 61.100697 163.935357 -726165.295725 23.692349 87.734903 2.609 49.8202 1.77881 15.4176 2.96202 11.4405 0.26682 4.51808 8.1756 3.17239 0.559022 0.25237 1.63664 41.3
500.00 1343.15 50.066313 135.840395 -620249.756706 20.272044 71.913592 3.106 54.0022 1.19187 16.3101 2.1787 7.78873 0.326039 3.90622 7.65664 3.65549 0.678663 0.307992 1.99735 47.2
500.00 1333.15 46.087210 125.276391 -575666.231303 18.880617 66.094713 3.247 55.0596 1.0965 16.3933 2.0263 7.11803 0.345458 3.6027 7.31229 3.80785 0.733517 0.334583 2.1698 47.4
500.00 1323.15 41.355382 112.582023 -520157.594912 17.119649 59.212492 3.371 55.9985 1.00943 16.4056 1.89284 6.51477 0.387649 3.31428 6.9732 3.99276 0.810577 0.372866 2.32748 47.6
500.00 1313.15 32.880840 89.431732 -415621.403762 13.715431 46.915703 3.507 56.978 0.933799 16.1602 1.77493 5.90527 0.552358 2.96594 6.58827 4.29579 0.992762 0.468966 2.38372 47.2
500.00 1303.15 27.234951 73.879907 -345848.698226 11.427464 38.717233 3.652 57.9605 0.894203 15.8492 1.65904 5.37408 0.708648 2.6653 6.33751 4.40256 1.16305 0.566184 2.41976 46.9
500.00 1293.15 22.944692 62.000501 -292707.306098 9.674228 32.496758 3.805 58.9445 0.875437 15.5098 1.54248 4.88648 0.841153 2.40058 6.17627 4.37637 1.33402 0.672051 2.44091 46.7
500.00 1283.15 19.416829 52.229744 -248722.890055 8.217704 27.408569 3.945 59.7829 0.866153 15.1983 1.42903 4.43882 0.993983 2.17786 6.07685 4.27194 1.51542 0.794156 2.45462 46.7
500.00 1273.15 16.539792 44.264735 -212642.650806 7.019798 23.278313 4.071 60.4788 0.864431 14.919 1.32013 4.02963 1.16688 1.98885 6.02988 4.10448 1.70291 0.932297 2.46268 46.8
500.00 1263.15 14.207469 37.813664 -183239.461748 6.041933 19.943839 4.183 61.0385 0.868263 14.6718 1.21723 3.65764 1.35844 1.82701 6.0255 3.89167 1.89173 1.08534 2.46688 47.1
500.00 1253.15 12.201032 32.298251 -157830.933008 5.198636 17.064887 4.316 61.7166 0.876459 14.5071 1.11668 3.32689 1.58183 1.67566 5.87695 3.66009 2.09126 1.09988 2.47061 47.3
500.00 1243.15 10.525727 27.702510 -136601.938230 4.493465 14.666428 4.467 62.44 0.88798 14.3534 1.01974 3.01576 1.74766 1.53334 5.72647 3.40828 2.29494 1.10418 2.4682 47.5
500.00 1233.15 9.085892 23.765977 -118356.849546 3.887250 12.611064 4.644 63.241 0.900772 14.2044 0.925886 2.71856 1.82408 1.39674 5.57052 3.14848 2.50843 1.10267 2.45848 47.8
500.00 1223.15 7.871929 20.461686 -102915.944862 3.374647 10.885272 4.825 64.0006 0.912376 14.0756 0.839381 2.44687 1.87349 1.27334 5.41353 2.89422 2.72382 1.10021 2.44655 48.1
500.00 1213.15 6.840365 17.667838 -89743.058138 2.937878 9.424830 5.009 64.7183 0.922056 13.964 0.760249 2.19971 1.89953 1.1617 5.25446 2.65041 2.93964 1.09681 2.43312 48.5
500.00 1203.15 5.955648 15.284886 -78398.651710 2.562306 8.177494 5.194 65.3942 0.929377 13.8669 0.688252 1.97573 1.90582 1.06057 5.09332 2.41982 3.1547 1.09265 2.41866 48.9
500.00 1193.15 5.189138 13.232784 -68527.885184 2.236084 7.101378 5.381 66.0291 0.934122 13.7819 0.622989 1.7733 1.89573 0.968861 4.93078 2.20376 3.36799 1.08799 2.40355 49.3
500.00 1183.15 4.517947 11.447713 -59846.561542 1.949713 6.163138 5.568 66.6238 0.93622 13.707 0.563982 1.59075 1.87228 0.885602 4.7678 2.00266 3.5787 1.08312 2.38805 49.8
500.00 1173.15 3.923802 9.878891 -52127.303393 1.695592 5.336254 5.756 67.1798 0.935694 13.6407 0.51072 1.42638 1.83808 0.809944 4.60551 1.81637 3.78615 1.07833 2.37237 50.3
500.00 1163.15 3.392057 8.485761 -45187.369484 1.467614 4.599537 5.944 67.6983 0.93262 13.5815 0.462695 1.27856 1.79539 0.741129 4.44503 1.64443 3.98976 1.07392 2.35666 50.8
500.00 1153.15 2.654552 6.597017 -35456.572615 1.150164 3.588682 6.148 68.1704 0.885933 13.582 0.420337 1.14618 1.70486 0.668269 4.25531 1.47602 4.29126 1.06453 2.33486 51.0
500.00 1143.15 1.940156 4.789567 -25978.746151 0.841710 2.615384 6.353 68.5808 0.83547 13.6057 0.381526 1.02516 1.60636 0.601403 4.066 1.31761 4.61269 1.05591 2.31141 51.1
500.00 1133.15 1.277274 3.132140 -17142.036011 0.554731 1.717172 6.555 68.9321 0.787923 13.6419 0.345971 0.915018 1.50866 0.541568 3.88378 1.17098 4.93526 1.04919 2.28759 51.3
500.00 1123.15 0.653029 1.590690 -8782.762265 0.283871 0.875724 6.754 69.2288 0.743029 13.6879 0.313569 0.815386 1.4133 0.488067 3.71001 1.03623 5.25548 1.04452 2.26375 51.6

rhm-oxide_0 thermodynamic data and composition:
Pressure Temperature mass S H V Cp formula SiO2 TiO2 Al2O3 Fe2O3 FeO MnO MgO CaO Na2O K2O P2O5 H2O
500.00 1153.15 0.207637 0.388374 -1549.208055 0.044875 0.189328 Mn0.05Fe''0.73Mg0.10Fe'''0.22Ti0.89O3 0 47.5435 0 11.921 35.2306 2.51379 2.79107 0 0 0 0 0
500.00 1143.15 0.425796 0.792570 -3173.376666 0.091913 0.387765 Mn0.05Fe''0.74Mg0.10Fe'''0.22Ti0.89O3 0 47.533 0 11.8302 35.4777 2.50957 2.64956 0 0 0 0 0
500.00 1133.15 0.622637 1.153320 -4636.649429 0.134256 0.566320 Mn0.05Fe''0.74Mg0.09Fe'''0.22Ti0.89O3 0 47.5339 0 11.7291 35.7145 2.49982 2.52268 0 0 0 0 0
500.00 1123.15 0.800988 1.476406 -5961.507763 0.172538 0.727632 Mn0.05Fe''0.75Mg0.09Fe'''0.22Ti0.89O3 0 47.5444 0 11.619 35.943 2.48572 2.40782 0 0 0 0 0
500.00 1113.15 0.975032 1.788292 -7253.438444 0.209823 0.884618 Mn0.05Fe''0.75Mg0.09Fe'''0.22Ti0.89O3 0 47.5593 0 11.5031 36.1716 2.47004 2.29599 0 0 0 0 0
500.00 1103.15 1.007330 1.838709 -7502.474892 0.216685 0.912904 Mn0.05Fe''0.76Mg0.08Fe'''0.21Ti0.89O3 0 47.6223 0 11.3592 36.3197 2.43288 2.26583 0 0 0 0 0
500.00 1093.15 1.038693 1.886786 -7745.083882 0.223340 0.940260 Mn0.05Fe''0.76Mg0.08Fe'''0.21Ti0.89O3 0 47.6863 0 11.2131 36.4684 2.39714 2.23501 0 0 0 0 0
500.00 1083.15 1.069086 1.932479 -7980.988262 0.229781 0.966655 Mn0.05Fe''0.76Mg0.08Fe'''0.21Ti0.90O3 0 47.7513 0 11.0647 36.6177 2.36279 2.20354 0 0 0 0 0

orthopyroxene_0 thermodynamic data and composition:
Pressure Temperature mass S H V Cp structure formula SiO2 TiO2 Al2O3 Fe2O3 FeO MnO MgO CaO Na2O K2O P2O5 H2O
500.00 1323.15 1.479282 3.383517 -18354.227216 0.448401 1.816165 opx Na0.00Ca0.07Fe''0.44Mg1.43Fe'''0.03Ti0.00Al0.10Si1.93O6 53.5557 0.132387 2.38142 1.09204 14.52 0 26.5023 1.79557 0.020627 0 0 0
500.00 1313.15 6.517067 14.836473 -80738.839313 1.973009 7.985280 opx Na0.00Ca0.07Fe''0.45Mg1.42Fe'''0.03Ti0.00Al0.10Si1.93O6 53.5774 0.122862 2.26949 1.04501 14.8353 0 26.331 1.79727 0.02173 0 0 0
500.00 1303.15 8.643428 19.579902 -106807.029707 2.612336 10.564395 opx Na0.00Ca0.07Fe''0.46Mg1.41Fe'''0.03Ti0.00Al0.09Si1.94O6 53.5669 0.113274 2.15768 0.998916 15.266 0 26.0716 1.80335 0.0223238 0 0 0
500.00 1293.15 9.588967 21.610643 -118113.134630 2.892417 11.687670 opx Na0.00Ca0.07Fe''0.48Mg1.39Fe'''0.03Ti0.00Al0.09Si1.94O6 53.5335 0.104343 2.05174 0.95472 15.763 0 25.7614 1.80885 0.0225431 0 0 0
500.00 1283.15 10.392444 23.301507 -127623.216002 3.128738 12.632952 opx Na0.00Ca0.07Fe''0.49Mg1.38Fe'''0.02Ti0.00Al0.08Si1.94O6 53.4947 0.0968 1.9601 0.913769 16.2391 0 25.4654 1.80754 0.0225418 0 0 0
500.00 1273.15 11.091721 24.741991 -135821.862709 3.332963 13.447770 opx Na0.00Ca0.07Fe''0.51Mg1.37Fe'''0.02Ti0.00Al0.08Si1.95O6 53.4516 0.0904374 1.88155 0.875816 16.6945 0 25.1838 1.79995 0.0223505 0 0 0
500.00 1263.15 11.714394 25.997049 -143062.371150 3.513594 14.166723 opx Na0.00Ca0.07Fe''0.52Mg1.35Fe'''0.02Ti0.00Al0.08Si1.95O6 53.4054 0.0850577 1.81459 0.840549 17.1288 0 24.9169 1.78671 0.0220085 0 0 0
500.00 1253.15 12.310832 27.179520 -149943.158997 3.685623 14.850296 opx Na0.00Ca0.07Fe''0.54Mg1.34Fe'''0.02Ti0.00Al0.08Si1.95O6 53.3536 0.0803575 1.75553 0.807306 17.5616 0 24.6506 1.76945 0.0215368 0 0 0
500.00 1243.15 12.767902 28.040735 -155066.363933 3.815022 15.361484 opx Na0.00Ca0.07Fe''0.55Mg1.33Fe'''0.02Ti0.00Al0.07Si1.95O6 53.2928 0.0761839 1.70237 0.775733 18.0112 0 24.3717 1.74905 0.0209357 0 0 0
500.00 1233.15 13.148225 28.722077 -159200.253775 3.920667 15.776587 opx Na0.00Ca0.07Fe''0.57Mg1.32Fe'''0.02Ti0.00Al0.07Si1.95O6 53.2235 0.072463 1.65404 0.745601 18.4791 0 24.0795 1.72561 0.0202337 0 0 0
500.00 1223.15 13.549465 29.440418 -163585.199698 4.032290 16.215535 opx Na0.00Ca0.07Fe''0.58Mg1.30Fe'''0.02Ti0.00Al0.07Si1.95O6 53.1543 0.0692328 1.6121 0.717091 18.9287 0 23.8008 1.69828 0.019503 0 0 0
500.00 1213.15 13.966014 30.182899 -168153.785699 4.148217 16.671535 opx Na0.00Ca0.07Fe''0.60Mg1.29Fe'''0.02Ti0.00Al0.07Si1.96O6 53.0861 0.0663883 1.5755 0.689993 19.36 0 23.5356 1.66764 0.0187633 0 0 0
500.00 1203.15 14.392086 30.936485 -172835.823521 4.266721 17.137595 opx Na0.00Ca0.06Fe''0.61Mg1.28Fe'''0.02Ti0.00Al0.07Si1.96O6 53.0192 0.0638449 1.54334 0.66414 19.7742 0 23.283 1.63422 0.0180276 0 0 0
500.00 1193.15 14.822991 31.690705 -177573.944538 4.386400 17.608045 opx Na0.00Ca0.06Fe''0.62Mg1.27Fe'''0.02Ti0.00Al0.07Si1.96O6 52.9537 0.0615356 1.51491 0.639404 20.1727 0 23.0419 1.59848 0.0173042 0 0 0
500.00 1183.15 15.255410 32.438191 -182327.014730 4.506256 18.078869 opx Na0.00Ca0.06Fe''0.64Mg1.26Fe'''0.02Ti0.00Al0.06Si1.96O6 52.8895 0.0594079 1.48964 0.615688 20.5576 0 22.8108 1.56079 0.0165978 0 0 0
500.00 1173.15 15.687300 33.174412 -187069.000069 4.625673 18.547577 opx Na0.00Ca0.06Fe''0.65Mg1.25Fe'''0.02Ti0.00Al0.06Si1.96O6 52.8263 0.0574206 1.4671 0.592919 20.9307 0 22.5882 1.52146 0.0159111 0 0 0
500.00 1163.15 16.117715 33.897211 -191786.631408 4.744352 19.012976 opx Na0.00Ca0.06Fe''0.66Mg1.24Fe'''0.02Ti0.00Al0.06Si1.96O6 52.7639 0.0555413 1.44696 0.571047 21.294 0 22.3726 1.48073 0.0152451 0 0 0
500.00 1153.15 16.652941 34.819407 -197470.471131 4.890704 19.588727 opx Na0.00Ca0.06Fe''0.68Mg1.22Fe'''0.02Ti0.00Al0.06Si1.96O6 52.6594 0.0511852 1.43546 0.557558 21.7874 0 22.0549 1.43941 0.0145633 0 0 0
500.00 1143.15 17.195349 35.742415 -203191.388431 5.038365 20.169433 opx Na0.00Ca0.06Fe''0.70Mg1.21Fe'''0.02Ti0.00Al0.06Si1.96O6 52.5519 0.0469654 1.42768 0.545506 22.2817 0 21.7361 1.39626 0.0138981 0 0 0
500.00 1133.15 17.725997 36.628224 -208769.161330 5.182237 20.734735 opx Na0.00Ca0.05Fe''0.71Mg1.19Fe'''0.02Ti0.00Al0.06Si1.96O6 52.4479 0.0432273 1.42231 0.533605 22.7556 0 21.4324 1.35156 0.0132547 0 0 0
500.00 1123.15 18.244938 37.477175 -214204.142945 5.322343 21.284753 opx Na0.00Ca0.05Fe''0.73Mg1.18Fe'''0.01Ti0.00Al0.06Si1.96O6 52.3472 0.0398881 1.41912 0.52184 23.2117 0 21.1419 1.30566 0.0126313 0 0 0
500.00 1113.15 18.794253 38.372758 -219915.102810 5.470183 21.865550 opx Na0.00Ca0.05Fe''0.74Mg1.17Fe'''0.01Ti0.00Al0.06Si1.96O6 52.24 0.0367538 1.41784 0.510798 23.6866 0 20.8378 1.25821 0.0120234 0 0 0
500.00 1103.15 18.876525 38.335949 -220971.063275 5.490271 21.934772 opx Na0.00Ca0.05Fe''0.75Mg1.17Fe'''0.01Ti0.00Al0.06Si1.96O6 52.2356 0.0352401 1.41855 0.493452 23.7724 0 20.8164 1.21662 0.011789 0 0 0
500.00 1093.15 18.954916 38.287798 -221978.769529 5.509160 21.998960 opx Na0.00Ca0.05Fe''0.75Mg1.16Fe'''0.01Ti0.00Al0.06Si1.96O6 52.2304 0.0337581 1.41955 0.476357 23.8595 0 20.7936 1.17534 0.0115523 0 0 0
500.00 1083.15 19.029858 38.229248 -222942.996278 5.526977 22.058621 opx Na0.00Ca0.05Fe''0.75Mg1.16Fe'''0.01Ti0.00Al0.06Si1.96O6 52.2244 0.0323085 1.42085 0.459526 23.9479 0 20.7693 1.13438 0.0113133 0 0 0

spinel_0 thermodynamic data and composition:
Pressure Temperature mass S H V Cp formula SiO2 TiO2 Al2O3 Fe2O3 FeO MnO MgO CaO Na2O K2O P2O5 H2O
500.00 1343.15 5.309397 11.125660 -31237.146852 1.155012 5.036964 Fe''0.94Mg0.34Fe'''1.17Al0.28Cr0.00Ti0.27O4 0 10.381 6.83944 44.3907 31.9081 0 6.48071 0 0 0 0 0
500.00 1333.15 6.078015 12.677241 -35507.197739 1.318645 5.748847 Fe''0.95Mg0.33Fe'''1.18Al0.27Cr0.00Ti0.28O4 0 10.475 6.54097 44.4451 32.2714 0 6.26751 0 0 0 0 0
500.00 1323.15 6.808945 14.135061 -39493.686732 1.473260 6.421222 Fe''0.96Mg0.32Fe'''1.18Al0.26Cr0.00Ti0.28O4 0 10.5452 6.24805 44.5414 32.6066 0 6.05877 0 0 0 0 0
500.00 1313.15 7.724138 15.948194 -44285.925429 1.665030 7.255790 Fe''0.98Mg0.30Fe'''1.19Al0.24Cr0.00Ti0.28O4 0 10.6184 5.81331 44.7496 33.0594 0 5.75928 0 0 0 0 0
500.00 1303.15 8.177545 16.791720 -46331.462584 1.755844 7.650286 Fe''1.00Mg0.29Fe'''1.20Al0.22Cr0.00Ti0.29O4 0 10.7812 5.36098 44.7877 33.6434 0 5.42673 0 0 0 0 0
500.00 1293.15 8.394061 17.143204 -47037.110032 1.795521 7.821828 Fe''1.02Mg0.27Fe'''1.20Al0.21Cr0.00Ti0.30O4 0 11.0052 4.93017 44.6832 34.2855 0 5.09585 0 0 0 0 0
500.00 1283.15 8.514065 17.298290 -47276.853690 1.815176 7.906102 Fe''1.05Mg0.26Fe'''1.20Al0.19Cr0.00Ti0.30O4 0 11.2205 4.56689 44.5379 34.8694 0 4.80528 0 0 0 0 0
500.00 1273.15 8.562241 17.309368 -47188.337839 1.820149 7.926320 Fe''1.07Mg0.24Fe'''1.20Al0.18Cr0.00Ti0.31O4 0 11.429 4.2582 44.3598 35.4044 0 4.54856 0 0 0 0 0
500.00 1263.15 8.558612 17.218297 -46877.311717 1.814707 7.901061 Fe''1.08Mg0.23Fe'''1.20Al0.17Cr0.00Ti0.32O4 0 11.6305 3.99401 44.1584 35.8964 0 4.32057 0 0 0 0 0
500.00 1253.15 8.511974 17.043368 -46380.185609 1.800617 7.837916 Fe''1.10Mg0.22Fe'''1.20Al0.16Cr0.00Ti0.32O4 0 11.8446 3.75691 43.911 36.3764 0 4.11106 0 0 0 0 0
500.00 1243.15 8.409416 16.759742 -45623.609021 1.775121 7.724735 Fe''1.12Mg0.21Fe'''1.19Al0.15Cr0.00Ti0.33O4 0 12.0939 3.53559 43.5833 36.8737 0 3.91349 0 0 0 0 0
500.00 1233.15 8.258730 16.384292 -44650.934764 1.739917 7.568838 Fe''1.14Mg0.20Fe'''1.18Al0.14Cr0.00Ti0.34O4 0 12.384 3.32666 43.1685 37.3937 0 3.72711 0 0 0 0 0
500.00 1223.15 8.095284 15.987900 -43650.785601 1.702522 7.403238 Fe''1.15Mg0.19Fe'''1.17Al0.13Cr0.00Ti0.35O4 0 12.6719 3.14091 42.7405 37.8877 0 3.559 0 0 0 0 0
500.00 1213.15 7.924806 15.581694 -42645.426746 1.664070 7.232929 Fe''1.17Mg0.19Fe'''1.16Al0.13Cr0.00Ti0.36O4 0 12.9543 2.97462 42.3086 38.356 0 3.40645 0 0 0 0 0
500.00 1203.15 7.750917 15.172562 -41647.052193 1.625255 7.060990 Fe''1.19Mg0.18Fe'''1.15Al0.12Cr0.00Ti0.36O4 0 13.2287 2.82468 41.8799 38.7996 0 3.26702 0 0 0 0 0
500.00 1193.15 7.575730 14.764404 -40661.067697 1.586465 6.889151 Fe''1.20Mg0.17Fe'''1.14Al0.12Cr0.00Ti0.37O4 0 13.4936 2.6885 41.4596 39.2198 0 3.1386 0 0 0 0 0
500.00 1183.15 7.400292 14.359046 -39688.334909 1.547871 6.718202 Fe''1.21Mg0.16Fe'''1.13Al0.11Cr0.00Ti0.38O4 0 13.7476 2.56401 41.0513 39.6177 0 3.0194 0 0 0 0 0
500.00 1173.15 7.224892 13.956873 -38726.621997 1.509496 6.548274 Fe''1.23Mg0.16Fe'''1.12Al0.11Cr0.00Ti0.39O4 0 13.9898 2.44951 40.6582 39.9946 0 2.9079 0 0 0 0 0
500.00 1163.15 7.049267 13.557233 -37771.476768 1.471250 6.379023 Fe''1.24Mg0.15Fe'''1.11Al0.10Cr0.00Ti0.39O4 0 14.2194 2.34362 40.2828 40.3513 0 2.80281 0 0 0 0 0
500.00 1153.15 6.609455 12.642551 -35198.886763 1.376392 5.970944 Fe''1.24Mg0.14Fe'''1.13Al0.10Cr0.00Ti0.39O4 0 13.9161 2.28111 40.8526 40.3124 0 2.63771 0 0 0 0 0
500.00 1143.15 6.155513 11.708957 -32568.143614 1.278955 5.552062 Fe''1.24Mg0.14Fe'''1.15Al0.10Cr0.00Ti0.38O4 0 13.5408 2.22932 41.5522 40.1987 0 2.47895 0 0 0 0 0
500.00 1133.15 5.728757 10.836891 -30127.577672 1.187749 5.159557 Fe''1.24Mg0.13Fe'''1.17Al0.09Cr0.00Ti0.37O4 0 13.1767 2.18165 42.2334 40.073 0 2.33522 0 0 0 0 0
500.00 1123.15 5.325847 10.018989 -27851.406294 1.101986 4.790085 Fe''1.24Mg0.12Fe'''1.19Al0.09Cr0.00Ti0.36O4 0 12.8225 2.13742 42.8984 39.9375 0 2.2042 0 0 0 0 0
500.00 1113.15 4.908702 9.182766 -25530.129338 1.013674 4.409034 Fe''1.23Mg0.11Fe'''1.21Al0.09Cr0.00Ti0.35O4 0 12.4754 2.09347 43.5522 39.8002 0 2.07873 0 0 0 0 0
500.00 1103.15 4.890536 9.101016 -25354.761842 1.008544 4.388564 Fe''1.23Mg0.11Fe'''1.23Al0.09Cr0.00Ti0.34O4 0 12.1527 2.07956 44.1588 39.5907 0 2.01827 0 0 0 0 0
500.00 1093.15 4.873132 9.020703 -25185.171451 1.003594 4.368840 Fe''1.22Mg0.11Fe'''1.25Al0.09Cr0.00Ti0.33O4 0 11.8327 2.06533 44.7611 39.3818 0 1.95907 0 0 0 0 0
500.00 1083.15 4.856483 8.941799 -25021.364952 0.998820 4.349843 Fe''1.22Mg0.11Fe'''1.27Al0.09Cr0.00Ti0.32O4 0 11.5159 2.05078 45.3586 39.1736 0 1.90117 0 0 0 0 0

olivine_0 thermodynamic data and composition:
Pressure Temperature mass S H V Cp formula SiO2 TiO2 Al2O3 Fe2O3 FeO MnO MgO CaO Na2O K2O P2O5 H2O
500.00 1423.15 0.473524 1.127840 -5778.512114 0.143734 0.583862 (Ca0.01Mg0.82Fe''0.18Mn0.00Co0.00Ni0.00)2SiO4 39.4756 0 0 0 16.6093 0.336996 43.1276 0.450424 0 0 0 0
500.00 1413.15 0.767427 1.819047 -9305.905528 0.232065 0.942307 (Ca0.01Mg0.81Fe''0.18Mn0.00Co0.00Ni0.00)2SiO4 39.3266 0 0 0 17.3926 0.357715 42.4861 0.437081 0 0 0 0
500.00 1403.15 1.221365 2.880131 -14691.160936 0.367649 1.492316 (Ca0.01Mg0.80Fe''0.20Mn0.00Co0.00Ni0.00)2SiO4 39.1434 0 0 0 18.3522 0.386932 41.6985 0.418889 0 0 0 0
500.00 1393.15 2.100492 4.926342 -25024.675384 0.629000 2.552198 (Ca0.01Mg0.79Fe''0.21Mn0.00Co0.00Ni0.00)2SiO4 38.9315 0 0 0 19.4578 0.422585 40.7852 0.402891 0 0 0 0
500.00 1383.15 2.921536 6.813901 -34458.231609 0.870173 3.529398 (Ca0.01Mg0.77Fe''0.22Mn0.01Co0.00Ni0.00)2SiO4 38.7123 0 0 0 20.6011 0.458766 39.8399 0.387948 0 0 0 0
500.00 1373.15 3.709373 8.602130 -43290.532287 1.098690 4.454471 (Ca0.01Mg0.76Fe''0.24Mn0.01Co0.00Ni0.00)2SiO4 38.485 0 0 0 21.7861 0.495333 38.8596 0.373979 0 0 0 0
500.00 1363.15 4.485868 10.342105 -51773.548760 1.321024 5.353688 (Ca0.01Mg0.74Fe''0.25Mn0.01Co0.00Ni0.00)2SiO4 38.2493 0 0 0 23.0156 0.532061 37.8421 0.360908 0 0 0 0
500.00 1353.15 5.270875 12.079104 -60125.617430 1.542916 6.250312 (Ca0.00Mg0.73Fe''0.27Mn0.01Co0.00Ni0.00)2SiO4 38.0049 0 0 0 24.2909 0.568613 36.7869 0.348665 0 0 0 0
500.00 1343.15 4.020902 9.202600 -46544.189507 1.183243 4.789754 (Ca0.00Mg0.74Fe''0.25Mn0.01Co0.00Ni0.00)2SiO4 38.2633 0 0 0 22.7643 0.740241 37.9149 0.317285 0 0 0 0
500.00 1333.15 4.158005 9.474371 -48014.120795 1.221119 4.940290 (Ca0.00Mg0.74Fe''0.25Mn0.01Co0.00Ni0.00)2SiO4 38.1954 0 0 0 23.0652 0.812602 37.6254 0.301383 0 0 0 0
500.00 1323.15 3.435694 7.793731 -39559.094249 1.006773 4.070442 (Ca0.00Mg0.73Fe''0.26Mn0.01Co0.00Ni0.00)2SiO4 38.1171 0 0 0 23.355 0.951368 37.2883 0.288161 0 0 0 0
500.00 1313.15 0.768867 1.735453 -8779.802960 0.224291 0.905878 (Ca0.00Mg0.72Fe''0.26Mn0.02Co0.00Ni0.00)2SiO4 37.9241 0 0 0 23.8679 1.4801 36.4451 0.282826 0 0 0 0
500.00 1243.15 0.121410 0.262239 -1256.171808 0.033765 0.135076 (Ca0.00Mg0.57Fe''0.34Mn0.09Co0.00Ni0.00)2SiO4 35.8298 0 0 0 29.1736 7.45092 27.276 0.269666 0 0 0 0
500.00 1233.15 0.329420 0.706721 -3359.623692 0.090997 0.363530 (Ca0.00Mg0.55Fe''0.35Mn0.10Co0.00Ni0.00)2SiO4 35.5407 0 0 0 29.9045 8.27709 26.0108 0.266918 0 0 0 0
500.00 1223.15 0.503259 1.072439 -5063.718154 0.138137 0.551117 (Ca0.00Mg0.53Fe''0.36Mn0.11Co0.00Ni0.00)2SiO4 35.2722 0 0 0 30.5836 9.04511 24.8357 0.263348 0 0 0 0
500.00 1213.15 0.646376 1.368309 -6422.365137 0.176368 0.702737 (Ca0.00Mg0.51Fe''0.37Mn0.12Co0.00Ni0.00)2SiO4 35.0236 0 0 0 31.2124 9.75675 23.7483 0.25901 0 0 0 0
500.00 1203.15 0.763228 1.605119 -7495.041446 0.207097 0.824136 (Ca0.00Mg0.49Fe''0.38Mn0.13Co0.00Ni0.00)2SiO4 34.7935 0 0 0 31.7943 10.4158 22.7424 0.253987 0 0 0 0
500.00 1193.15 0.858166 1.793132 -8335.878125 0.231648 0.920702 (Ca0.00Mg0.47Fe''0.39Mn0.14Co0.00Ni0.00)2SiO4 34.5804 0 0 0 32.3338 11.0267 21.8107 0.248376 0 0 0 0
500.00 1183.15 0.935032 1.941269 -8990.518677 0.251164 0.997071 (Ca0.00Mg0.46Fe''0.40Mn0.14Co0.00Ni0.00)2SiO4 34.3823 0 0 0 32.8358 11.5944 20.9452 0.242275 0 0 0 0
500.00 1173.15 0.997072 2.056978 -9496.151594 0.266597 1.057086 (Ca0.00Mg0.44Fe''0.41Mn0.15Co0.00Ni0.00)2SiO4 34.1976 0 0 0 33.3052 12.1232 20.1382 0.235775 0 0 0 0
500.00 1163.15 1.046975 2.146371 -9882.634100 0.278721 1.103875 (Ca0.00Mg0.43Fe''0.41Mn0.16Co0.00Ni0.00)2SiO4 34.0245 0 0 0 33.7465 12.6172 19.3828 0.22896 0 0 0 0
500.00 1153.15 1.102848 2.246071 -10304.965314 0.292191 1.156072 (Ca0.00Mg0.41Fe''0.43Mn0.16Co0.00Ni0.00)2SiO4 33.8396 0 0 0 34.436 12.9233 18.5784 0.222836 0 0 0 0
500.00 1143.15 1.147855 2.322473 -10622.747052 0.302728 1.196622 (Ca0.00Mg0.40Fe''0.44Mn0.17Co0.00Ni0.00)2SiO4 33.6661 0 0 0 35.1249 13.1679 17.8247 0.21648 0 0 0 0
500.00 1133.15 1.181986 2.376104 -10841.618118 0.310401 1.225793 (Ca0.00Mg0.38Fe''0.45Mn0.17Co0.00Ni0.00)2SiO4 33.506 0 0 0 35.7727 13.3813 17.1301 0.209824 0 0 0 0
500.00 1123.15 1.207609 2.412099 -10985.264306 0.315858 1.246178 (Ca0.00Mg0.37Fe''0.46Mn0.17Co0.00Ni0.00)2SiO4 33.3575 0 0 0 36.3846 13.569 16.4859 0.202955 0 0 0 0
500.00 1113.15 1.228374 2.437678 -11080.295471 0.319989 1.261280 (Ca0.00Mg0.36Fe''0.47Mn0.18Co0.00Ni0.00)2SiO4 33.208 0 0 0 37.0072 13.7512 15.8374 0.196176 0 0 0 0
500.00 1103.15 1.225500 2.419794 -11048.632581 0.318904 1.255948 (Ca0.00Mg0.36Fe''0.47Mn0.18Co0.00Ni0.00)2SiO4 33.1838 0 0 0 37.1446 13.7489 15.7359 0.186812 0 0 0 0
500.00 1093.15 1.222235 2.401096 -11012.784990 0.317713 1.250171 (Ca0.00Mg0.35Fe''0.47Mn0.18Co0.00Ni0.00)2SiO4 33.1585 0 0 0 37.2809 13.7536 15.6293 0.177763 0 0 0 0
500.00 1083.15 1.218561 2.381559 -10972.585422 0.316410 1.243930 (Ca0.00Mg0.35Fe''0.47Mn0.18Co0.00Ni0.00)2SiO4 33.132 0 0 0 37.4161 13.7654 15.5174 0.169025 0 0 0 0

feldspar_1 thermodynamic data and composition:
Pressure Temperature mass S H V Cp formula SiO2 TiO2 Al2O3 Fe2O3 FeO MnO MgO CaO Na2O K2O P2O5 H2O
500.00 1113.15 0.093779 0.200448 -1269.566517 0.037313 0.110359 K0.76Na0.21Ca0.03Al1.03Si2.97O8 65.0204 0 19.0167 0 0 0 0 0.517347 2.41419 13.0313 0 0
500.00 1103.15 0.198000 0.420976 -2682.228479 0.078769 0.232829 K0.77Na0.21Ca0.02Al1.02Si2.98O8 65.0336 0 18.9902 0 0 0 0 0.492395 2.37395 13.1099 0 0
500.00 1093.15 0.297736 0.629629 -4035.884260 0.118426 0.349845 K0.77Na0.21Ca0.02Al1.02Si2.98O8 65.0457 0 18.9644 0 0 0 0 0.468329 2.33352 13.188 0 0
500.00 1083.15 0.393175 0.826933 -5333.006971 0.156360 0.461652 K0.77Na0.20Ca0.02Al1.02Si2.98O8 65.0568 0 18.9395 0 0 0 0 0.445128 2.29289 13.2657 0 0

apatite thermodynamic data and composition:
Pressure Temperature mass S H V Cp formula
500.00 1253.15 0.047193 0.104220 -581.971940 0.015410 0.054112 Ca5(PO4)3OH
500.00 1243.15 0.089596 0.197039 -1105.897431 0.029256 0.102602 Ca5(PO4)3OH
500.00 1233.15 0.127428 0.279060 -1574.319120 0.041609 0.145738 Ca5(PO4)3OH
500.00 1223.15 0.159466 0.347739 -1971.963258 0.052071 0.182143 Ca5(PO4)3OH
500.00 1213.15 0.186790 0.405574 -2311.991008 0.060993 0.213072 Ca5(PO4)3OH
500.00 1203.15 0.210268 0.454566 -2604.984223 0.068660 0.239533 Ca5(PO4)3OH
500.00 1193.15 0.230598 0.496326 -2859.477342 0.075298 0.262337 Ca5(PO4)3OH
500.00 1183.15 0.248346 0.532149 -3082.378191 0.081093 0.282140 Ca5(PO4)3OH
500.00 1173.15 0.263972 0.563087 -3279.312843 0.086196 0.299474 Ca5(PO4)3OH
500.00 1163.15 0.277853 0.590001 -3454.905702 0.090728 0.314777 Ca5(PO4)3OH
500.00 1153.15 0.297126 0.628023 -3697.923668 0.097022 0.336130 Ca5(PO4)3OH
500.00 1143.15 0.315462 0.663673 -3929.694170 0.103009 0.356355 Ca5(PO4)3OH
500.00 1133.15 0.332178 0.695545 -4141.671346 0.108467 0.374685 Ca5(PO4)3OH
500.00 1123.15 0.347702 0.724577 -4339.145793 0.113537 0.391609 Ca5(PO4)3OH
500.00 1113.15 0.363795 0.754450 -4544.065948 0.118791 0.409112 Ca5(PO4)3OH
500.00 1103.15 0.363795 0.750761 -4548.153926 0.118791 0.408482 Ca5(PO4)3OH
500.00 1093.15 0.363795 0.747044 -4552.235564 0.118791 0.407844 Ca5(PO4)3OH
500.00 1083.15 0.363795 0.743299 -4556.310778 0.118791 0.407197 Ca5(PO4)3OH

water thermodynamic data and composition:
Pressure Temperature mass S H V Cp formula
500.00 1323.15 0.037463 0.398267 -424.644840 0.450901 0.104911 H2O
500.00 1313.15 0.216212 2.293946 -2456.833354 2.578426 0.605852 H2O
500.00 1303.15 0.340980 3.610380 -3884.127131 4.028506 0.956149 H2O
500.00 1293.15 0.439942 4.648710 -5023.755038 5.148687 1.234667 H2O
500.00 1283.15 0.523392 5.519086 -5991.373871 6.066745 1.470237 H2O
500.00 1273.15 0.592678 6.236672 -6801.171098 6.803241 1.666621 H2O
500.00 1263.15 0.649519 6.820388 -7471.712035 7.382349 1.828612 H2O
500.00 1253.15 0.697714 7.310844 -8045.774669 7.850940 1.966876 H2O
500.00 1243.15 0.738597 7.722538 -8538.063172 8.226726 2.085156 H2O
500.00 1233.15 0.774341 8.078588 -8973.126988 8.536055 2.189572 H2O
500.00 1223.15 0.804549 8.375214 -9345.960763 8.776314 2.279009 H2O
500.00 1213.15 0.830216 8.623079 -9667.657850 8.960050 2.356266 H2O
500.00 1203.15 0.852183 8.831190 -9947.658850 9.097749 2.423728 H2O
500.00 1193.15 0.871141 9.006958 -10193.772236 9.197959 2.483370 H2O
500.00 1183.15 0.887656 9.156380 -10412.352056 9.267550 2.536810 H2O
500.00 1173.15 0.902179 9.284280 -10608.534849 9.312006 2.585364 H2O
500.00 1163.15 0.915078 9.394544 -10786.475361 9.335711 2.630108 H2O
500.00 1153.15 0.932692 9.552187 -11020.944390 9.403088 2.689354 H2O
500.00 1143.15 0.949498 9.700422 -11246.955993 9.457358 2.747346 H2O
500.00 1133.15 0.964825 9.832428 -11456.468534 9.492115 2.802207 H2O
500.00 1123.15 0.978982 9.951451 -11653.066571 9.510840 2.854901 H2O
500.00 1113.15 0.993476 10.072821 -11854.631700 9.528322 2.909910 H2O
500.00 1103.15 0.993476 10.046500 -11883.798949 9.403953 2.923726 H2O
500.00 1093.15 0.993476 10.019808 -11913.110101 9.278497 2.938707 H2O
500.00 1083.15 0.993476 9.992728 -11942.577298 9.151898 2.954953 H2O

clinopyroxene_0 thermodynamic data and composition:
Pressure Temperature mass S H V Cp structure formula SiO2 TiO2 Al2O3 Fe2O3 FeO MnO MgO CaO Na2O K2O P2O5 H2O
500.00 1413.15 3.652208 8.414302 -46736.872787 1.125680 4.307921 cpx Na0.01Ca0.82Fe''0.16Mg0.85Fe'''0.07Ti0.02Al0.22Si1.84O6 49.8742 0.670599 5.16371 2.63493 5.22633 0 15.4916 20.7677 0.170888 0 0 0
500.00 1403.15 7.661329 17.583793 -97772.986325 2.355232 9.012998 cpx Na0.01Ca0.82Fe''0.17Mg0.84Fe'''0.08Ti0.02Al0.24Si1.83O6 49.4951 0.778985 5.40474 2.79264 5.50102 0 15.1927 20.6535 0.181357 0 0 0
500.00 1393.15 10.631024 24.304455 -135261.936125 3.260018 12.474226 cpx Na0.01Ca0.81Fe''0.18Mg0.83Fe'''0.08Ti0.02Al0.24Si1.82O6 49.2106 0.894336 5.48584 2.92499 5.82009 0 14.9528 20.521 0.19039 0 0 0
500.00 1383.15 13.213599 30.087701 -167595.731769 4.041450 15.462258 cpx Na0.01Ca0.81Fe''0.19Mg0.81Fe'''0.09Ti0.03Al0.24Si1.81O6 48.9013 1.02294 5.57892 3.06377 6.13866 0 14.6937 20.401 0.199625 0 0 0
500.00 1373.15 15.486363 35.117619 -195788.439482 4.723773 18.069626 cpx Na0.02Ca0.81Fe''0.20Mg0.80Fe'''0.09Ti0.03Al0.25Si1.81O6 48.5644 1.1668 5.68495 3.21007 6.45505 0 14.4136 20.296 0.209096 0 0 0
500.00 1363.15 17.504699 39.526120 -220568.795317 5.324353 20.362568 cpx Na0.02Ca0.81Fe''0.21Mg0.78Fe'''0.09Ti0.04Al0.25Si1.80O6 48.1969 1.32811 5.80484 3.36475 6.76696 0 14.1109 20.2087 0.218824 0 0 0
500.00 1353.15 19.307161 43.405366 -242449.627806 5.855331 22.387344 cpx Na0.02Ca0.81Fe''0.22Mg0.77Fe'''0.10Ti0.04Al0.26Si1.79O6 47.7966 1.50895 5.93919 3.52815 7.07145 0 13.7847 20.1422 0.228809 0 0 0
500.00 1343.15 23.777110 53.365810 -301218.486753 7.252584 27.737746 cpx Na0.02Ca0.79Fe''0.22Mg0.82Fe'''0.08Ti0.03Al0.22Si1.83O6 49.3046 0.968594 5.0881 2.78358 7.02562 0 14.8744 19.7401 0.214965 0 0 0
500.00 1333.15 25.102505 56.131679 -318208.981534 7.654924 29.270368 cpx Na0.02Ca0.78Fe''0.22Mg0.83Fe'''0.07Ti0.03Al0.22Si1.84O6 49.454 0.940863 4.95713 2.68198 7.16836 0 14.9595 19.6206 0.217621 0 0 0
500.00 1323.15 26.039581 57.996960 -330366.110310 7.938720 30.341651 cpx Na0.02Ca0.78Fe''0.23Mg0.83Fe'''0.07Ti0.03Al0.21Si1.84O6 49.575 0.924631 4.84408 2.59855 7.25436 0 14.9951 19.585 0.223261 0 0 0
500.00 1313.15 26.440295 58.628125 -335689.035977 8.058100 30.768141 cpx Na0.02Ca0.78Fe''0.23Mg0.83Fe'''0.07Ti0.03Al0.21Si1.84O6 49.6777 0.918948 4.70834 2.54919 7.29404 0 14.9193 19.6931 0.239388 0 0 0
500.00 1303.15 26.566662 58.640577 -337349.817382 8.092027 30.868058 cpx Na0.02Ca0.79Fe''0.23Mg0.82Fe'''0.07Ti0.03Al0.20Si1.85O6 49.7635 0.91557 4.56675 2.49977 7.39847 0 14.8225 19.7826 0.250785 0 0 0
500.00 1293.15 26.594273 58.429341 -337657.161772 8.094744 30.848671 cpx Na0.02Ca0.79Fe''0.23Mg0.82Fe'''0.07Ti0.03Al0.19Si1.85O6 49.833 0.915784 4.42841 2.45034 7.53727 0 14.7107 19.8657 0.258861 0 0 0
500.00 1283.15 26.594266 58.155597 -337657.559807 8.089188 30.797492 cpx Na0.02Ca0.80Fe''0.24Mg0.81Fe'''0.07Ti0.03Al0.19Si1.86O6 49.8893 0.919893 4.30772 2.40089 7.66044 0 14.5991 19.9576 0.265122 0 0 0
500.00 1273.15 26.568441 57.824365 -337372.376283 8.075905 30.716803 cpx Na0.02Ca0.80Fe''0.24Mg0.80Fe'''0.07Ti0.03Al0.18Si1.86O6 49.9321 0.928215 4.20478 2.35191 7.76812 0 14.4882 20.057 0.26975 0 0 0
500.00 1263.15 26.516943 57.437027 -336803.090131 8.054966 30.607059 cpx Na0.02Ca0.80Fe''0.24Mg0.80Fe'''0.06Ti0.03Al0.18Si1.86O6 49.9623 0.940775 4.11876 2.30366 7.86018 0 14.3787 20.1626 0.27303 0 0 0
500.00 1253.15 26.436918 56.987760 -335880.964914 8.025263 30.464175 cpx Na0.02Ca0.81Fe''0.25Mg0.79Fe'''0.06Ti0.03Al0.18Si1.86O6 49.9808 0.957607 4.04465 2.25619 7.94755 0 14.2676 20.2704 0.275114 0 0 0
500.00 1243.15 26.328699 56.477521 -334580.261584 7.986619 30.287561 cpx Na0.02Ca0.81Fe''0.25Mg0.79Fe'''0.06Ti0.03Al0.17Si1.86O6 49.9855 0.979838 3.98036 2.20987 8.03978 0 14.1505 20.3782 0.275975 0 0 0
500.00 1233.15 26.196683 55.916549 -332954.940900 7.940371 30.082372 cpx Na0.02Ca0.82Fe''0.25Mg0.78Fe'''0.06Ti0.03Al0.17Si1.86O6 49.9764 1.00802 3.925 2.16478 8.13716 0 14.0269 20.4859 0.275881 0 0 0
500.00 1223.15 26.051833 55.330387 -331201.373129 7.890423 29.863611 cpx Na0.02Ca0.82Fe''0.26Mg0.77Fe'''0.06Ti0.03Al0.17Si1.87O6 49.9582 1.04089 3.88175 2.12074 8.22037 0 13.9061 20.5965 0.275476 0 0 0
500.00 1213.15 25.898646 54.729045 -329375.207042 7.838157 29.636580 cpx Na0.02Ca0.83Fe''0.26Mg0.77Fe'''0.06Ti0.03Al0.17Si1.87O6 49.9319 1.07826 3.84938 2.07778 8.28974 0 13.7887 20.7093 0.274942 0 0 0
500.00 1203.15 25.741109 54.121191 -327524.056784 7.784774 29.405867 cpx Na0.02Ca0.83Fe''0.26Mg0.76Fe'''0.06Ti0.03Al0.17Si1.87O6 49.8983 1.12005 3.82686 2.03594 8.34614 0 13.6751 20.8232 0.274413 0 0 0
500.00 1193.15 25.582540 53.513870 -325686.297978 7.731252 29.175198 cpx Na0.02Ca0.84Fe''0.26Mg0.76Fe'''0.06Ti0.03Al0.17Si1.86O6 49.8576 1.1663 3.81343 1.99528 8.39063 0 13.565 20.9377 0.27398 0 0 0
500.00 1183.15 25.425600 52.912586 -323891.740950 7.678363 28.947487 cpx Na0.02Ca0.84Fe''0.26Mg0.75Fe'''0.06Ti0.03Al0.17Si1.86O6 49.8099 1.21719 3.80858 1.95588 8.42439 0 13.4582 21.0522 0.273714 0 0 0
500.00 1173.15 25.272396 52.321553 -322163.121007 7.626699 28.724963 cpx Na0.02Ca0.85Fe''0.26Mg0.75Fe'''0.05Ti0.04Al0.17Si1.86O6 49.7546 1.27305 3.8121 1.91786 8.44856 0 13.3539 21.1662 0.273664 0 0 0
500.00 1163.15 25.124600 51.743982 -320517.775278 7.576715 28.509328 cpx Na0.02Ca0.85Fe''0.27Mg0.74Fe'''0.05Ti0.04Al0.17Si1.86O6 49.6912 1.33433 3.82401 1.88136 8.46425 0 13.2516 21.2794 0.273872 0 0 0
500.00 1153.15 24.975396 51.168817 -318665.609600 7.527121 28.292275 cpx Na0.02Ca0.86Fe''0.27Mg0.73Fe'''0.05Ti0.04Al0.17Si1.86O6 49.7199 1.31194 3.7768 1.84306 8.57474 0 13.1547 21.3473 0.271579 0 0 0
500.00 1143.15 24.826816 50.597555 -316828.523562 7.478097 28.077152 cpx Na0.02Ca0.86Fe''0.27Mg0.73Fe'''0.05Ti0.04Al0.16Si1.87O6 49.7589 1.28093 3.72622 1.80423 8.68556 0 13.0635 21.4116 0.269028 0 0 0
500.00 1133.15 24.680379 50.032778 -315056.846185 7.429995 27.865783 cpx Na0.02Ca0.86Fe''0.28Mg0.73Fe'''0.05Ti0.04Al0.16Si1.87O6 49.7938 1.25463 3.68183 1.7652 8.781 0 12.9779 21.479 0.266622 0 0 0
500.00 1123.15 24.536543 49.475329 -313352.346623 7.382945 27.658607 cpx Na0.02Ca0.87Fe''0.28Mg0.72Fe'''0.05Ti0.03Al0.16Si1.87O6 49.8256 1.2322 3.64256 1.72588 8.86267 0 12.898 21.5488 0.264324 0 0 0
500.00 1113.15 24.392073 48.917873 -311618.153586 7.335553 27.450096 cpx Na0.02Ca0.87Fe''0.28Mg0.72Fe'''0.05Ti0.03Al0.16Si1.87O6 49.8553 1.21021 3.60365 1.68725 8.95102 0 12.8145 21.6158 0.262233 0 0 0
500.00 1103.15 24.302189 48.481281 -311159.495054 7.309022 27.323673 cpx Na0.02Ca0.87Fe''0.28Mg0.72Fe'''0.05Ti0.03Al0.16Si1.87O6 49.8813 1.22418 3.61684 1.64252 8.81992 0 12.8269 21.7227 0.265622 0 0 0
500.00 1093.15 24.217031 48.054216 -310757.139282 7.283932 27.202561 cpx Na0.02Ca0.88Fe''0.27Mg0.72Fe'''0.05Ti0.03Al0.16Si1.87O6 49.9079 1.23823 3.62981 1.59758 8.68916 0 12.8417 21.8265 0.269028 0 0 0
500.00 1083.15 24.136278 47.635853 -310407.498311 7.260188 27.086353 cpx Na0.02Ca0.88Fe''0.27Mg0.72Fe'''0.04Ti0.04Al0.16Si1.87O6 49.9351 1.25241 3.6426 1.55251 8.55856 0 12.8589 21.9275 0.272454 0 0 0

feldspar_0 thermodynamic data and composition:
Pressure Temperature mass S H V Cp formula SiO2 TiO2 Al2O3 Fe2O3 FeO MnO MgO CaO Na2O K2O P2O5 H2O
500.00 1403.15 1.195867 2.847067 -16603.791015 0.446347 1.463625 K0.00Na0.18Ca0.81Al1.81Si2.19O8 47.7291 0 33.5847 0 0 0 0 16.5708 2.0732 0.0422861 0 0
500.00 1393.15 4.033125 9.574145 -56037.146350 1.506063 4.931847 K0.00Na0.19Ca0.80Al1.80Si2.20O8 47.9644 0 33.4253 0 0 0 0 16.3844 2.17983 0.0460563 0 0
500.00 1383.15 6.508783 15.405795 -90498.981546 2.431708 7.952151 K0.00Na0.20Ca0.79Al1.79Si2.21O8 48.1995 0 33.2661 0 0 0 0 16.1982 2.28635 0.0498823 0 0
500.00 1373.15 8.692184 20.512683 -120943.336320 3.249006 10.610284 K0.00Na0.21Ca0.78Al1.78Si2.22O8 48.4351 0 33.1065 0 0 0 0 16.0116 2.39304 0.0537596 0 0
500.00 1363.15 10.636454 25.025537 -148101.127386 3.977669 12.971928 K0.00Na0.22Ca0.78Al1.78Si2.22O8 48.6716 0 32.9463 0 0 0 0 15.8242 2.50015 0.057682 0 0
500.00 1353.15 12.383918 29.048390 -172554.873683 4.633414 15.089392 K0.00Na0.23Ca0.77Al1.77Si2.23O8 48.9098 0 32.785 0 0 0 0 15.6356 2.60798 0.0616421 0 0
500.00 1343.15 15.051088 35.220336 -209840.171115 5.637690 18.325461 K0.00Na0.25Ca0.75Al1.75Si2.25O8 49.3661 0 32.4775 0 0 0 0 15.2753 2.81852 0.0625772 0 0
500.00 1333.15 16.819009 39.240191 -234647.415202 6.303819 20.459793 K0.00Na0.26Ca0.74Al1.74Si2.26O8 49.6522 0 32.284 0 0 0 0 15.0489 2.94869 0.0662484 0 0
500.00 1323.15 19.108424 44.459418 -266750.648704 7.168231 23.225237 K0.00Na0.28Ca0.72Al1.72Si2.28O8 50.0274 0 32.0297 0 0 0 0 14.7516 3.11819 0.0731753 0 0
500.00 1313.15 23.744790 55.170121 -331564.249621 8.927297 28.844474 K0.01Na0.31Ca0.69Al1.69Si2.31O8 50.8565 0 31.4661 0 0 0 0 14.0932 3.48834 0.0959007 0 0
500.00 1303.15 27.336915 63.396568 -381861.020537 10.296523 33.186360 K0.01Na0.33Ca0.66Al1.66Si2.34O8 51.5522 0 30.9924 0 0 0 0 13.54 3.79674 0.118679 0 0
500.00 1293.15 30.336846 70.193649 -423946.632197 11.443595 36.801031 K0.01Na0.36Ca0.64Al1.64Si2.36O8 52.1417 0 30.59 0 0 0 0 13.0705 4.05563 0.142113 0 0
500.00 1283.15 32.853284 75.816957 -459333.651717 12.407995 40.010320 K0.01Na0.38Ca0.62Al1.62Si2.38O8 52.6394 0 30.2491 0 0 0 0 12.6732 4.27103 0.167271 0 0
500.00 1273.15 34.932957 80.379020 -488671.132659 13.206043 42.515215 K0.01Na0.39Ca0.60Al1.60Si2.40O8 53.0469 0 29.9688 0 0 0 0 12.3468 4.44417 0.193346 0 0
500.00 1263.15 36.633186 84.018887 -512754.089567 13.858695 44.550607 K0.01Na0.40Ca0.59Al1.59Si2.41O8 53.3728 0 29.7434 0 0 0 0 12.0847 4.5795 0.219563 0 0
500.00 1253.15 38.065259 87.001669 -533126.664590 14.408155 46.253065 K0.01Na0.41Ca0.58Al1.58Si2.42O8 53.637 0 29.5592 0 0 0 0 11.8712 4.6855 0.247061 0 0
500.00 1243.15 39.277907 89.443668 -550469.022149 14.872540 47.682507 K0.02Na0.42Ca0.57Al1.57Si2.43O8 53.8423 0 29.4149 0 0 0 0 11.7042 4.76456 0.274049 0 0
500.00 1233.15 40.324621 91.473483 -565522.470723 15.272327 48.904894 K0.02Na0.42Ca0.56Al1.56Si2.44O8 54.0008 0 29.3021 0 0 0 0 11.5742 4.82212 0.300776 0 0
500.00 1223.15 41.195654 93.075056 -578143.305888 15.604075 49.909418 K0.02Na0.43Ca0.56Al1.56Si2.44O8 54.1224 0 29.2143 0 0 0 0 11.4734 4.86279 0.327178 0 0
500.00 1213.15 41.924567 94.330310 -588795.264134 15.880774 50.737789 K0.02Na0.43Ca0.55Al1.55Si2.45O8 54.2158 0 29.1455 0 0 0 0 11.3948 4.89063 0.353296 0 0
500.00 1203.15 42.539053 95.306637 -597861.042880 16.113169 51.424434 K0.02Na0.43Ca0.55Al1.55Si2.45O8 54.2881 0 29.0909 0 0 0 0 11.3329 4.90879 0.379222 0 0
500.00 1193.15 43.061331 96.057974 -605647.765043 16.309893 51.996997 K0.02Na0.43Ca0.55Al1.55Si2.45O8 54.3447 0 29.047 0 0 0 0 11.2835 4.9197 0.405074 0 0
500.00 1183.15 43.508951 96.626829 -612397.979076 16.477772 52.477342 K0.02Na0.43Ca0.54Al1.54Si2.46O8 54.3895 0 29.011 0 0 0 0 11.2433 4.92518 0.430983 0 0
500.00 1173.15 43.895660 97.046445 -618301.657996 16.622157 52.882641 K0.03Na0.43Ca0.54Al1.54Si2.46O8 54.4259 0 28.9806 0 0 0 0 11.2098 4.92662 0.457081 0 0
500.00 1163.15 44.232188 97.342735 -623506.987205 16.747226 53.226356 K0.03Na0.43Ca0.54Al1.54Si2.46O8 54.4562 0 28.9543 0 0 0 0 11.181 4.92504 0.483505 0 0
500.00 1153.15 44.709975 97.936684 -630677.808891 16.925728 53.736743 K0.03Na0.43Ca0.54Al1.54Si2.46O8 54.482 0 28.9273 0 0 0 0 11.1526 4.9118 0.52625 0 0
500.00 1143.15 45.172956 98.484018 -637636.263592 17.098548 54.227779 K0.03Na0.43Ca0.54Al1.54Si2.46O8 54.5055 0 28.9005 0 0 0 0 11.1251 4.89398 0.574916 0 0
500.00 1133.15 45.602333 98.944573 -644119.872911 17.258621 54.677712 K0.04Na0.43Ca0.54Al1.54Si2.46O8 54.5281 0 28.8734 0 0 0 0 11.0975 4.87341 0.627519 0 0
500.00 1123.15 46.007839 99.340487 -650263.874737 17.409699 55.098789 K0.04Na0.42Ca0.54Al1.54Si2.46O8 54.5509 0 28.8453 0 0 0 0 11.069 4.85042 0.684405 0 0
500.00 1113.15 46.339874 99.561203 -655413.836423 17.531875 55.433392 K0.04Na0.42Ca0.54Al1.54Si2.46O8 54.5557 0 28.8325 0 0 0 0 11.0573 4.8274 0.727191 0 0
500.00 1103.15 46.232886 98.826208 -654525.563623 17.485509 55.252985 K0.04Na0.42Ca0.54Al1.54Si2.46O8 54.5301 0 28.856 0 0 0 0 11.0826 4.83211 0.699161 0 0
500.00 1093.15 46.130083 98.098496 -653691.284313 17.440818 55.081120 K0.04Na0.42Ca0.54Al1.54Si2.46O8 54.5055 0 28.8787 0 0 0 0 11.1071 4.83678 0.671871 0 0
500.00 1083.15 46.031223 97.377335 -652907.808579 17.397705 54.918599 K0.04Na0.42Ca0.54Al1.54Si2.46O8 54.4817 0 28.9007 0 0 0 0 11.1309 4.84144 0.645307 0 0
