Title: Hr

System Thermodynamic Data:
Pressure Temperature mass F phi S H V dVdP*10^6 dVdT*10^6 Cp logfO2(absolute) logfO2-NNO rhol rhos viscosity aH2O chisqr
500.00 1523.15 98.062564 1.0000000000000000 1.000000 274.897711 -1163747.093906 37.603536 -368.421358 3747.135035 147.668300 -7.007 0.000 2.607802 0.000000 1.764 0.390265 0.000
500.00 1513.15 98.063215 1.0000000000000000 1.000000 273.926309 -1165233.247893 37.566655 -367.284004 3744.464094 147.668219 -7.116 0.000 2.610379 0.000000 1.803 0.389313 0.000
500.00 1503.15 98.063906 1.0000000000000000 1.000000 272.948512 -1166720.019676 37.529835 -366.149650 3741.735833 147.668339 -7.225 0.000 2.612959 0.000000 1.843 0.388353 0.000
500.00 1493.15 98.064638 1.0000000000000000 1.000000 271.964231 -1168207.433279 37.493078 -365.018369 3738.950526 147.668665 -7.336 0.000 2.615540 0.000000 1.883 0.387382 0.000
500.00 1483.15 98.065412 1.0000000000000000 1.000000 270.973377 -1169695.513739 37.456385 -363.890235 3736.108461 147.669204 -7.449 0.000 2.618123 0.000000 1.923 0.386402 0.000
500.00 1473.15 98.066231 1.0000000000000000 1.000000 269.990678 -1171162.404311 37.419757 -362.765329 3733.209936 144.472824 -7.563 0.000 2.620707 0.000000 1.964 0.385412 0.000
500.00 1463.15 98.067095 1.0000000000000000 1.000000 269.008207 -1172619.880442 37.383196 -361.643730 3730.255265 144.465529 -7.679 0.000 2.623293 0.000000 2.006 0.384412 0.000
500.00 1453.15 98.068006 1.0000000000000000 1.000000 268.019092 -1174078.014815 37.346704 -360.525526 3727.244772 144.457928 -7.796 0.000 2.625881 0.000000 2.048 0.383402 0.000
500.00 1443.15 98.068964 1.0000000000000000 1.000000 267.023241 -1175536.831116 37.310283 -359.410804 3724.178798 144.450019 -7.915 0.000 2.628470 0.000000 2.091 0.382382 0.000
500.00 1433.15 98.069973 1.0000000000000000 1.000000 266.020562 -1176996.354207 37.273933 -358.299658 3721.057699 144.441802 -8.035 0.000 2.631060 0.000000 2.134 0.381353 0.000
500.00 1423.15 98.069749 0.9951715639432820 0.996139 264.876799 -1178625.869975 37.227015 -356.898484 3707.838200 144.185256 -8.157 0.000 2.631812 3.294452 2.194 0.381177 0.000
500.00 1413.15 98.070473 0.9549340846532000 0.963302 262.761874 -1181636.843159 36.997636 -351.396035 3649.531635 142.659030 -8.281 0.000 2.627697 3.255129 2.263 0.399167 0.000
500.00 1403.15 98.070898 0.8972318987119075 0.913716 260.243704 -1185189.643923 36.730411 -343.075980 3566.998669 140.620438 -8.407 0.000 2.621849 3.180130 2.325 0.43313 0.000
500.00 1393.15 98.069145 0.8290528503407971 0.852122 257.538673 -1188942.213729 36.483436 -332.476511 3468.497732 138.348673 -8.535 0.000 2.615272 3.107394 2.375 0.485812 0.000
500.00 1383.15 98.067475 0.7690985928909482 0.797505 255.051514 -1192366.749925 36.264271 -322.987093 3379.599568 136.349876 -8.664 0.000 2.607922 3.083603 2.427 0.540147 0.000
500.00 1373.15 98.065866 0.7156205219943891 0.748485 252.734101 -1195533.566694 36.067263 -314.382525 3297.945956 134.564405 -8.795 0.000 2.599588 3.074245 2.482 0.596194 0.000
500.00 1363.15 98.064280 0.6672894313774063 0.703996 250.549378 -1198496.085352 35.888217 -306.492941 3221.692521 132.946803 -8.929 0.000 2.590018 3.071343 2.543 0.654057 0.000
500.00 1353.15 98.062651 0.6230781667381130 0.663205 248.468217 -1201295.414644 35.724009 -299.187596 3149.374480 131.461951 -9.064 0.000 2.578921 3.072058 2.609 0.713893 0.000
500.00 1343.15 98.224810 0.5097114781967392 0.571034 244.754801 -1209089.750932 35.500572 -285.930028 2895.209182 127.803516 -9.201 0.000 2.469722 3.162387 3.106 0.848194 0.000
500.00 1333.15 98.244744 0.4691061150038965 0.533665 242.799873 -1212043.946573 35.379124 -279.196151 2820.145493 126.514012 -9.340 0.000 2.440980 3.161349 3.247 0.929711 0.000
500.00 1323.15 98.264772 0.4208566424328439 0.480809 240.748977 -1215106.006963 35.605935 -1174.645067 3110.236951 125.192120 -9.481 0.000 2.415668 3.078465 3.371 0.999918 0.000
500.00 1313.15 98.292209 0.3345213232143243 0.369274 238.044045 -1219136.090414 37.141583 -5432.169882 4759.319774 123.281117 -9.625 0.000 2.397361 2.792237 3.507 0.999952 0.000
500.00 1303.15 98.300481 0.2770581681195435 0.299049 235.899055 -1222082.155568 38.212701 -8345.466807 5925.163571 121.942481 -9.771 0.000 2.383289 2.653160 3.652 0.999996 0.000
500.00 1293.15 98.298782 0.2334178724472142 0.247745 234.026048 -1224485.099769 39.049192 -10606.230685 6864.425149 120.890625 -9.919 0.000 2.371734 2.565249 3.805 1.00004 0.000
500.00 1283.15 98.294280 0.1975377326333026 0.206862 232.321181 -1226605.545142 39.725546 -12468.382328 7677.382886 120.225673 -10.069 0.000 2.362805 2.503423 3.945 1.00008 0.000
500.00 1273.15 98.287831 0.1682791408500706 0.174370 230.756151 -1228497.531394 40.258099 -13971.728751 8362.667744 119.551042 -10.221 0.000 2.356163 2.459453 4.071 1.00012 0.000
500.00 1263.15 98.280122 0.1445609627790351 0.148574 229.305311 -1230208.036349 40.666245 -15163.576973 8938.665362 118.997902 -10.376 0.000 2.351477 2.428139 4.183 1.00014 0.000
500.00 1253.15 98.270923 0.1241570965884347 0.126844 227.925633 -1231789.653727 40.984643 -16137.223110 9438.661956 118.491328 -10.534 0.000 2.346968 2.405127 4.316 1.00016 0.000
500.00 1243.15 98.259253 0.1071219880982527 0.108979 226.605993 -1233241.327329 41.232515 -16927.826700 9875.047927 118.045548 -10.694 0.000 2.342452 2.388018 4.467 1.00017 0.000
500.00 1233.15 98.245338 0.0924816635490693 0.093829 225.326748 -1234592.519509 41.429193 -17588.038274 10268.135657 117.642596 -10.857 0.000 2.337358 2.374929 4.644 1.00017 0.000
500.00 1223.15 98.231439 0.0801365503308795 0.081179 224.090840 -1235878.251353 41.570479 -18111.896438 10613.535359 117.289343 -11.022 0.000 2.332667 2.365690 4.825 1.00017 0.000
500.00 1213.15 98.217780 0.0696448730290536 0.070509 222.888748 -1237114.755754 41.666508 -18524.327008 10920.202222 116.975737 -11.190 0.000 2.328335 2.359428 5.009 1.00016 0.000
500.00 1203.15 98.204491 0.0606453705257716 0.061408 221.712638 -1238314.311607 41.725730 -18846.218222 11195.852360 116.693776 -11.361 0.000 2.324331 2.355485 5.194 1.00015 0.000
500.00 1193.15 98.191636 0.0528470468892813 0.053552 220.556153 -1239486.088143 41.754999 -19094.637359 11446.948270 116.437179 -11.534 0.000 2.320637 2.353367 5.381 1.00014 0.000
500.00 1183.15 98.179233 0.0460173356576628 0.046689 219.414164 -1240636.880131 41.759783 -19283.330428 11678.822426 116.201059 -11.711 0.000 2.317237 2.352703 5.568 1.00013 0.000
500.00 1173.15 98.167274 0.0399705745519505 0.040618 218.282520 -1241771.703748 41.744416 -19423.305276 11895.857631 115.981633 -11.890 0.000 2.314119 2.353214 5.756 1.00012 0.000
500.00 1163.15 98.155733 0.0345579086655908 0.035184 217.157839 -1242894.255305 41.712317 -19523.381892 12101.672554 115.775981 -12.073 0.000 2.311273 2.354687 5.944 1.00011 0.000
500.00 1153.15 98.142623 0.0270479057725663 0.027577 215.979130 -1244042.390427 41.707285 -19716.585227 12365.047032 115.548253 -12.259 0.000 2.307977 2.354409 6.148 1.0001 0.000
500.00 1143.15 98.129403 0.0197714051183928 0.020189 214.801648 -1245175.839231 41.690682 -19886.156424 12626.988921 115.329897 -12.448 0.000 2.305016 2.354753 6.353 1.0001 0.000
500.00 1133.15 98.116367 0.0130179540210063 0.013316 213.632002 -1246291.901536 41.658571 -20018.776744 12880.103608 115.123964 -12.641 0.000 2.302510 2.355962 6.555 1.00009 0.000
500.00 1123.15 98.103478 0.0066565369077562 0.006822 212.467202 -1247393.517298 41.613618 -20121.572335 13127.759344 114.928278 -12.837 0.000 2.300443 2.357877 6.754 1.00008 0.000
500.00 1113.15 98.089358 0.0000000000000000 0.000000 211.288290 -1248479.220239 41.565523 -20225.416382 13386.769648 114.733351 -13.036 0.000 0.000000 2.359873 6.857 1 0.000
500.00 1103.15 98.090237 0.0000000000000000 0.000000 210.221195 -1249676.172621 41.430449 -20035.288138 13491.205210 114.633884 -13.239 0.000 0.000000 2.367588 6.857 1 0.000
500.00 1093.15 98.091096 0.0000000000000000 0.000000 209.145578 -1250871.463372 41.294272 -19844.852797 13601.102095 114.538308 -13.446 0.000 0.000000 2.375417 6.857 1 0.000
500.00 1083.15 98.091935 0.0000000000000000 0.000000 208.061234 -1252065.136852 41.156931 -19654.094663 13716.880873 114.447804 -13.656 0.000 0.000000 2.383364 6.857 1 0.000
