Title: Hr

Phase Volumes:
Pressure Temperature mass V liquid_0 water 
500.00 1523.15 100.115188 42.264801 39.658104 2.606697 
500.00 1513.15 100.115833 42.147838 39.617983 2.529855 
500.00 1503.15 100.116518 42.030734 39.577974 2.452760 
500.00 1493.15 100.117244 41.913492 39.538081 2.375411 
500.00 1483.15 100.118012 41.796114 39.498306 2.297808 
500.00 1473.15 100.118823 41.678604 39.458653 2.219951 
500.00 1463.15 100.119680 41.560963 39.419124 2.141839 
500.00 1453.15 100.120583 41.443195 39.379722 2.063473 
500.00 1443.15 100.121534 41.325305 39.340451 1.984855 
500.00 1433.15 100.122535 41.207297 39.301312 1.905985 
500.00 1423.15 100.123587 41.089176 39.262311 1.826865 
500.00 1413.15 100.124692 40.970947 39.223448 1.747499 
