Title: Hr

Phase Masses:
Pressure Temperature mass liquid_0 water 
500.00 1523.15 100.115188 99.931212 0.183977 
500.00 1513.15 100.115833 99.935961 0.179872 
500.00 1503.15 100.116518 99.940827 0.175691 
500.00 1493.15 100.117244 99.945812 0.171431 
500.00 1483.15 100.118012 99.950919 0.167092 
500.00 1473.15 100.118823 99.956152 0.162671 
500.00 1463.15 100.119680 99.961514 0.158165 
500.00 1453.15 100.120583 99.967009 0.153574 
500.00 1443.15 100.121534 99.972640 0.148894 
500.00 1433.15 100.122535 99.978411 0.144124 
500.00 1423.15 100.123587 99.984327 0.139260 
500.00 1413.15 100.124692 99.990390 0.134302 
