Title: Mr1

Solid Composition:
Pressure Temperature mass SiO2 TiO2 Al2O3 Fe2O3 Cr2O3 FeO MnO MgO CaO Na2O K2O P2O5 H2O 
500.00 1523.15 0.000000 ---
500.00 1513.15 0.000000 ---
500.00 1503.15 0.000000 ---
500.00 1493.15 0.000000 ---
500.00 1483.15 2.222793 48.3859 0 33.1401 0 0 0 0 0 16.0507 2.37144 0.0518068 0 0
500.00 1473.15 3.594085 48.7431 0 32.8979 0 0 0 0 0 15.7676 2.53241 0.0590259 0 0
500.00 1463.15 3.321701 49.1174 0 32.6439 0 0 0 0 0 15.4707 2.70069 0.0672929 0 0
500.00 1453.15 11.359334 50.6336 0.165571 16.0907 1.23259 0 3.92545 0 10.0267 16.5056 1.38381 0.0359154 0 0
500.00 1443.15 11.406780 51.1354 0.135711 16.4994 1.09419 0 5.31999 0 10.8264 13.3508 1.58892 0.0491623 0 0
500.00 1433.15 8.821212 51.3643 0.1413 16.5952 1.10599 0 5.86493 0 10.5924 12.5034 1.76871 0.0638431 0 0
500.00 1423.15 6.740164 51.5421 0.157688 16.5316 1.16 0 6.21091 0 10.1927 12.1904 1.93425 0.0804335 0 0
500.00 1413.15 5.911280 49.0574 0.609782 15.3261 3.38038 0.252796 7.86237 0 9.87524 11.6466 1.90033 0.0889564 0 0
500.00 1403.15 4.552564 50.093 0.556384 15.5746 2.76678 0.0427399 7.85833 0 9.42163 11.4508 2.12299 0.112733 0 0
500.00 1393.15 8.458602 35.2475 3.73984 9.4905 15.2556 0.00205768 16.015 0 8.69545 10.3611 1.13695 0.0560008 0 0
500.00 1383.15 5.367926 36.476 3.54025 11.0054 14.5279 0 15.2445 0 7.43551 10.1062 1.58188 0.0823992 0 0
500.00 1373.15 3.261127 39.0235 3.10245 12.587 12.7188 0 13.84 0 6.56152 9.96383 2.08712 0.115787 0 0
500.00 1363.15 2.295640 40.7298 2.84706 13.5199 11.6029 0 12.932 0 5.92569 9.81918 2.47769 0.145722 0 0
500.00 1353.15 1.738012 42.0618 2.67042 14.1509 10.7927 0 12.2346 0 5.41817 9.68575 2.81057 0.175032 0 0
500.00 1343.15 1.376116 43.1781 2.53726 14.6038 10.155 0 11.6532 0 4.99591 9.56669 3.10545 0.204615 0 0
500.00 1333.15 1.123717 44.1514 2.43159 14.9389 9.6283 0 11.1451 0 4.63585 9.46208 3.37196 0.234894 0 0
500.00 1323.15 0.938750 45.0214 2.34487 15.1905 9.17916 0 10.6876 0 4.32363 9.37093 3.61582 0.266135 0 0
500.00 1313.15 0.799661 45.8806 2.25681 15.4027 8.73047 0 10.2917 0 4.07329 9.21902 3.84641 0.299095 0 0
500.00 1303.15 0.690488 46.7161 2.17161 15.6016 8.29512 0 9.93305 0 3.85174 9.0272 4.06936 0.334238 0 0
500.00 1293.15 0.603309 47.4851 2.09602 15.7395 7.89904 0 9.6167 0 3.6658 8.85745 4.27018 0.370254 0 0
500.00 1283.15 0.532017 48.2053 2.02772 15.8465 7.53223 0 9.32636 0 3.49934 8.69788 4.4569 0.407818 0 0
500.00 1273.15 0.491222 48.964 1.68955 16.0295 6.11411 0 9.95315 0.826044 3.554 7.73483 4.68199 0.452803 0 0
500.00 1263.15 0.454025 49.6254 1.36857 16.0899 4.78111 0 10.6267 1.67903 3.57813 6.90724 4.84992 0.494106 0 0
500.00 1253.15 0.404878 50.1848 1.30926 16.0899 4.41946 0 10.476 1.78143 3.39609 6.84587 4.96612 0.531048 0 0
500.00 1243.15 0.362951 50.7201 1.25193 16.0846 4.07769 0 10.3324 1.88154 3.22362 6.78284 5.07554 0.569709 0 0
500.00 1233.15 0.326900 51.2328 1.19597 16.0746 3.75387 0 10.1959 1.98053 3.05912 6.71827 5.17864 0.610323 0 0
500.00 1223.15 0.295681 51.7248 1.14075 16.0603 3.44619 0 10.0663 2.07947 2.90112 6.65199 5.27584 0.653171 0 0
500.00 1213.15 0.268471 52.1981 1.08569 16.0422 3.15305 0 9.9435 2.1793 2.74832 6.58385 5.36744 0.698597 0 0
500.00 1203.15 0.244619 52.6545 1.03022 16.02 2.87303 0 9.82731 2.28076 2.59953 6.51395 5.45362 0.747021 0 0
500.00 1193.15 0.238955 51.8658 3.55301 15.4839 1.45632 0 10.042 2.66515 2.44961 6.33467 5.37047 0.779016 0 0
500.00 1183.15 0.218001 51.9236 3.78748 15.4531 1.50244 0 9.96877 2.61666 2.23992 6.23585 5.43522 0.836984 0 0
500.00 1173.15 0.198735 52.2373 3.71939 15.4585 1.45951 0 9.86357 2.64083 2.07003 6.13735 5.51036 0.903188 0 0
500.00 1163.15 0.181703 52.5521 3.65857 15.4654 1.41742 0 9.74733 2.66213 1.907 6.02902 5.58356 0.977485 0 0