Title: Mr1

System Thermodynamic Data:
Pressure Temperature mass F phi S H V dVdP*10^6 dVdT*10^6 Cp logfO2(absolute) logfO2-NNO rhol rhos viscosity aH2O chisqr
500.00 1523.15 97.788809 1.0000000000000000 1.000000 264.371592 -1173023.376850 36.264987 -200.498100 2346.694028 145.905286 -7.007 0.000 2.696507 0.000000 2.225 0 0.000
500.00 1513.15 97.789420 1.0000000000000000 1.000000 263.411663 -1174491.329199 36.242062 -200.703619 2346.830943 145.908421 -7.116 0.000 2.698230 0.000000 2.268 0 0.000
500.00 1503.15 97.790069 1.0000000000000000 1.000000 262.445388 -1175959.893036 36.219167 -200.910309 2346.976280 145.911749 -7.225 0.000 2.699954 0.000000 2.312 0 0.000
500.00 1493.15 97.790756 1.0000000000000000 1.000000 261.472679 -1177429.090921 36.196303 -201.118236 2347.130297 145.915276 -7.336 0.000 2.701678 0.000000 2.356 0 0.000
500.00 1483.15 97.790994 0.9772699607621648 0.976954 259.991623 -1179636.233520 36.136778 -197.155035 2321.585363 145.307756 -7.449 0.000 2.707010 2.669045 2.376 0 0.000
500.00 1473.15 95.569110 0.9623928140221124 0.961736 252.783706 -1151614.241146 35.222141 -189.385354 2261.117773 138.431130 -7.563 0.000 2.715178 2.666757 2.377 0 0.000
500.00 1463.15 91.975960 0.9638851167602055 0.963112 242.330251 -1104501.500715 33.797309 -181.315475 2191.914425 133.217549 -7.679 0.000 2.723584 2.664343 2.376 0 0.000
500.00 1453.15 88.652119 0.8718661905549474 0.880529 230.522636 -1064020.070812 32.112390 -162.400835 2024.844249 125.646304 -7.796 0.000 2.733523 2.960856 2.407 0 0.000
500.00 1443.15 77.289461 0.8524148097220726 0.861117 199.906981 -919531.591293 27.856919 -140.080568 1757.113514 108.535247 -7.915 0.000 2.746479 2.948355 2.430 0 0.000
500.00 1433.15 65.880929 0.8661037155093886 0.873390 169.839977 -774198.705359 23.667286 -121.465133 1522.881879 92.098884 -8.035 0.000 2.760407 2.943815 2.445 0 0.000
500.00 1423.15 57.058787 0.8818733417192297 0.887856 146.593307 -662209.182513 20.425034 -107.012431 1343.337320 79.442703 -8.157 0.000 2.774747 2.942607 2.456 0 0.000
500.00 1413.15 50.327796 0.8825444374997697 0.890518 128.641222 -577366.280983 17.926996 -95.047038 1189.417439 69.545318 -8.281 0.000 2.782237 3.011840 2.505 0 0.000
500.00 1403.15 44.422749 0.8975172864386414 0.903585 113.182493 -505181.409922 15.802748 -85.460922 1064.863274 61.185814 -8.407 0.000 2.792201 2.987985 2.536 0 0.000
500.00 1393.15 39.958105 0.7883132441647003 0.824533 99.983572 -452434.755653 14.065388 -73.815467 842.560240 53.049824 -8.535 0.000 2.716087 3.427302 3.083 0 0.000
500.00 1383.15 31.552881 0.8298752404090477 0.860322 79.220203 -367124.918185 11.467572 -64.832519 643.852621 42.026580 -8.664 0.000 2.654112 3.351256 3.580 0 0.000
500.00 1373.15 26.214167 0.8755967863547612 0.897469 66.010323 -311995.077635 9.785656 -58.841120 525.402184 35.090606 -8.795 0.000 2.613550 3.250288 3.954 0 0.000
500.00 1363.15 22.972713 0.9000709895975049 0.917468 57.811912 -277570.193582 8.725356 -54.528069 449.538231 30.765190 -8.929 0.000 2.582943 3.187861 4.267 0 0.000
500.00 1353.15 20.691802 0.9160047967865642 0.930532 51.961869 -252927.909503 7.961784 -51.191013 394.992011 27.681162 -9.064 0.000 2.558317 3.142374 4.542 0 0.000
500.00 1343.15 18.965585 0.9274414179137419 0.939928 47.487162 -234045.159564 7.374065 -48.500060 353.286552 25.328690 -9.201 0.000 2.537762 3.106558 4.790 0 0.000
500.00 1333.15 17.599369 0.9361501758164190 0.947094 43.913924 -218953.382495 6.902647 -46.269407 320.111551 23.457025 -9.340 0.000 2.520194 3.077047 5.017 0 0.000
500.00 1323.15 16.484255 0.9430517396829242 0.952778 40.974186 -206535.389296 6.513561 -44.383024 292.970312 21.923579 -9.481 0.000 2.504926 3.051988 5.227 0 0.000
500.00 1313.15 15.553150 0.9485852576539678 0.957317 38.501469 -196094.781236 6.185510 -42.757950 270.292431 20.639434 -9.625 0.000 2.491515 3.028831 5.424 0 0.000
500.00 1303.15 14.759404 0.9532170546598061 0.961102 36.379468 -187135.943803 5.903404 -41.336757 251.004796 19.542447 -9.771 0.000 2.479640 3.006951 5.608 0 0.000
500.00 1293.15 14.074282 0.9571339299164779 0.964315 34.535403 -179355.815385 5.657849 -40.083093 234.397455 18.593625 -9.919 0.000 2.469044 2.988116 5.783 0 0.000
500.00 1283.15 13.475911 0.9605208536549590 0.967096 32.914339 -172524.642233 5.441804 -38.969202 220.031660 17.766741 -10.069 0.000 2.459533 2.971172 5.948 0 0.000
500.00 1273.15 12.948045 0.9620620640201828 0.968306 31.471297 -166473.563115 5.249842 -37.935543 207.102853 17.029462 -10.221 0.000 2.450464 2.952300 6.118 0 0.000
500.00 1263.15 12.461330 0.9635652456718455 0.969549 30.137031 -160879.322558 5.071862 -36.968351 195.338152 16.350422 -10.376 0.000 2.441791 2.939731 6.293 0 0.000
500.00 1253.15 12.011636 0.9662928364200829 0.971842 28.904561 -155704.885091 4.906979 -36.094574 184.766615 15.727175 -10.534 0.000 2.433891 2.930251 6.462 0 0.000
500.00 1243.15 11.610954 0.9687406364336485 0.973896 27.799012 -151083.433653 4.759370 -35.311010 175.387096 15.171444 -10.694 0.000 2.426685 2.921401 6.626 0 0.000
500.00 1233.15 11.252094 0.9709475974857821 0.975745 26.801805 -146935.748954 4.626567 -34.605739 167.022858 14.673324 -10.857 0.000 2.420103 2.913119 6.787 0 0.000
500.00 1223.15 10.929203 0.9729458050609749 0.977417 25.897791 -143197.140750 4.506554 -33.968880 159.530045 14.224746 -11.022 0.000 2.414085 2.905350 6.943 0 0.000
500.00 1213.15 10.637469 0.9747617763938116 0.978935 25.074488 -139814.251522 4.397665 -33.392166 152.790429 13.819071 -11.190 0.000 2.408579 2.898045 7.097 0 0.000
500.00 1203.15 10.372895 0.9764174722692590 0.980317 24.321520 -136742.650666 4.298511 -32.868618 146.705942 13.450786 -11.361 0.000 2.403539 2.891165 7.247 0 0.000
500.00 1193.15 10.131896 0.9764155531945747 0.980483 23.622806 -133949.857180 4.207483 -32.358589 140.567448 13.110242 -11.534 0.000 2.398075 2.909971 7.404 0 0.000
500.00 1183.15 9.896615 0.9779722002228943 0.981805 22.947928 -131216.576777 4.119601 -31.890544 134.798097 12.782696 -11.711 0.000 2.392946 2.908340 7.559 0 0.000
500.00 1173.15 9.682310 0.9794744579330617 0.983051 22.327573 -128732.262047 4.039427 -31.467208 129.573418 12.484350 -11.890 0.000 2.388232 2.902680 7.711 0 0.000
500.00 1163.15 9.487293 0.9808477905071290 0.984185 21.756678 -126474.314666 3.966233 -31.083655 124.831311 12.212437 -12.073 0.000 2.383905 2.896754 7.860 0 0.000
