Title: Hr

System Thermodynamic Data:
Pressure Temperature mass F phi S H V dVdP*10^6 dVdT*10^6 Cp logfO2(absolute) logfO2-NNO rhol rhos viscosity aH2O chisqr
500.00 1523.15 98.192143 1.0000000000000000 1.000000 265.587876 -1170906.548305 36.279179 -200.684543 2390.939960 146.425044 -7.007 0.000 2.706570 0.000000 2.155 0 0.000
500.00 1513.15 98.192784 1.0000000000000000 1.000000 264.624587 -1172380.167149 36.255837 -200.876798 2391.083411 146.428329 -7.116 0.000 2.708330 0.000000 2.197 0 0.000
500.00 1503.15 98.193464 1.0000000000000000 1.000000 263.654932 -1173854.429536 36.232527 -201.070279 2391.235689 146.431816 -7.225 0.000 2.710092 0.000000 2.240 0 0.000
500.00 1493.15 98.194184 1.0000000000000000 1.000000 262.678821 -1175329.359218 36.209250 -201.265057 2391.397065 146.435511 -7.336 0.000 2.711854 0.000000 2.283 0 0.000
500.00 1483.15 98.194912 0.9986753508706999 0.998652 261.666716 -1176848.072091 36.183838 -201.216335 2390.068088 146.403712 -7.449 0.000 2.713841 2.667614 2.326 0 0.000
500.00 1473.15 98.065570 0.9609545812010081 0.960144 259.515969 -1177775.882249 36.047824 -194.065591 2345.215916 142.014945 -7.563 0.000 2.722726 2.665108 2.323 0 0.000
500.00 1463.15 94.237312 0.9623451836038437 0.961401 248.407049 -1127536.333945 34.528693 -185.407708 2271.380795 136.461990 -7.679 0.000 2.731928 2.662452 2.318 0 0.000
500.00 1453.15 90.686633 0.9125622549763098 0.916307 236.911229 -1082657.664895 32.937386 -170.940033 2141.639771 129.746180 -7.796 0.000 2.742051 2.876502 2.334 0 0.000
500.00 1443.15 82.753980 0.8434691968981939 0.851827 213.964317 -982778.858880 29.710294 -146.933893 1898.947441 116.292433 -7.915 0.000 2.758036 2.942470 2.339 0 0.000
500.00 1433.15 69.798336 0.8632918784315362 0.869968 179.932819 -817401.011805 24.961368 -126.457712 1639.230288 97.742355 -8.035 0.000 2.774797 2.939810 2.337 0 0.000
500.00 1423.15 60.255061 0.8788995657718234 0.884178 154.784668 -696075.870882 21.449966 -110.721418 1444.994118 84.048675 -8.157 0.000 2.792330 2.937107 2.329 0 0.000
500.00 1413.15 52.957444 0.8908043058505392 0.894902 135.495111 -603657.347787 18.754715 -98.172807 1294.236897 73.559233 -8.281 0.000 2.810757 2.933785 2.314 0 0.000
500.00 1403.15 47.174427 0.9000438275540561 0.903113 120.170522 -530680.475210 16.611426 -87.849359 1173.365154 65.241839 -8.407 0.000 2.830227 2.929836 2.293 0 0.000
500.00 1393.15 42.459054 0.9072688399419776 0.909410 107.649220 -471373.599879 14.858012 -79.134680 1073.874637 58.461597 -8.535 0.000 2.850925 2.925206 2.265 0 0.000
500.00 1383.15 38.521986 0.9128849862456423 0.914158 97.176928 -422009.462340 13.389184 -71.611936 990.148602 52.805479 -8.664 0.000 2.873092 2.919752 2.230 0 0.000
500.00 1373.15 35.166482 0.9171160635305385 0.917536 88.239306 -380059.560511 12.133066 -64.983272 918.292663 47.991482 -8.795 0.000 2.897073 2.913165 2.186 0 0.000
500.00 1363.15 32.252140 0.9200027233899426 0.919531 80.468050 -343723.559050 11.038051 -59.019735 855.459970 43.817525 -8.929 0.000 2.923404 2.904785 2.132 0 0.000
500.00 1353.15 29.672411 0.9212830156899036 0.919783 73.581924 -311638.656292 10.064479 -53.520100 799.393081 40.129241 -9.064 0.000 2.953040 2.893093 2.064 0 0.000
500.00 1343.15 27.336826 0.9197991083515418 0.916874 67.337538 -282653.009910 9.177541 -48.243287 747.926959 36.792720 -9.201 0.000 2.988167 2.873862 1.976 0 0.000
500.00 1333.15 25.143659 0.9083946128062859 0.902276 61.431752 -255504.592028 8.333005 -42.546454 697.146225 33.636760 -9.340 0.000 3.037820 2.828432 1.833 0 0.000
500.00 1323.15 22.835592 0.8517346341671170 0.833542 55.013008 -227087.787041 7.403198 -33.953555 632.808767 30.175588 -9.481 0.000 3.151880 2.747438 1.470 0 0.000
500.00 1313.15 19.448629 0.9082942024272642 0.898449 46.427731 -184022.825021 6.101723 -28.450373 572.695567 25.717358 -9.625 0.000 3.222327 2.878387 1.288 0 0.000
500.00 1303.15 17.681520 0.8188692851155748 0.837745 41.293039 -163276.827272 5.384874 -23.506197 462.217402 22.590436 -9.771 0.000 3.209569 3.665545 1.410 0 0.000
500.00 1293.15 14.483737 0.9737934321935111 0.970140 34.260417 -131836.626906 4.500677 -21.839976 421.425609 19.134532 -9.919 0.000 3.230244 2.824334 1.392 0 0.000
500.00 1283.15 14.109555 0.8128024097856211 0.824653 32.589202 -128335.285563 4.269444 -18.027746 363.770560 17.917380 -10.069 0.000 3.257286 3.528117 1.353 0 0.000
500.00 1273.15 11.473247 0.9807571623490988 0.978399 26.787377 -101524.008035 3.514981 -16.794858 329.698460 15.035341 -10.221 0.000 3.271967 2.907753 1.355 0 0.000

Title: Hr

Liquid Composition:
Pressure Temperature mass SiO2 TiO2 Al2O3 Fe2O3 FeO MnO MgO CaO Na2O K2O P2O5 H2O 
500.00 1523.15 98.192143 49.5462 1.36162 15.4921 2.49455 9.66309 0.199914 7.27899 11.1827 2.27085 0.349519 0.160502 0
500.00 1513.15 98.192784 49.5459 1.36161 15.492 2.50104 9.65717 0.199913 7.27895 11.1826 2.27084 0.349517 0.160501 0
500.00 1503.15 98.193464 49.5456 1.3616 15.4919 2.50793 9.65088 0.199911 7.2789 11.1825 2.27082 0.349514 0.160499 0
500.00 1493.15 98.194184 49.5452 1.36159 15.4918 2.51524 9.64422 0.19991 7.27884 11.1824 2.27081 0.349512 0.160498 0
500.00 1483.15 98.064838 49.5461 1.36338 15.4684 2.52596 9.65028 0.200174 7.28844 11.1761 2.27055 0.349908 0.16071 0
500.00 1473.15 94.236559 49.5706 1.41877 14.766 2.62574 10.0449 0.208306 7.58453 10.9961 2.25599 0.361854 0.167239 0
500.00 1463.15 90.688823 49.5792 1.47427 14.0729 2.72574 10.4403 0.216454 7.88124 10.8284 2.23427 0.373504 0.173781 0
500.00 1453.15 82.757199 49.5629 1.60459 13.4966 2.87551 11.1373 0.234354 7.77989 10.4412 2.2723 0.405018 0.190437 0
500.00 1443.15 69.800433 49.2542 1.87563 12.9073 3.12568 12.2907 0.277864 7.18889 9.9935 2.38889 0.471498 0.225787 0
500.00 1433.15 60.256337 48.9105 2.14713 12.3141 3.36326 13.4096 0.321875 6.65193 9.60521 2.47834 0.536501 0.261549 0
500.00 1423.15 52.958147 48.5349 2.41832 11.7219 3.5893 14.5011 0.366233 6.1675 9.26025 2.54319 0.599622 0.297593 0
500.00 1413.15 47.174719 48.1259 2.69082 11.1279 3.80648 15.5754 0.411131 5.72787 8.95407 2.58545 0.660863 0.334077 0
500.00 1403.15 42.459052 47.6807 2.96634 10.5292 4.017 16.6418 0.456793 5.32699 8.68346 2.60641 0.720126 0.371181 0
500.00 1393.15 38.521777 47.1955 3.24682 9.92253 4.22279 17.7095 0.503482 4.95999 8.44636 2.60679 0.777175 0.409119 0
500.00 1383.15 35.166143 46.6647 3.53455 9.30422 4.42566 18.7883 0.551525 4.62297 8.24178 2.58667 0.83156 0.448158 0
500.00 1373.15 32.251745 46.0799 3.83252 8.66906 4.62751 19.8905 0.601363 4.31276 8.06995 2.54537 0.882481 0.488656 0
500.00 1363.15 29.672057 45.4277 4.14507 8.00894 4.83069 21.0335 0.653646 4.02696 7.93286 2.481 0.928467 0.531139 0
500.00 1353.15 27.336688 44.6837 4.47949 7.30889 5.0388 22.2472 0.709486 3.76423 7.83583 2.38928 0.966533 0.576515 0
500.00 1343.15 25.144388 43.7918 4.8517 6.53311 5.25951 23.5988 0.771345 3.52557 7.79306 2.2593 0.989077 0.62678 0
500.00 1333.15 22.840365 42.5193 5.32498 5.52831 5.52378 25.3686 0.849155 3.32435 7.86695 2.04435 0.960221 0.690006 0
500.00 1323.15 19.449864 39.6094 6.23625 3.62257 5.95876 29.033 0.99718 3.19514 8.38163 1.54015 0.615566 0.810288 0
500.00 1313.15 17.665077 37.8449 6.84526 2.69662 6.18787 31.1798 1.09793 2.94196 8.57928 1.30022 0.434054 0.892156 0
500.00 1303.15 14.478853 38.9756 5.03796 2.63503 6.30635 32.2547 1.262 2.32364 8.26526 1.44235 0.408567 1.08848 0
500.00 1293.15 14.104168 38.6772 4.92754 2.24999 6.41561 32.8581 1.28952 2.37952 8.42362 1.33358 0.327888 1.1174 0
500.00 1283.15 11.468281 38.18 4.3716 1.95978 6.58058 34.4981 1.5382 1.60343 8.17381 1.44231 0.277898 1.37423 0
500.00 1273.15 11.252470 38.0099 4.23942 1.68895 6.67701 34.9076 1.56121 1.63118 8.29031 1.36439 0.22944 1.40058 0
Title: Hr

liquid_0 thermodynamic data and composition:
Pressure Temperature mass S H V Cp viscosity SiO2 TiO2 Al2O3 Fe2O3 FeO MnO MgO CaO Na2O K2O P2O5 H2O Mg#
500.00 1523.15 98.192143 265.587876 -1170906.548305 36.279179 146.425044 2.155 49.5462 1.36162 15.4921 2.49455 9.66309 0.199914 7.27899 11.1827 2.27085 0.349519 0.160502 0 57.3
500.00 1513.15 98.192784 264.624587 -1172380.167149 36.255837 146.428329 2.197 49.5459 1.36161 15.492 2.50104 9.65717 0.199913 7.27895 11.1826 2.27084 0.349517 0.160501 0 57.3
500.00 1503.15 98.193464 263.654932 -1173854.429536 36.232527 146.431816 2.240 49.5456 1.3616 15.4919 2.50793 9.65088 0.199911 7.2789 11.1825 2.27082 0.349514 0.160499 0 57.3
500.00 1493.15 98.194184 262.678821 -1175329.359218 36.209250 146.435511 2.283 49.5452 1.36159 15.4918 2.51524 9.64422 0.19991 7.27884 11.1824 2.27081 0.349512 0.160498 0 57.4
500.00 1483.15 98.064838 261.347325 -1175055.902731 36.135078 146.243201 2.326 49.5461 1.36338 15.4684 2.52596 9.65028 0.200174 7.28844 11.1761 2.27055 0.349908 0.16071 0 57.4
500.00 1473.15 94.236559 250.134540 -1124986.798502 34.611105 137.293309 2.323 49.5706 1.41877 14.766 2.62574 10.0449 0.208306 7.58453 10.9961 2.25599 0.361854 0.167239 0 57.4
500.00 1463.15 90.688823 239.731776 -1078585.285644 33.195903 132.089378 2.318 49.5792 1.47427 14.0729 2.72574 10.4403 0.216454 7.88124 10.8284 2.23427 0.373504 0.173781 0 57.4
500.00 1453.15 82.757199 217.813637 -977261.647158 30.180762 120.080371 2.334 49.5629 1.60459 13.4966 2.87551 11.1373 0.234354 7.77989 10.4412 2.2723 0.405018 0.190437 0 55.5
500.00 1443.15 69.800433 182.842022 -813254.887191 25.308024 100.499626 2.339 49.2542 1.87563 12.9073 3.12568 12.2907 0.277864 7.18889 9.9935 2.38889 0.471498 0.225787 0 51.0
500.00 1433.15 60.256337 157.069505 -692836.631402 21.715580 86.133386 2.337 48.9105 2.14713 12.3141 3.36326 13.4096 0.321875 6.65193 9.60521 2.47834 0.536501 0.261549 0 46.9
500.00 1423.15 52.958147 137.351428 -601038.996615 18.965578 75.191566 2.329 48.5349 2.41832 11.7219 3.5893 14.5011 0.366233 6.1675 9.26025 2.54319 0.599622 0.297593 0 43.1
500.00 1413.15 47.174719 121.719332 -528506.822998 16.783635 66.555907 2.314 48.1259 2.69082 11.1279 3.80648 15.5754 0.411131 5.72787 8.95407 2.58545 0.660863 0.334077 0 39.6
500.00 1403.15 42.459052 108.969645 -469529.844995 15.001993 59.543809 2.293 47.6807 2.96634 10.5292 4.017 16.6418 0.456793 5.32699 8.68346 2.60641 0.720126 0.371181 0 36.3
500.00 1393.15 38.521777 98.323235 -420417.224584 13.512029 53.714177 2.265 47.1955 3.24682 9.92253 4.22279 17.7095 0.503482 4.95999 8.44636 2.60679 0.777175 0.409119 0 33.3
500.00 1383.15 35.166143 89.250440 -378662.978669 12.239825 48.767779 2.230 46.6647 3.53455 9.30422 4.42566 18.7883 0.551525 4.62297 8.24178 2.58667 0.83156 0.448158 0 30.5
500.00 1373.15 32.251745 81.373524 -342480.839940 11.132527 44.491827 2.186 46.0799 3.83252 8.66906 4.62751 19.8905 0.601363 4.31276 8.06995 2.54537 0.882481 0.488656 0 27.9
500.00 1363.15 29.672057 74.406335 -310515.912365 10.149832 40.725880 2.132 45.4277 4.14507 8.00894 4.83069 21.0335 0.653646 4.02696 7.93286 2.481 0.928467 0.531139 0 25.4
500.00 1353.15 27.336688 68.107008 -281616.389428 9.257134 37.335550 2.064 44.6837 4.47949 7.30889 5.0388 22.2472 0.709486 3.76423 7.83583 2.38928 0.966533 0.576515 0 23.2
500.00 1343.15 25.144388 62.206819 -254483.116667 8.414652 34.174188 1.976 43.7918 4.8517 6.53311 5.25951 23.5988 0.771345 3.52557 7.79306 2.2593 0.989077 0.62678 0 21.0
500.00 1333.15 22.840365 56.037135 -225811.850227 7.518669 30.885997 1.833 42.5193 5.32498 5.52831 5.52378 25.3686 0.849155 3.32435 7.86695 2.04435 0.960221 0.690006 0 18.9
500.00 1323.15 19.449864 47.061683 -183211.323189 6.170877 26.134415 1.470 39.6094 6.23625 3.62257 5.95876 29.033 0.99718 3.19514 8.38163 1.54015 0.615566 0.810288 0 16.4
500.00 1313.15 17.665077 42.314951 -161661.456749 5.482087 23.620699 1.288 37.8449 6.84526 2.69662 6.18787 31.1798 1.09793 2.94196 8.57928 1.30022 0.434054 0.892156 0 14.4
500.00 1303.15 14.478853 34.499176 -131456.554441 4.511152 19.206188 1.410 38.9756 5.03796 2.63503 6.30635 32.2547 1.262 2.32364 8.26526 1.44235 0.408567 1.08848 0 11.4
500.00 1293.15 14.104168 33.393062 -127212.201142 4.366285 18.697885 1.392 38.6772 4.92754 2.24999 6.41561 32.8581 1.28952 2.37952 8.42362 1.33358 0.327888 1.1174 0 11.4
500.00 1283.15 11.468281 26.954794 -101239.731131 3.520808 15.074352 1.353 38.18 4.3716 1.95978 6.58058 34.4981 1.5382 1.60343 8.17381 1.44231 0.277898 1.37423 0 7.7
500.00 1273.15 11.252470 26.291003 -98912.009491 3.439054 14.782969 1.355 38.0099 4.23942 1.68895 6.67701 34.9076 1.56121 1.63118 8.29031 1.36439 0.22944 1.40058 0 7.7

olivine_0 thermodynamic data and composition:
Pressure Temperature mass S H V Cp formula SiO2 TiO2 Al2O3 Fe2O3 FeO MnO MgO CaO Na2O K2O P2O5 H2O
500.00 1453.15 0.476615 1.146004 -5746.349847 0.144290 0.586982 (Ca0.01Mg0.81Fe''0.19Mn0.01Co0.00Ni0.00)2SiO4 39.288 0 0 0 17.4585 0.494078 42.3136 0.445864 0 0 0 0

feldspar_0 thermodynamic data and composition:
Pressure Temperature mass S H V Cp formula SiO2 TiO2 Al2O3 Fe2O3 FeO MnO MgO CaO Na2O K2O P2O5 H2O
500.00 1483.15 0.130074 0.319392 -1792.169360 0.048760 0.160511 K0.00Na0.22Ca0.78Al1.78Si2.22O8 48.5629 0 33.0216 0 0 0 0 15.9117 2.45511 0.0487325 0 0
500.00 1473.15 3.829011 9.381429 -52789.083747 1.436719 4.721636 K0.00Na0.23Ca0.76Al1.76Si2.24O8 48.9477 0 32.7608 0 0 0 0 15.6068 2.62892 0.0558354 0 0
500.00 1463.15 3.548489 8.675273 -48951.048300 1.332789 4.372613 K0.00Na0.25Ca0.75Al1.75Si2.25O8 49.3527 0 32.4862 0 0 0 0 15.2857 2.81143 0.0640569 0 0
500.00 1453.15 4.601960 11.231110 -63514.495067 1.730982 5.667146 K0.00Na0.27Ca0.72Al1.72Si2.28O8 49.9101 0 32.1078 0 0 0 0 14.8434 3.06163 0.0770469 0 0
500.00 1443.15 6.041033 14.723400 -83405.518338 2.276635 7.435020 K0.01Na0.30Ca0.70Al1.70Si2.30O8 50.6224 0 31.6227 0 0 0 0 14.277 3.37729 0.100559 0 0
500.00 1433.15 4.528269 11.021004 -62540.629698 1.709820 5.570276 K0.01Na0.33Ca0.67Al1.67Si2.33O8 51.34 0 31.133 0 0 0 0 13.7056 3.69261 0.128801 0 0
500.00 1423.15 3.518489 8.551000 -48609.710258 1.331125 4.325610 K0.01Na0.35Ca0.64Al1.64Si2.36O8 52.0665 0 30.636 0 0 0 0 13.126 4.00864 0.162821 0 0
500.00 1413.15 2.835546 6.880989 -39185.710994 1.074868 3.483926 K0.01Na0.38Ca0.61Al1.61Si2.39O8 52.8037 0 30.1302 0 0 0 0 12.5367 4.32527 0.204196 0 0
500.00 1403.15 2.353125 5.701596 -32526.988311 0.893789 2.889421 K0.01Na0.41Ca0.58Al1.58Si2.42O8 53.5537 0 29.6135 0 0 0 0 11.9354 4.6422 0.255123 0 0
500.00 1393.15 2.001267 4.841501 -27668.748986 0.761707 2.455809 K0.02Na0.43Ca0.55Al1.55Si2.45O8 54.3199 0 29.0831 0 0 0 0 11.3191 4.95912 0.318786 0 0
500.00 1383.15 1.739161 4.200772 -24048.003860 0.663357 2.132748 K0.02Na0.46Ca0.52Al1.52Si2.48O8 55.1079 0 28.5341 0 0 0 0 10.6822 5.27577 0.400028 0 0
500.00 1373.15 1.542575 3.720040 -21330.215398 0.589695 1.890326 K0.03Na0.49Ca0.48Al1.48Si2.52O8 55.9275 0 27.958 0 0 0 0 10.0157 5.59202 0.506688 0 0
500.00 1363.15 1.398243 3.366713 -19331.766965 0.535818 1.712122 K0.04Na0.51Ca0.45Al1.45Si2.55O8 56.7961 0 27.3402 0 0 0 0 9.30336 5.90777 0.652624 0 0
500.00 1353.15 1.303334 3.133529 -18012.127743 0.500826 1.594482 K0.05Na0.54Ca0.41Al1.41Si2.59O8 57.7481 0 26.651 0 0 0 0 8.51259 6.22253 0.865772 0 0
500.00 1343.15 1.276127 3.064126 -17618.919882 0.492067 1.559432 K0.07Na0.57Ca0.36Al1.36Si2.64O8 58.8679 0 25.8178 0 0 0 0 7.5639 6.53352 1.21691 0 0
500.00 1333.15 1.462076 3.507956 -20130.924762 0.566996 1.783237 K0.11Na0.59Ca0.29Al1.29Si2.71O8 60.4942 0 24.5439 0 0 0 0 6.13348 6.81812 2.01026 0 0
500.00 1323.15 2.422052 5.806033 -33096.358627 0.950712 2.940811 K0.23Na0.59Ca0.17Al1.17Si2.83O8 63.2308 0 22.2278 0 0 0 0 3.58412 6.84454 4.11269 0 0
500.00 1313.15 0.975923 2.332372 -13329.417775 0.384086 1.183593 K0.25Na0.60Ca0.14Al1.14Si2.86O8 63.8988 0 21.7098 0 0 0 0 3.00091 6.97501 4.4155 0 0
500.00 1303.15 0.240947 0.571186 -3262.391788 0.095701 0.290053 K0.42Na0.50Ca0.08Al1.08Si2.92O8 65.004 0 20.319 0 0 0 0 1.59561 5.79173 7.28967 0 0
500.00 1293.15 0.296835 0.703973 -4061.928108 0.116756 0.359432 K0.25Na0.61Ca0.14Al1.14Si2.86O8 63.921 0 21.7042 0 0 0 0 2.99109 7.00992 4.37375 0 0
500.00 1283.15 0.253988 0.599444 -3462.671685 0.100447 0.308767 K0.32Na0.58Ca0.10Al1.10Si2.90O8 64.8052 0 20.8155 0 0 0 0 2.05162 6.65042 5.67725 0 0
500.00 1273.15 0.160914 0.379063 -2209.774590 0.063226 0.196433 K0.22Na0.64Ca0.14Al1.14Si2.86O8 64.0886 0 21.7211 0 0 0 0 2.96596 7.42767 3.79665 0 0

clinopyroxene_1 thermodynamic data and composition:
Pressure Temperature mass S H V Cp structure formula SiO2 TiO2 Al2O3 Fe2O3 FeO MnO MgO CaO Na2O K2O P2O5 H2O
500.00 1443.15 3.131812 7.350406 -39493.959072 0.965148 3.733736 cpx Na0.01Ca0.68Fe''0.23Mg0.95Fe'''0.06Ti0.01Al0.18Si1.88O6 51.0176 0.38356 4.07763 2.28219 7.42456 0 17.3481 17.2807 0.185758 0 0 0
500.00 1433.15 2.122945 4.959064 -26643.448797 0.652214 2.520559 cpx Na0.01Ca0.69Fe''0.24Mg0.93Fe'''0.07Ti0.01Al0.18Si1.87O6 50.7227 0.455201 4.09645 2.45354 7.88141 0 16.8375 17.3513 0.201837 0 0 0
500.00 1423.15 1.549384 3.601851 -19353.608566 0.474544 1.831910 cpx Na0.02Ca0.69Fe''0.26Mg0.90Fe'''0.07Ti0.01Al0.18Si1.87O6 50.4283 0.530655 4.11064 2.62597 8.32016 0 16.3229 17.4429 0.218454 0 0 0
500.00 1413.15 1.171233 2.709436 -14561.481010 0.357627 1.378957 cpx Na0.02Ca0.70Fe''0.27Mg0.88Fe'''0.08Ti0.02Al0.18Si1.86O6 50.1343 0.609718 4.11872 2.80026 8.74791 0 15.8049 17.5485 0.235671 0 0 0
500.00 1403.15 0.910233 2.095187 -11263.143853 0.277081 1.067083 cpx Na0.02Ca0.71Fe''0.29Mg0.85Fe'''0.08Ti0.02Al0.18Si1.86O6 49.8415 0.691825 4.11877 2.97656 9.17145 0 15.2844 17.6621 0.253507 0 0 0
500.00 1393.15 0.723237 1.656354 -8906.289664 0.219480 0.844190 cpx Na0.02Ca0.71Fe''0.30Mg0.82Fe'''0.09Ti0.02Al0.18Si1.85O6 49.5518 0.775893 4.10825 3.15437 9.59761 0 14.7622 17.7779 0.271942 0 0 0
500.00 1383.15 0.584918 1.332716 -7167.439918 0.176954 0.679745 cpx Na0.02Ca0.72Fe''0.31Mg0.80Fe'''0.09Ti0.02Al0.18Si1.85O6 49.2687 0.860094 4.0838 3.33235 10.0338 0 14.2395 17.8908 0.290902 0 0 0
500.00 1373.15 0.479586 1.087045 -5846.716096 0.144634 0.554867 cpx Na0.02Ca0.73Fe''0.33Mg0.77Fe'''0.10Ti0.03Al0.18Si1.85O6 48.9975 0.941517 4.04072 3.50795 10.4887 0 13.7181 17.9953 0.310243 0 0 0
500.00 1363.15 0.396961 0.895025 -4813.625609 0.119339 0.457220 cpx Na0.02Ca0.73Fe''0.35Mg0.74Fe'''0.10Ti0.03Al0.18Si1.84O6 48.747 1.01562 3.9722 3.67667 10.973 0 13.2003 18.0856 0.329712 0 0 0
500.00 1353.15 0.329671 0.739337 -3975.248149 0.098797 0.378013 cpx Na0.03Ca0.74Fe''0.36Mg0.72Fe'''0.11Ti0.03Al0.17Si1.84O6 48.5317 1.07521 3.86735 3.83048 11.5023 0 12.69 18.1541 0.348846 0 0 0
500.00 1343.15 0.270951 0.604351 -3247.716127 0.080947 0.309296 cpx Na0.03Ca0.74Fe''0.39Mg0.69Fe'''0.11Ti0.03Al0.17Si1.84O6 48.3795 1.10754 3.70518 3.95275 12.104 0 12.1945 18.1898 0.366691 0 0 0
500.00 1333.15 0.207138 0.459446 -2466.581810 0.061699 0.235425 cpx Na0.03Ca0.74Fe''0.41Mg0.67Fe'''0.11Ti0.03Al0.15Si1.85O6 48.3768 1.07732 3.41665 3.987 12.8648 0 11.7363 18.161 0.380174 0 0 0
500.00 1323.15 0.211912 0.467093 -2499.498166 0.062916 0.239702 cpx Na0.03Ca0.74Fe''0.46Mg0.64Fe'''0.11Ti0.03Al0.13Si1.87O6 48.7147 0.898796 2.81424 3.75546 14.2302 0 11.2513 17.9531 0.38213 0 0 0
500.00 1313.15 0.335057 0.733771 -3911.022944 0.099024 0.376675 cpx Na0.03Ca0.74Fe''0.50Mg0.61Fe'''0.11Ti0.03Al0.12Si1.88O6 48.5738 0.872846 2.5754 3.82144 15.3642 0 10.531 17.8634 0.397894 0 0 0
500.00 1303.15 1.781228 3.868069 -20292.184562 0.521330 1.978531 cpx Na0.03Ca0.73Fe''0.58Mg0.53Fe'''0.13Ti0.02Al0.12Si1.87O6 47.9166 0.70811 2.5227 4.31319 17.6302 0 9.0334 17.4889 0.38701 0 0 0
500.00 1283.15 1.229909 2.629861 -13526.006050 0.354744 1.341410 cpx Na0.03Ca0.72Fe''0.69Mg0.41Fe'''0.15Ti0.02Al0.11Si1.87O6 46.9838 0.624157 2.31698 4.97917 20.8314 0 6.84687 17.0031 0.414602 0 0 0

rhm-oxide_0 thermodynamic data and composition:
Pressure Temperature mass S H V Cp formula SiO2 TiO2 Al2O3 Fe2O3 FeO MnO MgO CaO Na2O K2O P2O5 H2O
500.00 1303.15 1.111269 2.203006 -7539.229833 0.236953 1.038356 Mn0.02Fe''0.73Mg0.05Fe'''0.40Ti0.80O3 0 42.0315 0 21.1959 34.4718 1.01028 1.29053 0 0 0 0 0
500.00 1293.15 0.082735 0.163382 -562.497655 0.017636 0.077215 Mn0.02Fe''0.73Mg0.05Fe'''0.40Ti0.80O3 0 42.1574 0 20.9377 34.6036 1.03563 1.26565 0 0 0 0 0
500.00 1283.15 0.450271 0.885792 -3019.498689 0.095564 0.421214 Mn0.03Fe''0.73Mg0.03Fe'''0.43Ti0.79O3 0 41.221 0 22.4004 34.302 1.21734 0.859254 0 0 0 0 0
500.00 1273.15 0.059864 0.117311 -402.223954 0.012702 0.055939 Mn0.03Fe''0.73Mg0.03Fe'''0.42Ti0.79O3 0 41.3068 0 22.2248 34.3839 1.24182 0.842699 0 0 0 0 0

clinopyroxene_0 thermodynamic data and composition:
Pressure Temperature mass S H V Cp structure formula SiO2 TiO2 Al2O3 Fe2O3 FeO MnO MgO CaO Na2O K2O P2O5 H2O
500.00 1453.15 2.850860 6.720478 -36135.172823 0.881353 3.411682 cpx Na0.01Ca0.68Fe''0.21Mg0.97Fe'''0.06Ti0.01Al0.18Si1.88O6 51.2953 0.318762 4.06505 2.11913 6.89977 0 17.7948 17.3363 0.17091 0 0 0
500.00 1443.15 3.780702 9.048488 -46624.494280 1.160487 4.624050 cpx Na0.01Ca0.27Fe''0.37Mg1.26Fe'''0.05Ti0.00Al0.14Si1.91O6 52.4436 0.177326 3.23535 1.70429 12.2059 0 23.2189 6.92909 0.0854798 0 0 0
500.00 1433.15 2.890786 6.883247 -35380.301909 0.883753 3.518135 cpx Na0.01Ca0.27Fe''0.40Mg1.23Fe'''0.05Ti0.01Al0.14Si1.90O6 52.1617 0.199139 3.21659 1.80688 13.059 0 22.5761 6.88957 0.0910917 0 0 0
500.00 1423.15 2.229041 5.280390 -27073.555443 0.678719 2.699589 cpx Na0.01Ca0.27Fe''0.43Mg1.20Fe'''0.05Ti0.01Al0.14Si1.90O6 51.8936 0.21856 3.18818 1.90352 13.9217 0 21.9603 6.81797 0.0961598 0 0 0
500.00 1413.15 1.775946 4.185355 -21403.332784 0.538585 2.140443 cpx Na0.01Ca0.27Fe''0.46Mg1.17Fe'''0.06Ti0.01Al0.14Si1.90O6 51.6365 0.235276 3.14978 1.99467 14.8015 0 21.3608 6.72082 0.100704 0 0 0
500.00 1403.15 1.452017 3.404094 -17360.498051 0.438562 1.741526 cpx Na0.01Ca0.26Fe''0.49Mg1.14Fe'''0.06Ti0.01Al0.14Si1.90O6 51.3886 0.248994 3.10084 2.08047 15.7038 0 20.7689 6.60373 0.104738 0 0 0
500.00 1393.15 1.212773 2.828130 -14381.336644 0.364795 1.447420 cpx Na0.01Ca0.26Fe''0.52Mg1.12Fe'''0.06Ti0.01Al0.13Si1.90O6 51.1485 0.259443 3.0406 2.16083 16.6334 0 20.1773 6.47166 0.108268 0 0 0
500.00 1383.15 1.031764 2.393000 -12131.039893 0.309048 1.225208 cpx Na0.01Ca0.25Fe''0.55Mg1.09Fe'''0.06Ti0.01Al0.13Si1.90O6 50.9155 0.26637 2.96794 2.23532 17.5947 0 19.5798 6.32909 0.111297 0 0 0
500.00 1373.15 0.892576 2.058697 -10401.789077 0.266211 1.054462 cpx Na0.01Ca0.25Fe''0.58Mg1.06Fe'''0.06Ti0.01Al0.13Si1.90O6 50.6894 0.269521 2.88127 2.30312 18.5919 0 18.9708 6.1802 0.11382 0 0 0
500.00 1363.15 0.784880 1.799976 -9062.254111 0.233062 0.922304 cpx Na0.01Ca0.24Fe''0.62Mg1.03Fe'''0.07Ti0.01Al0.12Si1.90O6 50.4708 0.268602 2.77805 2.36273 19.6302 0 18.3446 6.02916 0.11582 0 0 0
500.00 1353.15 0.702717 1.602050 -8034.890972 0.207721 0.821196 cpx Na0.01Ca0.24Fe''0.66Mg1.00Fe'''0.07Ti0.01Al0.12Si1.90O6 50.2619 0.263159 2.65374 2.41128 20.7169 0 17.6951 5.88064 0.117255 0 0 0
500.00 1343.15 0.645360 1.462242 -7303.257234 0.189875 0.749804 cpx Na0.01Ca0.23Fe''0.70Mg0.97Fe'''0.07Ti0.01Al0.11Si1.91O6 50.0686 0.252167 2.49828 2.44213 21.8662 0 17.0133 5.74141 0.118009 0 0 0
500.00 1333.15 0.634081 1.427215 -7095.235230 0.185641 0.732101 cpx Na0.01Ca0.23Fe''0.74Mg0.93Fe'''0.07Ti0.01Al0.10Si1.91O6 49.915 0.231389 2.27369 2.42967 23.1317 0 16.2709 5.63003 0.117632 0 0 0
500.00 1323.15 0.751763 1.678199 -8280.607060 0.218694 0.860660 cpx Na0.01Ca0.23Fe''0.80Mg0.87Fe'''0.07Ti0.01Al0.09Si1.92O6 49.8109 0.187815 1.87147 2.28818 24.9287 0 15.2017 5.59608 0.115228 0 0 0
500.00 1313.15 0.472571 1.046636 -5120.927553 0.136526 0.536391 cpx Na0.01Ca0.23Fe''0.87Mg0.82Fe'''0.07Ti0.01Al0.08Si1.93O6 49.4989 0.171022 1.69189 2.29836 26.6428 0 14.1206 5.46189 0.114526 0 0 0
500.00 1303.15 0.069222 0.151603 -726.466648 0.019737 0.077308 cpx Na0.01Ca0.23Fe''0.97Mg0.70Fe'''0.08Ti0.00Al0.08Si1.92O6 48.5273 0.136453 1.73971 2.69807 29.4729 0 11.9377 5.37879 0.10906 0 0 0
500.00 1283.15 0.707107 1.519311 -7087.378008 0.197880 0.771636 cpx Na0.01Ca0.22Fe''1.14Mg0.54Fe'''0.10Ti0.00Al0.08Si1.91O6 47.3324 0.110434 1.6178 3.12627 33.5571 0 9.00278 5.14533 0.107872 0 0 0

Title: Hr

Phase Masses:
Pressure Temperature mass liquid_0 olivine_0 clinopyroxene_0 clinopyroxene_1 feldspar_0 rhm-oxide_0 
500.00 1523.15 98.192143 98.192143 0.000000 0.000000 0.000000 0.000000 0.000000 
500.00 1513.15 98.192784 98.192784 0.000000 0.000000 0.000000 0.000000 0.000000 
500.00 1503.15 98.193464 98.193464 0.000000 0.000000 0.000000 0.000000 0.000000 
500.00 1493.15 98.194184 98.194184 0.000000 0.000000 0.000000 0.000000 0.000000 
500.00 1483.15 98.194912 98.064838 0.000000 0.000000 0.000000 0.130074 0.000000 
500.00 1473.15 98.065570 94.236559 0.000000 0.000000 0.000000 3.829011 0.000000 
500.00 1463.15 94.237312 90.688823 0.000000 0.000000 0.000000 3.548489 0.000000 
500.00 1453.15 90.686633 82.757199 0.476615 2.850860 0.000000 4.601960 0.000000 
500.00 1443.15 82.753980 69.800433 0.000000 3.780702 3.131812 6.041033 0.000000 
500.00 1433.15 69.798336 60.256337 0.000000 2.890786 2.122945 4.528269 0.000000 
500.00 1423.15 60.255061 52.958147 0.000000 2.229041 1.549384 3.518489 0.000000 
500.00 1413.15 52.957444 47.174719 0.000000 1.775946 1.171233 2.835546 0.000000 
500.00 1403.15 47.174427 42.459052 0.000000 1.452017 0.910233 2.353125 0.000000 
500.00 1393.15 42.459054 38.521777 0.000000 1.212773 0.723237 2.001267 0.000000 
500.00 1383.15 38.521986 35.166143 0.000000 1.031764 0.584918 1.739161 0.000000 
500.00 1373.15 35.166482 32.251745 0.000000 0.892576 0.479586 1.542575 0.000000 
500.00 1363.15 32.252140 29.672057 0.000000 0.784880 0.396961 1.398243 0.000000 
500.00 1353.15 29.672411 27.336688 0.000000 0.702717 0.329671 1.303334 0.000000 
500.00 1343.15 27.336826 25.144388 0.000000 0.645360 0.270951 1.276127 0.000000 
500.00 1333.15 25.143659 22.840365 0.000000 0.634081 0.207138 1.462076 0.000000 
500.00 1323.15 22.835592 19.449864 0.000000 0.751763 0.211912 2.422052 0.000000 
500.00 1313.15 19.448629 17.665077 0.000000 0.472571 0.335057 0.975923 0.000000 
500.00 1303.15 17.681520 14.478853 0.000000 0.069222 1.781228 0.240947 1.111269 
500.00 1293.15 14.483737 14.104168 0.000000 0.000000 0.000000 0.296835 0.082735 
500.00 1283.15 14.109555 11.468281 0.000000 0.707107 1.229909 0.253988 0.450271 
500.00 1273.15 11.473247 11.252470 0.000000 0.000000 0.000000 0.160914 0.059864 

Title: Hr

Phase Volumes:
Pressure Temperature mass V liquid_0 olivine_0 clinopyroxene_0 clinopyroxene_1 feldspar_0 rhm-oxide_0 
500.00 1523.15 98.192143 36.279179 36.279179 0.000000 0.000000 0.000000 0.000000 0.000000 
500.00 1513.15 98.192784 36.255837 36.255837 0.000000 0.000000 0.000000 0.000000 0.000000 
500.00 1503.15 98.193464 36.232527 36.232527 0.000000 0.000000 0.000000 0.000000 0.000000 
500.00 1493.15 98.194184 36.209250 36.209250 0.000000 0.000000 0.000000 0.000000 0.000000 
500.00 1483.15 98.194912 36.183838 36.135078 0.000000 0.000000 0.000000 0.048760 0.000000 
500.00 1473.15 98.065570 36.047824 34.611105 0.000000 0.000000 0.000000 1.436719 0.000000 
500.00 1463.15 94.237312 34.528693 33.195903 0.000000 0.000000 0.000000 1.332789 0.000000 
500.00 1453.15 90.686633 32.937386 30.180762 0.144290 0.881353 0.000000 1.730982 0.000000 
500.00 1443.15 82.753980 29.710294 25.308024 0.000000 1.160487 0.965148 2.276635 0.000000 
500.00 1433.15 69.798336 24.961368 21.715580 0.000000 0.883753 0.652214 1.709820 0.000000 
500.00 1423.15 60.255061 21.449966 18.965578 0.000000 0.678719 0.474544 1.331125 0.000000 
500.00 1413.15 52.957444 18.754715 16.783635 0.000000 0.538585 0.357627 1.074868 0.000000 
500.00 1403.15 47.174427 16.611426 15.001993 0.000000 0.438562 0.277081 0.893789 0.000000 
500.00 1393.15 42.459054 14.858012 13.512029 0.000000 0.364795 0.219480 0.761707 0.000000 
500.00 1383.15 38.521986 13.389184 12.239825 0.000000 0.309048 0.176954 0.663357 0.000000 
500.00 1373.15 35.166482 12.133066 11.132527 0.000000 0.266211 0.144634 0.589695 0.000000 
500.00 1363.15 32.252140 11.038051 10.149832 0.000000 0.233062 0.119339 0.535818 0.000000 
500.00 1353.15 29.672411 10.064479 9.257134 0.000000 0.207721 0.098797 0.500826 0.000000 
500.00 1343.15 27.336826 9.177541 8.414652 0.000000 0.189875 0.080947 0.492067 0.000000 
500.00 1333.15 25.143659 8.333005 7.518669 0.000000 0.185641 0.061699 0.566996 0.000000 
500.00 1323.15 22.835592 7.403198 6.170877 0.000000 0.218694 0.062916 0.950712 0.000000 
500.00 1313.15 19.448629 6.101723 5.482087 0.000000 0.136526 0.099024 0.384086 0.000000 
500.00 1303.15 17.681520 5.384874 4.511152 0.000000 0.019737 0.521330 0.095701 0.236953 
500.00 1293.15 14.483737 4.500677 4.366285 0.000000 0.000000 0.000000 0.116756 0.017636 
500.00 1283.15 14.109555 4.269444 3.520808 0.000000 0.197880 0.354744 0.100447 0.095564 
500.00 1273.15 11.473247 3.514981 3.439054 0.000000 0.000000 0.000000 0.063226 0.012702 

Title: Hr

Solid Composition:
Pressure Temperature mass SiO2 TiO2 Al2O3 Fe2O3 FeO MnO MgO CaO Na2O K2O P2O5 H2O 
500.00 1523.15 0.000000 ---
500.00 1513.15 0.000000 ---
500.00 1503.15 0.000000 ---
500.00 1493.15 0.000000 ---
500.00 1483.15 0.130074 48.5629 0 33.0216 0 0 0 0 15.9117 2.45511 0.0487325 0 0
500.00 1473.15 3.829011 48.9477 0 32.7608 0 0 0 0 15.6068 2.62892 0.0558354 0 0
500.00 1463.15 3.548489 49.3527 0 32.4862 0 0 0 0 15.2857 2.81143 0.0640569 0 0
500.00 1453.15 7.929435 49.7697 0.114604 20.0957 0.761889 3.53004 0.0296976 8.94108 14.8743 1.83831 0.0447152 0 0
500.00 1443.15 12.953547 51.2495 0.14449 16.6778 1.0492 5.35756 0 10.9711 12.8586 1.6449 0.0468969 0 0
500.00 1433.15 9.541999 51.4516 0.161605 16.6604 1.09328 5.70976 0 10.5856 12.4518 1.82488 0.061124 0 0
500.00 1423.15 7.296914 51.6658 0.179441 16.6191 1.13907 6.01943 0 10.1743 12.1157 2.00868 0.0785106 0 0
500.00 1413.15 5.782725 51.9046 0.195748 16.5758 1.17975 6.31752 0 9.76129 11.7657 2.19955 0.100127 0 0
500.00 1403.15 4.715375 52.1704 0.21022 16.528 1.21522 6.60612 0 9.34583 11.3991 2.3978 0.127315 0 0
500.00 1393.15 3.937277 52.4672 0.222438 16.4738 1.24501 6.88646 0 8.92674 11.0124 2.60396 0.162035 0 0
500.00 1383.15 3.355843 52.8012 0.231809 16.412 1.26808 7.15841 0 8.50181 10.6003 2.81908 0.207314 0 0
500.00 1373.15 2.914736 53.1832 0.237451 16.3435 1.28247 7.41916 0 8.06655 10.1541 3.04538 0.268156 0 0
500.00 1363.15 2.580083 53.6335 0.23797 16.2729 1.28444 7.65991 0 7.6115 9.65851 3.2876 0.353681 0 0
500.00 1353.15 2.335723 54.195 0.230931 16.2155 1.26609 7.85628 0 7.11479 9.08159 3.55669 0.483101 0 0
500.00 1343.15 2.192438 54.9816 0.211102 16.2207 1.20736 7.93233 0 6.51504 8.34064 3.88294 0.708311 0 0
500.00 1333.15 2.303295 56.4921 0.160585 16.5131 1.02743 7.52493 0 5.53473 7.07653 4.39455 1.27607 0 0
500.00 1323.15 3.385727 59.3425 0.0979576 16.4928 0.743118 6.4258 0 4.07958 4.93021 4.94589 2.9421 0 0
500.00 1313.15 1.783552 57.2044 0.209287 12.8113 1.32687 9.94562 0 5.71975 6.44503 3.92167 2.41607 0 0
500.00 1303.15 3.202666 32.5891 14.981 2.96932 9.81178 22.4035 0.350548 5.72992 9.96308 0.653332 0.548426 0 0
500.00 1293.15 0.379569 49.9882 9.18903 16.9733 4.56378 7.54254 0.225735 0.275873 2.33913 5.48197 3.4204 0 0
500.00 1283.15 2.641275 40.7813 7.34734 3.51365 6.97421 24.5315 0.207526 5.7449 9.49224 0.861449 0.54593 0 0
500.00 1273.15 0.220778 46.711 11.2003 15.8315 6.02624 9.32317 0.33672 0.228498 2.16174 5.41366 2.76719 0 0
Title: Hr

Bulk Composition:
Pressure Temperature mass SiO2 TiO2 Al2O3 Fe2O3 FeO MnO MgO CaO Na2O K2O P2O5 H2O 
500.00 1523.15 98.192143 49.5462 1.36162 15.4921 2.49455 9.66309 0.199914 7.27899 11.1827 2.27085 0.349519 0.160502 0
500.00 1513.15 98.192784 49.5459 1.36161 15.492 2.50104 9.65717 0.199913 7.27895 11.1826 2.27084 0.349517 0.160501 0
500.00 1503.15 98.193464 49.5456 1.3616 15.4919 2.50793 9.65088 0.199911 7.2789 11.1825 2.27082 0.349514 0.160499 0
500.00 1493.15 98.194184 49.5452 1.36159 15.4918 2.51524 9.64422 0.19991 7.27884 11.1824 2.27081 0.349512 0.160498 0
500.00 1483.15 98.194912 49.5448 1.36158 15.4916 2.52262 9.63749 0.199909 7.27879 11.1824 2.27079 0.349509 0.160497 0
500.00 1473.15 98.065570 49.5463 1.36337 15.4686 2.52322 9.65266 0.200172 7.28839 11.1762 2.27055 0.349906 0.160709 0
500.00 1463.15 94.237312 49.5707 1.41876 14.7662 2.6231 10.0471 0.208304 7.58447 10.9962 2.256 0.361852 0.167237 0
500.00 1453.15 90.686633 49.581 1.47431 14.0736 2.6907 10.4721 0.21646 7.88143 10.8288 2.23435 0.373514 0.173785 0
500.00 1443.15 82.753980 49.5665 1.60465 13.4975 2.80065 11.2055 0.234369 7.78092 10.442 2.27243 0.405035 0.190444 0
500.00 1433.15 69.798336 49.2579 1.8757 12.9083 3.05294 12.357 0.277872 7.18969 9.99436 2.38901 0.471514 0.225793 0
500.00 1423.15 60.255061 48.9141 2.14719 12.315 3.29257 13.474 0.321882 6.65272 9.60604 2.47846 0.536515 0.261555 0
500.00 1413.15 52.957444 48.5385 2.41837 11.7228 3.51965 14.5645 0.366238 6.1683 9.26108 2.54331 0.599633 0.297597 0
500.00 1403.15 47.174427 48.1295 2.69085 11.1288 3.73694 15.6387 0.411134 5.72869 8.9549 2.58556 0.660871 0.334079 0
500.00 1393.15 42.459054 47.6843 2.96636 10.53 3.94666 16.7058 0.456793 5.32783 8.68431 2.60653 0.720132 0.371181 0
500.00 1383.15 38.521986 47.1992 3.24683 9.92342 4.15058 17.7751 0.503479 4.96087 8.44724 2.60692 0.777179 0.409117 0
500.00 1373.15 35.166482 46.6686 3.53454 9.30514 4.35026 18.8568 0.55152 4.62388 8.24269 2.58681 0.831564 0.448154 0
500.00 1363.15 32.252140 46.0841 3.83251 8.67003 4.547 19.9637 0.601356 4.31372 8.07091 2.54552 0.882486 0.48865 0
500.00 1353.15 29.672411 45.4324 4.14506 8.00999 4.74183 21.1144 0.653638 4.02798 7.93389 2.48118 0.928478 0.531133 0
500.00 1343.15 27.336826 44.6892 4.47952 7.31006 4.93452 22.3423 0.709483 3.76532 7.83698 2.38952 0.966559 0.576512 0
500.00 1333.15 25.143659 43.7993 4.85189 6.53457 5.11189 23.734 0.771368 3.52683 7.79454 2.25964 0.989154 0.626798 0
500.00 1323.15 22.835592 42.5352 5.32615 5.53079 5.18546 25.6812 0.849332 3.32627 7.8699 2.0451 0.96051 0.690151 0
500.00 1313.15 19.448629 39.6203 6.2367 3.62419 5.74209 29.2325 0.997243 3.1967 8.38356 1.54062 0.615816 0.81034 0
500.00 1303.15 17.681520 37.8188 6.83895 2.69558 6.94129 30.4704 1.09691 2.94062 8.57279 1.29943 0.4339 0.891326 0
500.00 1293.15 14.483737 38.9736 5.03922 2.63583 6.36708 32.1947 1.26164 2.32439 8.26417 1.4423 0.408933 1.08812 0
500.00 1283.15 14.109555 38.667 4.92865 2.25067 6.65427 32.6324 1.2891 2.3787 8.42061 1.33357 0.328073 1.11697 0
500.00 1273.15 11.473247 38.1774 4.37336 1.96109 6.66449 34.4153 1.53764 1.60419 8.17238 1.44231 0.278273 1.37363 0
