Title: Hr

Solid Composition:
Pressure Temperature mass SiO2 TiO2 Al2O3 Fe2O3 FeO MnO MgO CaO Na2O K2O P2O5 H2O 
500.00 1523.15 0.000000 ---
500.00 1513.15 0.000000 ---
500.00 1503.15 0.000000 ---
500.00 1493.15 0.000000 ---
500.00 1483.15 0.130074 48.5629 0 33.0216 0 0 0 0 15.9117 2.45511 0.0487325 0 0
500.00 1473.15 3.829011 48.9477 0 32.7608 0 0 0 0 15.6068 2.62892 0.0558354 0 0
500.00 1463.15 3.548489 49.3527 0 32.4862 0 0 0 0 15.2857 2.81143 0.0640569 0 0
500.00 1453.15 7.929435 49.7697 0.114604 20.0957 0.761889 3.53004 0.0296976 8.94108 14.8743 1.83831 0.0447152 0 0
500.00 1443.15 12.953547 51.2495 0.14449 16.6778 1.0492 5.35756 0 10.9711 12.8586 1.6449 0.0468969 0 0
500.00 1433.15 9.541999 51.4516 0.161605 16.6604 1.09328 5.70976 0 10.5856 12.4518 1.82488 0.061124 0 0
500.00 1423.15 7.296914 51.6658 0.179441 16.6191 1.13907 6.01943 0 10.1743 12.1157 2.00868 0.0785106 0 0
500.00 1413.15 5.782725 51.9046 0.195748 16.5758 1.17975 6.31752 0 9.76129 11.7657 2.19955 0.100127 0 0
500.00 1403.15 4.715375 52.1704 0.21022 16.528 1.21522 6.60612 0 9.34583 11.3991 2.3978 0.127315 0 0
500.00 1393.15 3.937277 52.4672 0.222438 16.4738 1.24501 6.88646 0 8.92674 11.0124 2.60396 0.162035 0 0
500.00 1383.15 3.355843 52.8012 0.231809 16.412 1.26808 7.15841 0 8.50181 10.6003 2.81908 0.207314 0 0
500.00 1373.15 2.914736 53.1832 0.237451 16.3435 1.28247 7.41916 0 8.06655 10.1541 3.04538 0.268156 0 0
500.00 1363.15 2.580083 53.6335 0.23797 16.2729 1.28444 7.65991 0 7.6115 9.65851 3.2876 0.353681 0 0
500.00 1353.15 2.335723 54.195 0.230931 16.2155 1.26609 7.85628 0 7.11479 9.08159 3.55669 0.483101 0 0
500.00 1343.15 2.192438 54.9816 0.211102 16.2207 1.20736 7.93233 0 6.51504 8.34064 3.88294 0.708311 0 0
500.00 1333.15 2.303295 56.4921 0.160585 16.5131 1.02743 7.52493 0 5.53473 7.07653 4.39455 1.27607 0 0
500.00 1323.15 3.385727 59.3425 0.0979576 16.4928 0.743118 6.4258 0 4.07958 4.93021 4.94589 2.9421 0 0
500.00 1313.15 1.783552 57.2044 0.209287 12.8113 1.32687 9.94562 0 5.71975 6.44503 3.92167 2.41607 0 0
500.00 1303.15 3.202666 32.5891 14.981 2.96932 9.81178 22.4035 0.350548 5.72992 9.96308 0.653332 0.548426 0 0
500.00 1293.15 0.379569 49.9882 9.18903 16.9733 4.56378 7.54254 0.225735 0.275873 2.33913 5.48197 3.4204 0 0
500.00 1283.15 2.641275 40.7813 7.34734 3.51365 6.97421 24.5315 0.207526 5.7449 9.49224 0.861449 0.54593 0 0
500.00 1273.15 0.220778 46.711 11.2003 15.8315 6.02624 9.32317 0.33672 0.228498 2.16174 5.41366 2.76719 0 0