Title: Hr

Solid Composition:
Pressure Temperature mass SiO2 TiO2 Al2O3 Fe2O3 FeO MnO MgO CaO Na2O K2O P2O5 H2O 
500.00 1523.15 0.000000 ---
500.00 1513.15 0.000000 ---
500.00 1503.15 0.000000 ---
500.00 1493.15 0.000000 ---
500.00 1483.15 0.000000 ---
500.00 1473.15 0.000000 ---
500.00 1463.15 0.000000 ---
500.00 1453.15 0.000000 ---
500.00 1443.15 0.000000 ---
500.00 1433.15 0.000000 ---
500.00 1423.15 0.473524 39.4756 0 -1.68088e-013 0 16.6093 0.336996 43.1276 0.450424 0 0 0 0
500.00 1413.15 3.933989 49.1042 0.62144 4.78631 2.44272 6.11564 0.0261335 17.4624 19.2828 0.158407 0 0 0
500.00 1403.15 5.551823 48.3209 0.551854 11.1028 1.97714 5.28946 0.029466 13.9125 18.2291 0.577573 0.00916758 0 0
500.00 1393.15 6.456370 47.3586 0.394139 16.9445 1.28543 5.02695 0.0537084 11.7168 16.1676 1.03231 0.0200541 0 0
500.00 1383.15 5.531051 47.2542 0.44677 16.9806 1.32961 5.35533 0.0601257 11.5199 15.9407 1.09074 0.0219145 0 0
500.00 1373.15 4.795839 47.1324 0.506003 17.0184 1.37528 5.7061 0.0673149 11.3139 15.705 1.15167 0.0238658 0 0
500.00 1363.15 4.203447 46.9874 0.57423 17.0546 1.42359 6.08456 0.0754688 11.099 15.4601 1.21511 0.0259133 0 0
500.00 1353.15 11.370350 29.8692 4.40625 11.5329 18.6587 15.2474 0 8.47192 11.1486 0.652768 0.0122972 0 0
500.00 1343.15 4.444797 37.5839 2.84134 14.5219 11.9516 10.8044 0.000647646 7.89851 13.3022 1.07421 0.0212914 0 0
500.00 1333.15 3.785952 39.4282 2.4727 15.8147 10.5358 10.2623 0 7.86858 12.2779 1.31271 0.0270713 0 0
500.00 1323.15 3.340633 41.2709 2.11887 17.1875 9.11782 9.8107 0 7.88839 10.9962 1.57584 0.03387 0 0
500.00 1313.15 3.273710 42.4941 1.83425 18.5267 7.90163 8.9626 0 7.13263 10.5427 1.88817 0.0422322 0 0.675004
500.00 1303.15 3.921957 43.9209 1.42454 20.1244 6.16032 7.69287 0 6.06194 9.62595 2.38163 0.0571822 0 2.55026
500.00 1293.15 3.290006 43.5675 1.33718 19.8374 5.7373 7.30515 0 5.42569 9.05754 2.63453 0.0673319 0 5.03039
500.00 1283.15 2.830176 43.027 1.25013 19.4025 5.32606 6.89579 0 4.84721 8.48789 2.85874 0.0778616 0 7.82688
500.00 1273.15 2.483397 42.3118 1.16513 18.8463 4.93165 6.47736 0 4.32544 7.9295 3.04922 0.0885768 0 10.875
500.00 1263.15 2.213946 41.436 1.08343 18.1942 4.55747 6.05939 0 3.85773 7.39121 3.20311 0.0992791 0 14.1182
500.00 1253.15 1.999671 40.4169 1.00571 17.4703 4.20502 5.64851 0 3.4401 6.87833 3.31984 0.109791 0 17.5055
500.00 1243.15 1.826149 39.2747 0.932314 16.6964 3.87474 5.24935 0 3.06811 6.39372 3.40062 0.119963 0 20.9901
500.00 1233.15 1.683608 38.0312 0.863406 15.8917 3.56644 4.86515 0 2.73726 5.9386 3.4479 0.129676 0 24.5286
500.00 1223.15 1.565179 36.7091 0.799008 15.0727 3.2796 4.49811 0 2.44328 5.5131 3.46496 0.138848 0 28.0813
500.00 1213.15 1.465871 35.3308 0.739065 14.2529 3.0135 4.14972 0 2.1822 5.11668 3.45549 0.147428 0 31.6122
500.00 1203.15 1.381954 33.9173 0.683468 13.4436 2.76732 3.82086 0 1.95044 4.74839 3.42335 0.155395 0 35.0899
500.00 1193.15 1.310572 32.4877 0.632068 12.6535 2.54015 3.51197 0 1.74476 4.40701 3.37231 0.162754 0 38.4877
500.00 1183.15 1.249498 31.059 0.584691 11.8893 2.33107 3.22311 0 1.56227 4.09114 3.30592 0.169532 0 41.784
500.00 1173.15 1.214004 29.3897 0.534282 11.0543 2.11149 2.95184 0 1.40438 4.34387 3.19906 0.174478 0.471187 44.3654
500.00 1163.15 1.168849 27.97 0.494318 10.3456 1.93311 2.69955 0 1.25774 4.13772 3.10803 0.18019 0.523392 47.3503
500.00 1153.15 1.126584 26.6452 0.459051 9.69508 1.77526 2.46812 0 1.12806 3.82902 3.01671 0.18584 0.471365 50.3263
500.00 1143.15 1.089833 25.3614 0.426763 9.08003 1.63129 2.25434 0 1.0132 3.54183 2.92039 0.191132 0.421222 53.1584