Title: Hr

Liquid Composition:
Pressure Temperature mass SiO2 TiO2 Al2O3 Fe2O3 FeO MnO MgO CaO Na2O K2O P2O5 H2O 
500.00 1523.15 99.979990 49.6525 1.34479 14.6215 2.47029 9.77514 0.192693 6.82126 10.5775 2.21235 0.329663 0.15173 1.85045
500.00 1513.15 99.984822 49.6501 1.34472 14.6208 2.47661 9.76888 0.192684 6.82093 10.577 2.21224 0.329647 0.151723 1.85455
500.00 1503.15 99.989773 49.6477 1.34466 14.6201 2.48332 9.76225 0.192675 6.8206 10.5765 2.21213 0.32963 0.151715 1.85873
500.00 1493.15 99.994844 49.6452 1.34459 14.6194 2.49044 9.75523 0.192665 6.82025 10.576 2.21202 0.329614 0.151707 1.86298
500.00 1483.15 100.000039 49.6426 1.34452 14.6186 2.49797 9.74783 0.192655 6.8199 10.5754 2.2119 0.329597 0.151699 1.86731
500.00 1473.15 100.005362 49.6399 1.34445 14.6178 2.50594 9.74002 0.192645 6.81953 10.5749 2.21179 0.329579 0.151691 1.87172
500.00 1463.15 100.010816 49.6372 1.34438 14.617 2.51435 9.7318 0.192634 6.81916 10.5743 2.21166 0.329561 0.151683 1.87622
500.00 1453.15 100.016404 49.6345 1.3443 14.6162 2.52322 9.72315 0.192623 6.81878 10.5737 2.21154 0.329543 0.151675 1.8808
500.00 1443.15 100.022131 49.6316 1.34422 14.6154 2.53257 9.71405 0.192612 6.81839 10.5731 2.21141 0.329524 0.151666 1.88546
500.00 1433.15 100.028000 49.6287 1.34414 14.6145 2.5424 9.7045 0.192601 6.81799 10.5725 2.21128 0.329504 0.151657 1.89022
500.00 1423.15 100.034015 49.6257 1.34406 14.6136 2.55274 9.69447 0.192589 6.81758 10.5718 2.21115 0.329485 0.151648 1.89507
500.00 1413.15 100.040181 49.6227 1.34398 14.6127 2.56361 9.68396 0.192577 6.81716 10.5712 2.21102 0.329464 0.151639 1.90001
500.00 1403.15 99.895103 49.6356 1.34593 14.634 2.57452 9.66518 0.192413 6.76323 10.5859 2.21423 0.329943 0.151859 1.90716
500.00 1393.15 99.080444 49.7215 1.357 14.7543 2.58284 9.60721 0.191503 6.47386 10.6697 2.23243 0.332656 0.153107 1.92394
500.00 1383.15 95.990686 49.7733 1.37909 15.0948 2.59498 9.68716 0.19649 6.09839 10.4243 2.30019 0.343363 0.158036 1.94988
500.00 1373.15 91.419905 49.8213 1.40398 15.5967 2.60696 9.86182 0.206317 5.66315 9.9224 2.40742 0.360531 0.165937 1.98354
500.00 1363.15 87.320025 49.8922 1.42199 16.0752 2.61521 10.0133 0.215987 5.25011 9.4349 2.5126 0.377458 0.173728 2.01725
500.00 1353.15 83.267220 50.0134 1.44054 16.4643 2.62885 10.1732 0.225971 4.85322 8.95401 2.61889 0.395688 0.182184 2.0498
500.00 1343.15 69.114718 53.0263 1.16538 16.6051 2.24999 8.3997 0.268827 4.23486 8.21398 2.97476 0.473859 0.219489 2.1678
500.00 1333.15 60.397035 54.8099 1.06812 16.4055 2.09475 7.65019 0.307639 3.74847 7.67036 3.22345 0.539211 0.251171 2.23121
500.00 1323.15 53.236400 56.5 1.00003 16.032 1.96771 7.00184 0.349018 3.26233 7.26419 3.44571 0.607952 0.284955 2.28421
500.00 1313.15 47.785920 58.0569 0.939811 15.6261 1.85025 6.42344 0.388827 2.86289 6.9032 3.62955 0.67337 0.317457 2.32819
500.00 1303.15 43.474818 59.502 0.886168 15.1995 1.74098 5.9037 0.427385 2.52944 6.58003 3.78065 0.736042 0.348937 2.36523
500.00 1293.15 39.964514 60.8517 0.838062 14.7605 1.63874 5.4336 0.464924 2.24744 6.28882 3.9035 0.796386 0.379586 2.39681
500.00 1283.15 37.041907 62.1185 0.794664 14.3153 1.54267 5.00609 0.501607 2.00637 6.02486 4.00172 0.854695 0.409535 2.42401
500.00 1273.15 34.565953 63.3121 0.75531 13.8686 1.45209 4.61558 0.537537 1.79843 5.78431 4.07835 0.911164 0.43887 2.44764
500.00 1263.15 32.439535 64.44 0.719463 13.4241 1.3665 4.25762 0.572772 1.6177 5.564 4.136 0.965912 0.467638 2.46832
500.00 1253.15 30.593109 65.508 0.68668 12.9847 1.2855 3.92859 0.607341 1.4596 5.3613 4.17695 1.01901 0.495862 2.48654
500.00 1243.15 28.975238 66.521 0.656591 12.5524 1.20878 3.62551 0.641253 1.32052 5.17395 4.20322 1.0705 0.523549 2.5027
500.00 1233.15 27.546811 67.4832 0.628889 12.129 1.13609 3.34584 0.674505 1.19755 5.00009 4.21661 1.1204 0.550697 2.51712
500.00 1223.15 26.277391 68.398 0.603309 11.7157 1.06723 3.08746 0.707089 1.08836 4.83811 4.21872 1.16873 0.577301 2.53005
500.00 1213.15 25.142828 69.2685 0.579626 11.3132 1.00201 2.84851 0.738997 0.991016 4.68667 4.21096 1.21551 0.603351 2.54171
500.00 1203.15 24.123649 70.0975 0.557644 10.922 0.940269 2.62735 0.770218 0.903924 4.5446 4.1946 1.26074 0.628842 2.55228
500.00 1193.15 23.203944 70.8875 0.537192 10.5426 0.881854 2.42257 0.800746 0.825757 4.41093 4.17074 1.30444 0.653766 2.56192
500.00 1183.15 22.370565 71.6408 0.518121 10.175 0.826627 2.23288 0.830576 0.755394 4.28481 4.14036 1.34664 0.678121 2.57075
500.00 1173.15 21.612548 72.3594 0.500298 9.81916 0.77445 2.05713 0.859707 0.691888 4.16554 4.10434 1.38734 0.701905 2.57888
500.00 1163.15 20.920671 73.0453 0.483604 9.47506 0.725193 1.89428 0.888139 0.63443 4.05248 4.06344 1.42658 0.725118 2.5864
500.00 1153.15 20.287127 73.7002 0.467935 9.14249 0.678728 1.7434 0.915875 0.582327 3.94513 4.01833 1.46438 0.747763 2.59339
500.00 1143.15 19.705262 74.326 0.453196 8.82123 0.634932 1.60363 0.942919 0.534982 3.843 3.96961 1.50077 0.769843 2.59991
500.00 1133.15 19.169374 74.924 0.4393 8.51101 0.593682 1.47416 0.969279 0.491879 3.74571 3.91781 1.53578 0.791364 2.60602
500.00 1123.15 18.674551 75.4958 0.426171 8.21154 0.554862 1.35429 0.994962 0.452569 3.65291 3.86339 1.56944 0.812333 2.61178
500.00 1113.15 18.216542 76.0426 0.413737 7.92251 0.518355 1.24333 1.01998 0.416659 3.56429 3.80676 1.60177 0.832757 2.61721
500.00 1103.15 17.790349 76.5662 0.398718 7.64285 0.485131 1.14325 1.04421 0.383054 3.48031 3.74813 1.6329 0.852707 2.6225
500.00 1093.15 17.387641 77.0696 0.367724 7.36915 0.459409 1.06344 1.06712 0.348381 3.40409 3.68714 1.66327 0.872456 2.62822
500.00 1083.15 17.013135 77.552 0.339035 7.10542 0.434835 0.988288 1.08939 0.316672 3.33149 3.62518 1.69236 0.891661 2.63367
500.00 1073.15 16.664185 78.0144 0.312465 6.85132 0.411389 0.917604 1.11103 0.287654 3.26226 3.56251 1.7202 0.910333 2.63888
500.00 1063.15 16.320981 78.4888 0.288845 6.59814 0.386924 0.846134 1.1093 0.258397 3.20643 3.49735 1.74836 0.929476 2.64188
500.00 1053.15 15.986852 78.9814 0.27057 6.34635 0.355023 0.760213 1.09703 0.231269 3.16248 3.43033 1.77656 0.945173 2.6436
500.00 1043.15 14.895287 79.3114 0.256096 6.08978 0.319035 0.663835 1.12074 0.198138 3.13013 3.4163 1.88897 0.958808 2.64677
500.00 1033.15 12.739069 79.3133 0.247937 5.83506 0.274547 0.547147 1.20982 0.152812 3.12628 3.50784 2.16563 0.965968 2.65365