Title: Mr2

Solid Composition:
Pressure Temperature mass SiO2 TiO2 Al2O3 Fe2O3 Cr2O3 FeO MnO MgO CaO Na2O K2O P2O5 H2O 
500.00 1523.15 0.000000 ---
500.00 1513.15 0.000000 ---
500.00 1503.15 0.000000 ---
500.00 1493.15 0.000000 ---
500.00 1483.15 0.000000 ---
500.00 1473.15 0.000000 ---
500.00 1463.15 0.000000 ---
500.00 1453.15 0.000000 ---
500.00 1443.15 0.000000 ---
500.00 1433.15 0.000000 ---
500.00 1423.15 0.000000 ---
500.00 1413.15 6.984756 47.8208 0.267578 16.0715 1.28224 0 4.39358 0.0355852 12.1244 17.2066 0.783554 0.014187 0 0
500.00 1403.15 14.360177 47.5976 0.289771 16.4188 1.26597 0 4.7402 0.0437773 12.0178 16.7648 0.845313 0.0160263 0 0
500.00 1393.15 20.958770 47.1961 0.357368 16.3803 1.56062 0.0551827 5.18883 0.0489203 11.871 16.4451 0.879253 0.0172039 0 0
500.00 1383.15 26.856047 46.8789 0.436401 16.2948 1.83089 0.0594424 5.63082 0.0540959 11.7057 16.1783 0.912321 0.0183311 0 0
500.00 1373.15 32.612910 46.2809 0.581389 16.0848 2.42374 0.0566657 6.2156 0.0581267 11.4869 15.8575 0.935229 0.0191068 0 0
500.00 1363.15 38.768251 45.2644 0.81972 15.7345 3.52116 0.0493858 6.97387 0.0596419 11.1735 15.4371 0.94734 0.0193913 0 0
500.00 1353.15 44.433951 44.4676 1.01489 15.4885 4.43683 0.0433164 7.5655 0.0606578 10.8617 15.071 0.970153 0.0198571 0 0
500.00 1343.15 49.136535 44.0368 1.13487 15.3799 4.98047 0.0392213 7.93844 0.0623517 10.6014 14.7999 1.00596 0.0206961 0 0
500.00 1333.15 53.368609 43.9805 1.21336 15.3303 5.33575 0.0361302 8.10612 0.0572313 10.3421 14.5365 1.04027 0.0217848 0 0
500.00 1323.15 63.710792 45.1121 1.23321 15.6075 5.51871 0.0302804 7.77689 0.000468194 9.4951 13.6627 1.21086 0.0302838 0 0.321923
500.00 1313.15 69.213099 45.4059 1.22477 15.806 5.35603 0.0278764 7.8776 0 9.16633 13.2667 1.36662 0.0379895 0 0.464153
500.00 1303.15 73.607267 45.7137 1.21431 15.9295 5.17723 0.0262139 7.95933 0 8.90203 12.9608 1.50335 0.0463071 0 0.567229
500.00 1293.15 77.139962 46.0108 1.204 16.0055 4.99638 0.0250145 8.03126 0 8.6883 12.7201 1.61921 0.0550172 0 0.644445
500.00 1283.15 79.983752 46.2834 1.1948 16.0516 4.81989 0.0241257 8.09926 0 8.51565 12.5296 1.71454 0.0638705 0 0.703332
500.00 1273.15 82.279545 46.5268 1.18701 16.079 4.65096 0.023453 8.16581 0 8.37591 12.3782 1.79138 0.0726606 0 0.748869
500.00 1263.15 84.143392 46.7414 1.18062 16.0947 4.491 0.0229338 8.2317 0 8.26218 12.2571 1.85252 0.0812475 0 0.784553
500.00 1253.15 85.669196 46.93 1.17546 16.1034 4.34031 0.0225255 8.29694 0 8.16878 12.1592 1.90085 0.0895566 0 0.812903
500.00 1243.15 86.930996 47.0961 1.17134 16.1076 4.19863 0.0221987 8.36127 0 8.09124 12.0793 1.93896 0.0975623 0 0.835747
500.00 1233.15 88.026084 47.2355 1.16792 16.1052 4.06011 0.0219226 8.42519 0 8.02365 12.0213 1.96881 0.105535 0.00982262 0.855022
500.00 1223.15 88.962069 47.3575 1.16517 16.1003 3.9283 0.0216921 8.48804 0 7.96553 11.9756 1.9921 0.113334 0.0213125 0.871111
500.00 1213.15 89.814262 47.4633 1.16283 16.096 3.779 0.0214863 8.56877 0.0112654 7.9125 11.9346 2.01057 0.121059 0.032379 0.886187
500.00 1203.15 90.602626 47.5589 1.16086 16.0919 3.61618 0.0212994 8.66254 0.0311137 7.86304 11.8969 2.02486 0.128827 0.0431253 0.900498
500.00 1193.15 91.298213 47.6497 1.15934 16.0871 3.46155 0.0211371 8.75228 0.0494718 7.81879 11.8632 2.03557 0.136555 0.0524044 0.912987
500.00 1183.15 91.916302 47.7362 1.15817 16.0819 3.31457 0.020995 8.83819 0.0662919 7.77895 11.8326 2.04345 0.14428 0.0604656 0.923965
500.00 1173.15 92.469551 47.8189 1.15726 16.0765 3.17461 0.0208694 8.92058 0.0816063 7.74283 11.8045 2.04908 0.152038 0.0675116 0.933685
500.00 1163.15 92.968493 47.8984 1.15655 16.0709 3.041 0.0207574 8.99975 0.0954926 7.70985 11.7785 2.05291 0.159864 0.0737091 0.942353
500.00 1153.15 93.509036 47.9945 1.15655 16.0625 2.89809 0.0206375 9.08008 0.110548 7.67323 11.7479 2.05461 0.169539 0.080266 0.951578
500.00 1143.15 94.204516 48.1335 1.1573 16.0478 2.72452 0.0204852 9.16901 0.129099 7.62481 11.7045 2.05318 0.184208 0.088448 0.963131
500.00 1133.15 94.842075 48.2673 1.15724 16.0339 2.55696 0.0203476 9.25695 0.144694 7.58008 11.6629 2.05047 0.200078 0.0956357 0.973454
500.00 1123.15 95.430670 48.396 1.15654 16.0208 2.39549 0.0202222 9.34317 0.157734 7.5385 11.6228 2.04672 0.217261 0.102017 0.982716
500.00 1113.15 95.978262 48.5199 1.15533 16.0086 2.24012 0.020107 9.4271 0.168585 7.49959 11.5839 2.04214 0.235862 0.107752 0.991063
500.00 1103.15 96.492045 48.6392 1.15372 15.9973 2.09068 0.0200001 9.50835 0.177571 7.46292 11.5459 2.03687 0.255977 0.11298 0.998627
500.00 1093.15 97.054826 48.7721 1.15138 15.9857 1.92566 0.0198845 9.5975 0.185808 7.42254 11.5021 2.02989 0.282345 0.118576 1.0065
500.00 1083.15 98.057510 49.0135 1.14606 15.9656 1.62709 0.0196823 9.7593 0.197639 7.35058 11.421 2.01545 0.335925 0.128394 1.01981
500.00 1073.15 98.057305 49.0136 1.14606 15.9657 1.62501 0.0196824 9.7612 0.19764 7.3506 11.421 2.01545 0.335926 0.128394 1.01981