Title: Mk

Liquid Composition:
Pressure Temperature mass SiO2 TiO2 Al2O3 Fe2O3 Cr2O3 FeO MnO MgO CaO Na2O K2O P2O5 H2O 
500.00 1523.15 98.169879 48.8161 1.25324 15.7195 2.42415 0.0207803 9.42335 0.197311 7.15413 11.3677 2.16105 0.305898 0.138128 1.01864
500.00 1513.15 98.170501 48.8158 1.25323 15.7194 2.43046 0.0207802 9.4176 0.19731 7.15408 11.3677 2.16104 0.305896 0.138127 1.01864
500.00 1503.15 98.171162 48.8155 1.25322 15.7193 2.43717 0.02078 9.41149 0.197308 7.15404 11.3676 2.16102 0.305894 0.138126 1.01863
500.00 1493.15 98.171862 48.8151 1.25321 15.7192 2.44427 0.0207799 9.40501 0.197307 7.15398 11.3675 2.16101 0.305892 0.138125 1.01862
500.00 1483.15 98.172603 48.8147 1.2532 15.719 2.45179 0.0207797 9.39816 0.197306 7.15393 11.3674 2.16099 0.30589 0.138124 1.01861
500.00 1473.15 98.173386 48.8143 1.25319 15.7189 2.45973 0.0207796 9.39093 0.197304 7.15387 11.3673 2.16097 0.305887 0.138123 1.01861
500.00 1463.15 98.174213 48.8139 1.25318 15.7188 2.46811 0.0207794 9.38329 0.197302 7.15381 11.3672 2.16095 0.305885 0.138122 1.0186
500.00 1453.15 98.175084 48.8135 1.25317 15.7187 2.47694 0.0207792 9.37524 0.197301 7.15375 11.3671 2.16094 0.305882 0.138121 1.01859
500.00 1443.15 98.176001 48.813 1.25316 15.7185 2.48624 0.020779 9.36676 0.197299 7.15368 11.367 2.16092 0.305879 0.138119 1.01858
500.00 1433.15 98.176966 48.8126 1.25315 15.7184 2.49603 0.0207788 9.35784 0.197297 7.15361 11.3669 2.16089 0.305876 0.138118 1.01857
500.00 1423.15 98.177980 48.8121 1.25313 15.7182 2.50631 0.0207786 9.34846 0.197295 7.15354 11.3668 2.16087 0.305873 0.138117 1.01856
500.00 1413.15 92.953668 48.7966 1.3011 15.7908 2.55997 0.0219464 9.66182 0.208383 6.9623 10.9104 2.24249 0.322464 0.145879 1.0758
500.00 1403.15 85.627852 48.903 1.38575 15.7075 2.64918 0.023824 10.1088 0.222402 6.5483 10.4198 2.3564 0.348732 0.15836 1.16784
500.00 1393.15 79.063036 49.1321 1.45827 15.6465 2.71491 0.00825344 10.4372 0.236766 6.11795 9.95953 2.47577 0.376358 0.171509 1.26481
500.00 1383.15 73.518348 49.3402 1.52731 15.5754 2.77977 0.00287643 10.7586 0.250335 5.71057 9.51888 2.58807 0.403403 0.184444 1.3602
500.00 1373.15 68.306052 49.7141 1.56546 15.5484 2.80919 0.000101051 10.9022 0.265204 5.30111 9.08748 2.7114 0.432831 0.198518 1.464
500.00 1363.15 61.321558 51.1989 1.42087 15.8115 2.61927 5.03158e-009 9.97968 0.29295 4.796 8.61241 2.93582 0.48066 0.221129 1.63075
500.00 1353.15 55.509516 52.7321 1.26947 16.0229 2.4131 0 9.00508 0.321536 4.34736 8.15867 3.15455 0.529425 0.244282 1.80149
500.00 1343.15 50.968313 54.0825 1.14676 16.1371 2.2371 0 8.19261 0.347947 3.96737 7.74003 3.34555 0.57498 0.266048 1.962
500.00 1333.15 47.042481 55.2626 1.05157 16.1432 2.09249 0 7.50907 0.377 3.59772 7.40826 3.52299 0.621068 0.28825 2.12574
500.00 1323.15 43.751805 56.339 0.972451 16.0807 1.96588 0 6.91439 0.405355 3.26199 7.11638 3.68251 0.665768 0.30993 2.28562
500.00 1313.15 39.524727 57.7695 0.910437 15.7156 1.85203 0 6.35532 0.448707 2.88161 6.76887 3.87336 0.732838 0.343076 2.34864
500.00 1303.15 35.891000 59.1835 0.856708 15.275 1.74615 0 5.84625 0.494136 2.54662 6.4444 4.04069 0.802204 0.377811 2.38655
500.00 1293.15 32.926861 60.5056 0.808566 14.8208 1.64676 0 5.385 0.538619 2.26311 6.15355 4.17794 0.869291 0.411822 2.41892
500.00 1283.15 30.455674 61.7475 0.765171 14.3597 1.55304 0 4.96487 0.582323 2.02063 5.89137 4.28886 0.934376 0.445237 2.44684
500.00 1273.15 28.360420 62.9185 0.725854 13.8966 1.4644 0 4.58057 0.625344 1.81138 5.65377 4.37662 0.997628 0.478131 2.47113
500.00 1263.15 26.560392 64.0256 0.69007 13.4355 1.38035 0 4.22786 0.667725 1.62947 5.43741 4.44396 1.05913 0.510535 2.49241
500.00 1253.15 24.997627 65.0741 0.65737 12.9796 1.30057 0 3.90329 0.709469 1.47029 5.23946 4.49332 1.11891 0.542451 2.51119
500.00 1243.15 23.629086 66.0688 0.627383 12.5312 1.22477 0 3.60402 0.750559 1.33024 5.05755 4.52685 1.17697 0.573869 2.52785
500.00 1233.15 22.421899 67.0134 0.599796 12.0921 1.15276 0 3.32764 0.790969 1.2064 4.88967 4.54648 1.23331 0.604766 2.54274
500.00 1223.15 21.350368 67.9112 0.574341 11.6637 1.08436 0 3.0721 0.830666 1.09642 4.73411 4.55395 1.2879 0.635118 2.55612
500.00 1213.15 20.394019 68.7652 0.550792 11.247 1.01942 0 2.83563 0.869619 0.998369 4.58942 4.55078 1.34073 0.664901 2.56821
500.00 1203.15 19.536278 69.5779 0.528951 10.8424 0.957799 0 2.61666 0.9078 0.910642 4.45438 4.53835 1.39178 0.694093 2.57921
500.00 1193.15 18.763562 70.3519 0.508644 10.4504 0.899384 0 2.4138 0.945185 0.8319 4.32793 4.51787 1.44107 0.722677 2.58926
500.00 1183.15 18.064620 71.0892 0.489719 10.0712 0.844052 0 2.22582 0.981755 0.761017 4.20917 4.49041 1.48859 0.750639 2.5985
500.00 1173.15 17.430050 71.7919 0.472044 9.7046 0.791688 0 2.05159 1.0175 0.697037 4.09735 4.4569 1.53434 0.777967 2.60705
500.00 1163.15 16.851939 72.462 0.455497 9.35068 0.742176 0 1.89011 1.0524 0.639147 3.99179 4.4182 1.57836 0.804655 2.61501
500.00 1153.15 16.323578 73.1011 0.439973 9.00919 0.695404 0 1.74046 1.08647 0.586648 3.89195 4.37504 1.62064 0.8307 2.62245
500.00 1143.15 15.839251 73.7109 0.425374 8.67988 0.65126 0 1.60179 1.11969 0.53894 3.79732 4.32807 1.66123 0.856101 2.62944
500.00 1133.15 15.387813 74.3204 0.411809 8.36493 0.609364 0 1.47345 1.15254 0.495214 3.69003 4.27929 1.7008 0.866057 2.63612
500.00 1123.15 14.970117 74.9116 0.399046 8.06214 0.569836 0 1.35462 1.1847 0.455281 3.58213 4.22816 1.73892 0.871108 2.64247
500.00 1113.15 14.585336 75.473 0.386921 7.77003 0.532691 0 1.24457 1.21595 0.418871 3.48151 4.17445 1.7753 0.878232 2.64851
500.00 1103.15 14.230127 76.0055 0.375371 7.48828 0.497811 0 1.14269 1.2463 0.385619 3.38802 4.11858 1.80996 0.887541 2.65427
500.00 1093.15 13.898819 76.5126 0.356114 7.21502 0.467927 0 1.05495 1.27536 0.353285 3.30232 4.06063 1.84321 0.898388 2.66016
500.00 1083.15 13.539225 77.1281 0.336004 6.92168 0.424912 0 0.938724 1.24722 0.314354 3.24835 3.99626 1.88068 0.90243 2.66123
500.00 1073.15 13.223844 77.6706 0.314598 6.64911 0.390852 0 0.846295 1.23298 0.280655 3.19294 3.93332 1.91451 0.910713 2.66339
500.00 1063.15 12.934438 78.1806 0.294767 6.38809 0.358715 0 0.760843 1.21926 0.250099 3.14417 3.87038 1.94633 0.921297 2.66543
500.00 1053.15 12.668558 78.6588 0.276367 6.13816 0.32848 0 0.682088 1.2061 0.22237 3.10213 3.80763 1.97619 0.934328 2.66739
500.00 1043.15 12.424063 79.1057 0.259275 5.8989 0.300111 0 0.609711 1.19352 0.197196 3.06699 3.74526 2.0041 0.94998 2.66927
500.00 1033.15 11.985431 79.4632 0.244346 5.666 0.27141 0 0.537546 1.195 0.171065 3.04209 3.70813 2.06238 0.966552 2.67233