Title: Mk

Phase Masses:
Pressure Temperature mass liquid_0 olivine_0 orthopyroxene_0 clinopyroxene_0 feldspar_0 quartz spinel_0 rhm-oxide_0 apatite water 
500.00 1523.15 98.169879 98.169879 0.000000 0.000000 0.000000 0.000000 0.000000 0.000000 0.000000 0.000000 0.000000 
500.00 1513.15 98.170501 98.170501 0.000000 0.000000 0.000000 0.000000 0.000000 0.000000 0.000000 0.000000 0.000000 
500.00 1503.15 98.171162 98.171162 0.000000 0.000000 0.000000 0.000000 0.000000 0.000000 0.000000 0.000000 0.000000 
500.00 1493.15 98.171862 98.171862 0.000000 0.000000 0.000000 0.000000 0.000000 0.000000 0.000000 0.000000 0.000000 
500.00 1483.15 98.172603 98.172603 0.000000 0.000000 0.000000 0.000000 0.000000 0.000000 0.000000 0.000000 0.000000 
500.00 1473.15 98.173386 98.173386 0.000000 0.000000 0.000000 0.000000 0.000000 0.000000 0.000000 0.000000 0.000000 
500.00 1463.15 98.174213 98.174213 0.000000 0.000000 0.000000 0.000000 0.000000 0.000000 0.000000 0.000000 0.000000 
500.00 1453.15 98.175084 98.175084 0.000000 0.000000 0.000000 0.000000 0.000000 0.000000 0.000000 0.000000 0.000000 
500.00 1443.15 98.176001 98.176001 0.000000 0.000000 0.000000 0.000000 0.000000 0.000000 0.000000 0.000000 0.000000 
500.00 1433.15 98.176966 98.176966 0.000000 0.000000 0.000000 0.000000 0.000000 0.000000 0.000000 0.000000 0.000000 
500.00 1423.15 98.177980 98.177980 0.000000 0.000000 0.000000 0.000000 0.000000 0.000000 0.000000 0.000000 0.000000 
500.00 1413.15 98.179093 92.953668 0.000000 0.000000 3.548112 1.677314 0.000000 0.000000 0.000000 0.000000 0.000000 
500.00 1403.15 92.953730 85.627852 0.826834 0.000000 3.388588 3.110455 0.000000 0.000000 0.000000 0.000000 0.000000 
500.00 1393.15 85.634666 79.063036 0.749600 0.000000 2.959603 2.672652 0.000000 0.189775 0.000000 0.000000 0.000000 
500.00 1383.15 79.069023 73.518348 0.667544 0.000000 2.442931 2.321136 0.000000 0.119064 0.000000 0.000000 0.000000 
500.00 1373.15 73.531952 68.306052 0.558482 0.000000 2.291551 2.036406 0.000000 0.339461 0.000000 0.000000 0.000000 
500.00 1363.15 68.366751 61.321558 0.252478 0.000000 3.155225 1.891568 0.000000 1.745923 0.000000 0.000000 0.000000 
500.00 1353.15 61.373687 55.509516 0.168767 0.000000 2.466154 1.731217 0.000000 1.498034 0.000000 0.000000 0.000000 
500.00 1343.15 55.547804 50.968313 0.146836 0.000000 1.789875 1.556680 0.000000 1.086100 0.000000 0.000000 0.000000 
500.00 1333.15 50.997624 47.042481 0.000000 0.448358 1.096699 1.588285 0.000000 0.821801 0.000000 0.000000 0.000000 
500.00 1323.15 47.065570 43.751805 0.000000 0.463825 0.738723 1.475245 0.000000 0.635972 0.000000 0.000000 0.000000 
500.00 1313.15 43.772954 39.524727 0.000000 0.763222 0.421833 2.378572 0.000000 0.612894 0.000000 0.000000 0.071705 
500.00 1303.15 39.613611 35.891000 0.000000 0.655802 0.255695 2.179017 0.000000 0.488652 0.000000 0.000000 0.143444 
500.00 1293.15 36.048490 32.926861 0.000000 0.516268 0.170253 1.848430 0.000000 0.383152 0.000000 0.000000 0.203525 
500.00 1283.15 33.142218 30.455674 0.000000 0.412938 0.118353 1.593433 0.000000 0.307022 0.000000 0.000000 0.254797 
500.00 1273.15 30.720686 28.360420 0.000000 0.334024 0.086655 1.390170 0.000000 0.250239 0.000000 0.000000 0.299177 
500.00 1263.15 28.668599 26.560392 0.000000 0.272277 0.067452 1.223726 0.000000 0.206747 0.000000 0.000000 0.338005 
500.00 1253.15 26.906473 24.997627 0.000000 0.223114 0.056015 1.084727 0.000000 0.172727 0.000000 0.000000 0.372263 
500.00 1243.15 25.377244 23.629086 0.000000 0.183464 0.049390 0.966948 0.000000 0.145665 0.000000 0.000000 0.402691 
500.00 1233.15 24.038562 22.421899 0.000000 0.151180 0.045714 0.866063 0.000000 0.123838 0.000000 0.000000 0.429869 
500.00 1223.15 22.858098 21.350368 0.000000 0.124699 0.043802 0.778939 0.000000 0.106031 0.000000 0.000000 0.454259 
500.00 1213.15 21.810591 20.394019 0.000000 0.102851 0.042904 0.703217 0.000000 0.091363 0.000000 0.000000 0.476238 
500.00 1203.15 20.875923 19.536278 0.000000 0.084738 0.042551 0.637059 0.000000 0.079178 0.000000 0.000000 0.496119 
500.00 1193.15 20.037819 18.763562 0.000000 0.069661 0.042453 0.578999 0.000000 0.068982 0.000000 0.000000 0.514163 
500.00 1183.15 19.282944 18.064620 0.000000 0.057064 0.042436 0.527842 0.000000 0.060393 0.000000 0.000000 0.530590 
500.00 1173.15 18.600262 17.430050 0.000000 0.046507 0.042400 0.482601 0.000000 0.053115 0.000000 0.000000 0.545589 
500.00 1163.15 17.980552 16.851939 0.000000 0.037632 0.042293 0.442453 0.000000 0.046915 0.000000 0.000000 0.559320 
500.00 1153.15 17.416054 16.323578 0.000000 0.030151 0.042088 0.406706 0.000000 0.041608 0.000000 0.000000 0.571923 
500.00 1143.15 16.900197 15.839251 0.000000 0.023831 0.041779 0.374776 0.000000 0.037044 0.000000 0.000000 0.583516 
500.00 1133.15 16.427370 15.387813 0.000000 0.019504 0.040371 0.346813 0.000000 0.033104 0.000000 0.005504 0.594260 
500.00 1123.15 15.987602 14.970117 0.000000 0.015143 0.039622 0.321099 0.000000 0.029671 0.000000 0.007751 0.604200 
500.00 1113.15 15.579788 14.585336 0.000000 0.011006 0.039253 0.297659 0.000000 0.026688 0.000000 0.006456 0.613389 
500.00 1103.15 15.204147 14.230127 0.000000 0.007479 0.038808 0.276507 0.000000 0.024091 0.000000 0.005234 0.621900 
500.00 1093.15 14.857293 13.898819 0.000000 0.007133 0.036728 0.259344 0.000000 0.017392 0.003682 0.004381 0.629815 
500.00 1083.15 14.533942 13.539225 0.053653 0.000000 0.008084 0.276942 0.000000 0.000000 0.009585 0.007331 0.639123 
500.00 1073.15 14.182871 13.223844 0.036144 0.000000 0.016336 0.245298 0.000000 0.000000 0.008963 0.005130 0.647156 
500.00 1063.15 13.875566 12.934438 0.031887 0.000000 0.016275 0.226360 0.000000 0.000000 0.008072 0.003988 0.654546 
500.00 1053.15 13.593590 12.668558 0.028151 0.000000 0.016041 0.209303 0.000000 0.000000 0.007301 0.002885 0.661351 
500.00 1043.15 13.334551 12.424063 0.024875 0.000000 0.015668 0.193890 0.000000 0.000000 0.006629 0.001801 0.667624 
500.00 1033.15 13.096291 11.985431 0.026253 0.000000 0.019287 0.234859 0.138621 0.000000 0.006820 0.006145 0.678874 
