Title: Mk

liquid_0 thermodynamic data and composition:
Pressure Temperature mass S H V Cp viscosity SiO2 TiO2 Al2O3 Fe2O3 Cr2O3 FeO MnO MgO CaO Na2O K2O P2O5 H2O Mg#
500.00 1523.15 98.169879 274.900497 -1172151.007938 37.732004 147.853944 1.832 48.8161 1.25324 15.7195 2.42415 0.0207803 9.42335 0.197311 7.15413 11.3677 2.16105 0.305898 0.138128 1.01864 57.5
500.00 1513.15 98.170501 273.927815 -1173638.567158 37.695529 147.853718 1.872 48.8158 1.25323 15.7194 2.43046 0.0207802 9.4176 0.19731 7.15408 11.3677 2.16104 0.305896 0.138127 1.01864 57.5
500.00 1503.15 98.171162 272.948727 -1175126.713522 37.659113 147.853684 1.912 48.8155 1.25322 15.7193 2.43717 0.02078 9.41149 0.197308 7.15404 11.3676 2.16102 0.305894 0.138126 1.01863 57.5
500.00 1493.15 98.171862 271.963147 -1176615.469947 37.622759 147.853846 1.953 48.8151 1.25321 15.7192 2.44427 0.0207799 9.40501 0.197307 7.15398 11.3675 2.16101 0.305892 0.138125 1.01862 57.5
500.00 1483.15 98.172603 270.970983 -1178104.860322 37.586466 147.854212 1.994 48.8147 1.2532 15.719 2.45179 0.0207797 9.39816 0.197306 7.15393 11.3674 2.16099 0.30589 0.138124 1.01861 57.6
500.00 1473.15 98.173386 269.987263 -1179572.586676 37.550238 144.593361 2.035 48.8143 1.25319 15.7189 2.45973 0.0207796 9.39093 0.197304 7.15387 11.3673 2.16097 0.305887 0.138123 1.01861 57.6
500.00 1463.15 98.174213 269.003901 -1181030.659905 37.514076 144.585734 2.078 48.8139 1.25318 15.7188 2.46811 0.0207794 9.38329 0.197302 7.15381 11.3672 2.16095 0.305885 0.138122 1.0186 57.6
500.00 1453.15 98.175084 268.013890 -1182489.353493 37.477980 144.577782 2.120 48.8135 1.25317 15.7187 2.47694 0.0207792 9.37524 0.197301 7.15375 11.3671 2.16094 0.305882 0.138121 1.01859 57.6
500.00 1443.15 98.176001 267.017137 -1183948.689697 37.441953 144.569502 2.164 48.813 1.25316 15.7185 2.48624 0.020779 9.36676 0.197299 7.15368 11.367 2.16092 0.305879 0.138119 1.01858 57.6
500.00 1433.15 98.176966 266.013551 -1185408.691892 37.405997 144.560892 2.208 48.8126 1.25315 15.7184 2.49603 0.0207788 9.35784 0.197297 7.15361 11.3669 2.16089 0.305876 0.138118 1.01857 57.7
500.00 1423.15 98.177980 265.003035 -1186869.384633 37.370112 144.551951 2.252 48.8121 1.25313 15.7182 2.50631 0.0207786 9.34846 0.197295 7.15354 11.3668 2.16087 0.305873 0.138117 1.01856 57.7
500.00 1413.15 92.953668 250.442991 -1121572.328602 35.408730 136.555297 2.290 48.7966 1.3011 15.7908 2.55997 0.0219464 9.66182 0.208383 6.9623 10.9104 2.24249 0.322464 0.145879 1.0758 56.2
500.00 1403.15 85.627852 230.481666 -1029178.987520 32.686261 125.269649 2.335 48.903 1.38575 15.7075 2.64918 0.023824 10.1088 0.222402 6.5483 10.4198 2.3564 0.348732 0.15836 1.16784 53.6
500.00 1393.15 79.063036 212.654347 -947865.875388 30.275980 115.188310 2.394 49.1321 1.45827 15.6465 2.71491 0.00825344 10.4372 0.236766 6.11795 9.95953 2.47577 0.376358 0.171509 1.26481 51.1
500.00 1383.15 73.518348 197.564950 -879159.230201 28.234710 106.687981 2.451 49.3402 1.52731 15.5754 2.77977 0.00287643 10.7586 0.250335 5.71057 9.51888 2.58807 0.403403 0.184444 1.3602 48.6
500.00 1373.15 68.306052 183.465533 -816366.001271 26.351519 98.755959 2.527 49.7141 1.56546 15.5484 2.80919 0.000101051 10.9022 0.265204 5.30111 9.08748 2.7114 0.432831 0.198518 1.464 46.4
500.00 1363.15 61.321558 165.128860 -741287.313602 24.026376 88.393336 2.730 51.1989 1.42087 15.8115 2.61927 5.03158e-009 9.97968 0.29295 4.796 8.61241 2.93582 0.48066 0.221129 1.63075 46.1
500.00 1353.15 55.509516 149.856122 -679023.708185 22.089822 79.806013 2.936 52.7321 1.26947 16.0229 2.4131 0 9.00508 0.321536 4.34736 8.15867 3.15455 0.529425 0.244282 1.80149 46.3
500.00 1343.15 50.968313 137.851245 -629694.153991 20.555685 73.099775 3.118 54.0825 1.14676 16.1371 2.2371 0 8.19261 0.347947 3.96737 7.74003 3.34555 0.57498 0.266048 1.962 46.3
500.00 1333.15 47.042481 127.444741 -585925.907081 19.199872 67.311380 3.274 55.2626 1.05157 16.1432 2.09249 0 7.50907 0.377 3.59772 7.40826 3.52299 0.621068 0.28825 2.12574 46.1
500.00 1323.15 43.751805 118.686072 -548776.877840 18.049153 62.463189 3.414 56.339 0.972451 16.0807 1.96588 0 6.91439 0.405355 3.26199 7.11638 3.68251 0.665768 0.30993 2.28562 45.7
500.00 1313.15 39.524727 107.046397 -498842.497539 16.444906 56.165352 3.611 57.7695 0.910437 15.7156 1.85203 0 6.35532 0.448707 2.88161 6.76887 3.87336 0.732838 0.343076 2.34864 44.7
500.00 1303.15 35.891000 96.957811 -455535.669521 15.041738 50.756776 3.807 59.1835 0.856708 15.275 1.74615 0 5.84625 0.494136 2.54662 6.4444 4.04069 0.802204 0.377811 2.38655 43.7
500.00 1293.15 32.926861 88.692854 -420072.254937 13.887962 46.356130 3.992 60.5056 0.808566 14.8208 1.64676 0 5.385 0.538619 2.26311 6.15355 4.17794 0.869291 0.411822 2.41892 42.8
500.00 1283.15 30.455674 81.774471 -390394.875581 12.918759 42.695961 4.166 61.7475 0.765171 14.3597 1.55304 0 4.96487 0.582323 2.02063 5.89137 4.28886 0.934376 0.445237 2.44684 42.0
500.00 1273.15 28.360420 75.885964 -365140.909816 12.091118 39.599264 4.331 62.9185 0.725854 13.8966 1.4644 0 4.58057 0.625344 1.81138 5.65377 4.37662 0.997628 0.478131 2.47113 41.3
500.00 1263.15 26.560392 70.808404 -343370.847607 11.375320 36.944066 4.487 64.0256 0.69007 13.4355 1.38035 0 4.22786 0.667725 1.62947 5.43741 4.44396 1.05913 0.510535 2.49241 40.7
500.00 1253.15 24.997627 66.384161 -324409.579326 10.749969 34.642854 4.636 65.0741 0.65737 12.9796 1.30057 0 3.90329 0.709469 1.47029 5.23946 4.49332 1.11891 0.542451 2.51119 40.2
500.00 1243.15 23.629086 62.495885 -307755.202860 10.199119 32.630731 4.778 66.0688 0.627383 12.5312 1.22477 0 3.60402 0.750559 1.33024 5.05755 4.52685 1.17697 0.573869 2.52785 39.7
500.00 1233.15 22.421899 59.053715 -293023.685452 9.710538 30.858206 4.913 67.0134 0.599796 12.0921 1.15276 0 3.32764 0.790969 1.2064 4.88967 4.54648 1.23331 0.604766 2.54274 39.3
500.00 1223.15 21.350368 55.987220 -279914.081263 9.274618 29.286656 5.041 67.9112 0.574341 11.6637 1.08436 0 3.0721 0.830666 1.09642 4.73411 4.55395 1.2879 0.635118 2.55612 38.9
500.00 1213.15 20.394019 53.240139 -268185.920284 8.883657 27.885359 5.165 68.7652 0.550792 11.247 1.01942 0 2.83563 0.869619 0.998369 4.58942 4.55078 1.34073 0.664901 2.56821 38.6
500.00 1203.15 19.536278 50.766833 -257644.008615 8.531390 26.629500 5.282 69.5779 0.528951 10.8424 0.957799 0 2.61666 0.9078 0.910642 4.45438 4.53835 1.39178 0.694093 2.57921 38.3
500.00 1193.15 18.763562 48.529815 -248127.872600 8.212651 25.498779 5.395 70.3519 0.508644 10.4504 0.899384 0 2.4138 0.945185 0.8319 4.32793 4.51787 1.44107 0.722677 2.58926 38.1
500.00 1183.15 18.064620 46.497977 -239504.201029 7.923138 24.476413 5.503 71.0892 0.489719 10.0712 0.844052 0 2.22582 0.981755 0.761017 4.20917 4.49041 1.48859 0.750639 2.5985 37.9
500.00 1173.15 17.430050 44.645276 -231661.283448 7.659236 23.548405 5.607 71.7919 0.472044 9.7046 0.791688 0 2.05159 1.0175 0.697037 4.09735 4.4569 1.53434 0.777967 2.60705 37.7
500.00 1163.15 16.851939 42.949753 -224504.818722 7.417888 22.702995 5.706 72.462 0.455497 9.35068 0.742176 0 1.89011 1.0524 0.639147 3.99179 4.4182 1.57836 0.804655 2.61501 37.6
500.00 1153.15 16.323578 41.392771 -217954.692002 7.196491 21.930229 5.802 73.1011 0.439973 9.00919 0.695404 0 1.74046 1.08647 0.586648 3.89195 4.37504 1.62064 0.8307 2.62245 37.5
500.00 1143.15 15.839251 39.958420 -211942.454469 6.992816 21.221641 5.894 73.7109 0.425374 8.67988 0.65126 0 1.60179 1.11969 0.53894 3.79732 4.32807 1.66123 0.856101 2.62944 37.5
500.00 1133.15 15.387813 38.619074 -206331.940437 6.802622 20.558635 5.987 74.3204 0.411809 8.36493 0.609364 0 1.47345 1.15254 0.495214 3.69003 4.27929 1.7008 0.866057 2.63612 37.5
500.00 1123.15 14.970117 37.374584 -201135.087013 6.626144 19.944114 6.077 74.9116 0.399046 8.06214 0.569836 0 1.35462 1.1847 0.455281 3.58213 4.22816 1.73892 0.871108 2.64247 37.5
500.00 1113.15 14.585336 36.221028 -196342.930498 6.462991 19.377844 6.164 75.473 0.386921 7.77003 0.532691 0 1.24457 1.21595 0.418871 3.48151 4.17445 1.7753 0.878232 2.64851 37.5
500.00 1103.15 14.230127 35.149059 -191915.121486 6.311841 18.854869 6.248 76.0055 0.375371 7.48828 0.497811 0 1.14269 1.2463 0.385619 3.38802 4.11858 1.80996 0.887541 2.65427 37.6
500.00 1093.15 13.898819 34.143597 -187769.254930 6.170328 18.366739 6.327 76.5126 0.356114 7.21502 0.467927 0 1.05495 1.27536 0.353285 3.30232 4.06063 1.84321 0.898388 2.66016 37.4
500.00 1083.15 13.539225 33.069384 -183348.045274 6.018693 17.840419 6.433 77.1281 0.336004 6.92168 0.424912 0 0.938724 1.24722 0.314354 3.24835 3.99626 1.88068 0.90243 2.66123 37.4
500.00 1073.15 13.223844 32.113501 -179443.904563 5.884571 17.377340 6.528 77.6706 0.314598 6.64911 0.390852 0 0.846295 1.23298 0.280655 3.19294 3.93332 1.91451 0.910713 2.66339 37.2
500.00 1063.15 12.934438 31.228329 -175861.712098 5.761048 16.951949 6.619 78.1806 0.294767 6.38809 0.358715 0 0.760843 1.21926 0.250099 3.14417 3.87038 1.94633 0.921297 2.66543 36.9
500.00 1053.15 12.668558 30.406951 -172571.329555 5.647133 16.560638 6.708 78.6588 0.276367 6.13816 0.32848 0 0.682088 1.2061 0.22237 3.10213 3.80763 1.97619 0.934328 2.66739 36.8
500.00 1043.15 12.424063 29.643315 -169546.555933 5.541958 16.200274 6.794 79.1057 0.259275 5.8989 0.300111 0 0.609711 1.19352 0.197196 3.06699 3.74526 2.0041 0.94998 2.66927 36.6
500.00 1033.15 11.985431 28.432812 -163799.928463 5.349071 15.591909 6.863 79.4632 0.244346 5.666 0.27141 0 0.537546 1.195 0.171065 3.04209 3.70813 2.06238 0.966552 2.67233 36.2

orthopyroxene_0 thermodynamic data and composition:
Pressure Temperature mass S H V Cp structure formula SiO2 TiO2 Al2O3 Fe2O3 Cr2O3 FeO MnO MgO CaO Na2O K2O P2O5 H2O
500.00 1333.15 0.448358 1.028966 -5537.524424 0.135760 0.550024 opx Na0.00Ca0.07Fe''0.45Mg1.41Fe'''0.03Ti0.00Al0.10Si1.93O6 53.4188 0.118984 2.41026 1.14239 0 14.8661 0 26.1708 1.85311 0.0195935 0 0 0
500.00 1323.15 0.463825 1.059422 -5716.744699 0.140226 0.567712 opx Na0.00Ca0.07Fe''0.46Mg1.40Fe'''0.03Ti0.00Al0.10Si1.93O6 53.3996 0.111636 2.33136 1.10165 0 15.239 0 25.9465 1.85055 0.0197375 0 0 0
500.00 1313.15 0.763222 1.734093 -9366.657108 0.230194 0.931134 opx Na0.00Ca0.07Fe''0.48Mg1.38Fe'''0.03Ti0.00Al0.09Si1.94O6 53.3481 0.100457 2.20653 1.05549 0 15.8544 0 25.5481 1.86662 0.0203114 0 0 0
500.00 1303.15 0.655802 1.482042 -8012.142210 0.197306 0.797416 opx Na0.00Ca0.07Fe''0.50Mg1.36Fe'''0.03Ti0.00Al0.09Si1.94O6 53.2888 0.0900312 2.08393 1.01095 0 16.4908 0 25.1359 1.87875 0.0208696 0 0 0
500.00 1293.15 0.516268 1.160461 -6280.301375 0.154951 0.625723 opx Na0.00Ca0.07Fe''0.52Mg1.35Fe'''0.03Ti0.00Al0.08Si1.94O6 53.228 0.0810194 1.97206 0.969074 0 17.1021 0 24.7432 1.88317 0.0213236 0 0 0
500.00 1283.15 0.412938 0.923217 -5002.498021 0.123644 0.498910 opx Na0.00Ca0.07Fe''0.54Mg1.33Fe'''0.03Ti0.00Al0.08Si1.95O6 53.1656 0.073162 1.86922 0.929536 0 17.6937 0 24.3663 1.88082 0.0216807 0 0 0
500.00 1273.15 0.334024 0.742768 -4030.236132 0.099782 0.402321 opx Na0.00Ca0.07Fe''0.56Mg1.31Fe'''0.02Ti0.00Al0.08Si1.95O6 53.1016 0.0662654 1.77416 0.892065 0 18.269 0 24.0025 1.87242 0.0219471 0 0 0
500.00 1263.15 0.272277 0.602190 -3272.336426 0.081149 0.326954 opx Na0.00Ca0.07Fe''0.58Mg1.30Fe'''0.02Ti0.00Al0.07Si1.95O6 53.0361 0.0601813 1.68594 0.856448 0 18.831 0 23.6497 1.85859 0.0221288 0 0 0
500.00 1253.15 0.223114 0.490778 -2671.185146 0.066344 0.267117 opx Na0.00Ca0.07Fe''0.60Mg1.28Fe'''0.02Ti0.00Al0.07Si1.95O6 52.9689 0.0547914 1.60383 0.822509 0 19.3816 0 23.3063 1.83984 0.0222317 0 0 0
500.00 1243.15 0.183464 0.401360 -2188.219253 0.054431 0.219000 opx Na0.00Ca0.07Fe''0.62Mg1.27Fe'''0.02Ti0.00Al0.07Si1.96O6 52.9004 0.0499992 1.5272 0.790097 0 19.9223 0 22.9711 1.81664 0.0222615 0 0 0
500.00 1233.15 0.151180 0.328917 -1796.473474 0.044751 0.179936 opx Na0.00Ca0.07Fe''0.63Mg1.25Fe'''0.02Ti0.00Al0.06Si1.96O6 52.8304 0.0457247 1.45554 0.759083 0 20.4545 0 22.6431 1.78941 0.0222238 0 0 0
500.00 1223.15 0.124699 0.269803 -1476.381095 0.036830 0.147988 opx Na0.00Ca0.07Fe''0.65Mg1.24Fe'''0.02Ti0.00Al0.06Si1.96O6 52.7591 0.0419001 1.38838 0.729353 0 20.979 0 22.3216 1.75854 0.0221241 0 0 0
500.00 1213.15 0.102851 0.221293 -1213.312300 0.030309 0.121710 opx Na0.00Ca0.07Fe''0.67Mg1.22Fe'''0.02Ti0.00Al0.06Si1.96O6 52.6866 0.038468 1.32531 0.700806 0 21.4967 0 22.0058 1.72439 0.0219673 0 0 0
500.00 1203.15 0.084738 0.181300 -996.072632 0.024916 0.099991 opx Na0.00Ca0.07Fe''0.69Mg1.21Fe'''0.02Ti0.00Al0.06Si1.96O6 52.613 0.0353794 1.26596 0.673354 0 22.0081 0 21.6951 1.68731 0.0217584 0 0 0
500.00 1193.15 0.069661 0.148200 -815.946541 0.020437 0.081967 opx Na0.00Ca0.07Fe''0.70Mg1.19Fe'''0.02Ti0.00Al0.05Si1.96O6 52.5383 0.0325919 1.21 0.646922 0 22.514 0 21.389 1.64762 0.0215018 0 0 0
500.00 1183.15 0.057064 0.120710 -666.060593 0.016705 0.066957 opx Na0.00Ca0.06Fe''0.72Mg1.18Fe'''0.02Ti0.00Al0.05Si1.97O6 52.4627 0.0300692 1.15713 0.62144 0 23.0148 0 21.0871 1.6056 0.0212018 0 0 0
500.00 1173.15 0.046507 0.097812 -540.941569 0.013584 0.054417 opx Na0.00Ca0.06Fe''0.74Mg1.16Fe'''0.02Ti0.00Al0.05Si1.97O6 52.3862 0.02778 1.10709 0.596852 0 23.5109 0 20.7888 1.56155 0.0208623 0 0 0
500.00 1163.15 0.037632 0.078688 -436.198672 0.010968 0.043910 opx Na0.00Ca0.06Fe''0.76Mg1.15Fe'''0.02Ti0.00Al0.05Si1.97O6 52.3088 0.0256973 1.05962 0.573106 0 24.0026 0 20.4939 1.51572 0.0204871 0 0 0
500.00 1153.15 0.030151 0.062677 -348.288362 0.008768 0.035084 opx Na0.00Ca0.06Fe''0.77Mg1.14Fe'''0.02Ti0.00Al0.05Si1.97O6 52.2307 0.0237974 1.01451 0.550157 0 24.4903 0 20.2021 1.46838 0.0200794 0 0 0
500.00 1143.15 0.023831 0.049246 -274.336480 0.006915 0.027653 opx Na0.00Ca0.06Fe''0.79Mg1.12Fe'''0.02Ti0.00Al0.04Si1.97O6 52.1519 0.0220602 0.971567 0.527966 0 24.9742 0 19.913 1.41976 0.0196428 0 0 0
500.00 1133.15 0.019504 0.040065 -223.765082 0.005647 0.022570 opx Na0.00Ca0.06Fe''0.81Mg1.11Fe'''0.01Ti0.00Al0.04Si1.97O6 52.0724 0.0204757 0.930448 0.506427 0 25.4549 0 19.6261 1.37009 0.0191791 0 0 0
500.00 1123.15 0.015143 0.030920 -173.142403 0.004375 0.017475 opx Na0.00Ca0.05Fe''0.82Mg1.09Fe'''0.01Ti0.00Al0.04Si1.97O6 51.9924 0.0190219 0.89112 0.485563 0 25.932 0 19.3416 1.3196 0.0186922 0 0 0
500.00 1113.15 0.011006 0.022335 -125.411392 0.003173 0.012666 opx Na0.00Ca0.05Fe''0.84Mg1.08Fe'''0.01Ti0.00Al0.04Si1.97O6 51.9119 0.0176817 0.853506 0.465383 0 26.4056 0 19.0593 1.26851 0.0181855 0 0 0
500.00 1103.15 0.007479 0.015084 -84.932177 0.002151 0.008583 opx Na0.00Ca0.05Fe''0.86Mg1.07Fe'''0.01Ti0.00Al0.04Si1.98O6 51.8309 0.0164434 0.817466 0.445862 0 26.8757 0 18.7789 1.21703 0.0176619 0 0 0
500.00 1093.15 0.007133 0.014295 -80.657424 0.002046 0.008161 opx Na0.00Ca0.05Fe''0.88Mg1.05Fe'''0.01Ti0.00Al0.04Si1.98O6 51.7203 0.0149585 0.786171 0.430936 0 27.4397 0 18.4282 1.16258 0.0170832 0 0 0

spinel_0 thermodynamic data and composition:
Pressure Temperature mass S H V Cp formula SiO2 TiO2 Al2O3 Fe2O3 Cr2O3 FeO MnO MgO CaO Na2O K2O P2O5 H2O
500.00 1393.15 0.189775 0.410397 -1267.000194 0.042499 0.186377 Fe''0.70Mg0.45Fe'''1.02Al0.50Cr0.19Ti0.15O4 0 5.77854 12.6862 40.3151 7.31107 24.9437 0 8.96546 0 0 0 0 0
500.00 1383.15 0.119064 0.255400 -750.759610 0.026355 0.115242 Fe''0.79Mg0.40Fe'''1.10Al0.41Cr0.10Ti0.19O4 0 7.50666 10.1784 42.978 3.76588 27.6262 0 7.94479 0 0 0 0 0
500.00 1373.15 0.339461 0.721918 -2050.764324 0.074498 0.325365 Fe''0.87Mg0.37Fe'''1.16Al0.34Cr0.02Ti0.24O4 0 9.28259 8.2904 44.5439 0.613721 30.1173 0 7.1521 0 0 0 0 0
500.00 1363.15 1.745923 3.688478 -10362.241145 0.381307 1.664782 Fe''0.90Mg0.35Fe'''1.18Al0.31Cr0.00Ti0.25O4 0 9.67237 7.60197 44.9899 0.00430477 31.0055 0 6.7259 0 0 0 0 0
500.00 1353.15 1.498034 3.148269 -8790.997726 0.325932 1.422695 Fe''0.92Mg0.33Fe'''1.19Al0.30Cr0.00Ti0.26O4 0 9.70766 7.20193 45.2279 0 31.449 0 6.41353 0 0 0 0 0
500.00 1343.15 1.086100 2.271036 -6310.561084 0.235500 1.027755 Fe''0.94Mg0.32Fe'''1.20Al0.28Cr0.00Ti0.26O4 0 9.74463 6.84462 45.4268 0 31.8479 0 6.13599 0 0 0 0 0
500.00 1333.15 0.821801 1.709380 -4722.479443 0.177532 0.774651 Fe''0.95Mg0.31Fe'''1.21Al0.27Cr0.00Ti0.26O4 0 9.81113 6.45049 45.5961 0 32.3135 0 5.82883 0 0 0 0 0
500.00 1323.15 0.635972 1.315930 -3615.856046 0.136893 0.597250 Fe''0.97Mg0.29Fe'''1.22Al0.25Cr0.00Ti0.26O4 0 9.88831 6.06992 45.7328 0 32.7797 0 5.52922 0 0 0 0 0
500.00 1313.15 0.612894 1.260621 -3431.775344 0.131293 0.572792 Fe''1.00Mg0.27Fe'''1.23Al0.23Cr0.00Ti0.27O4 0 10.0565 5.52665 45.8239 0 33.4769 0 5.11602 0 0 0 0 0
500.00 1303.15 0.488652 0.999207 -2698.144691 0.104214 0.454654 Fe''1.02Mg0.25Fe'''1.24Al0.21Cr0.00Ti0.28O4 0 10.2147 5.03602 45.889 0 34.1264 0 4.73379 0 0 0 0 0
500.00 1293.15 0.383152 0.779082 -2090.416139 0.081395 0.355111 Fe''1.04Mg0.24Fe'''1.24Al0.20Cr0.00Ti0.28O4 0 10.3491 4.61809 45.9409 0 34.692 0 4.39994 0 0 0 0 0
500.00 1283.15 0.307022 0.620889 -1657.705146 0.064994 0.283570 Fe''1.06Mg0.22Fe'''1.25Al0.18Cr0.00Ti0.28O4 0 10.4653 4.25532 45.9836 0 35.1914 0 4.10439 0 0 0 0 0
500.00 1273.15 0.250239 0.503373 -1338.815601 0.052806 0.230406 Fe''1.08Mg0.21Fe'''1.26Al0.17Cr0.00Ti0.29O4 0 10.5677 3.93589 46.0189 0 35.6375 0 3.84007 0 0 0 0 0
500.00 1263.15 0.206747 0.413723 -1097.221312 0.043503 0.189823 Fe''1.10Mg0.20Fe'''1.26Al0.16Cr0.00Ti0.29O4 0 10.6596 3.65153 46.0472 0 36.0399 0 3.6018 0 0 0 0 0
500.00 1253.15 0.172727 0.343880 -910.127422 0.036249 0.158178 Fe''1.11Mg0.18Fe'''1.26Al0.15Cr0.00Ti0.29O4 0 10.7436 3.39613 46.0685 0 36.4061 0 3.38564 0 0 0 0 0
500.00 1243.15 0.145665 0.288540 -762.650743 0.030495 0.133077 Fe''1.12Mg0.17Fe'''1.27Al0.14Cr0.00Ti0.30O4 0 10.8221 3.16508 46.0823 0 36.742 0 3.1885 0 0 0 0 0
500.00 1233.15 0.123838 0.244082 -644.701919 0.025867 0.112887 Fe''1.14Mg0.16Fe'''1.27Al0.13Cr0.00Ti0.30O4 0 10.8968 2.95476 46.088 0 37.0526 0 3.0079 0 0 0 0 0
500.00 1223.15 0.106031 0.207954 -549.217893 0.022101 0.096456 Fe''1.15Mg0.16Fe'''1.27Al0.12Cr0.00Ti0.30O4 0 10.9692 2.7623 46.0848 0 37.3419 0 2.84179 0 0 0 0 0
500.00 1213.15 0.091363 0.178309 -471.117756 0.019007 0.082952 Fe''1.16Mg0.15Fe'''1.28Al0.11Cr0.00Ti0.31O4 0 11.0407 2.58535 46.0721 0 37.6134 0 2.68848 0 0 0 0 0
500.00 1203.15 0.079178 0.153776 -406.662144 0.016442 0.071759 Fe''1.17Mg0.14Fe'''1.28Al0.11Cr0.00Ti0.31O4 0 11.1123 2.42198 46.0494 0 37.8699 0 2.5465 0 0 0 0 0
500.00 1193.15 0.068982 0.133324 -353.046063 0.014300 0.062411 Fe''1.18Mg0.13Fe'''1.28Al0.10Cr0.00Ti0.31O4 0 11.1849 2.27059 46.0161 0 38.1138 0 2.41465 0 0 0 0 0
500.00 1183.15 0.060393 0.116160 -308.131495 0.012499 0.054552 Fe''1.19Mg0.13Fe'''1.28Al0.09Cr0.00Ti0.31O4 0 11.2591 2.12983 45.972 0 38.3472 0 2.29184 0 0 0 0 0
500.00 1173.15 0.053115 0.101671 -270.266575 0.010977 0.047904 Fe''1.20Mg0.12Fe'''1.28Al0.09Cr0.00Ti0.32O4 0 11.3357 1.99859 45.9167 0 38.5719 0 2.17716 0 0 0 0 0
500.00 1163.15 0.046915 0.089371 -238.160087 0.009682 0.042251 Fe''1.20Mg0.11Fe'''1.28Al0.08Cr0.00Ti0.32O4 0 11.4149 1.87588 45.85 0 38.7894 0 2.06979 0 0 0 0 0
500.00 1153.15 0.041608 0.078880 -210.792402 0.008575 0.037418 Fe''1.21Mg0.11Fe'''1.28Al0.08Cr0.00Ti0.32O4 0 11.4973 1.76089 45.7719 0 39.0009 0 1.96905 0 0 0 0 0
500.00 1143.15 0.037044 0.069890 -187.351028 0.007625 0.033269 Fe''1.22Mg0.10Fe'''1.28Al0.07Cr0.00Ti0.32O4 0 11.583 1.65292 45.6823 0 39.2075 0 1.87429 0 0 0 0 0
500.00 1133.15 0.033104 0.062156 -167.194254 0.006806 0.029692 Fe''1.23Mg0.10Fe'''1.28Al0.07Cr0.00Ti0.33O4 0 11.678 1.5508 45.5709 0 39.4152 0 1.78515 0 0 0 0 0
500.00 1123.15 0.029671 0.055442 -149.692744 0.006093 0.026579 Fe''1.24Mg0.09Fe'''1.28Al0.06Cr0.00Ti0.33O4 0 11.7782 1.4545 45.4452 0 39.6211 0 1.70103 0 0 0 0 0
500.00 1113.15 0.026688 0.049628 -134.532778 0.005475 0.023879 Fe''1.24Mg0.09Fe'''1.27Al0.06Cr0.00Ti0.33O4 0 11.8809 1.36378 45.3106 0 39.8233 0 1.6214 0 0 0 0 0
500.00 1103.15 0.024091 0.044581 -121.366971 0.004937 0.021530 Fe''1.25Mg0.09Fe'''1.27Al0.06Cr0.00Ti0.34O4 0 11.9861 1.27823 45.1675 0 40.0224 0 1.54586 0 0 0 0 0
500.00 1093.15 0.017392 0.032014 -87.378762 0.003559 0.015525 Fe''1.25Mg0.08Fe'''1.28Al0.05Cr0.00Ti0.33O4 0 11.8915 1.20591 45.3874 0 40.0578 0 1.45743 0 0 0 0 0

quartz thermodynamic data and composition:
Pressure Temperature mass S H V Cp formula
500.00 1033.15 0.138621 0.273406 -1988.070862 0.054645 0.160706 SiO2

water thermodynamic data and composition:
Pressure Temperature mass S H V Cp formula
500.00 1313.15 0.071705 0.760772 -814.792579 0.855118 0.200927 H2O
500.00 1303.15 0.143444 1.518827 -1633.987356 1.694725 0.402236 H2O
500.00 1293.15 0.203525 2.150582 -2324.084579 2.381881 0.571181 H2O
500.00 1283.15 0.254797 2.686799 -2916.718214 2.953410 0.715740 H2O
500.00 1273.15 0.299177 3.148197 -3433.149075 3.434194 0.841290 H2O
500.00 1263.15 0.338005 3.549285 -3888.229410 3.841726 0.951598 H2O
500.00 1253.15 0.372263 3.900676 -4292.795751 4.188842 1.049420 H2O
500.00 1243.15 0.402691 4.210410 -4655.042911 4.485298 1.136849 H2O
500.00 1233.15 0.429869 4.484763 -4981.358966 4.738722 1.215523 H2O
500.00 1223.15 0.454259 4.728753 -5276.848888 4.955219 1.286758 H2O
500.00 1213.15 0.476238 4.946470 -5545.673561 5.139767 1.351629 H2O
500.00 1203.15 0.496119 5.141297 -5791.276981 5.296481 1.411033 H2O
500.00 1193.15 0.514163 5.316065 -6016.544082 5.428797 1.465729 H2O
500.00 1183.15 0.530590 5.473165 -6223.914300 5.539616 1.516361 H2O
500.00 1173.15 0.545589 5.614629 -6415.465981 5.631396 1.563488 H2O
500.00 1163.15 0.559320 5.742195 -6592.980905 5.706235 1.607592 H2O
500.00 1153.15 0.571923 5.857359 -6757.994784 5.765933 1.649100 H2O
500.00 1143.15 0.583516 5.961412 -6911.837520 5.812037 1.688386 H2O
500.00 1133.15 0.594260 6.056046 -7056.334408 5.846439 1.725952 H2O
500.00 1123.15 0.604200 6.141752 -7191.941309 5.869820 1.761964 H2O
500.00 1113.15 0.613389 6.219129 -7319.248817 5.882946 1.796627 H2O
500.00 1103.15 0.621900 6.288944 -7439.062501 5.886720 1.830204 H2O
500.00 1093.15 0.629815 6.352063 -7552.323189 5.882109 1.862995 H2O
500.00 1083.15 0.639123 6.428516 -7682.892302 5.887594 1.900979 H2O
500.00 1073.15 0.647156 6.491409 -7798.762018 5.878344 1.936351 H2O
500.00 1063.15 0.654546 6.547143 -7907.465575 5.860436 1.971062 H2O
500.00 1053.15 0.661351 6.596330 -8009.666661 5.834563 2.005378 H2O
500.00 1043.15 0.667624 6.639509 -8105.954816 5.801326 2.039559 H2O
500.00 1033.15 0.678874 6.731331 -8263.365815 5.807995 2.090691 H2O

feldspar_0 thermodynamic data and composition:
Pressure Temperature mass S H V Cp formula SiO2 TiO2 Al2O3 Fe2O3 Cr2O3 FeO MnO MgO CaO Na2O K2O P2O5 H2O
500.00 1413.15 1.677314 4.001580 -23275.667098 0.625305 2.054369 K0.00Na0.17Ca0.83Al1.83Si2.17O8 47.2659 0 33.8987 0 0 0 0 0 16.9379 1.86423 0.0332706 0 0
500.00 1403.15 3.110455 7.398978 -43194.538276 1.160074 3.806326 K0.00Na0.17Ca0.82Al1.82Si2.18O8 47.4792 0 33.7543 0 0 0 0 0 16.769 1.96112 0.0363403 0 0
500.00 1393.15 2.672652 6.338884 -37141.762624 0.997230 3.267688 K0.00Na0.18Ca0.81Al1.81Si2.19O8 47.6985 0 33.6059 0 0 0 0 0 16.5954 2.06078 0.039357 0 0
500.00 1383.15 2.321136 5.488874 -32280.042291 0.866463 2.835387 K0.00Na0.19Ca0.81Al1.81Si2.19O8 47.9224 0 33.4544 0 0 0 0 0 16.4182 2.16255 0.0424559 0 0
500.00 1373.15 2.036406 4.801337 -28340.473374 0.760549 2.485364 K0.00Na0.20Ca0.80Al1.80Si2.20O8 48.1604 0 33.2934 0 0 0 0 0 16.2298 2.27086 0.0454862 0 0
500.00 1363.15 1.891568 4.447431 -26342.493750 0.706938 2.306632 K0.00Na0.21Ca0.78Al1.78Si2.22O8 48.4631 0 33.0891 0 0 0 0 0 15.9906 2.40956 0.0476812 0 0
500.00 1353.15 1.731217 4.059276 -24125.154661 0.647503 2.109324 K0.00Na0.23Ca0.77Al1.77Si2.23O8 48.794 0 32.8656 0 0 0 0 0 15.729 2.56124 0.050105 0 0
500.00 1343.15 1.556680 3.640053 -21706.858152 0.582693 1.895080 K0.00Na0.24Ca0.76Al1.76Si2.24O8 49.1403 0 32.6317 0 0 0 0 0 15.4553 2.71976 0.0529271 0 0
500.00 1333.15 1.588285 3.703379 -22162.071255 0.594962 1.931889 K0.00Na0.25Ca0.74Al1.74Si2.26O8 49.4653 0 32.4121 0 0 0 0 0 15.1983 2.86818 0.0561774 0 0
500.00 1323.15 1.475245 3.429865 -20598.201176 0.553027 1.792834 K0.00Na0.27Ca0.73Al1.73Si2.27O8 49.7919 0 32.1913 0 0 0 0 0 14.9399 3.01718 0.0597277 0 0
500.00 1313.15 2.378572 5.519969 -33224.570719 0.893257 2.888812 K0.00Na0.29Ca0.70Al1.70Si2.30O8 50.4764 0 31.7282 0 0 0 0 0 14.3981 3.32854 0.0686879 0 0
500.00 1303.15 2.179017 5.048303 -30448.187447 0.819943 2.644904 K0.00Na0.32Ca0.67Al1.67Si2.33O8 51.2304 0 31.2179 0 0 0 0 0 13.8012 3.67095 0.0795638 0 0
500.00 1293.15 1.848430 4.274670 -25838.311337 0.696903 2.242300 K0.01Na0.35Ca0.64Al1.64Si2.36O8 51.9752 0 30.7136 0 0 0 0 0 13.2113 4.00851 0.0914061 0 0
500.00 1283.15 1.593433 3.677761 -22282.361134 0.601896 1.941100 K0.01Na0.38Ca0.61Al1.61Si2.39O8 52.7029 0 30.2206 0 0 0 0 0 12.6348 4.33758 0.104219 0 0
500.00 1273.15 1.390170 3.201852 -19447.693612 0.526067 1.693088 K0.01Na0.41Ca0.59Al1.59Si2.41O8 53.4075 0 29.7429 0 0 0 0 0 12.0762 4.65541 0.117994 0 0
500.00 1263.15 1.223726 2.812113 -17126.307194 0.463878 1.489978 K0.01Na0.43Ca0.56Al1.56Si2.44O8 54.0849 0 29.2832 0 0 0 0 0 11.539 4.96012 0.132708 0 0
500.00 1253.15 1.084727 2.486657 -15187.528230 0.411857 1.320341 K0.01Na0.46Ca0.53Al1.53Si2.47O8 54.7329 0 28.8432 0 0 0 0 0 11.0248 5.25068 0.148339 0 0
500.00 1243.15 0.966948 2.210939 -13544.521794 0.367701 1.176587 K0.01Na0.48Ca0.51Al1.51Si2.49O8 55.3508 0 28.4234 0 0 0 0 0 10.5342 5.52676 0.164865 0 0
500.00 1233.15 0.866063 1.974857 -12136.993920 0.329813 1.053445 K0.01Na0.50Ca0.48Al1.48Si2.52O8 55.9388 0 28.0234 0 0 0 0 0 10.067 5.78853 0.182272 0 0
500.00 1223.15 0.778939 1.771083 -10921.263125 0.297036 0.947098 K0.01Na0.53Ca0.46Al1.46Si2.54O8 56.4982 0 27.6425 0 0 0 0 0 9.62226 6.03651 0.20055 0 0
500.00 1213.15 0.703217 1.594090 -9864.432578 0.268502 0.854670 K0.01Na0.55Ca0.44Al1.44Si2.56O8 57.0304 0 27.2797 0 0 0 0 0 9.1988 6.2714 0.219699 0 0
500.00 1203.15 0.637059 1.439573 -8940.903161 0.243533 0.773923 K0.01Na0.56Ca0.42Al1.42Si2.58O8 57.5371 0 26.9339 0 0 0 0 0 8.79522 6.49403 0.239728 0 0
500.00 1193.15 0.578999 1.304087 -8130.232854 0.221587 0.703069 K0.01Na0.58Ca0.40Al1.40Si2.60O8 58.0203 0 26.6037 0 0 0 0 0 8.41008 6.70522 0.260656 0 0
500.00 1183.15 0.527842 1.184826 -7415.777418 0.202223 0.640652 K0.02Na0.60Ca0.39Al1.39Si2.61O8 58.4818 0 26.288 0 0 0 0 0 8.04193 6.9058 0.282509 0 0
500.00 1173.15 0.482601 1.079469 -6783.791185 0.185077 0.585468 K0.02Na0.61Ca0.37Al1.37Si2.63O8 58.9232 0 25.9855 0 0 0 0 0 7.6894 7.09655 0.305327 0 0
500.00 1163.15 0.442453 0.986079 -6222.805186 0.169841 0.536515 K0.02Na0.63Ca0.35Al1.35Si2.65O8 59.3462 0 25.6952 0 0 0 0 0 7.35119 7.2782 0.329156 0 0
500.00 1153.15 0.406706 0.903026 -5723.177970 0.156260 0.492949 K0.02Na0.64Ca0.34Al1.34Si2.66O8 59.7524 0 25.416 0 0 0 0 0 7.0261 7.45141 0.354055 0 0
500.00 1143.15 0.374776 0.828934 -5276.758484 0.144116 0.454057 K0.02Na0.66Ca0.32Al1.32Si2.68O8 60.143 0 25.1471 0 0 0 0 0 6.71303 7.61677 0.380094 0 0
500.00 1133.15 0.346813 0.764063 -4885.758305 0.133473 0.420020 K0.02Na0.67Ca0.31Al1.31Si2.69O8 60.5204 0 24.8867 0 0 0 0 0 6.41018 7.77514 0.407566 0 0
500.00 1123.15 0.321099 0.704552 -4526.025213 0.123673 0.388752 K0.02Na0.68Ca0.29Al1.29Si2.71O8 60.8848 0 24.6348 0 0 0 0 0 6.11732 7.92667 0.436446 0 0
500.00 1113.15 0.297659 0.650413 -4197.967883 0.114731 0.360283 K0.03Na0.70Ca0.28Al1.28Si2.72O8 61.2368 0 24.3909 0 0 0 0 0 5.83397 8.07164 0.466746 0 0
500.00 1103.15 0.276507 0.601630 -3901.843170 0.106655 0.334631 K0.03Na0.71Ca0.26Al1.26Si2.74O8 61.5773 0 24.1544 0 0 0 0 0 5.55938 8.21039 0.498589 0 0
500.00 1093.15 0.259344 0.561826 -3661.702865 0.100103 0.313851 K0.03Na0.72Ca0.25Al1.25Si2.75O8 61.9014 0 23.9285 0 0 0 0 0 5.2974 8.34047 0.532257 0 0
500.00 1083.15 0.276942 0.597195 -3912.561285 0.106945 0.335161 K0.03Na0.73Ca0.24Al1.24Si2.76O8 62.1531 0 23.752 0 0 0 0 0 5.09306 8.43865 0.563226 0 0
500.00 1073.15 0.245298 0.526497 -3467.585756 0.094772 0.296950 K0.03Na0.73Ca0.23Al1.23Si2.77O8 62.4116 0 23.5703 0 0 0 0 0 4.88285 8.53842 0.596832 0 0
500.00 1063.15 0.226360 0.483538 -3201.793708 0.087496 0.274182 K0.04Na0.74Ca0.22Al1.22Si2.78O8 62.6611 0 23.3944 0 0 0 0 0 4.67949 8.63319 0.631859 0 0
500.00 1053.15 0.209303 0.444931 -2962.314694 0.080940 0.253766 K0.04Na0.75Ca0.21Al1.21Si2.79O8 62.9021 0 23.2238 0 0 0 0 0 4.48255 8.7231 0.668446 0 0
500.00 1043.15 0.193890 0.410118 -2745.811647 0.075011 0.235424 K0.04Na0.76Ca0.20Al1.20Si2.80O8 63.135 0 23.0583 0 0 0 0 0 4.29165 8.80827 0.70676 0 0
500.00 1033.15 0.234859 0.494293 -3327.654801 0.090912 0.285788 K0.04Na0.76Ca0.19Al1.19Si2.81O8 63.3969 0 22.8672 0 0 0 0 0 4.07289 8.891 0.771946 0 0

clinopyroxene_0 thermodynamic data and composition:
Pressure Temperature mass S H V Cp structure formula SiO2 TiO2 Al2O3 Fe2O3 Cr2O3 FeO MnO MgO CaO Na2O K2O P2O5 H2O
500.00 1413.15 3.548112 8.176956 -45416.037806 1.093916 4.187243 cpx Na0.01Ca0.82Fe''0.16Mg0.85Fe'''0.07Ti0.02Al0.23Si1.84O6 49.9319 0.58848 5.21638 2.59772 0 5.27376 0 15.5432 20.6863 0.162244 0 0 0
500.00 1403.15 3.388588 7.780616 -43248.059448 1.042326 3.989948 cpx Na0.01Ca0.81Fe''0.17Mg0.85Fe'''0.08Ti0.02Al0.23Si1.84O6 49.7048 0.673916 5.26986 2.71 0 5.61415 0 15.3561 20.5012 0.16994 0 0 0
500.00 1393.15 2.959603 6.769788 -37659.997971 0.908217 3.476481 cpx Na0.01Ca0.81Fe''0.18Mg0.84Fe'''0.08Ti0.02Al0.23Si1.83O6 49.4672 0.766147 5.32384 2.82262 0 5.95807 0 15.1499 20.3346 0.177682 0 0 0
500.00 1383.15 2.442931 5.566139 -30986.624922 0.747794 2.862211 cpx Na0.01Ca0.80Fe''0.20Mg0.82Fe'''0.08Ti0.02Al0.24Si1.82O6 49.2032 0.869048 5.39076 2.94484 0 6.30988 0 14.9194 20.1771 0.185816 0 0 0
500.00 1373.15 2.291551 5.200720 -28977.258708 0.699772 2.678201 cpx Na0.01Ca0.80Fe''0.21Mg0.81Fe'''0.09Ti0.03Al0.24Si1.82O6 48.966 0.965263 5.43962 3.05032 0 6.66455 0 14.7067 20.0139 0.193679 0 0 0
500.00 1363.15 3.155225 7.136614 -39864.494322 0.962789 3.685358 cpx Na0.01Ca0.79Fe''0.22Mg0.82Fe'''0.08Ti0.03Al0.23Si1.82O6 49.1138 0.92657 5.27615 2.96548 0 6.98277 0 14.7922 19.7463 0.19672 0 0 0
500.00 1353.15 2.466154 5.559638 -31151.587708 0.752253 2.880028 cpx Na0.01Ca0.77Fe''0.23Mg0.83Fe'''0.08Ti0.02Al0.22Si1.83O6 49.3377 0.863903 5.07813 2.83888 0 7.27528 0 14.9469 19.4605 0.198742 0 0 0
500.00 1343.15 1.789875 4.021544 -22604.429624 0.545752 2.089863 cpx Na0.01Ca0.76Fe''0.23Mg0.84Fe'''0.08Ti0.02Al0.21Si1.84O6 49.5467 0.808123 4.89335 2.71683 0 7.56143 0 15.0996 19.1731 0.200798 0 0 0
500.00 1333.15 1.096699 2.453714 -13853.420183 0.334212 1.278886 cpx Na0.01Ca0.76Fe''0.24Mg0.83Fe'''0.07Ti0.02Al0.21Si1.84O6 49.6258 0.797291 4.7833 2.65656 0 7.68534 0 15.0443 19.2017 0.205697 0 0 0
500.00 1323.15 0.738723 1.645311 -9335.575847 0.224992 0.860056 cpx Na0.02Ca0.77Fe''0.24Mg0.83Fe'''0.07Ti0.02Al0.21Si1.85O6 49.664 0.801513 4.69787 2.61517 0 7.74845 0 14.9225 19.3388 0.211713 0 0 0
500.00 1313.15 0.421833 0.935207 -5326.474378 0.128361 0.490195 cpx Na0.02Ca0.77Fe''0.25Mg0.82Fe'''0.07Ti0.02Al0.20Si1.85O6 49.7459 0.787587 4.53058 2.57163 0 7.9667 0 14.7806 19.3948 0.222165 0 0 0
500.00 1303.15 0.255695 0.564243 -3225.712320 0.077734 0.296567 cpx Na0.02Ca0.78Fe''0.26Mg0.81Fe'''0.07Ti0.02Al0.19Si1.86O6 49.8341 0.770891 4.35592 2.52624 0 8.19635 0 14.6366 19.4468 0.233119 0 0 0
500.00 1293.15 0.170253 0.373933 -2146.201087 0.051714 0.197096 cpx Na0.02Ca0.78Fe''0.26Mg0.81Fe'''0.07Ti0.02Al0.18Si1.86O6 49.9197 0.755171 4.18992 2.47952 0 8.40778 0 14.4956 19.5086 0.243708 0 0 0
500.00 1283.15 0.118353 0.258712 -1491.023718 0.035919 0.136760 cpx Na0.02Ca0.78Fe''0.27Mg0.80Fe'''0.07Ti0.02Al0.18Si1.87O6 50.003 0.740401 4.03153 2.43183 0 8.60451 0 14.3577 19.5771 0.253953 0 0 0
500.00 1273.15 0.086655 0.188516 -1091.121300 0.026278 0.099949 cpx Na0.02Ca0.79Fe''0.27Mg0.79Fe'''0.07Ti0.02Al0.17Si1.87O6 50.0837 0.726583 3.88005 2.38346 0 8.78908 0 14.2229 19.6503 0.263876 0 0 0
500.00 1263.15 0.067452 0.146033 -848.967105 0.020439 0.077659 cpx Na0.02Ca0.79Fe''0.28Mg0.79Fe'''0.07Ti0.02Al0.16Si1.87O6 50.1618 0.713744 3.7351 2.33464 0 8.96336 0 14.091 19.7268 0.2735 0 0 0
500.00 1253.15 0.056015 0.120681 -704.761820 0.016960 0.064375 cpx Na0.02Ca0.79Fe''0.29Mg0.78Fe'''0.06Ti0.02Al0.16Si1.88O6 50.2371 0.701917 3.59637 2.28558 0 9.12871 0 13.9621 19.8054 0.282852 0 0 0
500.00 1243.15 0.049390 0.105887 -621.240210 0.014943 0.056660 cpx Na0.02Ca0.80Fe''0.29Mg0.77Fe'''0.06Ti0.02Al0.15Si1.88O6 50.3096 0.691135 3.46366 2.23646 0 9.28616 0 13.8358 19.8852 0.291958 0 0 0
500.00 1233.15 0.045714 0.097521 -574.871858 0.013821 0.052350 cpx Na0.02Ca0.80Fe''0.30Mg0.77Fe'''0.06Ti0.02Al0.15Si1.89O6 50.3791 0.681425 3.33675 2.18743 0 9.43652 0 13.7123 19.9656 0.300851 0 0 0
500.00 1223.15 0.043802 0.092976 -550.731779 0.013234 0.050072 cpx Na0.02Ca0.81Fe''0.30Mg0.76Fe'''0.06Ti0.02Al0.14Si1.89O6 50.4457 0.672805 3.21544 2.13862 0 9.58043 0 13.5914 20.0461 0.309562 0 0 0
500.00 1213.15 0.042904 0.090612 -539.380037 0.012953 0.048960 cpx Na0.02Ca0.81Fe''0.30Mg0.75Fe'''0.06Ti0.02Al0.14Si1.89O6 50.5093 0.665285 3.0995 2.09016 0 9.71842 0 13.4729 20.1263 0.318123 0 0 0
500.00 1203.15 0.042551 0.089411 -534.901823 0.012838 0.048472 cpx Na0.02Ca0.81Fe''0.31Mg0.75Fe'''0.06Ti0.02Al0.13Si1.90O6 50.5699 0.65887 2.98874 2.04214 0 9.85094 0 13.3569 20.2059 0.326565 0 0 0
500.00 1193.15 0.042453 0.088749 -533.651998 0.012800 0.048276 cpx Na0.02Ca0.82Fe''0.31Mg0.74Fe'''0.06Ti0.02Al0.13Si1.90O6 50.6277 0.653557 2.88292 1.99467 0 9.97839 0 13.2431 20.2847 0.334922 0 0 0
500.00 1183.15 0.042436 0.088256 -533.442462 0.012786 0.048173 cpx Na0.03Ca0.82Fe''0.32Mg0.74Fe'''0.06Ti0.02Al0.12Si1.90O6 50.6827 0.649341 2.78183 1.94782 0 10.1011 0 13.1315 20.3624 0.343223 0 0 0
500.00 1173.15 0.042400 0.087723 -533.013962 0.012767 0.048049 cpx Na0.03Ca0.82Fe''0.32Mg0.73Fe'''0.05Ti0.02Al0.12Si1.91O6 50.7349 0.646216 2.68526 1.90169 0 10.2195 0 13.0221 20.4389 0.3515 0 0 0
500.00 1163.15 0.042293 0.087041 -531.692755 0.012726 0.047844 cpx Na0.03Ca0.83Fe''0.33Mg0.72Fe'''0.05Ti0.02Al0.12Si1.91O6 50.7843 0.644176 2.593 1.85635 0 10.3338 0 12.9145 20.514 0.359782 0 0 0
500.00 1153.15 0.042088 0.086161 -529.168019 0.012656 0.047529 cpx Na0.03Ca0.83Fe''0.33Mg0.72Fe'''0.05Ti0.02Al0.11Si1.91O6 50.8311 0.643215 2.50486 1.81187 0 10.4444 0 12.8088 20.5877 0.3681 0 0 0
500.00 1143.15 0.041779 0.085072 -525.348321 0.012555 0.047098 cpx Na0.03Ca0.83Fe''0.33Mg0.71Fe'''0.05Ti0.02Al0.11Si1.92O6 50.8752 0.643332 2.42065 1.76833 0 10.5516 0 12.7047 20.6598 0.376483 0 0 0
500.00 1133.15 0.040371 0.081761 -507.711448 0.012124 0.045432 cpx Na0.03Ca0.84Fe''0.34Mg0.71Fe'''0.05Ti0.02Al0.10Si1.92O6 50.9163 0.644867 2.34015 1.72573 0 10.6557 0 12.6019 20.7303 0.384974 0 0 0
500.00 1123.15 0.039622 0.079807 -498.363527 0.011891 0.044510 cpx Na0.03Ca0.84Fe''0.34Mg0.70Fe'''0.05Ti0.02Al0.10Si1.92O6 50.9548 0.647591 2.26328 1.6842 0 10.757 0 12.5004 20.7991 0.393594 0 0 0
500.00 1113.15 0.039253 0.078628 -493.800796 0.011773 0.044018 cpx Na0.03Ca0.84Fe''0.34Mg0.70Fe'''0.05Ti0.02Al0.10Si1.92O6 50.9907 0.651344 2.18992 1.64383 0 10.8556 0 12.4001 20.866 0.402367 0 0 0
500.00 1103.15 0.038808 0.077304 -488.285085 0.011631 0.043441 cpx Na0.03Ca0.85Fe''0.35Mg0.69Fe'''0.05Ti0.02Al0.09Si1.93O6 51.024 0.656141 2.11994 1.60469 0 10.9521 0 12.3008 20.931 0.411325 0 0 0
500.00 1093.15 0.036728 0.072745 -461.902847 0.010998 0.041028 cpx Na0.03Ca0.85Fe''0.35Mg0.69Fe'''0.04Ti0.02Al0.09Si1.93O6 51.054 0.646145 2.04515 1.57255 0 11.1166 0 12.1695 20.9765 0.419534 0 0 0
500.00 1083.15 0.008084 0.015915 -101.765579 0.002420 0.009013 cpx Na0.03Ca0.86Fe''0.35Mg0.68Fe'''0.04Ti0.02Al0.09Si1.93O6 51.0837 0.650636 1.98708 1.53399 0 11.1004 0 12.0285 21.1885 0.427189 0 0 0
500.00 1073.15 0.016336 0.031967 -205.657180 0.004887 0.018173 cpx Na0.03Ca0.86Fe''0.35Mg0.67Fe'''0.04Ti0.02Al0.09Si1.93O6 51.1027 0.645601 1.92564 1.50386 0 11.1941 0 11.8675 21.3258 0.434851 0 0 0
500.00 1063.15 0.016275 0.031653 -204.888868 0.004865 0.018064 cpx Na0.03Ca0.87Fe''0.36Mg0.66Fe'''0.04Ti0.02Al0.08Si1.94O6 51.1191 0.641902 1.86732 1.47384 0 11.2895 0 11.7092 21.4565 0.442538 0 0 0
500.00 1053.15 0.016041 0.031007 -201.953000 0.004792 0.017766 cpx Na0.03Ca0.88Fe''0.36Mg0.65Fe'''0.04Ti0.02Al0.08Si1.94O6 51.1325 0.639568 1.81212 1.44424 0 11.3888 0 11.552 21.5806 0.450287 0 0 0
500.00 1043.15 0.015668 0.030098 -197.245298 0.004677 0.017313 cpx Na0.03Ca0.88Fe''0.36Mg0.64Fe'''0.04Ti0.02Al0.08Si1.94O6 51.142 0.638648 1.76001 1.41537 0 11.4936 0 11.3943 21.6979 0.458132 0 0 0
500.00 1033.15 0.019287 0.036812 -242.774039 0.005752 0.021259 cpx Na0.03Ca0.89Fe''0.37Mg0.63Fe'''0.04Ti0.02Al0.08Si1.94O6 51.1325 0.648971 1.71635 1.39584 0 11.5848 0 11.2081 21.8442 0.469228 0 0 0

apatite thermodynamic data and composition:
Pressure Temperature mass S H V Cp formula
500.00 1133.15 0.005504 0.011524 -68.620150 0.001797 0.006208 Ca5(PO4)3OH
500.00 1123.15 0.007751 0.016152 -96.724003 0.002531 0.008729 Ca5(PO4)3OH
500.00 1113.15 0.006456 0.013389 -80.643719 0.002108 0.007261 Ca5(PO4)3OH
500.00 1103.15 0.005234 0.010802 -65.441125 0.001709 0.005877 Ca5(PO4)3OH
500.00 1093.15 0.004381 0.008996 -54.816329 0.001430 0.004911 Ca5(PO4)3OH
500.00 1083.15 0.007331 0.014978 -91.811728 0.002394 0.008205 Ca5(PO4)3OH
500.00 1073.15 0.005130 0.010429 -64.311682 0.001675 0.005733 Ca5(PO4)3OH
500.00 1063.15 0.003988 0.008066 -50.041780 0.001302 0.004450 Ca5(PO4)3OH
500.00 1053.15 0.002885 0.005803 -36.223361 0.000942 0.003213 Ca5(PO4)3OH
500.00 1043.15 0.001801 0.003605 -22.640882 0.000588 0.002003 Ca5(PO4)3OH
500.00 1033.15 0.006145 0.012231 -77.302386 0.002006 0.006821 Ca5(PO4)3OH

rhm-oxide_0 thermodynamic data and composition:
Pressure Temperature mass S H V Cp formula SiO2 TiO2 Al2O3 Fe2O3 Cr2O3 FeO MnO MgO CaO Na2O K2O P2O5 H2O
500.00 1093.15 0.003682 0.006674 -27.100258 0.000788 0.003329 Mn0.05Fe''0.78Mg0.06Fe'''0.22Ti0.89O3 0 47.2644 0 11.5469 0 37.1042 2.44777 1.63675 0 0 0 0 0
500.00 1083.15 0.009585 0.017286 -70.672629 0.002051 0.008653 Mn0.05Fe''0.78Mg0.06Fe'''0.21Ti0.90O3 0 47.4601 0 11.1105 0 37.349 2.52748 1.55285 0 0 0 0 0
500.00 1073.15 0.008963 0.016080 -66.158652 0.001917 0.008078 Mn0.06Fe''0.79Mg0.05Fe'''0.20Ti0.90O3 0 47.5949 0 10.7843 0 37.5398 2.61969 1.46141 0 0 0 0 0
500.00 1063.15 0.008072 0.014406 -59.657723 0.001725 0.007264 Mn0.06Fe''0.79Mg0.05Fe'''0.20Ti0.90O3 0 47.7371 0 10.4478 0 37.7222 2.7178 1.37506 0 0 0 0 0
500.00 1053.15 0.007301 0.012959 -54.028492 0.001559 0.006559 Mn0.06Fe''0.80Mg0.05Fe'''0.19Ti0.90O3 0 47.8855 0 10.1032 0 37.8958 2.82253 1.29307 0 0 0 0 0
500.00 1043.15 0.006629 0.011703 -49.128606 0.001415 0.005945 Mn0.06Fe''0.80Mg0.05Fe'''0.18Ti0.91O3 0 48.0389 0 9.75198 0 38.0596 2.93461 1.21488 0 0 0 0 0
500.00 1033.15 0.006820 0.011975 -50.633804 0.001455 0.006106 Mn0.07Fe''0.80Mg0.04Fe'''0.18Ti0.91O3 0 48.2158 0 9.35384 0 38.1819 3.11604 1.13241 0 0 0 0 0

olivine_0 thermodynamic data and composition:
Pressure Temperature mass S H V Cp formula SiO2 TiO2 Al2O3 Fe2O3 Cr2O3 FeO MnO MgO CaO Na2O K2O P2O5 H2O
500.00 1403.15 0.826834 1.949585 -9939.302611 0.248816 1.009988 (Ca0.01Mg0.80Fe''0.20Mn0.00Co0.00Ni0.00)2SiO4 39.1309 0 0 0 0 18.4145 0.394525 41.6454 0.414711 0 0 0 0
500.00 1393.15 0.749600 1.757877 -8924.625728 0.224401 0.910539 (Ca0.01Mg0.79Fe''0.21Mn0.00Co0.00Ni0.00)2SiO4 38.9184 0 0 0 0 19.5202 0.43324 40.7297 0.398438 0 0 0 0
500.00 1383.15 0.667544 1.556696 -7866.324362 0.198744 0.806121 (Ca0.01Mg0.77Fe''0.22Mn0.01Co0.00Ni0.00)2SiO4 38.6945 0 0 0 0 20.6849 0.472894 39.7642 0.383533 0 0 0 0
500.00 1373.15 0.558482 1.295001 -6512.950689 0.165361 0.670442 (Ca0.01Mg0.76Fe''0.24Mn0.01Co0.00Ni0.00)2SiO4 38.4702 0 0 0 0 21.8458 0.518554 38.7964 0.369068 0 0 0 0
500.00 1363.15 0.252478 0.582563 -2926.523419 0.074486 0.301853 (Ca0.00Mg0.75Fe''0.25Mn0.01Co0.00Ni0.00)2SiO4 38.3311 0 0 0 0 22.5195 0.599763 38.1991 0.350613 0 0 0 0
500.00 1353.15 0.168767 0.387594 -1947.527750 0.049645 0.201081 (Ca0.00Mg0.74Fe''0.25Mn0.01Co0.00Ni0.00)2SiO4 38.2239 0 0 0 0 23.0143 0.689996 37.7395 0.332376 0 0 0 0
500.00 1343.15 0.146836 0.335660 -1687.491811 0.043075 0.174376 (Ca0.00Mg0.73Fe''0.26Mn0.01Co0.00Ni0.00)2SiO4 38.1234 0 0 0 0 23.4708 0.781429 37.3089 0.315404 0 0 0 0
500.00 1083.15 0.053653 0.103335 -449.308692 0.013563 0.053269 (Ca0.00Mg0.25Fe''0.55Mn0.20Co0.00Ni0.00)2SiO4 32.0352 0 0 0 0 41.7952 15.243 10.7303 0.196245 0 0 0 0
500.00 1073.15 0.036144 0.069129 -299.965932 0.009100 0.035684 (Ca0.00Mg0.24Fe''0.55Mn0.21Co0.00Ni0.00)2SiO4 31.8733 0 0 0 0 41.9813 15.9338 10.0185 0.193053 0 0 0 0
500.00 1063.15 0.031887 0.060565 -262.436180 0.007997 0.031311 (Ca0.00Mg0.22Fe''0.55Mn0.22Co0.00Ni0.00)2SiO4 31.7214 0 0 0 0 42.089 16.65 9.34972 0.189834 0 0 0 0
500.00 1053.15 0.028151 0.053102 -229.916482 0.007035 0.027500 (Ca0.00Mg0.21Fe''0.56Mn0.23Co0.00Ni0.00)2SiO4 31.5786 0 0 0 0 42.1207 17.3943 8.71978 0.186628 0 0 0 0
500.00 1043.15 0.024875 0.046602 -201.728476 0.006195 0.024178 (Ca0.00Mg0.20Fe''0.56Mn0.24Co0.00Ni0.00)2SiO4 31.444 0 0 0 0 42.0782 18.1692 8.1251 0.183473 0 0 0 0
500.00 1033.15 0.026253 0.048841 -211.401252 0.006517 0.025382 (Ca0.00Mg0.18Fe''0.56Mn0.26Co0.00Ni0.00)2SiO4 31.3006 0 0 0 0 41.769 19.2613 7.48587 0.183122 0 0 0 0
