Title: Mk

Phase Volumes:
Pressure Temperature mass V liquid_0 olivine_0 orthopyroxene_0 clinopyroxene_0 feldspar_0 quartz spinel_0 rhm-oxide_0 apatite water 
500.00 1523.15 98.169879 37.732004 37.732004 0.000000 0.000000 0.000000 0.000000 0.000000 0.000000 0.000000 0.000000 0.000000 
500.00 1513.15 98.170501 37.695529 37.695529 0.000000 0.000000 0.000000 0.000000 0.000000 0.000000 0.000000 0.000000 0.000000 
500.00 1503.15 98.171162 37.659113 37.659113 0.000000 0.000000 0.000000 0.000000 0.000000 0.000000 0.000000 0.000000 0.000000 
500.00 1493.15 98.171862 37.622759 37.622759 0.000000 0.000000 0.000000 0.000000 0.000000 0.000000 0.000000 0.000000 0.000000 
500.00 1483.15 98.172603 37.586466 37.586466 0.000000 0.000000 0.000000 0.000000 0.000000 0.000000 0.000000 0.000000 0.000000 
500.00 1473.15 98.173386 37.550238 37.550238 0.000000 0.000000 0.000000 0.000000 0.000000 0.000000 0.000000 0.000000 0.000000 
500.00 1463.15 98.174213 37.514076 37.514076 0.000000 0.000000 0.000000 0.000000 0.000000 0.000000 0.000000 0.000000 0.000000 
500.00 1453.15 98.175084 37.477980 37.477980 0.000000 0.000000 0.000000 0.000000 0.000000 0.000000 0.000000 0.000000 0.000000 
500.00 1443.15 98.176001 37.441953 37.441953 0.000000 0.000000 0.000000 0.000000 0.000000 0.000000 0.000000 0.000000 0.000000 
500.00 1433.15 98.176966 37.405997 37.405997 0.000000 0.000000 0.000000 0.000000 0.000000 0.000000 0.000000 0.000000 0.000000 
500.00 1423.15 98.177980 37.370112 37.370112 0.000000 0.000000 0.000000 0.000000 0.000000 0.000000 0.000000 0.000000 0.000000 
500.00 1413.15 98.179093 37.127951 35.408730 0.000000 0.000000 1.093916 0.625305 0.000000 0.000000 0.000000 0.000000 0.000000 
500.00 1403.15 92.953730 35.137477 32.686261 0.248816 0.000000 1.042326 1.160074 0.000000 0.000000 0.000000 0.000000 0.000000 
500.00 1393.15 85.634666 32.448327 30.275980 0.224401 0.000000 0.908217 0.997230 0.000000 0.042499 0.000000 0.000000 0.000000 
500.00 1383.15 79.069023 30.074066 28.234710 0.198744 0.000000 0.747794 0.866463 0.000000 0.026355 0.000000 0.000000 0.000000 
500.00 1373.15 73.531952 28.051699 26.351519 0.165361 0.000000 0.699772 0.760549 0.000000 0.074498 0.000000 0.000000 0.000000 
500.00 1363.15 68.366751 26.151895 24.026376 0.074486 0.000000 0.962789 0.706938 0.000000 0.381307 0.000000 0.000000 0.000000 
500.00 1353.15 61.373687 23.865155 22.089822 0.049645 0.000000 0.752253 0.647503 0.000000 0.325932 0.000000 0.000000 0.000000 
500.00 1343.15 55.547804 21.962704 20.555685 0.043075 0.000000 0.545752 0.582693 0.000000 0.235500 0.000000 0.000000 0.000000 
500.00 1333.15 50.997624 20.442338 19.199872 0.000000 0.135760 0.334212 0.594962 0.000000 0.177532 0.000000 0.000000 0.000000 
500.00 1323.15 47.065570 19.104291 18.049153 0.000000 0.140226 0.224992 0.553027 0.000000 0.136893 0.000000 0.000000 0.000000 
500.00 1313.15 43.772954 18.683129 16.444906 0.000000 0.230194 0.128361 0.893257 0.000000 0.131293 0.000000 0.000000 0.855118 
500.00 1303.15 39.613611 17.935660 15.041738 0.000000 0.197306 0.077734 0.819943 0.000000 0.104214 0.000000 0.000000 1.694725 
500.00 1293.15 36.048490 17.254804 13.887962 0.000000 0.154951 0.051714 0.696903 0.000000 0.081395 0.000000 0.000000 2.381881 
500.00 1283.15 33.142218 16.698624 12.918759 0.000000 0.123644 0.035919 0.601896 0.000000 0.064994 0.000000 0.000000 2.953410 
500.00 1273.15 30.720686 16.230245 12.091118 0.000000 0.099782 0.026278 0.526067 0.000000 0.052806 0.000000 0.000000 3.434194 
500.00 1263.15 28.668599 15.826014 11.375320 0.000000 0.081149 0.020439 0.463878 0.000000 0.043503 0.000000 0.000000 3.841726 
500.00 1253.15 26.906473 15.470222 10.749969 0.000000 0.066344 0.016960 0.411857 0.000000 0.036249 0.000000 0.000000 4.188842 
500.00 1243.15 25.377244 15.151987 10.199119 0.000000 0.054431 0.014943 0.367701 0.000000 0.030495 0.000000 0.000000 4.485298 
500.00 1233.15 24.038562 14.863513 9.710538 0.000000 0.044751 0.013821 0.329813 0.000000 0.025867 0.000000 0.000000 4.738722 
500.00 1223.15 22.858098 14.599038 9.274618 0.000000 0.036830 0.013234 0.297036 0.000000 0.022101 0.000000 0.000000 4.955219 
500.00 1213.15 21.810591 14.354196 8.883657 0.000000 0.030309 0.012953 0.268502 0.000000 0.019007 0.000000 0.000000 5.139767 
500.00 1203.15 20.875923 14.125599 8.531390 0.000000 0.024916 0.012838 0.243533 0.000000 0.016442 0.000000 0.000000 5.296481 
500.00 1193.15 20.037819 13.910572 8.212651 0.000000 0.020437 0.012800 0.221587 0.000000 0.014300 0.000000 0.000000 5.428797 
500.00 1183.15 19.282944 13.706967 7.923138 0.000000 0.016705 0.012786 0.202223 0.000000 0.012499 0.000000 0.000000 5.539616 
500.00 1173.15 18.600262 13.513036 7.659236 0.000000 0.013584 0.012767 0.185077 0.000000 0.010977 0.000000 0.000000 5.631396 
500.00 1163.15 17.980552 13.327340 7.417888 0.000000 0.010968 0.012726 0.169841 0.000000 0.009682 0.000000 0.000000 5.706235 
500.00 1153.15 17.416054 13.148683 7.196491 0.000000 0.008768 0.012656 0.156260 0.000000 0.008575 0.000000 0.000000 5.765933 
500.00 1143.15 16.900197 12.976063 6.992816 0.000000 0.006915 0.012555 0.144116 0.000000 0.007625 0.000000 0.000000 5.812037 
500.00 1133.15 16.427370 12.808907 6.802622 0.000000 0.005647 0.012124 0.133473 0.000000 0.006806 0.000000 0.001797 5.846439 
500.00 1123.15 15.987602 12.644527 6.626144 0.000000 0.004375 0.011891 0.123673 0.000000 0.006093 0.000000 0.002531 5.869820 
500.00 1113.15 15.579788 12.483197 6.462991 0.000000 0.003173 0.011773 0.114731 0.000000 0.005475 0.000000 0.002108 5.882946 
500.00 1103.15 15.204147 12.325646 6.311841 0.000000 0.002151 0.011631 0.106655 0.000000 0.004937 0.000000 0.001709 5.886720 
500.00 1093.15 14.857293 12.171362 6.170328 0.000000 0.002046 0.010998 0.100103 0.000000 0.003559 0.000788 0.001430 5.882109 
500.00 1083.15 14.533942 12.033660 6.018693 0.013563 0.000000 0.002420 0.106945 0.000000 0.000000 0.002051 0.002394 5.887594 
500.00 1073.15 14.182871 11.875265 5.884571 0.009100 0.000000 0.004887 0.094772 0.000000 0.000000 0.001917 0.001675 5.878344 
500.00 1063.15 13.875566 11.724870 5.761048 0.007997 0.000000 0.004865 0.087496 0.000000 0.000000 0.001725 0.001302 5.860436 
500.00 1053.15 13.593590 11.576963 5.647133 0.007035 0.000000 0.004792 0.080940 0.000000 0.000000 0.001559 0.000942 5.834563 
500.00 1043.15 13.334551 11.431171 5.541958 0.006195 0.000000 0.004677 0.075011 0.000000 0.000000 0.001415 0.000588 5.801326 
500.00 1033.15 13.096291 11.318353 5.349071 0.006517 0.000000 0.005752 0.090912 0.054645 0.000000 0.001455 0.002006 5.807995 
