Title: Mk

System Thermodynamic Data:
Pressure Temperature mass F phi S H V dVdP*10^6 dVdT*10^6 Cp logfO2(absolute) logfO2-NNO rhol rhos viscosity aH2O chisqr
500.00 1523.15 98.152314 1.0000000000000000 1.000000 265.360882 -1172931.462116 36.251277 -199.730397 2383.025318 146.525967 -7.007 0.000 2.707555 0.000000 2.151 0 0.000
500.00 1513.15 98.152945 1.0000000000000000 1.000000 264.396914 -1174405.926140 36.228005 -199.931500 2383.166643 146.529203 -7.116 0.000 2.709311 0.000000 2.194 0 0.000
500.00 1503.15 98.153614 1.0000000000000000 1.000000 263.426574 -1175881.022614 36.204765 -200.133811 2383.316664 146.532638 -7.225 0.000 2.711069 0.000000 2.236 0 0.000
500.00 1493.15 98.154324 1.0000000000000000 1.000000 262.449775 -1177356.774889 36.181558 -200.337400 2383.475648 146.536278 -7.336 0.000 2.712827 0.000000 2.280 0 0.000
500.00 1483.15 98.154212 0.9664460396968452 0.965817 260.721143 -1179926.792020 36.103785 -194.353598 2345.574506 145.634395 -7.449 0.000 2.720439 2.668631 2.285 0 0.000
500.00 1473.15 98.153910 0.9283863851838587 0.926804 258.910962 -1182597.474018 36.017615 -187.408077 2302.963824 141.593578 -7.563 0.000 2.729817 2.666254 2.280 0 0.000
500.00 1463.15 98.153578 0.8923642990329873 0.889629 257.155237 -1185169.605760 35.933605 -180.704736 2263.084529 140.767481 -7.679 0.000 2.739925 2.663828 2.271 0 0.000
500.00 1453.15 98.149446 0.7852884355160169 0.787069 253.645678 -1190213.502385 35.555100 -164.126843 2135.356672 137.642568 -7.796 0.000 2.754243 2.783575 2.273 0 0.000
500.00 1443.15 98.142974 0.6480365627431943 0.653230 249.576489 -1195996.106511 35.055943 -142.068512 1974.395383 133.790004 -7.915 0.000 2.777353 2.841537 2.239 0 0.000
500.00 1433.15 98.136834 0.5423055784982237 0.547556 246.242065 -1200686.816579 34.672750 -124.820121 1849.065056 130.852227 -8.035 0.000 2.803234 2.863219 2.191 0 0.000
500.00 1423.15 98.130952 0.4554996003575585 0.459085 243.358861 -1204704.277557 34.354856 -110.347640 1745.968906 128.484787 -8.157 0.000 2.834087 2.875324 2.117 0 0.000
500.00 1413.15 98.124916 0.3814036817010817 0.382305 240.776024 -1208264.427918 34.081211 -97.717500 1657.722447 126.502552 -8.281 0.000 2.872363 2.883350 2.007 0 0.000
500.00 1403.15 98.118104 0.3157710520433693 0.313276 238.388373 -1211510.768388 33.837753 -86.271643 1579.328290 124.780978 -8.407 0.000 2.922754 2.889130 1.844 0 0.000
500.00 1393.15 98.109817 0.2563024384434092 0.249968 236.131629 -1214525.215985 33.616560 -75.706289 1507.808242 123.242702 -8.535 0.000 2.992449 2.893850 1.605 0 0.000
500.00 1383.15 98.101574 0.2069326171471491 0.197441 234.085838 -1217225.486208 33.427841 -67.028283 1446.039091 121.934854 -8.664 0.000 3.075803 2.900020 1.323 0 0.000
500.00 1373.15 98.097025 0.1724599273404077 0.161547 232.376558 -1219504.789586 33.285604 -61.304638 1398.363258 120.944312 -8.795 0.000 3.146214 2.908773 1.102 0 0.000
500.00 1363.15 98.096120 0.1478340954740621 0.136673 230.900941 -1221509.379791 33.174892 -57.499290 1359.722387 120.168332 -8.929 0.000 3.198422 2.918710 0.951 0 0.000
500.00 1353.15 98.097624 0.1280039584378577 0.117219 229.542102 -1223381.548382 33.079896 -54.627068 1324.672661 119.496008 -9.064 0.000 3.238331 2.929245 0.842 0 0.000
500.00 1343.15 98.246406 0.0794900721211901 0.090408 227.434975 -1228829.251872 33.106879 -55.805148 1119.149727 117.249512 -9.201 0.000 2.609191 3.003171 4.104 0 0.000
500.00 1333.15 98.233837 0.0683294065744728 0.078433 226.268478 -1230177.084205 33.058719 -53.920033 1100.762407 116.851222 -9.340 0.000 2.588715 3.004073 4.378 0 0.000
500.00 1323.15 98.220441 0.0588780896975249 0.068192 225.138277 -1231451.371682 33.015213 -52.274726 1085.071967 116.497957 -9.481 0.000 2.568653 3.004744 4.670 0 0.000
500.00 1313.15 98.207732 0.0510776194669306 0.059627 224.046410 -1232675.757210 32.975959 -50.858400 1072.050490 116.190995 -9.625 0.000 2.551164 3.005236 4.948 0 0.000
500.00 1303.15 98.195757 0.0445164397496206 0.052335 222.981948 -1233866.029134 32.940064 -49.620421 1060.963162 115.917584 -9.771 0.000 2.535694 3.005638 5.218 0 0.000
500.00 1293.15 98.184493 0.0389073513045798 0.046033 221.937231 -1235032.311593 32.906857 -48.523489 1051.318592 115.669060 -9.919 0.000 2.521863 3.005995 5.479 0 0.000
500.00 1283.15 98.173895 0.0340438805348929 0.040513 220.905002 -1236183.516483 32.875758 -47.571252 1051.015880 115.715770 -10.069 0.000 2.509400 3.006342 5.733 0 0.000
500.00 1273.15 98.163905 0.0297739295827387 0.035620 219.882386 -1237322.585322 32.846413 -46.679441 1043.434580 115.503804 -10.221 0.000 2.498099 3.006689 5.982 0 0.000
500.00 1263.15 98.150022 0.0221139450337557 0.026637 218.780461 -1238486.731121 32.797273 -44.929559 1035.447137 115.236117 -10.376 0.000 2.484485 3.006533 6.266 0 0.000
500.00 1253.15 98.134780 0.0137529040570588 0.016680 217.664848 -1239634.743921 32.742602 -42.933188 1028.120797 114.963354 -10.534 0.000 2.471165 3.006081 6.554 0 0.000
500.00 1243.15 98.120117 0.0062655761307814 0.007646 216.570089 -1240755.605466 32.691550 -41.083858 1021.651767 114.710827 -10.694 0.000 2.459488 3.005566 6.827 0 0.000
500.00 1233.15 98.107122 0.0000000000000000 0.000000 215.500854 -1241862.176484 32.646601 -39.491653 1015.961649 114.482005 -10.857 0.000 0.000000 3.005125 6.923 0 0.000
500.00 1223.15 98.107019 0.0000000000000000 0.000000 214.548478 -1243030.108189 32.636847 -39.494854 1012.846468 114.356816 -11.022 0.000 0.000000 3.006020 6.923 0 0.000
500.00 1213.15 98.106943 0.0000000000000000 0.000000 213.589371 -1244197.158182 32.627164 -39.498265 1009.745944 114.230632 -11.190 0.000 0.000000 3.006910 6.923 0 0.000
500.00 1203.15 98.106891 0.0000000000000000 0.000000 212.623436 -1245363.290521 32.617550 -39.501892 1006.662259 114.103497 -11.361 0.000 0.000000 3.007795 6.923 0 0.000
500.00 1193.15 98.106864 0.0000000000000000 0.000000 211.650571 -1246528.469463 32.608008 -39.505739 1003.598059 113.975470 -11.534 0.000 0.000000 3.008674 6.923 0 0.000
500.00 1183.15 98.106860 0.0000000000000000 0.000000 210.670676 -1247692.660073 32.598537 -39.509811 1000.556567 113.846628 -11.711 0.000 0.000000 3.009548 6.923 0 0.000
500.00 1173.15 98.106878 0.0000000000000000 0.000000 209.683645 -1248855.828888 32.589138 -39.514117 997.541727 113.717069 -11.890 0.000 0.000000 3.010416 6.923 0 0.000
500.00 1163.15 98.107330 0.0032363449556519 0.003350 208.633811 -1250102.389740 32.589664 -39.528483 995.005016 113.771872 -12.073 0.000 2.908362 3.010725 -2.514 0 0.000
500.00 1153.15 98.107376 0.0032305761261722 0.003346 207.630343 -1251265.304621 32.580393 -39.532711 992.045845 113.643079 -12.259 0.000 2.907701 3.011587 -2.518 0 0.000
500.00 1143.15 98.107442 0.0032251445525696 0.003342 206.619388 -1252427.117327 32.571195 -39.537251 989.132392 113.514050 -12.448 0.000 2.907077 3.012444 -2.522 0 0.000
500.00 1133.15 98.107528 0.0032200275996033 0.003338 205.600824 -1253587.808477 32.562069 -39.542121 986.273840 113.385050 -12.641 0.000 2.906486 3.013296 -2.525 0 0.000
500.00 1123.15 98.107634 0.0032152050754416 0.003335 204.574525 -1254747.364039 32.553014 -39.547347 983.481742 113.256419 -12.837 0.000 2.905928 3.014141 -2.528 0 0.000
500.00 1113.15 98.107759 0.0032106589106114 0.003331 203.540354 -1255905.776397 32.544031 -39.552966 980.770728 113.128598 -13.036 0.000 2.905400 3.014981 -2.531 0 0.000
500.00 1103.15 98.107900 0.0032063620644138 0.003328 202.496549 -1257064.777359 32.535206 -39.558894 978.158499 113.002147 -13.239 0.000 2.904903 3.015807 -2.534 0 0.000
500.00 1093.15 98.108049 0.0032022796305269 0.003326 201.439508 -1258228.010029 32.526719 -39.564920 975.666904 112.877792 -13.446 0.000 2.904438 3.016603 -2.536 0 0.000
500.00 1083.15 98.108218 0.0031984340698484 0.003323 200.374196 -1259389.994696 32.518285 -39.571543 973.330352 112.756560 -13.656 0.000 2.903997 3.017394 -2.539 0 0.000
500.00 1073.15 98.108407 0.0031948132098540 0.003320 199.300431 -1260550.766738 32.509904 -39.578876 971.190271 112.639780 -13.871 0.000 2.903581 3.018181 -2.541 0 0.000
500.00 1063.15 98.108618 0.0031914060723509 0.003318 198.218015 -1261710.379438 32.501573 -39.587073 969.302109 112.529243 -14.089 0.000 2.903188 3.018965 -2.543 0 0.000
500.00 1053.15 98.108849 0.0031882027573954 0.003316 197.126723 -1262868.909419 32.493289 -39.596348 967.741212 112.427410 -14.312 0.000 2.902817 3.019745 -2.544 0 0.000
500.00 1043.15 98.109104 0.0031851943461690 0.003314 196.026293 -1264026.464492 32.485049 -39.606993 966.611643 112.337698 -14.539 0.000 2.902467 3.020522 -2.546 0 0.000
500.00 1033.15 98.109381 0.0031823728186994 0.003313 194.916419 -1265183.195172 32.476848 -39.619422 966.059549 112.264936 -14.770 0.000 2.902137 3.021297 -2.547 0 0.000
500.00 1023.15 98.122981 0.0031770085107401 0.003304 193.657120 -1266699.084968 32.517140 -39.638758 959.686156 112.168956 -15.006 0.000 2.901815 3.017961 -2.553 0 0.000

Title: Mk

Liquid Composition:
Pressure Temperature mass SiO2 TiO2 Al2O3 Fe2O3 Cr2O3 FeO MnO MgO CaO Na2O K2O P2O5 H2O 
500.00 1523.15 98.152314 49.318 1.26609 15.881 2.45935 0.0209878 9.51094 0.199384 7.22775 11.4846 2.18324 0.30901 0.139579 0
500.00 1513.15 98.152945 49.3177 1.26609 15.8809 2.46575 0.0209877 9.50511 0.199383 7.2277 11.4845 2.18323 0.309008 0.139578 0
500.00 1503.15 98.153614 49.3174 1.26608 15.8808 2.47254 0.0209875 9.49892 0.199381 7.22765 11.4844 2.18321 0.309005 0.139577 0
500.00 1493.15 98.154324 49.317 1.26607 15.8807 2.47974 0.0209874 9.49235 0.19938 7.2276 11.4844 2.18319 0.309003 0.139576 0
500.00 1483.15 94.860750 49.3476 1.31003 15.2827 2.56466 0.021716 9.82299 0.206302 7.47854 11.3272 2.17569 0.318162 0.144422 0
500.00 1473.15 91.124754 49.3566 1.36373 14.5713 2.6665 0.0226064 10.2287 0.214761 7.78515 11.1578 2.15367 0.328841 0.150343 0
500.00 1463.15 87.588749 49.3337 1.41879 13.864 2.77036 0.023519 10.645 0.223431 8.09944 11.0097 2.1166 0.339096 0.156413 0
500.00 1453.15 77.075625 49.1256 1.59317 13.3459 2.95889 0.026727 11.6144 0.252278 7.88963 10.4829 2.15449 0.378286 0.177747 0
500.00 1443.15 63.600236 48.5256 1.89615 12.6844 3.24367 0.0323898 12.997 0.307703 7.36174 10.093 2.20045 0.442455 0.215408 0
500.00 1433.15 53.220153 47.8276 2.22344 12.0067 3.51463 0.0387071 14.3872 0.367718 6.90436 9.79089 2.17725 0.504076 0.257421 0
500.00 1423.15 44.698609 46.937 2.59422 11.29 3.78374 0.0460864 15.8543 0.437821 6.53033 9.57398 2.0845 0.561442 0.306497 0
500.00 1413.15 37.425204 45.781 3.03323 10.495 4.06081 0.0550431 17.4731 0.52291 6.2405 9.45115 1.9127 0.608465 0.366063 0
500.00 1403.15 30.982857 44.2232 3.58627 9.54781 4.36156 0.0664884 19.3793 0.63164 6.04385 9.44104 1.64494 0.631687 0.44218 0
500.00 1393.15 25.145785 42.071 4.32799 8.34686 4.703 0.0819223 21.7632 0.778262 5.94741 9.5567 1.27372 0.605148 0.544823 0
500.00 1383.15 20.300415 39.5416 5.23599 7.03628 5.04128 0.101476 24.3808 0.96402 5.89399 9.70451 0.901703 0.523483 0.674863 0
500.00 1373.15 16.917806 37.4278 6.07353 6.05371 5.28346 0.121765 26.4095 1.15677 5.80269 9.74412 0.670165 0.446685 0.809798 0
500.00 1363.15 14.501951 35.8539 6.75722 5.41542 5.44023 0.14205 27.7635 1.34947 5.68566 9.70601 0.54396 0.397874 0.9447 0
500.00 1353.15 12.556884 34.6297 7.31791 4.98389 5.54814 0.164053 28.6651 1.55851 5.55977 9.64589 0.467808 0.368231 1.09103 0
500.00 1343.15 7.809614 58.0595 2.83886 12.316 1.81684 3.26861e-005 6.05739 2.50589 2.44405 8.74423 1.59777 2.0096 1.60982 0
500.00 1333.15 6.712260 59.3886 2.84175 12.3488 1.6093 3.32607e-005 5.29109 2.57037 2.18693 8.47283 1.48035 2.20307 1.60687 0
500.00 1323.15 5.783032 60.7246 2.83364 12.3573 1.42314 3.42006e-005 4.61993 2.53656 1.95502 8.18196 1.37194 2.40143 1.59451 0
500.00 1313.15 5.016217 61.9246 2.81917 12.3462 1.26443 3.53942e-005 4.05876 2.48665 1.75817 7.89719 1.26922 2.59098 1.58464 0
500.00 1303.15 4.371325 63.0141 2.79824 12.3217 1.12782 3.67609e-005 3.58317 2.4254 1.58881 7.61923 1.17277 2.77195 1.57676 0
500.00 1293.15 3.820099 64.0111 2.77124 12.2878 1.00932 3.82605e-005 3.17587 2.3563 1.44155 7.34903 1.08267 2.94445 1.57068 0
500.00 1283.15 3.342220 64.9285 2.73881 12.2469 0.905912 3.98758e-005 2.82413 2.28194 1.31247 7.08756 0.998716 3.10862 1.56639 0
500.00 1273.15 2.922725 65.7765 2.70162 12.2008 0.815196 4.16036e-005 2.51826 2.20427 1.19854 6.83564 0.920587 3.26456 1.56396 0
500.00 1263.15 2.170484 66.695 2.53547 12.2179 0.733537 4.74319e-005 2.24227 2.06707 1.06936 6.50937 0.847614 3.53545 1.54696 0
500.00 1253.15 1.349638 67.5386 2.33893 12.2685 0.660385 5.69121e-005 1.99496 1.91366 0.947665 6.17299 0.775448 3.85888 1.52995 0
500.00 1243.15 0.614779 68.2568 2.16603 12.3232 0.595336 6.94045e-005 1.77605 1.77121 0.843644 5.86442 0.70505 4.17831 1.51987 0
500.00 1233.15 0.000000 ---
500.00 1223.15 0.000000 ---
500.00 1213.15 0.000000 ---
500.00 1203.15 0.000000 ---
500.00 1193.15 0.000000 ---
500.00 1183.15 0.000000 ---
500.00 1173.15 0.000000 ---
500.00 1163.15 0.317509 2.05363 0.193581 0.0215518 0.0964941 0.000188349 0.0357897 1.52638 1.73321 51.1718 1.09919e-005 0.0190093 43.1484 0
500.00 1153.15 0.316943 2.00043 0.178278 0.0205675 0.0921217 0.000190351 0.0335117 1.46032 1.71079 51.2602 9.31842e-006 0.0182015 43.2254 0
500.00 1143.15 0.316411 1.9501 0.164211 0.0196316 0.0880876 0.000192762 0.031421 1.39751 1.68946 51.3438 7.88517e-006 0.0174267 43.2982 0
500.00 1133.15 0.315909 1.90247 0.151269 0.0187403 0.0843637 0.000195593 0.029499 1.33776 1.66917 51.4229 6.65917e-006 0.0166826 43.3669 0
500.00 1123.15 0.315436 1.8574 0.139351 0.0178901 0.080925 0.000198858 0.0277299 1.2809 1.64992 51.4978 5.61193e-006 0.0159674 43.4319 0
500.00 1113.15 0.314991 1.81475 0.128368 0.0170779 0.0777496 0.000202576 0.0260993 1.22677 1.63167 51.5687 4.71881e-006 0.0152794 43.4934 0
500.00 1103.15 0.314569 1.77429 0.118234 0.0161935 0.0748186 0.000206797 0.0245948 1.17522 1.61444 51.6359 3.96327e-006 0.0145177 43.5516 0
500.00 1093.15 0.314169 1.73568 0.108864 0.0150296 0.0721161 0.000211601 0.0232057 1.12613 1.59822 51.7 3.33305e-006 0.0134916 43.607 0
500.00 1083.15 0.313793 1.69922 0.10022 0.0139372 0.069625 0.000216942 0.0219216 1.07936 1.58298 51.7606 2.79562e-006 0.0125261 43.6594 0
500.00 1073.15 0.313438 1.66484 0.0922424 0.0129122 0.0673316 0.000222859 0.0207337 1.03477 1.56872 51.8178 2.33834e-006 0.0116179 43.7088 0
500.00 1063.15 0.313104 1.63244 0.0848764 0.0119506 0.0652241 0.000229398 0.0196341 0.992262 1.55546 51.8718 1.95019e-006 0.0107641 43.7554 0
500.00 1053.15 0.312791 1.60195 0.0780738 0.011049 0.0632919 0.000236611 0.0186156 0.951721 1.54318 51.9227 1.62154e-006 0.00996196 43.7992 0
500.00 1043.15 0.312497 1.57333 0.0717902 0.0102041 0.0615257 0.000244557 0.0176718 0.913047 1.53191 51.9706 1.34401e-006 0.00920879 43.8405 0
500.00 1033.15 0.312221 1.5465 0.065985 0.00941277 0.0599174 0.000253307 0.0167969 0.876145 1.52165 52.0156 1.11029e-006 0.00850215 43.8792 0
500.00 1023.15 0.311738 1.49015 0.0605734 0.00843051 0.0584378 0.000223572 0.0159354 0.851109 1.46491 52.0954 9.11925e-007 0.00762372 43.9472 0
Title: Mk

liquid_0 thermodynamic data and composition:
Pressure Temperature mass S H V Cp viscosity SiO2 TiO2 Al2O3 Fe2O3 Cr2O3 FeO MnO MgO CaO Na2O K2O P2O5 H2O Mg#
500.00 1523.15 98.152314 265.360882 -1172931.462116 36.251277 146.525967 2.151 49.318 1.26609 15.881 2.45935 0.0209878 9.51094 0.199384 7.22775 11.4846 2.18324 0.30901 0.139579 0 57.5
500.00 1513.15 98.152945 264.396914 -1174405.926140 36.228005 146.529203 2.194 49.3177 1.26609 15.8809 2.46575 0.0209877 9.50511 0.199383 7.2277 11.4845 2.18323 0.309008 0.139578 0 57.5
500.00 1503.15 98.153614 263.426574 -1175881.022614 36.204765 146.532638 2.236 49.3174 1.26608 15.8808 2.47254 0.0209875 9.49892 0.199381 7.22765 11.4844 2.18321 0.309005 0.139577 0 57.5
500.00 1493.15 98.154324 262.449775 -1177356.774889 36.181558 146.536278 2.280 49.317 1.26607 15.8807 2.47974 0.0209874 9.49235 0.19938 7.2276 11.4844 2.18319 0.309003 0.139576 0 57.6
500.00 1483.15 94.860750 252.637373 -1134544.864982 34.869646 141.570514 2.285 49.3476 1.31003 15.2827 2.56466 0.021716 9.82299 0.206302 7.47854 11.3272 2.17569 0.318162 0.144422 0 57.6
500.00 1473.15 91.124754 241.696518 -1085678.951883 33.381273 132.926402 2.280 49.3566 1.36373 14.5713 2.6665 0.0226064 10.2287 0.214761 7.78515 11.1578 2.15367 0.328841 0.150343 0 57.5
500.00 1463.15 87.588749 231.340186 -1039410.437171 31.967572 127.750174 2.271 49.3337 1.41879 13.864 2.77036 0.023519 10.645 0.223431 8.09944 11.0097 2.1166 0.339096 0.156413 0 57.5
500.00 1453.15 77.075625 202.636929 -905539.732278 27.984324 111.854492 2.273 49.1256 1.59317 13.3459 2.95889 0.026727 11.6144 0.252278 7.88963 10.4829 2.15449 0.378286 0.177747 0 54.7
500.00 1443.15 63.600236 166.324111 -735253.797166 22.899588 91.616544 2.239 48.5256 1.89615 12.6844 3.24367 0.0323898 12.997 0.307703 7.36174 10.093 2.20045 0.442455 0.215408 0 50.2
500.00 1433.15 53.220153 138.381016 -605236.186752 18.985273 76.143788 2.191 47.8276 2.22344 12.0067 3.51463 0.0387071 14.3872 0.367718 6.90436 9.79089 2.17725 0.504076 0.257421 0 46.1
500.00 1423.15 44.698609 115.499194 -499456.355909 15.771787 63.561052 2.117 46.937 2.59422 11.29 3.78374 0.0460864 15.8543 0.437821 6.53033 9.57398 2.0845 0.561442 0.306497 0 42.3
500.00 1413.15 37.425204 96.035426 -409989.749362 13.029413 52.925578 2.007 45.781 3.03323 10.495 4.06081 0.0550431 17.4731 0.52291 6.2405 9.45115 1.9127 0.608465 0.366063 0 38.8
500.00 1403.15 30.982857 78.869428 -331425.657828 10.600570 43.597352 1.844 44.2232 3.58627 9.54781 4.36156 0.0664884 19.3793 0.63164 6.04385 9.44104 1.64494 0.631687 0.44218 0 35.7
500.00 1393.15 25.145785 63.398418 -260883.926662 8.403079 35.221940 1.605 42.071 4.32799 8.34686 4.703 0.0819223 21.7632 0.778262 5.94741 9.5567 1.27372 0.605148 0.544823 0 32.7
500.00 1383.15 20.300415 50.643170 -203422.889788 6.600037 28.315193 1.323 39.5416 5.23599 7.03628 5.04128 0.101476 24.3808 0.96402 5.89399 9.70451 0.901703 0.523483 0.674863 0 30.0
500.00 1373.15 16.917806 41.811707 -164830.054577 5.377195 23.516544 1.102 37.4278 6.07353 6.05371 5.28346 0.121765 26.4095 1.15677 5.80269 9.74412 0.670165 0.446685 0.809798 0 28.0
500.00 1363.15 14.501951 35.560312 -138528.996321 4.534096 20.107695 0.951 35.8539 6.75722 5.41542 5.44023 0.14205 27.7635 1.34947 5.68566 9.70601 0.54396 0.397874 0.9447 0 26.6
500.00 1353.15 12.556884 30.577174 -118261.589988 3.877579 17.379228 0.842 34.6297 7.31791 4.98389 5.54814 0.164053 28.6651 1.55851 5.55977 9.64589 0.467808 0.368231 1.09103 0 25.5
500.00 1343.15 7.809614 19.514927 -96238.420273 2.993117 10.754925 4.104 58.0595 2.83886 12.316 1.81684 3.26861e-005 6.05739 2.50589 2.44405 8.74423 1.59777 2.0096 1.60982 0 41.8
500.00 1333.15 6.712260 16.688982 -83482.458748 2.592893 9.206108 4.378 59.3886 2.84175 12.3488 1.6093 3.32607e-005 5.29109 2.57037 2.18693 8.47283 1.48035 2.20307 1.60687 0 42.4
500.00 1323.15 5.783032 14.305464 -72565.502381 2.251387 7.899516 4.670 60.7246 2.83364 12.3573 1.42314 3.42006e-005 4.61993 2.53656 1.95502 8.18196 1.37194 2.40143 1.59451 0 43.0
500.00 1313.15 5.016217 12.344611 -63431.350470 1.966246 6.826236 4.948 61.9246 2.81917 12.3462 1.26443 3.53942e-005 4.05876 2.48665 1.75817 7.89719 1.26922 2.59098 1.58464 0 43.6
500.00 1303.15 4.371325 10.701561 -55655.304341 1.723917 5.927631 5.218 63.0141 2.79824 12.3217 1.12782 3.67609e-005 3.58317 2.4254 1.58881 7.61923 1.17277 2.77195 1.57676 0 44.1
500.00 1293.15 3.820099 9.303033 -48935.270585 1.514792 5.162915 5.479 64.0111 2.77124 12.2878 1.00932 3.82605e-005 3.17587 2.3563 1.44155 7.34903 1.08267 2.94445 1.57068 0 44.7
500.00 1283.15 3.342220 8.096308 -43050.663740 1.331880 4.502845 5.733 64.9285 2.73881 12.2469 0.905912 3.98758e-005 2.82413 2.28194 1.31247 7.08756 0.998716 3.10862 1.56639 0 45.3
500.00 1273.15 2.922725 7.042536 -37836.862481 1.169980 3.925932 5.982 65.7765 2.70162 12.2008 0.815196 4.16036e-005 2.51826 2.20427 1.19854 6.83564 0.920587 3.26456 1.56396 0 45.9
500.00 1263.15 2.170484 5.201910 -28241.545134 0.873615 2.905535 6.266 66.695 2.53547 12.2179 0.733537 4.74319e-005 2.24227 2.06707 1.06936 6.50937 0.847614 3.53545 1.54696 0 45.9
500.00 1253.15 1.349638 3.217162 -17644.106598 0.546155 1.800716 6.554 67.5386 2.33893 12.2685 0.660385 5.69121e-005 1.99496 1.91366 0.947665 6.17299 0.775448 3.85888 1.52995 0 45.9
500.00 1243.15 0.614779 1.457524 -8071.016399 0.249962 0.817813 6.827 68.2568 2.16603 12.3232 0.595336 6.94045e-005 1.77605 1.77121 0.843644 5.86442 0.70505 4.17831 1.51987 0 45.9
500.00 1163.15 0.317509 0.604823 -3973.159936 0.109171 0.583701 -2.514 2.05363 0.193581 0.0215518 0.0964941 0.000188349 0.0357897 1.52638 1.73321 51.1718 1.09919e-005 0.0190093 43.1484 0 98.9
500.00 1153.15 0.316943 0.598465 -3973.495750 0.109001 0.582898 -2.518 2.00043 0.178278 0.0205675 0.0921217 0.000190351 0.0335117 1.46032 1.71079 51.2602 9.31842e-006 0.0182015 43.2254 0 98.9
500.00 1143.15 0.316411 0.592152 -3974.139147 0.108842 0.582142 -2.522 1.9501 0.164211 0.0196316 0.0880876 0.000192762 0.031421 1.39751 1.68946 51.3438 7.88517e-006 0.0174267 43.2982 0 99.0
500.00 1133.15 0.315909 0.585879 -3975.070544 0.108691 0.581431 -2.525 1.90247 0.151269 0.0187403 0.0843637 0.000195593 0.029499 1.33776 1.66917 51.4229 6.65917e-006 0.0166826 43.3669 0 99.0
500.00 1123.15 0.315436 0.579638 -3976.272617 0.108549 0.580760 -2.528 1.8574 0.139351 0.0178901 0.080925 0.000198858 0.0277299 1.2809 1.64992 51.4978 5.61193e-006 0.0159674 43.4319 0 99.1
500.00 1113.15 0.314991 0.573425 -3977.730009 0.108416 0.580128 -2.531 1.81475 0.128368 0.0170779 0.0777496 0.000202576 0.0260993 1.22677 1.63167 51.5687 4.71881e-006 0.0152794 43.4934 0 99.1
500.00 1103.15 0.314569 0.567230 -3979.415909 0.108289 0.579531 -2.534 1.77429 0.118234 0.0161935 0.0748186 0.000206797 0.0245948 1.17522 1.61444 51.6359 3.96327e-006 0.0145177 43.5516 0 99.2
500.00 1093.15 0.314169 0.561046 -3981.293309 0.108169 0.578965 -2.536 1.73568 0.108864 0.0150296 0.0721161 0.000211601 0.0232057 1.12613 1.59822 51.7 3.33305e-006 0.0134916 43.607 0 99.2
500.00 1083.15 0.313793 0.554874 -3983.394718 0.108055 0.578432 -2.539 1.69922 0.10022 0.0139372 0.069625 0.000216942 0.0219216 1.07936 1.58298 51.7606 2.79562e-006 0.0125261 43.6594 0 99.2
500.00 1073.15 0.313438 0.548713 -3985.710231 0.107949 0.577931 -2.541 1.66484 0.0922424 0.0129122 0.0673316 0.000222859 0.0207337 1.03477 1.56872 51.8178 2.33834e-006 0.0116179 43.7088 0 99.3
500.00 1063.15 0.313104 0.542556 -3988.231076 0.107848 0.577461 -2.543 1.63244 0.0848764 0.0119506 0.0652241 0.000229398 0.0196341 0.992262 1.55546 51.8718 1.95019e-006 0.0107641 43.7554 0 99.3
500.00 1053.15 0.312791 0.536401 -3990.949515 0.107754 0.577020 -2.544 1.60195 0.0780738 0.011049 0.0632919 0.000236611 0.0186156 0.951721 1.54318 51.9227 1.62154e-006 0.00996196 43.7992 0 99.3
500.00 1043.15 0.312497 0.530245 -3993.858754 0.107666 0.576607 -2.546 1.57333 0.0717902 0.0102041 0.0615257 0.000244557 0.0176718 0.913047 1.53191 51.9706 1.34401e-006 0.00920879 43.8405 0 99.4
500.00 1033.15 0.312221 0.524083 -3996.952872 0.107583 0.576222 -2.547 1.5465 0.065985 0.00941277 0.0599174 0.000253307 0.0167969 0.876145 1.52165 52.0156 1.11029e-006 0.00850215 43.8792 0 99.4
500.00 1023.15 0.311738 0.517437 -3996.668739 0.107428 0.575401 -2.553 1.49015 0.0605734 0.00843051 0.0584378 0.000223572 0.0159354 0.851109 1.46491 52.0954 9.11925e-007 0.00762372 43.9472 0 99.4

rhm-oxide_0 thermodynamic data and composition:
Pressure Temperature mass S H V Cp formula SiO2 TiO2 Al2O3 Fe2O3 Cr2O3 FeO MnO MgO CaO Na2O K2O P2O5 H2O
500.00 1263.15 0.257877 0.504994 -1892.495570 0.055892 0.237364 Mn0.07Fe''0.70Mg0.10Fe'''0.25Ti0.88O3 0 46.9191 0 13.1433 0 33.8705 3.24138 2.82573 0 0 0 0 0
500.00 1253.15 0.584048 1.138810 -4281.376661 0.126437 0.537050 Mn0.07Fe''0.71Mg0.10Fe'''0.24Ti0.88O3 0 46.899 0 13.0769 0 34.119 3.21256 2.69249 0 0 0 0 0
500.00 1243.15 0.866047 1.681399 -6344.089607 0.187290 0.795555 Mn0.07Fe''0.72Mg0.10Fe'''0.24Ti0.88O3 0 46.8954 0 12.9931 0 34.3554 3.17873 2.5773 0 0 0 0 0
500.00 1233.15 1.093859 2.114548 -8010.938370 0.236347 1.003812 Mn0.07Fe''0.72Mg0.09Fe'''0.24Ti0.88O3 0 46.9093 0 12.8924 0 34.5767 3.13867 2.48294 0 0 0 0 0
500.00 1223.15 1.113905 2.144405 -8168.323359 0.240598 1.021293 Mn0.06Fe''0.72Mg0.09Fe'''0.24Ti0.88O3 0 46.9653 0 12.7731 0 34.7315 3.06239 2.46767 0 0 0 0 0
500.00 1213.15 1.134314 2.174565 -8328.681725 0.244922 1.039058 Mn0.06Fe''0.73Mg0.09Fe'''0.24Ti0.88O3 0 47.0219 0 12.6519 0 34.887 2.98773 2.45142 0 0 0 0 0
500.00 1203.15 1.155032 2.204911 -8491.628711 0.249309 1.057055 Mn0.06Fe''0.73Mg0.09Fe'''0.24Ti0.88O3 0 47.0792 0 12.5286 0 35.0432 2.91472 2.4342 0 0 0 0 0
500.00 1193.15 1.176004 2.235330 -8656.773686 0.253747 1.075232 Mn0.06Fe''0.73Mg0.09Fe'''0.23Ti0.88O3 0 47.1372 0 12.4033 0 35.2001 2.84337 2.41599 0 0 0 0 0
500.00 1183.15 1.197178 2.265708 -8823.725031 0.258224 1.093539 Mn0.06Fe''0.74Mg0.09Fe'''0.23Ti0.88O3 0 47.1959 0 12.2759 0 35.3576 2.77369 2.39681 0 0 0 0 0
500.00 1173.15 1.218499 2.295935 -8992.095043 0.262729 1.111926 Mn0.06Fe''0.74Mg0.09Fe'''0.23Ti0.89O3 0 47.2553 0 12.1465 0 35.5159 2.70569 2.37665 0 0 0 0 0
500.00 1163.15 1.236062 2.318661 -9132.624880 0.266416 1.126826 Mn0.06Fe''0.74Mg0.09Fe'''0.23Ti0.89O3 0 47.314 0 12.0161 0 35.6765 2.63987 2.3535 0 0 0 0 0
500.00 1153.15 1.257858 2.348927 -9305.124479 0.271014 1.145533 Mn0.05Fe''0.75Mg0.09Fe'''0.22Ti0.89O3 0 47.3749 0 11.8823 0 35.8361 2.57526 2.3314 0 0 0 0 0
500.00 1143.15 1.279631 2.378691 -9477.776390 0.275603 1.164158 Mn0.05Fe''0.75Mg0.09Fe'''0.22Ti0.89O3 0 47.4365 0 11.7464 0 35.9964 2.51233 2.30834 0 0 0 0 0
500.00 1133.15 1.301337 2.407873 -9650.265975 0.280174 1.182661 Mn0.05Fe''0.75Mg0.08Fe'''0.22Ti0.89O3 0 47.4989 0 11.6083 0 36.1574 2.45109 2.28432 0 0 0 0 0
500.00 1123.15 1.322938 2.436395 -9822.300713 0.284717 1.201005 Mn0.05Fe''0.76Mg0.08Fe'''0.22Ti0.89O3 0 47.562 0 11.4681 0 36.319 2.3915 2.25935 0 0 0 0 0
500.00 1113.15 1.344399 2.464191 -9993.612518 0.289225 1.219157 Mn0.05Fe''0.76Mg0.08Fe'''0.21Ti0.89O3 0 47.6259 0 11.3258 0 36.4812 2.33357 2.23344 0 0 0 0 0
500.00 1103.15 1.365684 2.491191 -10163.920705 0.293691 1.237084 Mn0.05Fe''0.76Mg0.08Fe'''0.21Ti0.90O3 0 47.6905 0 11.1815 0 36.6442 2.27729 2.2066 0 0 0 0 0
500.00 1093.15 1.386744 2.517308 -10332.863253 0.298104 1.254741 Mn0.05Fe''0.77Mg0.08Fe'''0.21Ti0.90O3 0 47.7558 0 11.035 0 36.8078 2.22266 2.1788 0 0 0 0 0
500.00 1083.15 1.407567 2.542520 -10500.342310 0.302461 1.272116 Mn0.05Fe''0.77Mg0.08Fe'''0.20Ti0.90O3 0 47.8218 0 10.8865 0 36.972 2.16962 2.15012 0 0 0 0 0
500.00 1073.15 1.428134 2.566792 -10666.206976 0.306759 1.289191 Mn0.04Fe''0.78Mg0.08Fe'''0.20Ti0.90O3 0 47.8885 0 10.736 0 37.1368 2.11813 2.12057 0 0 0 0 0
500.00 1063.15 1.448430 2.590097 -10830.332641 0.310994 1.305952 Mn0.04Fe''0.78Mg0.08Fe'''0.20Ti0.90O3 0 47.9559 0 10.5836 0 37.3021 2.06816 2.09018 0 0 0 0 0
500.00 1053.15 1.468441 2.612416 -10992.620028 0.315164 1.322386 Mn0.04Fe''0.78Mg0.08Fe'''0.20Ti0.90O3 0 48.0239 0 10.4294 0 37.468 2.0197 2.05898 0 0 0 0 0
500.00 1043.15 1.488160 2.633733 -11152.994028 0.319267 1.338486 Mn0.04Fe''0.79Mg0.08Fe'''0.19Ti0.90O3 0 48.0926 0 10.2733 0 37.6345 1.97269 2.02697 0 0 0 0 0
500.00 1033.15 1.507580 2.654042 -11311.402443 0.323301 1.354245 Mn0.04Fe''0.79Mg0.07Fe'''0.19Ti0.90O3 0 48.1619 0 10.1154 0 37.8014 1.92712 1.9942 0 0 0 0 0
500.00 1023.15 1.460938 2.557546 -10957.225617 0.313003 1.310422 Mn0.04Fe''0.80Mg0.07Fe'''0.19Ti0.91O3 0 48.1868 0 9.98258 0 38.0469 1.89822 1.88547 0 0 0 0 0

clinopyroxene_1 thermodynamic data and composition:
Pressure Temperature mass S H V Cp structure formula SiO2 TiO2 Al2O3 Fe2O3 Cr2O3 FeO MnO MgO CaO Na2O K2O P2O5 H2O
500.00 1453.15 0.372596 0.896148 -4625.821391 0.114790 0.457780 cpx Na0.01Ca0.27Fe''0.35Mg1.28Fe'''0.04Ti0.00Al0.14Si1.91O6 52.6925 0.149526 3.26661 1.61617 0 11.436 0 23.7971 6.96358 0.078488 0 0 0
500.00 1443.15 4.738410 11.338108 -58378.448638 1.453798 5.791982 cpx Na0.01Ca0.27Fe''0.37Mg1.25Fe'''0.05Ti0.00Al0.14Si1.90O6 52.3839 0.173608 3.26844 1.72939 0 12.2893 0 23.1128 6.95851 0.0840256 0 0 0
500.00 1433.15 7.838808 18.660618 -95838.656671 2.395239 9.533950 cpx Na0.01Ca0.27Fe''0.40Mg1.22Fe'''0.05Ti0.01Al0.14Si1.90O6 52.0919 0.195493 3.25998 1.83352 0 13.1497 0 22.4631 6.91787 0.0884392 0 0 0
500.00 1423.15 10.444351 24.736035 -126726.423453 3.178601 12.641327 cpx Na0.01Ca0.27Fe''0.43Mg1.19Fe'''0.05Ti0.01Al0.14Si1.90O6 51.8171 0.215198 3.24274 1.92759 0 14.0123 0 21.8492 6.84411 0.091771 0 0 0
500.00 1413.15 12.722548 29.976804 -153201.654775 3.856628 15.325485 cpx Na0.01Ca0.27Fe''0.46Mg1.17Fe'''0.06Ti0.01Al0.14Si1.90O6 51.5616 0.231832 3.21271 2.00807 0 14.8826 0 21.2621 6.74721 0.0938931 0 0 0
500.00 1403.15 14.794292 34.676916 -176801.714258 4.467148 17.737295 cpx Na0.01Ca0.26Fe''0.49Mg1.14Fe'''0.06Ti0.01Al0.14Si1.90O6 51.3307 0.244237 3.16297 2.06816 0 15.7675 0 20.6938 6.63805 0.0945192 0 0 0
500.00 1393.15 16.745576 39.042339 -198599.953948 5.036830 19.982664 cpx Na0.01Ca0.26Fe''0.52Mg1.12Fe'''0.06Ti0.01Al0.14Si1.90O6 51.1281 0.252013 3.08848 2.09983 0 16.6769 0 20.1365 6.52503 0.0931564 0 0 0
500.00 1383.15 18.504463 42.914725 -217827.663396 5.544791 21.981131 cpx Na0.01Ca0.26Fe''0.55Mg1.09Fe'''0.06Ti0.01Al0.13Si1.90O6 50.9327 0.260552 3.02112 2.11783 0 17.5794 0 19.6081 6.39016 0.090166 0 0 0
500.00 1373.15 19.890118 45.897597 -232585.626188 5.938939 23.531297 cpx Na0.01Ca0.25Fe''0.58Mg1.07Fe'''0.06Ti0.01Al0.13Si1.90O6 50.7189 0.276618 3.01079 2.15736 0 18.3809 0 19.1633 6.20453 0.0875942 0 0 0
500.00 1363.15 21.004283 48.239422 -244191.975759 6.251267 24.760394 cpx Na0.01Ca0.24Fe''0.60Mg1.05Fe'''0.06Ti0.01Al0.13Si1.90O6 50.4958 0.297965 3.04528 2.21787 0 19.0764 0 18.7973 5.98337 0.0859856 0 0 0
500.00 1353.15 22.011656 50.320619 -254555.462557 6.531077 25.862030 cpx Na0.01Ca0.23Fe''0.62Mg1.04Fe'''0.06Ti0.01Al0.14Si1.89O6 50.2725 0.320992 3.10116 2.28792 0 19.7082 0 18.4775 5.74683 0.0849117 0 0 0
500.00 1343.15 18.249547 41.603088 -213535.221696 5.440875 21.531090 cpx Na0.01Ca0.24Fe''0.60Mg1.07Fe'''0.05Ti0.01Al0.12Si1.91O6 51.0754 0.206545 2.66817 1.78673 0 19.0323 0 19.236 5.91826 0.0766048 0 0 0
500.00 1333.15 18.539507 42.076408 -216482.503847 5.518875 21.830531 cpx Na0.01Ca0.23Fe''0.61Mg1.07Fe'''0.05Ti0.01Al0.11Si1.92O6 51.0757 0.203678 2.59513 1.71754 0 19.4409 0 19.1146 5.7795 0.0730287 0 0 0
500.00 1323.15 18.821047 42.524943 -219345.080833 5.594381 22.119790 cpx Na0.01Ca0.23Fe''0.62Mg1.06Fe'''0.05Ti0.01Al0.11Si1.92O6 51.0778 0.201003 2.52456 1.64839 0 19.8361 0 19.0013 5.64133 0.0695426 0 0 0
500.00 1313.15 19.118619 43.005307 -222438.645697 5.674976 22.429017 cpx Na0.00Ca0.22Fe''0.64Mg1.06Fe'''0.04Ti0.01Al0.11Si1.92O6 51.0843 0.198052 2.45826 1.58056 0 20.2031 0 18.9052 5.5043 0.0662789 0 0 0
500.00 1303.15 19.420102 43.489336 -225611.472503 5.756946 22.743365 cpx Na0.00Ca0.22Fe''0.65Mg1.06Fe'''0.04Ti0.01Al0.11Si1.92O6 51.0936 0.194837 2.39561 1.51444 0 20.5472 0 18.822 5.36907 0.0632225 0 0 0
500.00 1293.15 19.719049 43.962130 -228781.159647 5.838304 23.054863 cpx Na0.00Ca0.21Fe''0.66Mg1.05Fe'''0.04Ti0.01Al0.10Si1.92O6 51.105 0.191386 2.33613 1.45025 0 20.8725 0 18.7485 5.23599 0.0603573 0 0 0
500.00 1283.15 20.012185 44.416159 -231904.112784 5.918024 23.359384 cpx Na0.00Ca0.21Fe''0.67Mg1.05Fe'''0.04Ti0.01Al0.10Si1.93O6 51.1175 0.187729 2.27944 1.38812 0 21.182 0 18.6823 5.10525 0.057667 0 0 0
500.00 1273.15 20.298043 44.848086 -234959.070661 5.995635 23.655000 cpx Na0.00Ca0.20Fe''0.68Mg1.05Fe'''0.04Ti0.01Al0.10Si1.93O6 51.1306 0.183897 2.22523 1.3281 0 21.4785 0 18.6217 4.97694 0.0551359 0 0 0
500.00 1263.15 20.916152 45.986611 -241426.037231 6.166665 24.313518 cpx Na0.00Ca0.20Fe''0.69Mg1.04Fe'''0.04Ti0.00Al0.10Si1.93O6 51.0817 0.17336 2.18448 1.2944 0 21.9296 0 18.4125 4.8711 0.0528916 0 0 0
500.00 1253.15 21.640021 47.337082 -248946.611808 6.366837 25.084123 cpx Na0.00Ca0.19Fe''0.71Mg1.02Fe'''0.04Ti0.00Al0.10Si1.93O6 51.0133 0.161077 2.15015 1.26955 0 22.4225 0 18.1603 4.77231 0.0508073 0 0 0
500.00 1243.15 22.314123 48.565376 -255922.013755 6.552346 25.796196 cpx Na0.00Ca0.19Fe''0.73Mg1.01Fe'''0.04Ti0.00Al0.09Si1.93O6 50.953 0.149933 2.11693 1.24254 0 22.8844 0 17.9323 4.67207 0.0488051 0 0 0
500.00 1233.15 22.886349 49.562843 -261825.824749 6.708668 26.393205 cpx Na0.00Ca0.19Fe''0.74Mg1.00Fe'''0.03Ti0.00Al0.09Si1.93O6 50.9066 0.140002 2.08526 1.21257 0 23.2939 0 17.7446 4.57014 0.0469419 0 0 0
500.00 1223.15 22.833334 49.232358 -261342.845493 6.689473 26.305724 cpx Na0.00Ca0.18Fe''0.74Mg1.01Fe'''0.03Ti0.00Al0.09Si1.93O6 50.9386 0.133478 2.0626 1.17063 0 23.41 0 17.7812 4.45765 0.0458649 0 0 0
500.00 1213.15 22.781458 48.903498 -260871.924752 6.670629 26.219065 cpx Na0.00Ca0.18Fe''0.75Mg1.01Fe'''0.03Ti0.00Al0.09Si1.94O6 50.9698 0.127183 2.0399 1.12945 0 23.525 0 17.8164 4.34749 0.0448095 0 0 0
500.00 1203.15 22.730655 48.576093 -260412.203598 6.652113 26.133145 cpx Na0.00Ca0.17Fe''0.75Mg1.01Fe'''0.03Ti0.00Al0.09Si1.94O6 51.0003 0.12111 2.01716 1.08901 0 23.6389 0 17.8502 4.23955 0.0437748 0 0 0
500.00 1193.15 22.680870 48.249997 -259962.955109 6.633911 26.047897 cpx Na0.00Ca0.17Fe''0.75Mg1.01Fe'''0.03Ti0.00Al0.09Si1.94O6 51.0301 0.115255 1.99437 1.04934 0 23.7518 0 17.8826 4.13375 0.0427601 0 0 0
500.00 1183.15 22.632059 47.925088 -259523.572738 6.616007 25.963263 cpx Na0.00Ca0.16Fe''0.76Mg1.01Fe'''0.03Ti0.00Al0.09Si1.94O6 51.0593 0.10961 1.97153 1.01042 0 23.8637 0 17.9136 4.03003 0.0417648 0 0 0
500.00 1173.15 22.584186 47.601260 -259093.559886 6.598389 25.879195 cpx Na0.00Ca0.16Fe''0.76Mg1.02Fe'''0.03Ti0.00Al0.09Si1.94O6 51.0877 0.10417 1.94865 0.972261 0 23.9748 0 17.9433 3.92831 0.0407882 0 0 0
500.00 1163.15 22.550532 47.305452 -258802.219060 6.584696 25.809770 cpx Na0.00Ca0.16Fe''0.77Mg1.02Fe'''0.03Ti0.00Al0.09Si1.94O6 51.113 0.0988716 1.92561 0.935259 0 24.0937 0 17.965 3.82875 0.0398231 0 0 0
500.00 1153.15 22.503826 46.982087 -258382.459126 6.567437 25.725977 cpx Na0.00Ca0.15Fe''0.77Mg1.02Fe'''0.03Ti0.00Al0.09Si1.94O6 51.1401 0.0938291 1.90263 0.898627 0 24.2032 0 17.992 3.73082 0.0388823 0 0 0
500.00 1143.15 22.458018 46.659646 -257971.406024 6.550450 25.642683 cpx Na0.00Ca0.15Fe''0.77Mg1.02Fe'''0.02Ti0.00Al0.08Si1.94O6 51.1664 0.088977 1.87961 0.862772 0 24.3118 0 18.0177 3.63471 0.0379588 0 0 0
500.00 1133.15 22.413099 46.338078 -257568.890017 6.533732 25.559869 cpx Na0.00Ca0.14Fe''0.78Mg1.02Fe'''0.02Ti0.00Al0.08Si1.95O6 51.1921 0.0843108 1.85656 0.827698 0 24.4198 0 18.0422 3.54037 0.0370522 0 0 0
500.00 1123.15 22.369063 46.017340 -257174.809957 6.517279 25.477519 cpx Na0.00Ca0.14Fe''0.78Mg1.02Fe'''0.02Ti0.00Al0.08Si1.95O6 51.217 0.0798258 1.83347 0.793412 0 24.527 0 18.0654 3.44773 0.036162 0 0 0
500.00 1113.15 22.325908 45.697398 -256789.124850 6.501092 25.395624 cpx Na0.00Ca0.14Fe''0.78Mg1.02Fe'''0.02Ti0.00Al0.08Si1.95O6 51.2413 0.0755177 1.81036 0.759918 0 24.6334 0 18.0874 3.35676 0.035288 0 0 0
500.00 1103.15 22.283891 45.378743 -256414.532035 6.485240 25.314454 cpx Na0.00Ca0.13Fe''0.79Mg1.03Fe'''0.02Ti0.00Al0.08Si1.95O6 51.2648 0.0713845 1.7873 0.727242 0 24.7393 0 18.1082 3.26736 0.0344513 0 0 0
500.00 1093.15 22.243530 45.062389 -256056.557814 6.469869 25.234569 cpx Na0.00Ca0.13Fe''0.79Mg1.03Fe'''0.02Ti0.00Al0.08Si1.95O6 51.2875 0.0674258 1.7644 0.695427 0 24.8447 0 18.1275 3.17942 0.0336949 0 0 0
500.00 1083.15 22.204023 44.746651 -255706.659681 6.454754 25.155077 cpx Na0.00Ca0.13Fe''0.79Mg1.03Fe'''0.02Ti0.00Al0.08Si1.95O6 51.3095 0.0636295 1.74147 0.664406 0 24.9494 0 18.1456 3.09304 0.0329485 0 0 0
500.00 1073.15 22.165381 44.431516 -255364.958165 6.439898 25.075979 cpx Na0.00Ca0.12Fe''0.80Mg1.03Fe'''0.02Ti0.00Al0.08Si1.95O6 51.3308 0.0599918 1.71853 0.634186 0 25.0535 0 18.1626 3.00818 0.0322121 0 0 0
500.00 1063.15 22.127615 44.116971 -255031.593123 6.425302 24.997277 cpx Na0.00Ca0.12Fe''0.80Mg1.03Fe'''0.02Ti0.00Al0.08Si1.95O6 51.3515 0.0565086 1.69559 0.604768 0 25.1569 0 18.1785 2.92481 0.0314855 0 0 0
500.00 1053.15 22.090736 43.803002 -254706.715318 6.410971 24.918974 cpx Na0.00Ca0.12Fe''0.80Mg1.03Fe'''0.02Ti0.00Al0.07Si1.95O6 51.3715 0.053176 1.67264 0.576158 0 25.2596 0 18.1933 2.8429 0.0307683 0 0 0
500.00 1043.15 22.054756 43.489593 -254390.477686 6.396908 24.841072 cpx Na0.00Ca0.11Fe''0.81Mg1.03Fe'''0.02Ti0.00Al0.07Si1.95O6 51.3907 0.0499901 1.64972 0.548356 0 25.3617 0 18.2071 2.76242 0.0300604 0 0 0
500.00 1033.15 22.019687 43.176724 -254083.026089 6.383115 24.763571 cpx Na0.00Ca0.11Fe''0.81Mg1.03Fe'''0.01Ti0.00Al0.07Si1.96O6 51.4093 0.0469468 1.62683 0.521365 0 25.4631 0 18.2198 2.68334 0.0293614 0 0 0
500.00 1023.15 20.036106 39.027577 -230220.171944 5.794024 22.448188 cpx Na0.00Ca0.11Fe''0.83Mg1.02Fe'''0.01Ti0.00Al0.07Si1.96O6 51.3153 0.0421141 1.58265 0.503592 0 26.0225 0 17.8927 2.61229 0.0288766 0 0 0

feldspar_0 thermodynamic data and composition:
Pressure Temperature mass S H V Cp formula SiO2 TiO2 Al2O3 Fe2O3 Cr2O3 FeO MnO MgO CaO Na2O K2O P2O5 H2O
500.00 1483.15 3.293463 8.083770 -45381.927037 1.234139 4.063881 K0.00Na0.21Ca0.78Al1.78Si2.22O8 48.4382 0 33.1063 0 0 0 0 0 16.0107 2.39953 0.0452036 0 0
500.00 1473.15 7.029156 17.214445 -96918.522135 2.636342 8.667176 K0.00Na0.23Ca0.77Al1.77Si2.23O8 48.8067 0 32.8567 0 0 0 0 0 15.7187 2.56608 0.0518433 0 0
500.00 1463.15 10.564829 25.815051 -145759.168589 3.966032 13.017307 K0.00Na0.24Ca0.75Al1.75Si2.25O8 49.1827 0 32.6017 0 0 0 0 0 15.4206 2.73548 0.0595367 0 0
500.00 1453.15 15.836439 38.631483 -218591.641356 5.954049 19.500382 K0.00Na0.26Ca0.73Al1.73Si2.27O8 49.7618 0 32.2083 0 0 0 0 0 14.9609 2.99481 0.074091 0 0
500.00 1443.15 22.191703 54.048487 -306437.772751 8.357293 27.308597 K0.01Na0.29Ca0.71Al1.71Si2.29O8 50.3872 0 31.7816 0 0 0 0 0 14.4629 3.26961 0.0986757 0 0
500.00 1433.15 27.193011 66.112115 -375654.297688 10.256473 33.442513 K0.01Na0.31Ca0.68Al1.68Si2.32O8 50.9728 0 31.3804 0 0 0 0 0 13.9953 3.52272 0.12882 0 0
500.00 1423.15 31.348899 76.069349 -433242.130958 11.840884 38.526069 K0.01Na0.33Ca0.66Al1.66Si2.34O8 51.5251 0 30.9998 0 0 0 0 0 13.5525 3.75573 0.166969 0 0
500.00 1413.15 34.946424 84.623442 -483148.789664 13.217369 42.914332 K0.01Na0.35Ca0.64Al1.64Si2.36O8 52.0461 0 30.6377 0 0 0 0 0 13.1322 3.96769 0.216276 0 0
500.00 1403.15 38.197237 92.290140 -528281.320689 14.464835 46.867141 K0.02Na0.37Ca0.62Al1.62Si2.38O8 52.5339 0 30.2944 0 0 0 0 0 12.7352 4.15481 0.281657 0 0
500.00 1393.15 41.185889 99.267945 -569801.493281 15.613339 50.486967 K0.02Na0.38Ca0.60Al1.60Si2.40O8 52.9619 0 29.987 0 0 0 0 0 12.3816 4.30252 0.366948 0 0
500.00 1383.15 43.490663 104.519066 -601936.728223 16.497670 53.257088 K0.03Na0.38Ca0.59Al1.59Si2.41O8 53.2451 0 29.7769 0 0 0 0 0 12.1422 4.38275 0.453042 0 0
500.00 1373.15 44.714509 107.100363 -619252.240359 16.964970 54.697962 K0.03Na0.39Ca0.58Al1.58Si2.42O8 53.3779 0 29.6748 0 0 0 0 0 12.027 4.41101 0.509299 0 0
500.00 1363.15 45.255952 108.013274 -627203.727976 17.170232 55.302738 K0.03Na0.39Ca0.58Al1.58Si2.42O8 53.4513 0 29.6178 0 0 0 0 0 11.9629 4.42531 0.542692 0 0
500.00 1353.15 45.457407 108.102125 -630478.437347 17.245687 55.491732 K0.03Na0.39Ca0.58Al1.58Si2.42O8 53.511 0 29.5725 0 0 0 0 0 11.9115 4.43948 0.5655 0 0
500.00 1343.15 43.910786 103.954238 -610152.941433 16.638982 53.572340 K0.02Na0.39Ca0.59Al1.59Si2.41O8 53.2366 0 29.8095 0 0 0 0 0 12.1711 4.44943 0.333308 0 0
500.00 1333.15 44.478294 104.899800 -618536.953477 16.851315 54.206680 K0.02Na0.39Ca0.59Al1.59Si2.41O8 53.2621 0 29.7887 0 0 0 0 0 12.148 4.45171 0.349439 0 0
500.00 1323.15 44.976430 105.666379 -625971.597402 17.036784 54.754059 K0.02Na0.39Ca0.59Al1.59Si2.41O8 53.2771 0 29.775 0 0 0 0 0 12.1332 4.44911 0.365579 0 0
500.00 1313.15 45.399482 106.244037 -632372.675185 17.193522 55.207978 K0.02Na0.39Ca0.59Al1.59Si2.41O8 53.2873 0 29.7645 0 0 0 0 0 12.1221 4.44429 0.38179 0 0
500.00 1303.15 45.763628 106.672878 -637962.770302 17.327744 55.588425 K0.02Na0.39Ca0.59Al1.59Si2.41O8 53.2944 0 29.756 0 0 0 0 0 12.1135 4.43804 0.397978 0 0
500.00 1293.15 46.080833 106.982520 -642906.513667 17.444046 55.910173 K0.02Na0.39Ca0.59Al1.59Si2.41O8 53.2995 0 29.749 0 0 0 0 0 12.1065 4.43089 0.414096 0 0
500.00 1283.15 46.360042 107.193364 -647329.193924 17.545795 56.460706 K0.02Na0.39Ca0.59Al1.59Si2.41O8 53.3033 0 29.7429 0 0 0 0 0 12.1006 4.42317 0.430119 0 0
500.00 1273.15 46.608018 107.323359 -651322.226986 17.635633 56.698865 K0.03Na0.39Ca0.59Al1.59Si2.41O8 53.3062 0 29.7373 0 0 0 0 0 12.0953 4.41514 0.44603 0 0
500.00 1263.15 47.013430 107.807131 -657475.524302 17.785417 57.123891 K0.03Na0.39Ca0.59Al1.59Si2.41O8 53.3128 0 29.7248 0 0 0 0 0 12.0834 4.39705 0.481912 0 0
500.00 1253.15 47.458315 108.371170 -664160.578933 17.950490 57.593590 K0.03Na0.38Ca0.59Al1.59Si2.41O8 53.3246 0 29.7062 0 0 0 0 0 12.0653 4.37454 0.529347 0 0
500.00 1243.15 47.869303 108.847030 -670370.282145 18.102922 58.020239 K0.03Na0.38Ca0.58Al1.58Si2.42O8 53.3398 0 29.6846 0 0 0 0 0 12.044 4.35173 0.579939 0 0
500.00 1233.15 48.225570 109.187897 -675823.688682 18.234666 58.379471 K0.04Na0.38Ca0.58Al1.58Si2.42O8 53.3559 0 29.6627 0 0 0 0 0 12.0221 4.33032 0.628919 0 0
500.00 1223.15 48.243709 108.752429 -676663.746784 18.236881 58.335397 K0.04Na0.38Ca0.58Al1.58Si2.42O8 53.3518 0 29.6655 0 0 0 0 0 12.0254 4.32858 0.628683 0 0
500.00 1213.15 48.262390 108.314430 -677511.251015 18.239306 58.291488 K0.04Na0.38Ca0.58Al1.58Si2.42O8 53.3477 0 29.6683 0 0 0 0 0 12.0287 4.32679 0.62844 0 0
500.00 1203.15 48.281619 107.873843 -678366.296553 18.241941 58.247815 K0.04Na0.38Ca0.58Al1.58Si2.42O8 53.3434 0 29.6713 0 0 0 0 0 12.0322 4.32496 0.628189 0 0
500.00 1193.15 48.301399 107.430599 -679228.952389 18.244789 58.204463 K0.04Na0.38Ca0.58Al1.58Si2.42O8 53.339 0 29.6743 0 0 0 0 0 12.0357 4.32309 0.627932 0 0
500.00 1183.15 48.321734 106.984626 -680099.260767 18.247850 58.161534 K0.04Na0.38Ca0.58Al1.58Si2.42O8 53.3345 0 29.6774 0 0 0 0 0 12.0392 4.32117 0.627668 0 0
500.00 1173.15 48.342622 106.535845 -680977.237085 18.251122 58.119149 K0.04Na0.38Ca0.58Al1.58Si2.42O8 53.33 0 29.6805 0 0 0 0 0 12.0429 4.31921 0.627397 0 0
500.00 1163.15 48.363138 106.082167 -681850.096272 18.254260 58.076372 K0.04Na0.38Ca0.58Al1.58Si2.42O8 53.3253 0 29.6837 0 0 0 0 0 12.0466 4.3173 0.627006 0 0
500.00 1153.15 48.385222 105.627716 -682744.702811 18.257989 58.035671 K0.04Na0.38Ca0.58Al1.58Si2.42O8 53.3205 0 29.687 0 0 0 0 0 12.0505 4.31525 0.626725 0 0
500.00 1143.15 48.407844 105.170160 -683646.814946 18.261923 57.996067 K0.04Na0.38Ca0.59Al1.59Si2.41O8 53.3156 0 29.6904 0 0 0 0 0 12.0544 4.31316 0.626437 0 0
500.00 1133.15 48.430996 104.709391 -684556.353541 18.266058 57.957845 K0.04Na0.38Ca0.59Al1.59Si2.41O8 53.3107 0 29.6938 0 0 0 0 0 12.0584 4.31102 0.626143 0 0
500.00 1123.15 48.454669 104.245291 -685473.219521 18.270391 57.921366 K0.04Na0.38Ca0.59Al1.59Si2.41O8 53.3056 0 29.6973 0 0 0 0 0 12.0625 4.30884 0.625842 0 0
500.00 1113.15 48.478853 103.777732 -686397.297063 18.274917 57.887089 K0.04Na0.38Ca0.59Al1.59Si2.41O8 53.3004 0 29.7009 0 0 0 0 0 12.0666 4.30663 0.625534 0 0
500.00 1103.15 48.480796 103.256664 -687022.264410 18.270703 57.828877 K0.04Na0.38Ca0.59Al1.59Si2.41O8 53.2896 0 29.7095 0 0 0 0 0 12.0762 4.30533 0.61931 0 0
500.00 1093.15 48.414037 102.581146 -686721.627270 18.239514 57.692999 K0.03Na0.38Ca0.59Al1.59Si2.41O8 53.262 0 29.7336 0 0 0 0 0 12.1026 4.30695 0.594888 0 0
500.00 1083.15 48.351462 101.911688 -686476.345054 18.209973 57.566204 K0.03Na0.38Ca0.59Al1.59Si2.41O8 53.2351 0 29.7571 0 0 0 0 0 12.1282 4.30851 0.571111 0 0
500.00 1073.15 48.292921 101.247724 -686284.501614 18.182019 57.449656 K0.03Na0.38Ca0.59Al1.59Si2.41O8 53.2088 0 29.78 0 0 0 0 0 12.1532 4.31 0.547968 0 0
500.00 1063.15 48.238267 100.588693 -686144.286561 18.155589 57.344992 K0.03Na0.38Ca0.59Al1.59Si2.41O8 53.1832 0 29.8023 0 0 0 0 0 12.1776 4.31143 0.52545 0 0
500.00 1053.15 48.187362 99.934027 -686053.999619 18.130629 57.254518 K0.03Na0.38Ca0.59Al1.59Si2.41O8 53.1582 0 29.824 0 0 0 0 0 12.2014 4.31279 0.503547 0 0
500.00 1043.15 48.140075 99.283145 -686012.059048 18.107081 57.181500 K0.03Na0.38Ca0.59Al1.59Si2.41O8 53.1339 0 29.8452 0 0 0 0 0 12.2245 4.31409 0.48225 0 0
500.00 1033.15 48.096282 98.635440 -686017.015789 18.084891 57.130613 K0.03Na0.38Ca0.59Al1.59Si2.41O8 53.1102 0 29.8658 0 0 0 0 0 12.2471 4.31532 0.461549 0 0
500.00 1023.15 46.429571 94.767213 -662697.917998 17.468477 55.221536 K0.03Na0.39Ca0.58Al1.58Si2.42O8 53.4114 0 29.6642 0 0 0 0 0 12.0105 4.45808 0.455794 0 0

olivine_0 thermodynamic data and composition:
Pressure Temperature mass S H V Cp formula SiO2 TiO2 Al2O3 Fe2O3 Cr2O3 FeO MnO MgO CaO Na2O K2O P2O5 H2O
500.00 1453.15 0.238144 0.572462 -2866.043467 0.072038 0.293051 (Ca0.01Mg0.81Fe''0.19Mn0.01Co0.00Ni0.00)2SiO4 39.2507 0 0 0 0 17.6242 0.526973 42.1509 0.447162 0 0 0 0
500.00 1333.15 0.206156 0.456173 -1983.213561 0.056155 0.224934 (Ca0.01Mg0.48Fe''0.38Mn0.14Co0.00Ni0.00)2SiO4 34.6567 0 0 0 0 31.5843 11.2392 22.0634 0.456409 0 0 0 0
500.00 1323.15 0.412802 0.908107 -3932.873244 0.111911 0.447776 (Ca0.01Mg0.47Fe''0.39Mn0.15Co0.00Ni0.00)2SiO4 34.465 0 0 0 0 31.9906 11.8725 21.2261 0.445701 0 0 0 0
500.00 1313.15 0.570578 1.248106 -5390.157978 0.154028 0.615650 (Ca0.01Mg0.45Fe''0.39Mn0.15Co0.00Ni0.00)2SiO4 34.2962 0 0 0 0 32.3432 12.4373 20.4894 0.433931 0 0 0 0
500.00 1303.15 0.692678 1.506857 -6494.598185 0.186268 0.743772 (Ca0.01Mg0.44Fe''0.40Mn0.16Co0.00Ni0.00)2SiO4 34.1454 0 0 0 0 32.6549 12.9465 19.8318 0.421435 0 0 0 0
500.00 1293.15 0.788116 1.705226 -7339.726462 0.211181 0.842443 (Ca0.01Mg0.43Fe''0.40Mn0.17Co0.00Ni0.00)2SiO4 34.0089 0 0 0 0 32.935 13.4101 19.2375 0.408457 0 0 0 0
500.00 1283.15 0.863243 1.857856 -7990.327228 0.230551 0.918859 (Ca0.01Mg0.42Fe''0.41Mn0.17Co0.00Ni0.00)2SiO4 33.8842 0 0 0 0 33.1905 13.8354 18.6948 0.39518 0 0 0 0
500.00 1273.15 0.922648 1.975286 -8492.495503 0.245659 0.978180 (Ca0.01Mg0.41Fe''0.41Mn0.18Co0.00Ni0.00)2SiO4 33.7691 0 0 0 0 33.4266 14.2281 18.1945 0.381743 0 0 0 0
500.00 1263.15 0.984923 2.096521 -8994.034985 0.261207 1.039298 (Ca0.01Mg0.40Fe''0.42Mn0.18Co0.00Ni0.00)2SiO4 33.6231 0 0 0 0 33.9787 14.4657 17.5619 0.370625 0 0 0 0
500.00 1253.15 1.034395 2.189026 -9368.909807 0.273228 1.086396 (Ca0.01Mg0.38Fe''0.43Mn0.18Co0.00Ni0.00)2SiO4 33.4773 0 0 0 0 34.6227 14.6085 16.9315 0.359947 0 0 0 0
500.00 1243.15 1.068571 2.248512 -9608.437636 0.281227 1.117466 (Ca0.01Mg0.37Fe''0.44Mn0.19Co0.00Ni0.00)2SiO4 33.3474 0 0 0 0 35.2144 14.7189 16.3706 0.348759 0 0 0 0
500.00 1233.15 1.091287 2.283779 -9754.484001 0.286303 1.136926 (Ca0.01Mg0.36Fe''0.45Mn0.19Co0.00Ni0.00)2SiO4 33.2392 0 0 0 0 35.732 14.7869 15.905 0.336909 0 0 0 0
500.00 1223.15 1.104254 2.301263 -9876.276084 0.289510 1.149175 (Ca0.01Mg0.36Fe''0.45Mn0.19Co0.00Ni0.00)2SiO4 33.2362 0 0 0 0 35.909 14.6332 15.9001 0.321502 0 0 0 0
500.00 1213.15 1.117283 2.318556 -9998.275085 0.292723 1.161414 (Ca0.00Mg0.36Fe''0.45Mn0.18Co0.00Ni0.00)2SiO4 33.2324 0 0 0 0 36.0872 14.4824 15.8914 0.306594 0 0 0 0
500.00 1203.15 1.130359 2.335622 -10120.309966 0.295940 1.173624 (Ca0.00Mg0.36Fe''0.46Mn0.18Co0.00Ni0.00)2SiO4 33.2277 0 0 0 0 36.2667 14.3347 15.8787 0.292178 0 0 0 0
500.00 1193.15 1.143465 2.352421 -10242.187989 0.299155 1.185786 (Ca0.00Mg0.36Fe''0.46Mn0.18Co0.00Ni0.00)2SiO4 33.2221 0 0 0 0 36.4475 14.1904 15.8618 0.278247 0 0 0 0
500.00 1183.15 1.156583 2.368908 -10363.694470 0.302363 1.197876 (Ca0.00Mg0.36Fe''0.46Mn0.18Co0.00Ni0.00)2SiO4 33.2156 0 0 0 0 36.6295 14.0495 15.8406 0.264792 0 0 0 0
500.00 1173.15 1.169690 2.385035 -10484.592828 0.305558 1.209868 (Ca0.00Mg0.36Fe''0.46Mn0.18Co0.00Ni0.00)2SiO4 33.208 0 0 0 0 36.8129 13.9123 15.8149 0.251807 0 0 0 0
500.00 1163.15 1.147946 2.329989 -10290.536849 0.299624 1.185684 (Ca0.00Mg0.36Fe''0.47Mn0.18Co0.00Ni0.00)2SiO4 33.1966 0 0 0 0 37.0091 13.7832 15.7718 0.239366 0 0 0 0
500.00 1153.15 1.162135 2.347931 -10419.835757 0.303085 1.198657 (Ca0.00Mg0.36Fe''0.47Mn0.17Co0.00Ni0.00)2SiO4 33.1869 0 0 0 0 37.1954 13.6541 15.7364 0.227292 0 0 0 0
500.00 1143.15 1.176193 2.365240 -10547.321546 0.306500 1.211397 (Ca0.00Mg0.36Fe''0.47Mn0.17Co0.00Ni0.00)2SiO4 33.1761 0 0 0 0 37.3832 13.5292 15.6958 0.215663 0 0 0 0
500.00 1133.15 1.190095 2.381859 -10672.701013 0.309861 1.223874 (Ca0.00Mg0.36Fe''0.47Mn0.17Co0.00Ni0.00)2SiO4 33.1642 0 0 0 0 37.5725 13.4088 15.6501 0.204469 0 0 0 0
500.00 1123.15 1.203810 2.397731 -10795.661977 0.313160 1.236056 (Ca0.00Mg0.35Fe''0.48Mn0.17Co0.00Ni0.00)2SiO4 33.1511 0 0 0 0 37.7634 13.2929 15.599 0.193702 0 0 0 0
500.00 1113.15 1.217307 2.412795 -10915.875682 0.316390 1.247907 (Ca0.00Mg0.35Fe''0.48Mn0.17Co0.00Ni0.00)2SiO4 33.1367 0 0 0 0 37.9559 13.1818 15.5423 0.183354 0 0 0 0
500.00 1103.15 1.230546 2.426970 -11032.902355 0.319538 1.259384 (Ca0.00Mg0.35Fe''0.48Mn0.17Co0.00Ni0.00)2SiO4 33.121 0 0 0 0 38.1501 13.0757 15.4797 0.173413 0 0 0 0
500.00 1093.15 1.243478 2.440161 -11146.204904 0.322591 1.270430 (Ca0.00Mg0.35Fe''0.48Mn0.17Co0.00Ni0.00)2SiO4 33.104 0 0 0 0 38.3464 12.9748 15.4109 0.163867 0 0 0 0
500.00 1083.15 1.256096 2.452362 -11255.741779 0.325548 1.281043 (Ca0.00Mg0.35Fe''0.49Mn0.16Co0.00Ni0.00)2SiO4 33.0856 0 0 0 0 38.5444 12.8791 15.3361 0.154713 0 0 0 0
500.00 1073.15 1.268366 2.463510 -11361.145659 0.328400 1.291183 (Ca0.00Mg0.35Fe''0.49Mn0.16Co0.00Ni0.00)2SiO4 33.0659 0 0 0 0 38.7444 12.7887 15.2551 0.145941 0 0 0 0
500.00 1063.15 1.280250 2.473542 -11462.048020 0.331137 1.300813 (Ca0.00Mg0.34Fe''0.49Mn0.16Co0.00Ni0.00)2SiO4 33.0447 0 0 0 0 38.9464 12.7036 15.1678 0.137541 0 0 0 0
500.00 1053.15 1.291715 2.482396 -11558.082647 0.333749 1.309896 (Ca0.00Mg0.34Fe''0.50Mn0.16Co0.00Ni0.00)2SiO4 33.0221 0 0 0 0 39.1504 12.6239 15.0741 0.129505 0 0 0 0
500.00 1043.15 1.302724 2.490013 -11648.889233 0.336228 1.318395 (Ca0.00Mg0.34Fe''0.50Mn0.16Co0.00Ni0.00)2SiO4 32.998 0 0 0 0 39.3565 12.5499 14.9738 0.121822 0 0 0 0
500.00 1033.15 1.313243 2.496337 -11734.117058 0.338565 1.326276 (Ca0.00Mg0.34Fe''0.50Mn0.16Co0.00Ni0.00)2SiO4 32.9725 0 0 0 0 39.5649 12.4814 14.8667 0.114483 0 0 0 0
500.00 1023.15 1.313572 2.478554 -11617.262896 0.337071 1.319033 (Ca0.00Mg0.32Fe''0.51Mn0.16Co0.00Ni0.00)2SiO4 32.8012 0 0 0 0 40.3793 12.5851 14.1247 0.109672 0 0 0 0

whitlockite thermodynamic data and composition:
Pressure Temperature mass S H V Cp formula
500.00 1343.15 0.024648 0.056035 -297.457275 0.007757 0.034535 Ca3(PO4)2
500.00 1333.15 0.063683 0.144111 -769.420677 0.020042 0.088705 Ca3(PO4)2
500.00 1323.15 0.097874 0.220460 -1183.877446 0.030803 0.135534 Ca3(PO4)2
500.00 1313.15 0.125675 0.281766 -1521.893983 0.039552 0.173022 Ca3(PO4)2
500.00 1303.15 0.148760 0.331961 -1803.483417 0.046817 0.203620 Ca3(PO4)2
500.00 1293.15 0.168260 0.373706 -2042.189349 0.052954 0.228989 Ca3(PO4)2
500.00 1283.15 0.184975 0.408883 -2247.575474 0.058215 0.250299 Ca3(PO4)2
500.00 1273.15 0.199490 0.438861 -2426.628083 0.062783 0.268406 Ca3(PO4)2
500.00 1263.15 0.226005 0.494801 -2752.196076 0.071128 0.302363 Ca3(PO4)2
500.00 1253.15 0.254255 0.553953 -3099.603892 0.080019 0.338246 Ca3(PO4)2
500.00 1243.15 0.278959 0.604812 -3404.469922 0.087793 0.369036 Ca3(PO4)2
500.00 1233.15 0.299378 0.645892 -3657.611428 0.094219 0.393847 Ca3(PO4)2
500.00 1223.15 0.299378 0.642694 -3661.538995 0.094219 0.391670 Ca3(PO4)2
500.00 1213.15 0.299378 0.639487 -3665.444916 0.094219 0.389518 Ca3(PO4)2
500.00 1203.15 0.299378 0.636272 -3669.329430 0.094219 0.387389 Ca3(PO4)2
500.00 1193.15 0.299378 0.633048 -3673.192776 0.094219 0.385284 Ca3(PO4)2
500.00 1183.15 0.299378 0.629814 -3677.035186 0.094219 0.383202 Ca3(PO4)2
500.00 1173.15 0.299378 0.626570 -3680.856890 0.094219 0.381143 Ca3(PO4)2

clinopyroxene_0 thermodynamic data and composition:
Pressure Temperature mass S H V Cp structure formula SiO2 TiO2 Al2O3 Fe2O3 Cr2O3 FeO MnO MgO CaO Na2O K2O P2O5 H2O
500.00 1453.15 4.626642 10.908657 -58590.263893 1.429899 5.536863 cpx Na0.01Ca0.68Fe''0.22Mg0.97Fe'''0.06Ti0.01Al0.18Si1.88O6 51.2819 0.306895 4.07102 2.13269 0 7.01475 0 17.8136 17.2115 0.167577 0 0 0
500.00 1443.15 7.612626 17.865782 -95926.087956 2.345264 9.072881 cpx Na0.01Ca0.68Fe''0.23Mg0.95Fe'''0.06Ti0.01Al0.18Si1.88O6 50.9738 0.374614 4.10608 2.30874 0 7.49597 0 17.2994 17.2596 0.181872 0 0 0
500.00 1433.15 9.884862 23.088316 -123957.675467 3.035765 11.731976 cpx Na0.01Ca0.69Fe''0.25Mg0.92Fe'''0.07Ti0.01Al0.18Si1.87O6 50.6682 0.445692 4.13548 2.48038 0 7.95717 0 16.7818 17.3361 0.195246 0 0 0
500.00 1423.15 11.639093 27.054283 -145279.367237 3.563585 13.756338 cpx Na0.01Ca0.69Fe''0.26Mg0.90Fe'''0.07Ti0.01Al0.18Si1.87O6 50.3654 0.52102 4.16145 2.64699 0 8.3934 0 16.2661 17.4378 0.207846 0 0 0
500.00 1413.15 13.030740 30.140352 -161924.234117 3.977801 15.337157 cpx Na0.02Ca0.70Fe''0.27Mg0.87Fe'''0.08Ti0.02Al0.18Si1.86O6 50.0736 0.598689 4.17703 2.80262 0 8.81351 0 15.7597 17.5558 0.219128 0 0 0
500.00 1403.15 14.143718 32.551889 -175002.075614 4.305200 16.579191 cpx Na0.02Ca0.71Fe''0.29Mg0.85Fe'''0.08Ti0.02Al0.18Si1.86O6 49.8076 0.674776 4.1703 2.93521 0 9.23017 0 15.2728 17.6811 0.227985 0 0 0
500.00 1393.15 15.032566 34.422928 -185239.842093 4.563311 17.551132 cpx Na0.02Ca0.71Fe''0.30Mg0.83Fe'''0.09Ti0.02Al0.18Si1.85O6 49.5802 0.746323 4.13188 3.0301 0 9.65715 0 14.8126 17.8091 0.232717 0 0 0
500.00 1383.15 15.806033 36.008877 -194038.204801 4.785344 18.381442 cpx Na0.02Ca0.72Fe''0.32Mg0.80Fe'''0.09Ti0.02Al0.18Si1.85O6 49.3371 0.832331 4.11232 3.11383 0 10.0501 0 14.3573 17.9624 0.234591 0 0 0
500.00 1373.15 16.574593 37.566890 -202836.868462 5.004500 19.198509 cpx Na0.02Ca0.73Fe''0.32Mg0.78Fe'''0.09Ti0.03Al0.19Si1.84O6 48.9854 0.966373 4.19713 3.25267 0 10.3042 0 13.8821 18.1724 0.239755 0 0 0
500.00 1363.15 17.333933 39.087933 -211584.679735 5.219297 19.997505 cpx Na0.02Ca0.74Fe''0.33Mg0.75Fe'''0.10Ti0.03Al0.19Si1.83O6 48.5239 1.15488 4.37754 3.45124 0 10.4233 0 13.3924 18.4273 0.249455 0 0 0
500.00 1353.15 18.071677 40.542184 -220086.058490 5.425554 20.763019 cpx Na0.02Ca0.76Fe''0.33Mg0.73Fe'''0.11Ti0.04Al0.21Si1.81O6 47.9637 1.40077 4.62762 3.69502 0 10.452 0 12.8868 18.7118 0.262266 0 0 0
500.00 1343.15 22.516271 50.414398 -277255.193516 6.805986 26.045108 cpx Na0.02Ca0.74Fe''0.33Mg0.79Fe'''0.08Ti0.02Al0.17Si1.86O6 49.6304 0.785333 3.7652 2.73781 0 10.3971 0 14.022 18.4385 0.223666 0 0 0
500.00 1333.15 22.553391 50.267420 -277855.458776 6.812341 26.043493 cpx Na0.02Ca0.75Fe''0.33Mg0.78Fe'''0.08Ti0.02Al0.16Si1.86O6 49.6146 0.821651 3.72256 2.67583 0 10.464 0 13.8864 18.5936 0.221479 0 0 0
500.00 1323.15 22.536650 50.000189 -277825.797459 6.802649 25.980879 cpx Na0.02Ca0.76Fe''0.33Mg0.77Fe'''0.07Ti0.02Al0.16Si1.86O6 49.5961 0.861551 3.6854 2.61311 0 10.5173 0 13.758 18.7493 0.219293 0 0 0
500.00 1313.15 22.481537 49.649721 -277375.039671 6.781862 25.876540 cpx Na0.02Ca0.76Fe''0.33Mg0.77Fe'''0.07Ti0.03Al0.16Si1.87O6 49.5788 0.902296 3.65481 2.5507 0 10.5495 0 13.6426 18.9039 0.217404 0 0 0
500.00 1303.15 22.404012 49.251855 -276686.904763 6.754698 25.748502 cpx Na0.02Ca0.77Fe''0.33Mg0.76Fe'''0.07Ti0.03Al0.16Si1.87O6 49.5617 0.94388 3.62991 2.48908 0 10.565 0 13.5378 19.0568 0.215792 0 0 0
500.00 1293.15 22.313773 48.828158 -275871.445927 6.724004 25.607603 cpx Na0.02Ca0.77Fe''0.33Mg0.75Fe'''0.07Ti0.03Al0.16Si1.87O6 49.5443 0.986386 3.61012 2.42856 0 10.567 0 13.4417 19.2075 0.214443 0 0 0
500.00 1283.15 22.216880 48.391939 -274996.327682 6.691543 25.460525 cpx Na0.02Ca0.78Fe''0.33Mg0.75Fe'''0.07Ti0.03Al0.16Si1.87O6 49.5259 1.02996 3.59505 2.36937 0 10.5579 0 13.3526 19.3559 0.21334 0 0 0
500.00 1273.15 22.117195 47.951547 -274103.907361 6.658426 25.311458 cpx Na0.02Ca0.79Fe''0.33Mg0.75Fe'''0.07Ti0.03Al0.16Si1.86O6 49.5058 1.07481 3.58446 2.31166 0 10.5394 0 13.2694 19.5019 0.21247 0 0 0
500.00 1263.15 21.974774 47.417550 -272342.755512 6.610534 25.104891 cpx Na0.02Ca0.79Fe''0.34Mg0.74Fe'''0.06Ti0.03Al0.16Si1.87O6 49.5091 1.06711 3.54708 2.27298 0 10.6615 0 13.1402 19.5915 0.210399 0 0 0
500.00 1253.15 21.812835 46.843637 -270249.395881 6.556458 24.874638 cpx Na0.02Ca0.79Fe''0.34Mg0.73Fe'''0.06Ti0.03Al0.16Si1.87O6 49.5247 1.03967 3.50103 2.23958 0 10.8237 0 13.002 19.6615 0.20794 0 0 0
500.00 1243.15 21.653494 46.279056 -268253.474018 6.503791 24.650312 cpx Na0.02Ca0.80Fe''0.35Mg0.72Fe'''0.06Ti0.03Al0.15Si1.87O6 49.5427 1.01559 3.45888 2.20315 0 10.9606 0 12.8779 19.7355 0.205649 0 0 0
500.00 1233.15 21.511357 45.755761 -266570.693034 6.457225 24.449898 cpx Na0.01Ca0.80Fe''0.35Mg0.72Fe'''0.06Ti0.03Al0.15Si1.87O6 49.5655 0.995851 3.42262 2.163 0 11.0575 0 12.776 19.8158 0.203769 0 0 0
500.00 1223.15 21.509091 45.543655 -267125.189749 6.456978 24.428111 cpx Na0.02Ca0.81Fe''0.35Mg0.72Fe'''0.06Ti0.03Al0.15Si1.87O6 49.6065 0.997052 3.42162 2.11308 0 10.9445 0 12.7802 19.9318 0.205307 0 0 0
500.00 1213.15 21.505064 45.326564 -267658.613469 6.456235 24.404289 cpx Na0.02Ca0.81Fe''0.34Mg0.72Fe'''0.06Ti0.03Al0.15Si1.87O6 49.6487 0.997964 3.41993 2.06286 0 10.8318 0 12.7864 20.0456 0.206823 0 0 0
500.00 1203.15 21.499350 45.104659 -268171.852960 6.455018 24.378507 cpx Na0.02Ca0.81Fe''0.34Mg0.72Fe'''0.06Ti0.03Al0.15Si1.87O6 49.6919 0.99859 3.41753 2.01239 0 10.7191 0 12.7947 20.1575 0.208318 0 0 0
500.00 1193.15 21.492018 44.878101 -268665.715310 6.453348 24.350832 cpx Na0.02Ca0.82Fe''0.33Mg0.72Fe'''0.06Ti0.03Al0.15Si1.88O6 49.7363 0.998931 3.4144 1.96171 0 10.6065 0 12.8049 20.2674 0.209792 0 0 0
500.00 1183.15 21.483129 44.647032 -269140.938853 6.451246 24.321322 cpx Na0.02Ca0.82Fe''0.33Mg0.72Fe'''0.05Ti0.03Al0.15Si1.88O6 49.7818 0.998989 3.41055 1.91086 0 10.4938 0 12.8172 20.3756 0.211245 0 0 0
500.00 1173.15 21.472744 44.411588 -269598.204131 6.448728 24.290033 cpx Na0.02Ca0.83Fe''0.33Mg0.72Fe'''0.05Ti0.03Al0.15Si1.88O6 49.8284 0.998764 3.40596 1.85989 0 10.3809 0 12.8314 20.482 0.212678 0 0 0
500.00 1163.15 21.459774 44.169239 -270009.832863 6.445349 24.255179 cpx Na0.02Ca0.83Fe''0.32Mg0.72Fe'''0.05Ti0.03Al0.15Si1.88O6 49.8753 0.997759 3.39982 1.80929 0 10.2735 0 12.8446 20.5857 0.214055 0 0 0
500.00 1153.15 21.446672 43.925668 -270434.539601 6.442087 24.220610 cpx Na0.02Ca0.83Fe''0.32Mg0.72Fe'''0.05Ti0.03Al0.15Si1.88O6 49.9241 0.996967 3.3937 1.75819 0 10.1601 0 12.8627 20.6888 0.215447 0 0 0
500.00 1143.15 21.432217 43.678046 -270842.928133 6.438456 24.184383 cpx Na0.02Ca0.84Fe''0.32Mg0.72Fe'''0.05Ti0.03Al0.15Si1.88O6 49.9738 0.9959 3.38682 1.70711 0 10.0463 0 12.8828 20.7904 0.216821 0 0 0
500.00 1133.15 21.416455 43.426480 -271235.540141 6.434468 24.146538 cpx Na0.02Ca0.84Fe''0.31Mg0.72Fe'''0.05Ti0.03Al0.15Si1.88O6 50.0246 0.994558 3.37917 1.65611 0 9.93201 0 12.9048 20.8906 0.218176 0 0 0
500.00 1123.15 21.399435 43.171071 -271612.891341 6.430139 24.107112 cpx Na0.02Ca0.85Fe''0.31Mg0.72Fe'''0.05Ti0.03Al0.15Si1.88O6 50.0764 0.992944 3.37076 1.60522 0 9.8172 0 12.9287 20.9892 0.219513 0 0 0
500.00 1113.15 21.381199 42.911915 -271975.475219 6.425481 24.066141 cpx Na0.02Ca0.85Fe''0.30Mg0.73Fe'''0.04Ti0.03Al0.15Si1.88O6 50.1291 0.991061 3.36157 1.5545 0 9.70178 0 12.9546 21.0866 0.220833 0 0 0
500.00 1103.15 21.362035 42.649625 -272326.596078 6.420576 24.023922 cpx Na0.02Ca0.85Fe''0.30Mg0.73Fe'''0.04Ti0.03Al0.15Si1.88O6 50.1827 0.989 3.35182 1.50413 0 9.58567 0 12.982 21.1823 0.222271 0 0 0
500.00 1093.15 21.342493 42.385367 -272672.618273 6.415573 23.981043 cpx Na0.02Ca0.86Fe''0.30Mg0.73Fe'''0.04Ti0.03Al0.15Si1.89O6 50.2369 0.986953 3.34198 1.45438 0 9.4688 0 13.0107 21.2762 0.224117 0 0 0
500.00 1083.15 21.321833 42.117548 -273004.970367 6.410273 23.936680 cpx Na0.02Ca0.86Fe''0.29Mg0.73Fe'''0.04Ti0.03Al0.15Si1.89O6 50.2921 0.984638 3.33133 1.40494 0 9.35113 0 13.0412 21.3688 0.225948 0 0 0
500.00 1073.15 21.300095 41.846250 -273324.073640 6.404685 23.890857 cpx Na0.02Ca0.86Fe''0.29Mg0.73Fe'''0.04Ti0.03Al0.15Si1.89O6 50.3481 0.982054 3.3199 1.35584 0 9.23261 0 13.0736 21.4601 0.227763 0 0 0
500.00 1063.15 21.277316 41.571548 -273630.334009 6.398823 23.843600 cpx Na0.02Ca0.87Fe''0.29Mg0.73Fe'''0.04Ti0.03Al0.15Si1.89O6 50.4051 0.979206 3.30767 1.30715 0 9.11318 0 13.1078 21.5503 0.229562 0 0 0
500.00 1053.15 21.253534 41.293515 -273924.140893 6.392697 23.794931 cpx Na0.02Ca0.87Fe''0.28Mg0.73Fe'''0.04Ti0.03Al0.15Si1.89O6 50.4629 0.976093 3.29465 1.25891 0 8.99278 0 13.144 21.6394 0.231343 0 0 0
500.00 1043.15 21.228785 41.012220 -274205.865010 6.386317 23.744871 cpx Na0.02Ca0.87Fe''0.28Mg0.74Fe'''0.03Ti0.03Al0.14Si1.89O6 50.5216 0.972716 3.28084 1.21116 0 8.87137 0 13.182 21.7273 0.233106 0 0 0
500.00 1033.15 21.203102 40.727725 -274475.854800 6.379693 23.693438 cpx Na0.02Ca0.87Fe''0.27Mg0.74Fe'''0.03Ti0.03Al0.14Si1.89O6 50.5811 0.969075 3.26624 1.16396 0 8.7489 0 13.2218 21.8141 0.234848 0 0 0
500.00 1023.15 22.914374 43.749375 -296643.393375 6.890974 25.558444 cpx Na0.02Ca0.88Fe''0.28Mg0.73Fe'''0.03Ti0.03Al0.14Si1.90O6 50.657 0.929853 3.17733 1.12584 0 8.87445 0 13.1476 21.8494 0.238532 0 0 0

spinel_0 thermodynamic data and composition:
Pressure Temperature mass S H V Cp formula SiO2 TiO2 Al2O3 Fe2O3 Cr2O3 FeO MnO MgO CaO Na2O K2O P2O5 H2O
500.00 1343.15 5.735540 11.892289 -31350.017679 1.220162 5.311513 Fe''1.16Mg0.22Fe'''1.08Al0.15Cr0.01Ti0.38O4 0 14.061 3.51248 39.5541 0.35912 38.4053 0 4.10799 0 0 0 0 0
500.00 1333.15 5.680547 11.735585 -31067.075119 1.207098 5.250772 Fe''1.18Mg0.21Fe'''1.05Al0.14Cr0.01Ti0.40O4 0 14.5916 3.31862 38.6876 0.362602 39.0553 0 3.98428 0 0 0 0 0
500.00 1323.15 5.592606 11.512735 -30626.642917 1.187298 5.160402 Fe''1.20Mg0.21Fe'''1.03Al0.13Cr0.01Ti0.41O4 0 15.142 3.13845 37.772 0.368308 39.7047 0 3.8745 0 0 0 0 0
500.00 1313.15 5.495624 11.272862 -30145.994226 1.165773 5.062553 Fe''1.22Mg0.20Fe'''1.01Al0.13Cr0.01Ti0.43O4 0 15.6592 2.9793 36.9021 0.374811 40.3069 0 3.77769 0 0 0 0 0
500.00 1303.15 5.395252 11.027501 -29651.495623 1.143674 4.962269 Fe''1.24Mg0.20Fe'''0.99Al0.12Cr0.01Ti0.44O4 0 16.1452 2.837 36.0772 0.381787 40.8683 0 3.69049 0 0 0 0 0
500.00 1293.15 5.294364 10.782457 -29156.005957 1.121576 4.862073 Fe''1.26Mg0.20Fe'''0.97Al0.12Cr0.01Ti0.45O4 0 16.6025 2.70845 35.2952 0.389065 41.3943 0 3.61055 0 0 0 0 0
500.00 1283.15 5.194351 10.540494 -28665.315651 1.099749 4.763152 Fe''1.27Mg0.19Fe'''0.95Al0.11Cr0.01Ti0.47O4 0 17.0333 2.59131 34.5537 0.396559 41.8889 0 3.53622 0 0 0 0 0
500.00 1273.15 5.095787 10.302712 -28181.394247 1.078298 4.665963 Fe''1.29Mg0.19Fe'''0.93Al0.11Cr0.01Ti0.48O4 0 17.4398 2.48377 33.85 0.404232 42.3559 0 3.46628 0 0 0 0 0
500.00 1263.15 4.606376 9.270942 -25362.142310 0.972816 4.209257 Fe''1.29Mg0.18Fe'''0.94Al0.10Cr0.01Ti0.47O4 0 17.2786 2.41833 34.1047 0.447184 42.4509 0 3.3002 0 0 0 0 0
500.00 1253.15 4.001273 8.014008 -21884.160341 0.842977 3.648596 Fe''1.29Mg0.17Fe'''0.96Al0.10Cr0.01Ti0.46O4 0 16.8842 2.37422 34.7481 0.514817 42.3659 0 3.11281 0 0 0 0 0
500.00 1243.15 3.454841 6.886380 -18781.821984 0.726218 3.144208 Fe''1.29Mg0.16Fe'''0.97Al0.10Cr0.02Ti0.45O4 0 16.4952 2.3357 35.3718 0.596252 42.2544 0 2.94666 0 0 0 0 0
500.00 1233.15 2.999323 5.950135 -16218.936221 0.629172 2.724846 Fe''1.29Mg0.15Fe'''0.99Al0.10Cr0.02Ti0.44O4 0 16.1142 2.30407 35.9753 0.686822 42.1156 0 2.80398 0 0 0 0 0
500.00 1223.15 3.003347 5.931675 -16192.187725 0.629188 2.725445 Fe''1.29Mg0.15Fe'''1.01Al0.10Cr0.02Ti0.44O4 0 15.8029 2.29575 36.5504 0.685901 41.9284 0 2.73665 0 0 0 0 0
500.00 1213.15 3.007055 5.912272 -16162.967220 0.629130 2.725801 Fe''1.28Mg0.15Fe'''1.03Al0.10Cr0.02Ti0.43O4 0 15.4881 2.28689 37.1331 0.685056 41.7373 0 2.66958 0 0 0 0 0
500.00 1203.15 3.010499 5.892036 -16131.669303 0.629009 2.725962 Fe''1.28Mg0.14Fe'''1.04Al0.10Cr0.02Ti0.42O4 0 15.1702 2.27748 37.7225 0.684272 41.5427 0 2.60287 0 0 0 0 0
500.00 1193.15 3.013730 5.871076 -16098.692204 0.628838 2.725976 Fe''1.27Mg0.14Fe'''1.06Al0.10Cr0.02Ti0.41O4 0 14.8498 2.26752 38.3176 0.683538 41.3449 0 2.5366 0 0 0 0 0
500.00 1183.15 3.016799 5.849500 -16064.433028 0.628628 2.725892 Fe''1.27Mg0.14Fe'''1.08Al0.10Cr0.02Ti0.40O4 0 14.5273 2.257 38.9177 0.682843 41.1443 0 2.47084 0 0 0 0 0
500.00 1173.15 3.019759 5.827413 -16029.283024 0.628392 2.725755 Fe''1.26Mg0.13Fe'''1.10Al0.10Cr0.02Ti0.39O4 0 14.2033 2.24591 39.5215 0.682174 40.9414 0 2.4057 0 0 0 0 0
500.00 1163.15 3.032369 5.823480 -16043.919880 0.630149 2.734340 Fe''1.26Mg0.13Fe'''1.11Al0.10Cr0.02Ti0.38O4 0 13.8783 2.23332 40.1307 0.679317 40.7388 0 2.33947 0 0 0 0 0
500.00 1153.15 3.034719 5.799550 -16005.147095 0.629780 2.733732 Fe''1.25Mg0.13Fe'''1.13Al0.10Cr0.02Ti0.38O4 0 13.553 2.22113 40.7392 0.678791 40.5321 0 2.27581 0 0 0 0 0
500.00 1143.15 3.037128 5.775452 -15966.731143 0.629422 2.733219 Fe''1.25Mg0.12Fe'''1.15Al0.10Cr0.02Ti0.37O4 0 13.2277 2.2084 41.3486 0.678252 40.3241 0 2.21296 0 0 0 0 0
500.00 1133.15 3.039637 5.751264 -15928.987246 0.629086 2.732832 Fe''1.24Mg0.12Fe'''1.17Al0.10Cr0.02Ti0.36O4 0 12.903 2.19514 41.958 0.677692 40.1152 0 2.15098 0 0 0 0 0
500.00 1123.15 3.042283 5.727059 -15892.207914 0.628779 2.732601 Fe''1.23Mg0.12Fe'''1.19Al0.10Cr0.02Ti0.35O4 0 12.5795 2.18135 42.5663 0.677102 39.9058 0 2.08994 0 0 0 0 0
500.00 1113.15 3.045102 5.702899 -15856.661054 0.628511 2.732552 Fe''1.23Mg0.11Fe'''1.20Al0.09Cr0.02Ti0.34O4 0 12.2575 2.16705 43.1728 0.676475 39.6963 0 2.02988 0 0 0 0 0
500.00 1103.15 3.047963 5.678543 -15821.758251 0.628254 2.732564 Fe''1.22Mg0.11Fe'''1.22Al0.09Cr0.02Ti0.33O4 0 11.9375 2.15228 43.7766 0.67584 39.487 0 1.97082 0 0 0 0 0
500.00 1093.15 3.050575 5.653449 -15786.063322 0.627949 2.732367 Fe''1.22Mg0.11Fe'''1.24Al0.09Cr0.02Ti0.32O4 0 11.6198 2.1371 44.3769 0.675261 39.2782 0 1.91278 0 0 0 0 0
500.00 1083.15 3.053480 5.628628 -15752.453090 0.627709 2.732444 Fe''1.21Mg0.10Fe'''1.26Al0.09Cr0.02Ti0.32O4 0 11.3048 2.12143 44.9731 0.674618 39.0702 0 1.85581 0 0 0 0 0
500.00 1073.15 3.056699 5.604109 -15721.082997 0.627539 2.732804 Fe''1.21Mg0.10Fe'''1.27Al0.09Cr0.02Ti0.31O4 0 10.993 2.1053 45.5645 0.673907 38.8634 0 1.79994 0 0 0 0 0
500.00 1063.15 3.060248 5.579918 -15692.084232 0.627441 2.733456 Fe''1.20Mg0.10Fe'''1.29Al0.09Cr0.02Ti0.30O4 0 10.6846 2.08872 46.1505 0.673124 38.6579 0 1.74517 0 0 0 0 0
500.00 1053.15 3.064144 5.556070 -15665.565313 0.627420 2.734405 Fe''1.20Mg0.09Fe'''1.31Al0.09Cr0.02Ti0.29O4 0 10.3798 2.07172 46.7306 0.672268 38.4541 0 1.69152 0 0 0 0 0
500.00 1043.15 3.068397 5.532577 -15641.614017 0.627478 2.735654 Fe''1.19Mg0.09Fe'''1.33Al0.09Cr0.02Ti0.28O4 0 10.0789 2.0543 47.3045 0.671336 38.252 0 1.63899 0 0 0 0 0
500.00 1033.15 3.073016 5.509447 -15620.299648 0.627617 2.737204 Fe''1.19Mg0.09Fe'''1.34Al0.09Cr0.02Ti0.27O4 0 9.78202 2.0365 47.8717 0.670325 38.0519 0 1.58757 0 0 0 0 0
500.00 1023.15 3.333756 5.939561 -16858.353857 0.679649 2.965794 Fe''1.18Mg0.08Fe'''1.36Al0.09Cr0.02Ti0.27O4 0 9.50949 1.96402 48.4806 0.617901 37.9432 0 1.48477 0 0 0 0 0

feldspar_1 thermodynamic data and composition:
Pressure Temperature mass S H V Cp formula SiO2 TiO2 Al2O3 Fe2O3 Cr2O3 FeO MnO MgO CaO Na2O K2O P2O5 H2O
500.00 1103.15 0.022415 0.047583 -303.387617 0.008916 0.026332 K0.78Na0.19Ca0.02Al1.02Si2.98O8 64.9751 0 18.9599 0 0 0 0 0 0.481068 2.16429 13.4196 0 0
500.00 1093.15 0.113023 0.238643 -1530.781884 0.044949 0.132677 K0.79Na0.19Ca0.02Al1.02Si2.98O8 64.9874 0 18.9355 0 0 0 0 0 0.458065 2.12772 13.4913 0 0
500.00 1083.15 0.199963 0.419924 -2710.087696 0.079511 0.234566 K0.79Na0.19Ca0.02Al1.02Si2.98O8 64.9988 0 18.9118 0 0 0 0 0 0.435857 2.09097 13.5626 0 0
500.00 1073.15 0.283374 0.591816 -3843.087456 0.112656 0.332180 K0.80Na0.18Ca0.02Al1.02Si2.98O8 65.0093 0 18.8888 0 0 0 0 0 0.414427 2.05405 13.6334 0 0
500.00 1063.15 0.363387 0.754689 -4931.469775 0.144438 0.425694 K0.80Na0.18Ca0.02Al1.02Si2.98O8 65.0189 0 18.8665 0 0 0 0 0 0.393758 2.01697 13.7039 0 0
500.00 1053.15 0.440126 0.908895 -5976.836086 0.174905 0.515280 K0.81Na0.18Ca0.02Al1.02Si2.98O8 65.0277 0 18.8448 0 0 0 0 0 0.373835 1.97974 13.7739 0 0
500.00 1043.15 0.513710 1.054766 -6980.706717 0.204105 0.601112 K0.81Na0.17Ca0.02Al1.02Si2.98O8 65.0356 0 18.8238 0 0 0 0 0 0.35464 1.94236 13.8436 0 0
500.00 1033.15 0.584250 1.192621 -7944.526473 0.232083 0.683367 K0.81Na0.17Ca0.02Al1.02Si2.98O8 65.0428 0 18.8034 0 0 0 0 0 0.336158 1.90486 13.9128 0 0
500.00 1023.15 0.658573 1.336872 -8962.683776 0.261562 0.770301 K0.81Na0.17Ca0.02Al1.02Si2.98O8 65.0628 0 18.789 0 0 0 0 0 0.319637 1.91168 13.9169 0 0

cordierite thermodynamic data and composition:
Pressure Temperature mass S H V Cp formula
500.00 1023.15 1.664352 3.282985 -24745.406766 0.664951 1.999838 Mg2Al4Si5O18

Title: Mk

Phase Masses:
Pressure Temperature mass liquid_0 olivine_0 clinopyroxene_0 clinopyroxene_1 feldspar_0 feldspar_1 spinel_0 rhm-oxide_0 whitlockite cordierite 
500.00 1523.15 98.152314 98.152314 0.000000 0.000000 0.000000 0.000000 0.000000 0.000000 0.000000 0.000000 0.000000 
500.00 1513.15 98.152945 98.152945 0.000000 0.000000 0.000000 0.000000 0.000000 0.000000 0.000000 0.000000 0.000000 
500.00 1503.15 98.153614 98.153614 0.000000 0.000000 0.000000 0.000000 0.000000 0.000000 0.000000 0.000000 0.000000 
500.00 1493.15 98.154324 98.154324 0.000000 0.000000 0.000000 0.000000 0.000000 0.000000 0.000000 0.000000 0.000000 
500.00 1483.15 98.154212 94.860750 0.000000 0.000000 0.000000 3.293463 0.000000 0.000000 0.000000 0.000000 0.000000 
500.00 1473.15 98.153910 91.124754 0.000000 0.000000 0.000000 7.029156 0.000000 0.000000 0.000000 0.000000 0.000000 
500.00 1463.15 98.153578 87.588749 0.000000 0.000000 0.000000 10.564829 0.000000 0.000000 0.000000 0.000000 0.000000 
500.00 1453.15 98.149446 77.075625 0.238144 4.626642 0.372596 15.836439 0.000000 0.000000 0.000000 0.000000 0.000000 
500.00 1443.15 98.142974 63.600236 0.000000 7.612626 4.738410 22.191703 0.000000 0.000000 0.000000 0.000000 0.000000 
500.00 1433.15 98.136834 53.220153 0.000000 9.884862 7.838808 27.193011 0.000000 0.000000 0.000000 0.000000 0.000000 
500.00 1423.15 98.130952 44.698609 0.000000 11.639093 10.444351 31.348899 0.000000 0.000000 0.000000 0.000000 0.000000 
500.00 1413.15 98.124916 37.425204 0.000000 13.030740 12.722548 34.946424 0.000000 0.000000 0.000000 0.000000 0.000000 
500.00 1403.15 98.118104 30.982857 0.000000 14.143718 14.794292 38.197237 0.000000 0.000000 0.000000 0.000000 0.000000 
500.00 1393.15 98.109817 25.145785 0.000000 15.032566 16.745576 41.185889 0.000000 0.000000 0.000000 0.000000 0.000000 
500.00 1383.15 98.101574 20.300415 0.000000 15.806033 18.504463 43.490663 0.000000 0.000000 0.000000 0.000000 0.000000 
500.00 1373.15 98.097025 16.917806 0.000000 16.574593 19.890118 44.714509 0.000000 0.000000 0.000000 0.000000 0.000000 
500.00 1363.15 98.096120 14.501951 0.000000 17.333933 21.004283 45.255952 0.000000 0.000000 0.000000 0.000000 0.000000 
500.00 1353.15 98.097624 12.556884 0.000000 18.071677 22.011656 45.457407 0.000000 0.000000 0.000000 0.000000 0.000000 
500.00 1343.15 98.246406 7.809614 0.000000 22.516271 18.249547 43.910786 0.000000 5.735540 0.000000 0.024648 0.000000 
500.00 1333.15 98.233837 6.712260 0.206156 22.553391 18.539507 44.478294 0.000000 5.680547 0.000000 0.063683 0.000000 
500.00 1323.15 98.220441 5.783032 0.412802 22.536650 18.821047 44.976430 0.000000 5.592606 0.000000 0.097874 0.000000 
500.00 1313.15 98.207732 5.016217 0.570578 22.481537 19.118619 45.399482 0.000000 5.495624 0.000000 0.125675 0.000000 
500.00 1303.15 98.195757 4.371325 0.692678 22.404012 19.420102 45.763628 0.000000 5.395252 0.000000 0.148760 0.000000 
500.00 1293.15 98.184493 3.820099 0.788116 22.313773 19.719049 46.080833 0.000000 5.294364 0.000000 0.168260 0.000000 
500.00 1283.15 98.173895 3.342220 0.863243 22.216880 20.012185 46.360042 0.000000 5.194351 0.000000 0.184975 0.000000 
500.00 1273.15 98.163905 2.922725 0.922648 22.117195 20.298043 46.608018 0.000000 5.095787 0.000000 0.199490 0.000000 
500.00 1263.15 98.150022 2.170484 0.984923 21.974774 20.916152 47.013430 0.000000 4.606376 0.257877 0.226005 0.000000 
500.00 1253.15 98.134780 1.349638 1.034395 21.812835 21.640021 47.458315 0.000000 4.001273 0.584048 0.254255 0.000000 
500.00 1243.15 98.120117 0.614779 1.068571 21.653494 22.314123 47.869303 0.000000 3.454841 0.866047 0.278959 0.000000 
500.00 1233.15 98.107122 0.000000 1.091287 21.511357 22.886349 48.225570 0.000000 2.999323 1.093859 0.299378 0.000000 
500.00 1223.15 98.107019 0.000000 1.104254 21.509091 22.833334 48.243709 0.000000 3.003347 1.113905 0.299378 0.000000 
500.00 1213.15 98.106943 0.000000 1.117283 21.505064 22.781458 48.262390 0.000000 3.007055 1.134314 0.299378 0.000000 
500.00 1203.15 98.106891 0.000000 1.130359 21.499350 22.730655 48.281619 0.000000 3.010499 1.155032 0.299378 0.000000 
500.00 1193.15 98.106864 0.000000 1.143465 21.492018 22.680870 48.301399 0.000000 3.013730 1.176004 0.299378 0.000000 
500.00 1183.15 98.106860 0.000000 1.156583 21.483129 22.632059 48.321734 0.000000 3.016799 1.197178 0.299378 0.000000 
500.00 1173.15 98.106878 0.000000 1.169690 21.472744 22.584186 48.342622 0.000000 3.019759 1.218499 0.299378 0.000000 
500.00 1163.15 98.107330 0.317509 1.147946 21.459774 22.550532 48.363138 0.000000 3.032369 1.236062 0.000000 0.000000 
500.00 1153.15 98.107376 0.316943 1.162135 21.446672 22.503826 48.385222 0.000000 3.034719 1.257858 0.000000 0.000000 
500.00 1143.15 98.107442 0.316411 1.176193 21.432217 22.458018 48.407844 0.000000 3.037128 1.279631 0.000000 0.000000 
500.00 1133.15 98.107528 0.315909 1.190095 21.416455 22.413099 48.430996 0.000000 3.039637 1.301337 0.000000 0.000000 
500.00 1123.15 98.107634 0.315436 1.203810 21.399435 22.369063 48.454669 0.000000 3.042283 1.322938 0.000000 0.000000 
500.00 1113.15 98.107759 0.314991 1.217307 21.381199 22.325908 48.478853 0.000000 3.045102 1.344399 0.000000 0.000000 
500.00 1103.15 98.107900 0.314569 1.230546 21.362035 22.283891 48.480796 0.022415 3.047963 1.365684 0.000000 0.000000 
500.00 1093.15 98.108049 0.314169 1.243478 21.342493 22.243530 48.414037 0.113023 3.050575 1.386744 0.000000 0.000000 
500.00 1083.15 98.108218 0.313793 1.256096 21.321833 22.204023 48.351462 0.199963 3.053480 1.407567 0.000000 0.000000 
500.00 1073.15 98.108407 0.313438 1.268366 21.300095 22.165381 48.292921 0.283374 3.056699 1.428134 0.000000 0.000000 
500.00 1063.15 98.108618 0.313104 1.280250 21.277316 22.127615 48.238267 0.363387 3.060248 1.448430 0.000000 0.000000 
500.00 1053.15 98.108849 0.312791 1.291715 21.253534 22.090736 48.187362 0.440126 3.064144 1.468441 0.000000 0.000000 
500.00 1043.15 98.109104 0.312497 1.302724 21.228785 22.054756 48.140075 0.513710 3.068397 1.488160 0.000000 0.000000 
500.00 1033.15 98.109381 0.312221 1.313243 21.203102 22.019687 48.096282 0.584250 3.073016 1.507580 0.000000 0.000000 
500.00 1023.15 98.122981 0.311738 1.313572 22.914374 20.036106 46.429571 0.658573 3.333756 1.460938 0.000000 1.664352 

Title: Mk

Phase Volumes:
Pressure Temperature mass V liquid_0 olivine_0 clinopyroxene_0 clinopyroxene_1 feldspar_0 feldspar_1 spinel_0 rhm-oxide_0 whitlockite cordierite 
500.00 1523.15 98.152314 36.251277 36.251277 0.000000 0.000000 0.000000 0.000000 0.000000 0.000000 0.000000 0.000000 0.000000 
500.00 1513.15 98.152945 36.228005 36.228005 0.000000 0.000000 0.000000 0.000000 0.000000 0.000000 0.000000 0.000000 0.000000 
500.00 1503.15 98.153614 36.204765 36.204765 0.000000 0.000000 0.000000 0.000000 0.000000 0.000000 0.000000 0.000000 0.000000 
500.00 1493.15 98.154324 36.181558 36.181558 0.000000 0.000000 0.000000 0.000000 0.000000 0.000000 0.000000 0.000000 0.000000 
500.00 1483.15 98.154212 36.103785 34.869646 0.000000 0.000000 0.000000 1.234139 0.000000 0.000000 0.000000 0.000000 0.000000 
500.00 1473.15 98.153910 36.017615 33.381273 0.000000 0.000000 0.000000 2.636342 0.000000 0.000000 0.000000 0.000000 0.000000 
500.00 1463.15 98.153578 35.933605 31.967572 0.000000 0.000000 0.000000 3.966032 0.000000 0.000000 0.000000 0.000000 0.000000 
500.00 1453.15 98.149446 35.555100 27.984324 0.072038 1.429899 0.114790 5.954049 0.000000 0.000000 0.000000 0.000000 0.000000 
500.00 1443.15 98.142974 35.055943 22.899588 0.000000 2.345264 1.453798 8.357293 0.000000 0.000000 0.000000 0.000000 0.000000 
500.00 1433.15 98.136834 34.672750 18.985273 0.000000 3.035765 2.395239 10.256473 0.000000 0.000000 0.000000 0.000000 0.000000 
500.00 1423.15 98.130952 34.354856 15.771787 0.000000 3.563585 3.178601 11.840884 0.000000 0.000000 0.000000 0.000000 0.000000 
500.00 1413.15 98.124916 34.081211 13.029413 0.000000 3.977801 3.856628 13.217369 0.000000 0.000000 0.000000 0.000000 0.000000 
500.00 1403.15 98.118104 33.837753 10.600570 0.000000 4.305200 4.467148 14.464835 0.000000 0.000000 0.000000 0.000000 0.000000 
500.00 1393.15 98.109817 33.616560 8.403079 0.000000 4.563311 5.036830 15.613339 0.000000 0.000000 0.000000 0.000000 0.000000 
500.00 1383.15 98.101574 33.427841 6.600037 0.000000 4.785344 5.544791 16.497670 0.000000 0.000000 0.000000 0.000000 0.000000 
500.00 1373.15 98.097025 33.285604 5.377195 0.000000 5.004500 5.938939 16.964970 0.000000 0.000000 0.000000 0.000000 0.000000 
500.00 1363.15 98.096120 33.174892 4.534096 0.000000 5.219297 6.251267 17.170232 0.000000 0.000000 0.000000 0.000000 0.000000 
500.00 1353.15 98.097624 33.079896 3.877579 0.000000 5.425554 6.531077 17.245687 0.000000 0.000000 0.000000 0.000000 0.000000 
500.00 1343.15 98.246406 33.106879 2.993117 0.000000 6.805986 5.440875 16.638982 0.000000 1.220162 0.000000 0.007757 0.000000 
500.00 1333.15 98.233837 33.058719 2.592893 0.056155 6.812341 5.518875 16.851315 0.000000 1.207098 0.000000 0.020042 0.000000 
500.00 1323.15 98.220441 33.015213 2.251387 0.111911 6.802649 5.594381 17.036784 0.000000 1.187298 0.000000 0.030803 0.000000 
500.00 1313.15 98.207732 32.975959 1.966246 0.154028 6.781862 5.674976 17.193522 0.000000 1.165773 0.000000 0.039552 0.000000 
500.00 1303.15 98.195757 32.940064 1.723917 0.186268 6.754698 5.756946 17.327744 0.000000 1.143674 0.000000 0.046817 0.000000 
500.00 1293.15 98.184493 32.906857 1.514792 0.211181 6.724004 5.838304 17.444046 0.000000 1.121576 0.000000 0.052954 0.000000 
500.00 1283.15 98.173895 32.875758 1.331880 0.230551 6.691543 5.918024 17.545795 0.000000 1.099749 0.000000 0.058215 0.000000 
500.00 1273.15 98.163905 32.846413 1.169980 0.245659 6.658426 5.995635 17.635633 0.000000 1.078298 0.000000 0.062783 0.000000 
500.00 1263.15 98.150022 32.797273 0.873615 0.261207 6.610534 6.166665 17.785417 0.000000 0.972816 0.055892 0.071128 0.000000 
500.00 1253.15 98.134780 32.742602 0.546155 0.273228 6.556458 6.366837 17.950490 0.000000 0.842977 0.126437 0.080019 0.000000 
500.00 1243.15 98.120117 32.691550 0.249962 0.281227 6.503791 6.552346 18.102922 0.000000 0.726218 0.187290 0.087793 0.000000 
500.00 1233.15 98.107122 32.646601 0.000000 0.286303 6.457225 6.708668 18.234666 0.000000 0.629172 0.236347 0.094219 0.000000 
500.00 1223.15 98.107019 32.636847 0.000000 0.289510 6.456978 6.689473 18.236881 0.000000 0.629188 0.240598 0.094219 0.000000 
500.00 1213.15 98.106943 32.627164 0.000000 0.292723 6.456235 6.670629 18.239306 0.000000 0.629130 0.244922 0.094219 0.000000 
500.00 1203.15 98.106891 32.617550 0.000000 0.295940 6.455018 6.652113 18.241941 0.000000 0.629009 0.249309 0.094219 0.000000 
500.00 1193.15 98.106864 32.608008 0.000000 0.299155 6.453348 6.633911 18.244789 0.000000 0.628838 0.253747 0.094219 0.000000 
500.00 1183.15 98.106860 32.598537 0.000000 0.302363 6.451246 6.616007 18.247850 0.000000 0.628628 0.258224 0.094219 0.000000 
500.00 1173.15 98.106878 32.589138 0.000000 0.305558 6.448728 6.598389 18.251122 0.000000 0.628392 0.262729 0.094219 0.000000 
500.00 1163.15 98.107330 32.589664 0.109171 0.299624 6.445349 6.584696 18.254260 0.000000 0.630149 0.266416 0.000000 0.000000 
500.00 1153.15 98.107376 32.580393 0.109001 0.303085 6.442087 6.567437 18.257989 0.000000 0.629780 0.271014 0.000000 0.000000 
500.00 1143.15 98.107442 32.571195 0.108842 0.306500 6.438456 6.550450 18.261923 0.000000 0.629422 0.275603 0.000000 0.000000 
500.00 1133.15 98.107528 32.562069 0.108691 0.309861 6.434468 6.533732 18.266058 0.000000 0.629086 0.280174 0.000000 0.000000 
500.00 1123.15 98.107634 32.553014 0.108549 0.313160 6.430139 6.517279 18.270391 0.000000 0.628779 0.284717 0.000000 0.000000 
500.00 1113.15 98.107759 32.544031 0.108416 0.316390 6.425481 6.501092 18.274917 0.000000 0.628511 0.289225 0.000000 0.000000 
500.00 1103.15 98.107900 32.535206 0.108289 0.319538 6.420576 6.485240 18.270703 0.008916 0.628254 0.293691 0.000000 0.000000 
500.00 1093.15 98.108049 32.526719 0.108169 0.322591 6.415573 6.469869 18.239514 0.044949 0.627949 0.298104 0.000000 0.000000 
500.00 1083.15 98.108218 32.518285 0.108055 0.325548 6.410273 6.454754 18.209973 0.079511 0.627709 0.302461 0.000000 0.000000 
500.00 1073.15 98.108407 32.509904 0.107949 0.328400 6.404685 6.439898 18.182019 0.112656 0.627539 0.306759 0.000000 0.000000 
500.00 1063.15 98.108618 32.501573 0.107848 0.331137 6.398823 6.425302 18.155589 0.144438 0.627441 0.310994 0.000000 0.000000 
500.00 1053.15 98.108849 32.493289 0.107754 0.333749 6.392697 6.410971 18.130629 0.174905 0.627420 0.315164 0.000000 0.000000 
500.00 1043.15 98.109104 32.485049 0.107666 0.336228 6.386317 6.396908 18.107081 0.204105 0.627478 0.319267 0.000000 0.000000 
500.00 1033.15 98.109381 32.476848 0.107583 0.338565 6.379693 6.383115 18.084891 0.232083 0.627617 0.323301 0.000000 0.000000 
500.00 1023.15 98.122981 32.517140 0.107428 0.337071 6.890974 5.794024 17.468477 0.261562 0.679649 0.313003 0.000000 0.664951 

Title: Mk

Solid Composition:
Pressure Temperature mass SiO2 TiO2 Al2O3 Fe2O3 Cr2O3 FeO MnO MgO CaO Na2O K2O P2O5 H2O 
500.00 1523.15 0.000000 ---
500.00 1513.15 0.000000 ---
500.00 1503.15 0.000000 ---
500.00 1493.15 0.000000 ---
500.00 1483.15 3.293463 48.4382 0 33.1063 0 0 0 0 0 16.0107 2.39953 0.0452036 0 0
500.00 1473.15 7.029156 48.8067 0 32.8567 0 0 0 0 0 15.7187 2.56608 0.0518433 0 0
500.00 1463.15 10.564829 49.1827 0 32.6017 0 0 0 0 0 15.4206 2.73548 0.0595367 0 0
500.00 1453.15 21.073821 50.0286 0.0700208 25.1553 0.496795 0 1.94141 0.00595504 4.80795 15.1496 2.2887 0.0556775 0 0
500.00 1443.15 34.542739 50.7904 0.106373 21.7711 0.746038 0 3.33777 0 6.983 14.0498 2.15214 0.0633934 0 0
500.00 1433.15 44.916682 51.1011 0.132201 20.477 0.865844 0 4.04602 0 7.61341 13.4954 2.19109 0.0779891 0 0
500.00 1423.15 53.432343 51.3296 0.155557 19.728 0.953374 0 4.56728 0 7.81405 13.0875 2.26671 0.0979615 0 0
500.00 1413.15 60.699712 51.5211 0.177116 19.209 1.02254 0 5.01141 0 7.83971 12.7435 2.35103 0.124516 0 0
500.00 1403.15 67.135247 51.6944 0.19598 18.8119 1.07413 0 5.41919 0 7.7778 12.4336 2.43278 0.160252 0 0
500.00 1393.15 72.964031 51.8443 0.211601 18.4868 1.1062 0 5.81705 0 7.6732 12.1557 2.49796 0.207131 0 0
500.00 1383.15 77.801159 51.9012 0.231066 18.1992 1.13632 0 6.22291 0 7.58047 11.9566 2.51905 0.253249 0 0
500.00 1373.15 81.179220 51.8296 0.265083 17.9399 1.19269 0 6.60742 0 7.52965 11.8551 2.50005 0.280528 0 0
500.00 1363.15 83.594169 51.687 0.314342 17.7073 1.27292 0 6.9546 0 7.50013 11.8009 2.46909 0.293801 0 0
500.00 1353.15 85.540739 51.5057 0.378531 17.4908 1.36936 0 7.27952 0 7.47722 11.7619 2.43645 0.300514 0 0
500.00 1343.15 90.436792 48.5119 1.12896 16.1724 3.55073 0.0227755 8.86486 0 7.63332 11.7093 2.23153 0.161835 0.0124722 0
500.00 1333.15 91.521577 48.5355 1.14941 16.1259 3.40857 0.0225059 9.01196 0.0253166 7.59101 11.6953 2.23285 0.169823 0.0318421 0
500.00 1323.15 92.437409 48.5681 1.16709 16.0898 3.25798 0.0222832 9.14801 0.0530197 7.55229 11.6828 2.23239 0.177877 0.0484531 0
500.00 1313.15 93.191515 48.6101 1.18174 16.0619 3.11576 0.0221031 9.26467 0.0761488 7.51786 11.6709 2.23114 0.185994 0.0617127 0
500.00 1303.15 93.824431 48.6571 1.19412 16.0395 2.98239 0.0219542 9.36687 0.0955804 7.48712 11.6594 2.22931 0.194117 0.0725556 0
500.00 1293.15 94.364395 48.7064 1.20473 16.0211 2.85758 0.0218287 9.45789 0.111999 7.45952 11.6481 2.22705 0.202215 0.081597 0
500.00 1283.15 94.831675 48.7566 1.2139 16.0055 2.74068 0.0217213 9.54006 0.125942 7.43458 11.637 2.22449 0.210271 0.089261 0
500.00 1273.15 95.241180 48.807 1.22189 15.992 2.63098 0.021628 9.61507 0.137835 7.41189 11.6259 2.22172 0.218273 0.0958511 0
500.00 1263.15 95.979538 48.9263 1.23742 15.9642 2.4746 0.0214618 9.69699 0.157153 7.36718 11.5974 2.2135 0.236054 0.107756 0
500.00 1253.15 96.785142 49.0729 1.25136 15.9343 2.30406 0.0212835 9.78017 0.175515 7.31663 11.5607 2.20327 0.259564 0.120216 0
500.00 1243.15 97.505338 49.2149 1.26084 15.9087 2.14233 0.0211266 9.85941 0.189539 7.27039 11.5238 2.19328 0.284715 0.130922 0
500.00 1233.15 98.107122 49.3408 1.26668 15.8883 2.00072 0.0209975 9.92902 0.199476 7.23108 11.4899 2.18425 0.309152 0.139643 0
500.00 1223.15 98.107019 49.3408 1.26668 15.8884 1.99967 0.0209975 9.92998 0.199476 7.23108 11.4899 2.18425 0.309152 0.139643 0
500.00 1213.15 98.106943 49.3408 1.26668 15.8884 1.99889 0.0209975 9.93069 0.199476 7.23109 11.4899 2.18425 0.309152 0.139644 0
500.00 1203.15 98.106891 49.3409 1.26668 15.8884 1.99837 0.0209975 9.93116 0.199476 7.23109 11.4899 2.18425 0.309153 0.139644 0
500.00 1193.15 98.106864 49.3409 1.26668 15.8884 1.99809 0.0209975 9.93142 0.199476 7.23109 11.4899 2.18425 0.309153 0.139644 0
500.00 1183.15 98.106860 49.3409 1.26668 15.8884 1.99805 0.0209975 9.93145 0.199476 7.23109 11.4899 2.18425 0.309153 0.139644 0
500.00 1173.15 98.106878 49.3409 1.26668 15.8884 1.99824 0.0209975 9.93128 0.199476 7.23109 11.4899 2.18425 0.309153 0.139644 0
500.00 1163.15 97.789821 49.4942 1.27016 15.9398 2.00902 0.021065 9.95921 0.195167 7.24891 11.361 2.19133 0.310093 0 0
500.00 1153.15 97.790433 49.4941 1.2702 15.9397 2.00948 0.0210648 9.95874 0.195389 7.24895 11.361 2.19132 0.310094 0 0
500.00 1143.15 97.791031 49.4939 1.27024 15.9396 2.01016 0.0210647 9.95808 0.195599 7.24898 11.3609 2.19131 0.310095 0 0
500.00 1133.15 97.791619 49.4938 1.27027 15.9395 2.01104 0.0210646 9.95724 0.195798 7.24901 11.3608 2.19129 0.310095 0 0
500.00 1123.15 97.792197 49.4937 1.27031 15.9395 2.01211 0.0210644 9.95621 0.195987 7.24904 11.3608 2.19128 0.310096 0 0
500.00 1113.15 97.792768 49.4935 1.27033 15.9394 2.01339 0.0210643 9.95501 0.196166 7.24906 11.3607 2.19127 0.310096 0 0
500.00 1103.15 97.793331 49.4934 1.27036 15.9393 2.01483 0.0210642 9.95366 0.196336 7.24908 11.3607 2.19125 0.310097 0 0
500.00 1093.15 97.793880 49.4932 1.27038 15.9392 2.01635 0.021064 9.95224 0.196497 7.2491 11.3606 2.19124 0.310099 0 0
500.00 1083.15 97.794426 49.4931 1.27041 15.9391 2.01807 0.0210639 9.95064 0.19665 7.24912 11.3605 2.19123 0.3101 0 0
500.00 1073.15 97.794969 49.4929 1.27042 15.939 2.02 0.0210638 9.94885 0.196796 7.24913 11.3605 2.19122 0.310101 0 0
500.00 1063.15 97.795513 49.4927 1.27044 15.9389 2.02214 0.0210636 9.94687 0.196935 7.24914 11.3604 2.1912 0.310102 0 0
500.00 1053.15 97.796058 49.4926 1.27046 15.9388 2.0245 0.0210635 9.94469 0.197066 7.24914 11.3604 2.19119 0.310103 0 0
500.00 1043.15 97.796607 49.4924 1.27047 15.9388 2.02709 0.0210633 9.9423 0.197192 7.24914 11.3603 2.19118 0.310104 0 0
500.00 1033.15 97.797160 49.4922 1.27048 15.9387 2.02992 0.0210632 9.9397 0.197311 7.24914 11.3602 2.19117 0.310105 0 0
500.00 1023.15 97.811243 49.4853 1.27032 15.9364 2.16841 0.0210603 9.8134 0.197367 7.24828 11.3586 2.19085 0.310063 0 0
Title: Mk

Bulk Composition:
Pressure Temperature mass SiO2 TiO2 Al2O3 Fe2O3 Cr2O3 FeO MnO MgO CaO Na2O K2O P2O5 H2O 
500.00 1523.15 98.152314 49.318 1.26609 15.881 2.45935 0.0209878 9.51094 0.199384 7.22775 11.4846 2.18324 0.30901 0.139579 0
500.00 1513.15 98.152945 49.3177 1.26609 15.8809 2.46575 0.0209877 9.50511 0.199383 7.2277 11.4845 2.18323 0.309008 0.139578 0
500.00 1503.15 98.153614 49.3174 1.26608 15.8808 2.47254 0.0209875 9.49892 0.199381 7.22765 11.4844 2.18321 0.309005 0.139577 0
500.00 1493.15 98.154324 49.317 1.26607 15.8807 2.47974 0.0209874 9.49235 0.19938 7.2276 11.4844 2.18319 0.309003 0.139576 0
500.00 1483.15 98.154212 49.3171 1.26607 15.8807 2.4786 0.0209874 9.49339 0.19938 7.22761 11.4844 2.1832 0.309004 0.139576 0
500.00 1473.15 98.153910 49.3172 1.26607 15.8808 2.47554 0.0209874 9.49618 0.199381 7.22763 11.4844 2.1832 0.309004 0.139577 0
500.00 1463.15 98.153578 49.3174 1.26608 15.8808 2.47217 0.0209875 9.49925 0.199381 7.22765 11.4845 2.18321 0.309006 0.139577 0
500.00 1453.15 98.149446 49.3195 1.26613 15.8815 2.43025 0.0209884 9.53746 0.19939 7.22796 11.4849 2.1833 0.309019 0.139583 0
500.00 1443.15 98.142974 49.3227 1.26621 15.8825 2.3646 0.0209898 9.59732 0.199403 7.22843 11.4857 2.18345 0.309039 0.139592 0
500.00 1433.15 98.136834 49.3258 1.26629 15.8835 2.3023 0.0209911 9.65411 0.199415 7.22889 11.4864 2.18358 0.309058 0.139601 0
500.00 1423.15 98.130952 49.3288 1.26637 15.8845 2.24261 0.0209924 9.70852 0.199427 7.22932 11.4871 2.18371 0.309077 0.139609 0
500.00 1413.15 98.124916 49.3318 1.26645 15.8855 2.18135 0.0209936 9.76436 0.19944 7.22976 11.4878 2.18385 0.309096 0.139618 0
500.00 1403.15 98.118104 49.3352 1.26653 15.8866 2.1122 0.0209951 9.82739 0.199454 7.23027 11.4886 2.184 0.309117 0.139628 0
500.00 1393.15 98.109817 49.3394 1.26664 15.8879 2.02807 0.0209969 9.90409 0.19947 7.23088 11.4896 2.18419 0.309143 0.139639 0
500.00 1383.15 98.101574 49.3435 1.26675 15.8892 1.94438 0.0209986 9.98038 0.199487 7.23148 11.4905 2.18437 0.309169 0.139651 0
500.00 1373.15 98.097025 49.3458 1.26681 15.89 1.89819 0.0209996 10.0225 0.199496 7.23182 11.4911 2.18447 0.309184 0.139658 0
500.00 1363.15 98.096120 49.3463 1.26682 15.8901 1.88899 0.0209998 10.0309 0.199498 7.23189 11.4912 2.18449 0.309187 0.139659 0
500.00 1353.15 98.097624 49.3455 1.2668 15.8899 1.90426 0.0209995 10.017 0.199495 7.23178 11.491 2.18446 0.309182 0.139657 0
500.00 1343.15 98.246406 49.2708 1.26488 15.8658 3.4129 0.0209677 8.6417 0.199193 7.22082 11.4736 2.18115 0.308714 0.139445 0
500.00 1333.15 98.233837 49.2771 1.26504 15.8679 3.28563 0.0209704 8.75771 0.199219 7.22175 11.4751 2.18143 0.308753 0.139463 0
500.00 1323.15 98.220441 49.2838 1.26522 15.87 3.14995 0.0209732 8.8814 0.199246 7.22273 11.4766 2.18173 0.308795 0.139482 0
500.00 1313.15 98.207732 49.2902 1.26538 15.8721 3.02119 0.0209759 8.99877 0.199271 7.22367 11.4781 2.18201 0.308835 0.1395 0
500.00 1303.15 98.195757 49.2962 1.26553 15.874 2.89983 0.0209785 9.1094 0.199296 7.22455 11.4795 2.18227 0.308873 0.139517 0
500.00 1293.15 98.184493 49.3019 1.26568 15.8758 2.78567 0.0209809 9.21347 0.199319 7.22538 11.4808 2.18252 0.308908 0.139533 0
500.00 1283.15 98.173895 49.3072 1.26582 15.8775 2.67822 0.0209832 9.31142 0.19934 7.22616 11.4821 2.18276 0.308942 0.139548 0
500.00 1273.15 98.163905 49.3122 1.26594 15.8792 2.57692 0.0209853 9.40377 0.19936 7.22689 11.4832 2.18298 0.308973 0.139562 0
500.00 1263.15 98.150022 49.3192 1.26612 15.8814 2.4361 0.0209883 9.53214 0.199389 7.22791 11.4849 2.18329 0.309017 0.139582 0
500.00 1253.15 98.134780 49.3269 1.26632 15.8839 2.28145 0.0209915 9.67311 0.19942 7.22904 11.4867 2.18363 0.309065 0.139604 0
500.00 1243.15 98.120117 49.3342 1.26651 15.8862 2.13264 0.0209947 9.80876 0.199449 7.23012 11.4884 2.18396 0.309111 0.139625 0
500.00 1233.15 98.107122 49.3408 1.26668 15.8883 2.00072 0.0209975 9.92902 0.199476 7.23108 11.4899 2.18425 0.309152 0.139643 0
500.00 1223.15 98.107019 49.3408 1.26668 15.8884 1.99967 0.0209975 9.92998 0.199476 7.23108 11.4899 2.18425 0.309152 0.139643 0
500.00 1213.15 98.106943 49.3408 1.26668 15.8884 1.99889 0.0209975 9.93069 0.199476 7.23109 11.4899 2.18425 0.309152 0.139644 0
500.00 1203.15 98.106891 49.3409 1.26668 15.8884 1.99837 0.0209975 9.93116 0.199476 7.23109 11.4899 2.18425 0.309153 0.139644 0
500.00 1193.15 98.106864 49.3409 1.26668 15.8884 1.99809 0.0209975 9.93142 0.199476 7.23109 11.4899 2.18425 0.309153 0.139644 0
500.00 1183.15 98.106860 49.3409 1.26668 15.8884 1.99805 0.0209975 9.93145 0.199476 7.23109 11.4899 2.18425 0.309153 0.139644 0
500.00 1173.15 98.106878 49.3409 1.26668 15.8884 1.99824 0.0209975 9.93128 0.199476 7.23109 11.4899 2.18425 0.309153 0.139644 0
500.00 1163.15 98.107330 49.3407 1.26667 15.8883 2.00283 0.0209974 9.9271 0.199475 7.23106 11.4899 2.18424 0.309151 0.139643 0
500.00 1153.15 98.107376 49.3406 1.26667 15.8883 2.00329 0.0209974 9.92668 0.199475 7.23106 11.4899 2.18424 0.309151 0.139643 0
500.00 1143.15 98.107442 49.3406 1.26667 15.8883 2.00396 0.0209974 9.92607 0.199475 7.23105 11.4899 2.18424 0.309151 0.139643 0
500.00 1133.15 98.107528 49.3406 1.26667 15.8883 2.00483 0.0209974 9.92527 0.199475 7.23105 11.4898 2.18424 0.309151 0.139643 0
500.00 1123.15 98.107634 49.3405 1.26667 15.8883 2.00591 0.0209973 9.92429 0.199475 7.23104 11.4898 2.18423 0.30915 0.139643 0
500.00 1113.15 98.107759 49.3404 1.26667 15.8882 2.00718 0.0209973 9.92313 0.199475 7.23103 11.4898 2.18423 0.30915 0.139642 0
500.00 1103.15 98.107900 49.3404 1.26667 15.8882 2.00861 0.0209973 9.92183 0.199474 7.23102 11.4898 2.18423 0.309149 0.139642 0
500.00 1093.15 98.108049 49.3403 1.26666 15.8882 2.01012 0.0209973 9.92045 0.199474 7.23101 11.4898 2.18422 0.309149 0.139642 0
500.00 1083.15 98.108218 49.3402 1.26666 15.8882 2.01184 0.0209972 9.91888 0.199474 7.23099 11.4898 2.18422 0.309148 0.139642 0
500.00 1073.15 98.108407 49.3401 1.26666 15.8881 2.01376 0.0209972 9.91713 0.199473 7.23098 11.4897 2.18422 0.309148 0.139641 0
500.00 1063.15 98.108618 49.34 1.26666 15.8881 2.0159 0.0209971 9.91519 0.199473 7.23097 11.4897 2.18421 0.309147 0.139641 0
500.00 1053.15 98.108849 49.3399 1.26665 15.8881 2.01825 0.0209971 9.91304 0.199472 7.23095 11.4897 2.18421 0.309146 0.139641 0
500.00 1043.15 98.109104 49.3398 1.26665 15.888 2.02083 0.020997 9.91069 0.199472 7.23093 11.4897 2.1842 0.309146 0.13964 0
500.00 1033.15 98.109381 49.3396 1.26665 15.888 2.02365 0.020997 9.90812 0.199471 7.23091 11.4896 2.18419 0.309145 0.13964 0
500.00 1023.15 98.122981 49.3328 1.26647 15.8858 2.1617 0.0209941 9.78227 0.199444 7.22991 11.488 2.18389 0.309102 0.139621 0
