Title: Nd1

Bulk Composition:
Pressure Temperature mass SiO2 TiO2 Al2O3 Fe2O3 Cr2O3 FeO MnO MgO CaO Na2O K2O P2O5 H2O 
500.00 1523.15 97.260452 52.2034 0.947867 15.5613 2.02743 0.019638 7.45716 0.1679 6.64515 9.81468 2.63632 1.3725 0.118445 1.02817
500.00 1513.15 97.260963 52.2032 0.947862 15.5612 2.03265 0.0196379 7.45241 0.167899 6.64511 9.81463 2.63631 1.37249 0.118444 1.02816
500.00 1503.15 97.261504 52.2029 0.947857 15.5611 2.0382 0.0196378 7.44736 0.167898 6.64508 9.81457 2.63629 1.37249 0.118444 1.02816
500.00 1493.15 97.262079 52.2026 0.947851 15.561 2.04408 0.0196377 7.44202 0.167897 6.64504 9.81451 2.63628 1.37248 0.118443 1.02815
500.00 1483.15 97.262686 52.2022 0.947845 15.561 2.0503 0.0196375 7.43636 0.167896 6.64499 9.81445 2.63626 1.37247 0.118442 1.02814
500.00 1473.15 97.263328 52.2019 0.947839 15.5608 2.05687 0.0196374 7.43039 0.167895 6.64495 9.81439 2.63625 1.37246 0.118441 1.02814
500.00 1463.15 97.264005 52.2015 0.947833 15.5607 2.06381 0.0196373 7.42408 0.167894 6.6449 9.81432 2.63623 1.37245 0.118441 1.02813
500.00 1453.15 97.264719 52.2011 0.947826 15.5606 2.07112 0.0196371 7.41744 0.167892 6.64486 9.81425 2.63621 1.37244 0.11844 1.02812
500.00 1443.15 97.265470 52.2007 0.947818 15.5605 2.07881 0.019637 7.41044 0.167891 6.6448 9.81417 2.63619 1.37243 0.118439 1.02811
500.00 1433.15 97.265108 52.2009 0.947822 15.5606 2.0751 0.0196371 7.41382 0.167892 6.64483 9.81421 2.6362 1.37243 0.118439 1.02812
500.00 1423.15 96.857196 52.2547 0.951814 15.6261 2.06967 0.0197198 7.39018 0.167246 6.48996 9.85374 2.6473 1.37821 0.118938 1.03245
500.00 1413.15 96.111798 52.3538 0.959195 15.7473 2.08527 0.0198727 7.31894 0.165979 6.20584 9.92676 2.66783 1.3889 0.11986 1.04045
500.00 1403.15 93.664452 52.4392 0.974961 16.0591 2.11442 0.0203919 7.3 0.168988 5.84771 9.72543 2.73392 1.42519 0.122992 1.06764
500.00 1393.15 89.704054 52.5523 0.995617 16.5543 2.11666 0.0152569 7.3368 0.176449 5.41409 9.26024 2.84703 1.48812 0.128422 1.11478
500.00 1383.15 86.078277 52.6908 1.01281 17.0167 2.08076 0.00973114 7.38645 0.183882 5.00688 8.80785 2.95789 1.55071 0.133832 1.16173
500.00 1373.15 80.530801 53.0434 1.06138 16.9646 2.12997 0.00524377 7.53848 0.193293 4.62368 8.32602 3.07653 1.65264 0.143051 1.24176
500.00 1363.15 75.641436 53.4203 1.10593 16.8948 2.23037 0.00169594 7.59557 0.202062 4.25109 7.88057 3.18898 1.75436 0.152297 1.32203
500.00 1353.15 71.144604 53.8871 1.13266 16.8289 2.63313 5.58377e-005 7.23043 0.211121 3.89574 7.45116 3.30226 1.85993 0.161924 1.40559
500.00 1343.15 65.817303 55.048 1.0675 16.8714 2.4749 0 6.60431 0.225658 3.53823 7.00493 3.46644 2.00425 0.17503 1.51936
500.00 1333.15 61.207136 56.2324 0.994861 16.8799 2.2349 0 6.01147 0.240279 3.22594 6.59014 3.61947 2.14857 0.188213 1.6338
500.00 1323.15 57.380745 57.3012 0.932834 16.8388 2.04131 0 5.48475 0.253765 2.95618 6.21225 3.75046 2.28491 0.200764 1.74274
500.00 1313.15 53.953270 58.2509 0.880892 16.7546 1.86278 0 5.03014 0.269886 2.70408 5.88747 3.86989 2.42236 0.213518 1.85346
500.00 1303.15 50.907961 59.125 0.838834 16.6178 1.71767 0 4.6167 0.28603 2.4616 5.61336 3.97369 2.55867 0.226291 1.96433
500.00 1293.15 48.263221 59.9352 0.801134 16.4608 1.58864 0 4.24323 0.301704 2.24811 5.35784 4.06275 2.68995 0.238691 2.07197
500.00 1283.15 45.936680 60.69 0.767107 16.2881 1.4726 0 3.9041 0.316984 2.05889 5.11896 4.1386 2.81687 0.25078 2.17691
500.00 1273.15 43.867794 61.3963 0.736231 16.1034 1.36732 0 3.59485 0.331934 1.89022 4.89509 4.20251 2.93998 0.262607 2.27958
500.00 1263.15 42.011409 62.0586 0.708092 15.909 1.28285 0 3.30128 0.346601 1.73912 4.6848 4.25547 3.05969 0.274211 2.38031
500.00 1253.15 39.639129 62.8617 0.687179 15.5343 1.18836 0 3.00897 0.367344 1.57161 4.44679 4.29535 3.22503 0.290622 2.52276
500.00 1243.15 37.328820 63.6723 0.669149 15.1165 1.09289 0 2.73611 0.39008 1.41376 4.20215 4.31679 3.40274 0.308609 2.6789
500.00 1233.15 35.277443 64.4286 0.653251 14.7029 1.00497 0 2.48739 0.412763 1.27527 3.97796 4.31922 3.57638 0.326554 2.83467
500.00 1223.15 33.441893 65.135 0.63937 14.2941 0.923887 0 2.26061 0.435418 1.15327 3.77353 4.30429 3.74579 0.344478 2.99026
500.00 1213.15 31.788928 65.795 0.627393 13.8906 0.849055 0 2.05384 0.458059 1.04539 3.58821 4.27357 3.91069 0.36239 3.14575
500.00 1203.15 30.292239 66.4119 0.617212 13.4931 0.779977 0 1.86534 0.480691 0.949693 3.42135 4.22862 4.07062 0.380295 3.30118
500.00 1193.15 28.930401 66.9885 0.608726 13.1021 0.716225 0 1.69355 0.503319 0.864546 3.27236 4.17092 4.22501 0.398197 3.45657
500.00 1183.15 27.685325 67.5275 0.60185 12.7177 0.657422 0 1.53708 0.525954 0.788584 3.14069 4.10187 4.37313 0.416105 3.61202
500.00 1173.15 26.540902 68.0316 0.596519 12.3401 0.603229 0 1.39468 0.548633 0.720655 3.02595 4.02277 4.51407 0.434047 3.76777
500.00 1163.15 25.481402 68.5031 0.592717 11.9684 0.555632 0 1.26315 0.571445 0.659779 2.92803 3.93466 4.64649 0.452094 3.92443
500.00 1153.15 24.367670 68.9654 0.591797 11.5805 0.518098 0 1.14339 0.597563 0.606066 2.84713 3.8441 4.72939 0.472758 4.1038
500.00 1143.15 22.600367 69.5305 0.603761 11.0309 0.481751 0 1.06675 0.644291 0.561724 2.82529 3.77944 4.54116 0.509726 4.42471
500.00 1133.15 21.151819 70.062 0.609128 10.5208 0.419097 0 1.02488 0.688237 0.520764 2.8009 3.7144 4.36745 0.544634 4.72773
500.00 1123.15 19.886105 70.5881 0.556711 10.029 0.408691 0 0.978396 0.729203 0.47444 2.78242 3.64933 4.19577 0.579299 5.02864
500.00 1113.15 18.824654 71.0832 0.509183 9.57023 0.397314 0 0.931518 0.767712 0.432419 2.76171 3.58542 4.03717 0.611963 5.31218
500.00 1103.15 17.918298 71.5521 0.465948 9.14042 0.383141 0 0.885183 0.80414 0.393072 2.73944 3.52298 3.88972 0.642918 5.58089
500.00 1093.15 17.134252 71.9945 0.426668 8.73316 0.369155 0 0.840018 0.838689 0.356719 2.71936 3.46097 3.75211 0.672337 5.83626
500.00 1083.15 16.448030 72.4139 0.390861 8.34673 0.355046 0 0.795614 0.871575 0.322632 2.70066 3.39998 3.62282 0.700388 6.07976
500.00 1073.15 15.841779 72.8123 0.358149 7.97897 0.340944 0 0.75225 0.902954 0.290753 2.68329 3.34013 3.50066 0.727191 6.31242
500.00 1063.15 15.301606 73.1924 0.328217 7.62822 0.310701 0 0.724773 0.93297 0.261015 2.66728 3.28159 3.38473 0.752862 6.53526
500.00 1053.15 14.809046 73.5723 0.302634 7.28742 0.287098 0 0.676142 0.948755 0.231716 2.66322 3.22163 3.27855 0.777903 6.75263
500.00 1043.15 14.362426 73.9438 0.282266 6.95931 0.265541 0 0.616725 0.956464 0.204412 2.66536 3.16223 3.17918 0.802093 6.96261
500.00 1033.15 13.958739 74.2978 0.263519 6.64511 0.244836 0 0.56054 0.962916 0.179754 2.66823 3.10494 3.08309 0.825289 7.16397
500.00 1023.15 13.592150 74.6352 0.246239 6.34379 0.22503 0 0.507689 0.968316 0.157546 2.6719 3.04971 2.98988 0.847548 7.35719