Title: Nd1

Liquid Composition:
Pressure Temperature mass SiO2 TiO2 Al2O3 Fe2O3 Cr2O3 FeO MnO MgO CaO Na2O K2O P2O5 H2O 
500.00 1523.15 97.260452 52.2034 0.947867 15.5613 2.02743 0.019638 7.45716 0.1679 6.64515 9.81468 2.63632 1.3725 0.118445 1.02817
500.00 1513.15 97.260963 52.2032 0.947862 15.5612 2.03265 0.0196379 7.45241 0.167899 6.64511 9.81463 2.63631 1.37249 0.118444 1.02816
500.00 1503.15 97.261504 52.2029 0.947857 15.5611 2.0382 0.0196378 7.44736 0.167898 6.64508 9.81457 2.63629 1.37249 0.118444 1.02816
500.00 1493.15 97.262079 52.2026 0.947851 15.561 2.04408 0.0196377 7.44202 0.167897 6.64504 9.81451 2.63628 1.37248 0.118443 1.02815
500.00 1483.15 97.262686 52.2022 0.947845 15.561 2.0503 0.0196375 7.43636 0.167896 6.64499 9.81445 2.63626 1.37247 0.118442 1.02814
500.00 1473.15 97.263328 52.2019 0.947839 15.5608 2.05687 0.0196374 7.43039 0.167895 6.64495 9.81439 2.63625 1.37246 0.118441 1.02814
500.00 1463.15 97.264005 52.2015 0.947833 15.5607 2.06381 0.0196373 7.42408 0.167894 6.6449 9.81432 2.63623 1.37245 0.118441 1.02813
500.00 1453.15 97.264719 52.2011 0.947826 15.5606 2.07112 0.0196371 7.41744 0.167892 6.64486 9.81425 2.63621 1.37244 0.11844 1.02812
500.00 1443.15 97.265470 52.2007 0.947818 15.5605 2.07881 0.019637 7.41044 0.167891 6.6448 9.81417 2.63619 1.37243 0.118439 1.02811
500.00 1433.15 96.857571 52.2541 0.95181 15.626 2.08383 0.0197197 7.37724 0.167242 6.48948 9.85369 2.64729 1.37821 0.118938 1.03244
500.00 1423.15 96.110841 52.3539 0.959205 15.7474 2.08574 0.0198729 7.31843 0.165977 6.20545 9.92685 2.66786 1.38892 0.119862 1.04047
500.00 1413.15 93.659882 52.4408 0.975004 16.0599 2.08712 0.0203929 7.32476 0.168993 5.84737 9.72568 2.73405 1.42526 0.122998 1.06769
500.00 1403.15 89.698968 52.5547 0.995633 16.555 2.082 0.0151019 7.36782 0.176459 5.41411 9.26054 2.84719 1.4882 0.12843 1.11484
500.00 1393.15 86.074728 52.6918 1.0128 17.0168 2.074 0.00960755 7.39214 0.183889 5.0068 8.80779 2.95799 1.55077 0.133837 1.16178
500.00 1383.15 80.525580 53.0451 1.06138 16.9651 2.11441 0.00515526 7.55194 0.1933 4.62319 8.32611 3.07669 1.65275 0.14306 1.24184
500.00 1373.15 75.631191 53.4257 1.10599 16.8964 2.14762 0.00164831 7.67001 0.202083 4.25086 7.88116 3.18938 1.7546 0.152318 1.32221
500.00 1363.15 71.106401 53.9141 1.13315 16.8373 2.15374 4.80985e-005 7.66547 0.211227 3.897 7.45467 3.30399 1.86092 0.162011 1.40634
500.00 1353.15 65.782629 55.075 1.06792 16.8796 2.01003 2.28333e-009 7.02564 0.225768 3.5392 7.00809 3.46822 2.0053 0.175122 1.52016
500.00 1343.15 61.179820 56.2553 0.995152 16.8868 1.8547 0 6.3554 0.240375 3.22644 6.59252 3.62103 2.14953 0.188297 1.63453
500.00 1333.15 57.358153 57.3213 0.933035 16.8447 1.71772 0 5.77691 0.253851 2.95634 6.2141 3.75187 2.28581 0.200843 1.74343
500.00 1323.15 53.934952 58.2678 0.881009 16.7595 1.5975 0 5.26925 0.269977 2.70414 5.88882 3.87113 2.42317 0.213591 1.85409
500.00 1313.15 50.892432 59.14 0.838893 16.622 1.49109 0 4.82046 0.286117 2.46145 5.6144 3.97483 2.55944 0.22636 1.96493
500.00 1303.15 48.249813 59.9486 0.801145 16.4645 1.3934 0 4.41837 0.301788 2.24779 5.35862 4.06379 2.69069 0.238757 2.07255
500.00 1293.15 45.924919 60.7022 0.767077 16.2914 1.30319 0 4.05565 0.317066 2.05843 5.11953 4.13956 2.81759 0.250844 2.17747
500.00 1283.15 43.857335 61.4074 0.736165 16.1063 1.21951 0 3.72666 0.332013 1.88965 4.89548 4.20341 2.94068 0.26267 2.28012
500.00 1273.15 42.001503 62.0695 0.708003 15.9118 1.1416 0 3.42697 0.346683 1.73847 4.6851 4.25636 3.0604 0.274276 2.38087
500.00 1263.15 39.586496 62.9426 0.687835 15.5541 1.06339 0 3.12445 0.367833 1.57295 4.45237 4.30094 3.22931 0.291008 2.41329
500.00 1253.15 37.222438 63.8513 0.670781 15.1588 0.987342 0 2.83916 0.391194 1.41702 4.21383 4.32899 3.41246 0.309491 2.41957
500.00 1243.15 35.122384 64.71 0.655831 14.7669 0.916017 0 2.57968 0.414585 1.28009 3.99518 4.33813 3.59215 0.327996 2.42347
500.00 1233.15 33.242489 65.5224 0.642877 14.3789 0.849197 0 2.34347 0.43803 1.15934 3.79583 4.32993 3.76824 0.346544 2.42527
500.00 1223.15 31.548943 66.292 0.631812 13.9953 0.786672 0 2.12834 0.461544 1.05246 3.61517 4.30589 3.94041 0.365147 2.42526
500.00 1213.15 30.014979 67.0217 0.622534 13.6167 0.728241 0 1.93236 0.485132 0.957553 3.45262 4.26747 4.10819 0.383808 2.42368
500.00 1203.15 28.618794 67.714 0.614948 13.2437 0.673712 0 1.75385 0.508799 0.873014 3.30766 4.2161 4.27098 0.402533 2.42075
500.00 1193.15 27.341971 68.3714 0.608973 12.8764 0.622901 0 1.59129 0.532559 0.79751 3.17981 4.15313 4.42801 0.42133 2.4167
500.00 1183.15 26.168101 68.9965 0.604553 12.5148 0.575633 0 1.44334 0.556449 0.729914 3.06874 4.07981 4.57833 0.440231 2.41172
500.00 1173.15 25.081083 69.592 0.601681 12.1583 0.531746 0 1.30884 0.580566 0.669271 2.97446 3.99717 4.72059 0.45931 2.40603
500.00 1163.15 23.936844 70.197 0.601879 11.7869 0.492319 0 1.191 0.608318 0.615318 2.89717 3.91279 4.81402 0.481266 2.40203
500.00 1153.15 22.128658 71.0022 0.615982 11.2639 0.464093 0 1.10967 0.658025 0.571928 2.88422 3.85945 4.63743 0.520592 2.41256
500.00 1143.15 20.646390 71.7659 0.621004 10.776 0.437945 0 1.03467 0.705016 0.531496 2.86809 3.80472 4.47379 0.557967 2.42337
500.00 1133.15 19.351953 72.5245 0.568887 10.3033 0.425156 0 0.992647 0.749251 0.485454 2.85777 3.7494 4.31098 0.595289 2.43731
500.00 1123.15 18.266445 73.2427 0.521375 9.86011 0.411651 0 0.949222 0.791081 0.443492 2.84459 3.69429 4.1599 0.630665 2.45091
500.00 1113.15 17.340700 73.9251 0.477949 9.44222 0.397692 0 0.905112 0.830821 0.405166 2.82918 3.63958 4.01861 0.664333 2.46423
500.00 1103.15 16.539041 74.5746 0.438361 9.04469 0.383536 0 0.860873 0.868756 0.368544 2.81566 3.58474 3.88643 0.696534 2.47725
500.00 1093.15 15.837460 75.1943 0.402133 8.66566 0.36932 0 0.81694 0.905047 0.334049 2.80314 3.53022 3.76175 0.727389 2.49006
500.00 1083.15 15.217691 75.7865 0.368912 8.30323 0.35516 0 0.773652 0.939843 0.301651 2.79165 3.47624 3.64346 0.757014 2.50268
500.00 1073.15 14.665780 76.3533 0.338399 7.95588 0.341152 0 0.73127 0.973263 0.271305 2.78117 3.42295 3.53067 0.785502 2.51514
500.00 1063.15 14.162091 76.9182 0.313063 7.61725 0.322648 0 0.679563 0.990867 0.240656 2.78307 3.36786 3.42749 0.813439 2.52585
500.00 1053.15 13.705250 77.474 0.292282 7.28985 0.299696 0 0.619479 1.00099 0.212602 2.79129 3.31288 3.33076 0.840554 2.53565
500.00 1043.15 13.292362 78.0066 0.27309 6.97499 0.277493 0 0.562511 1.00973 0.187188 2.80006 3.25958 3.23676 0.866663 2.54537
500.00 1033.15 12.917453 78.517 0.255341 6.67179 0.256121 0 0.508788 1.01732 0.164233 2.80946 3.20795 3.14512 0.891817 2.55501
500.00 1023.15 12.575611 79.0064 0.23891 6.37949 0.235635 0 0.458369 1.02391 0.143563 2.81955 3.15797 3.05557 0.916059 2.56458