Title: Nd1

Solid Composition:
Pressure Temperature mass SiO2 TiO2 Al2O3 Fe2O3 Cr2O3 FeO MnO MgO CaO Na2O K2O P2O5 H2O 
500.00 1523.15 0.000000 ---
500.00 1513.15 0.000000 ---
500.00 1503.15 0.000000 ---
500.00 1493.15 0.000000 ---
500.00 1483.15 0.000000 ---
500.00 1473.15 0.000000 ---
500.00 1463.15 0.000000 ---
500.00 1453.15 0.000000 ---
500.00 1443.15 0.000000 ---
500.00 1433.15 0.407537 39.5749 0 1.30203e-013 0 0 16.1075 0.322274 43.5654 0.429902 0 0 0 0
500.00 1423.15 0.746355 39.4744 0 1.65889e-013 0 0 16.6301 0.330686 43.1266 0.43824 0 0 0 0
500.00 1413.15 2.451915 49.0309 0.355323 3.80673 2.01467 0 7.09654 0.050837 19.8988 17.6078 0.138403 0 0 0
500.00 1403.15 3.965484 49.8268 0.507367 4.84335 2.84786 0.140052 5.76601 0 15.6557 20.2412 0.171647 0 0 0
500.00 1393.15 3.629326 49.2434 0.58811 5.58448 3.12837 0.149241 6.02448 0 15.0735 19.9907 0.215572 0.00214654 0 0
500.00 1383.15 5.552696 47.5522 0.308411 17.7655 1.59271 0.0760909 4.98643 0.0472973 10.5712 15.7941 1.23509 0.0709084 0 0
500.00 1373.15 4.899610 47.1414 0.37287 18.0169 1.85748 0.0607439 5.50814 0.0576125 10.3786 15.1928 1.33452 0.0788479 0 0
500.00 1363.15 4.535035 45.6773 0.679209 17.7954 3.43192 0.027533 6.49949 0.0583633 9.803 14.5585 1.38574 0.0835613 0 0
500.00 1353.15 5.361975 39.3139 1.92694 16.2073 10.2775 0.000740846 9.74283 0.0314204 8.26986 12.8869 1.26621 0.0763898 0 0
500.00 1343.15 4.637482 39.1218 2.02197 16.6681 10.6568 0 9.88809 0.031516 7.65151 12.4456 1.42694 0.0876668 0 0
500.00 1333.15 3.848983 40.005 1.9162 17.4047 9.9419 0 9.5068 0.0380139 7.24361 12.1939 1.64638 0.103465 0 0
500.00 1323.15 3.445792 42.1714 1.74402 18.0805 8.98797 0 8.85787 0 6.90128 11.2746 1.86165 0.120818 0 0
500.00 1313.15 3.060838 43.4678 1.5792 18.9593 8.04287 0 8.51639 0 6.7384 10.4279 2.1251 0.142978 0 0
500.00 1303.15 2.658148 44.1748 1.52294 19.4013 7.60374 0 8.21656 0 6.34258 10.2375 2.33832 0.162252 0 0
500.00 1293.15 2.338303 44.8712 1.47002 19.7874 7.19497 0 7.92741 0 5.97347 10.0384 2.55406 0.18308 0 0
500.00 1283.15 2.079345 45.5606 1.41972 20.1238 6.81086 0 7.64673 0 5.6285 9.83251 2.77171 0.205607 0 0
500.00 1273.15 1.866292 46.2454 1.37152 20.4157 6.44724 0 7.373 0 5.3055 9.62101 2.99067 0.229992 0 0
500.00 1263.15 2.424913 47.6282 1.03879 21.703 4.86558 0 6.18795 0 4.45175 8.47922 3.51315 0.29055 0 1.8418
500.00 1253.15 2.416691 47.6189 0.939758 21.3174 4.28442 0 5.6243 0 3.95256 8.03494 3.77731 0.338308 0 4.11208
500.00 1243.15 2.206436 47.1542 0.881152 20.6822 3.90831 0 5.22626 0 3.54155 7.4967 3.9771 0.387733 0 6.74484
500.00 1233.15 2.034954 46.5612 0.822717 19.9969 3.5496 0 4.83839 0 3.16913 6.95319 4.14429 0.442122 0 9.5225
500.00 1223.15 1.892950 45.8519 0.765332 19.274 3.21079 0 4.4651 0 2.83335 6.41292 4.2776 0.502159 0 12.4069
500.00 1213.15 1.773949 45.0405 0.709609 18.5247 2.89322 0 4.10917 0 2.53163 5.88226 4.37684 0.568913 0 15.3631
500.00 1203.15 1.673446 44.144 0.655932 17.7592 2.59729 0 3.772 0 2.26105 5.36563 4.44278 0.644114 0 18.358
500.00 1193.15 1.588431 43.1843 0.604482 16.987 2.32263 0 3.45385 0 2.01844 4.86542 4.47707 0.730711 0 21.3562
500.00 1183.15 1.517224 42.1927 0.555231 16.2176 2.06807 0 3.15384 0 1.80049 4.38165 4.48232 0.834138 0 24.314
500.00 1173.15 1.459819 41.2224 0.50784 15.4628 1.83139 0 2.86951 0 1.60348 3.9106 4.46258 0.96575 0 27.1637
500.00 1163.15 1.544558 42.2525 0.450714 14.7816 1.53683 0 2.38136 0 1.34882 3.40639 4.27359 2.05022 0 27.5179
500.00 1153.15 2.239012 48.8354 0.352773 14.71 1.05183 0 1.47664 0 0.943465 2.48056 3.69243 5.63823 0 20.8187
500.00 1143.15 1.953977 45.9105 0.421561 13.724 0.944626 0 1.4057 0.002651 0.881121 2.37295 3.51229 5.25303 0 25.5716
500.00 1133.15 1.799866 43.5847 1.0418 12.8594 0.353954 0 1.37149 0.0322245 0.900411 2.18939 3.33809 4.97458 0 29.354
500.00 1123.15 1.619660 40.6501 0.955232 11.9332 0.375313 0 1.30741 0.0313474 0.823474 2.08132 3.14221 4.60036 0 34.1001
500.00 1113.15 1.483953 37.8738 0.87417 11.0661 0.392895 0 1.24009 0.0302516 0.750892 1.97333 2.95255 4.25407 0 38.5919
500.00 1103.15 1.379257 35.3089 0.796744 10.2883 0.378404 0 1.17669 0.029317 0.687187 1.82555 2.78245 3.92914 0 42.7974
500.00 1093.15 1.296792 32.9167 0.726312 9.5576 0.367142 0 1.12187 0.0282615 0.633578 1.6962 2.61522 3.63437 0 46.7028
500.00 1083.15 1.230339 30.6996 0.662348 8.88476 0.353633 0 1.06726 0.0271918 0.582147 1.57523 2.45669 3.36756 0 50.3235
500.00 1073.15 1.175999 28.6525 0.604444 8.26694 0.338348 0 1.01389 0.0261343 0.533287 1.46267 2.30735 3.12642 0 53.668
500.00 1063.15 1.139516 26.887 0.516553 7.76446 0.162231 0 1.28665 0.213425 0.51404 1.22819 2.20935 2.85327 0 56.3648
500.00 1053.15 1.103796 25.1274 0.431167 7.25727 0.130678 0 1.37969 0.300222 0.469038 1.07309 2.08865 2.63028 0 59.1126
500.00 1043.15 1.070064 23.4761 0.396257 6.76453 0.117074 0 1.29018 0.294746 0.418365 0.992063 1.95295 2.46396 0 61.8337
500.00 1033.15 1.041286 21.9568 0.364976 6.31408 0.104841 0 1.20254 0.288052 0.372302 0.91625 1.82708 2.31351 0 64.3395
500.00 1023.15 1.016539 20.5588 0.336906 5.90213 0.0938341 0 1.11782 0.28057 0.330528 0.845212 1.71042 2.1772 0 66.6466