Title: Nd1

System Thermodynamic Data:
Pressure Temperature mass F phi S H V dVdP*10^6 dVdT*10^6 Cp logfO2(absolute) logfO2-NNO rhol rhos viscosity aH2O chisqr
500.00 1523.15 97.260452 1.0000000000000000 1.000000 273.662045 -1182577.895144 38.385156 -385.530076 3626.802685 145.770682 -7.007 0.000 2.533804 0.000000 2.184 0.353504 0.000
500.00 1513.15 97.260963 1.0000000000000000 1.000000 272.702816 -1184042.993268 38.349354 -384.434631 3624.100271 145.769881 -7.116 0.000 2.536183 0.000000 2.227 0.352572 0.000
500.00 1503.15 97.261504 1.0000000000000000 1.000000 271.737265 -1185508.566208 38.313606 -383.341916 3621.338593 145.769235 -7.225 0.000 2.538563 0.000000 2.270 0.351631 0.000
500.00 1493.15 97.262079 1.0000000000000000 1.000000 270.765305 -1186974.632673 38.277913 -382.251989 3618.517867 145.768750 -7.336 0.000 2.540945 0.000000 2.313 0.35068 0.000
500.00 1483.15 97.262686 1.0000000000000000 1.000000 269.786848 -1188441.212158 38.242277 -381.164908 3615.638316 145.768431 -7.449 0.000 2.543329 0.000000 2.358 0.349719 0.000
500.00 1473.15 97.263328 1.0000000000000000 1.000000 268.819428 -1189882.300020 38.206699 -380.080735 3612.700173 141.965971 -7.563 0.000 2.545714 0.000000 2.403 0.34875 0.000
500.00 1463.15 97.264005 1.0000000000000000 1.000000 267.853636 -1191311.892392 38.171180 -378.999534 3609.703681 141.956326 -7.679 0.000 2.548101 0.000000 2.448 0.34777 0.000
500.00 1453.15 97.264719 1.0000000000000000 1.000000 266.881319 -1192741.957716 38.135722 -377.921371 3606.649094 141.946231 -7.796 0.000 2.550488 0.000000 2.494 0.346781 0.000
500.00 1443.15 97.265470 1.0000000000000000 1.000000 265.902388 -1194172.512282 38.100326 -376.846317 3603.536677 141.935682 -7.915 0.000 2.552878 0.000000 2.541 0.345782 0.000
500.00 1433.15 97.265108 0.9958100398065835 0.996741 264.795386 -1195758.013481 38.055701 -375.518298 3591.721927 141.710289 -8.035 0.000 2.553474 3.286236 2.605 0.345593 0.000
500.00 1423.15 96.857196 0.9922942773644712 0.994020 262.615051 -1192479.596193 37.879948 -373.894476 3566.890206 140.804799 -8.157 0.000 2.552513 3.294794 2.685 0.346065 0.000
500.00 1413.15 96.111798 0.9744889244507332 0.979860 259.153626 -1185774.182794 37.503873 -370.043379 3518.384074 138.908575 -8.281 0.000 2.548668 3.246215 2.770 0.355284 0.000
500.00 1403.15 93.664452 0.9576628703337009 0.966613 251.397366 -1157595.004249 36.515290 -363.844228 3429.620961 134.506483 -8.407 0.000 2.541324 3.252706 2.867 0.373316 0.000
500.00 1393.15 89.704054 0.9595411148097014 0.968204 240.352245 -1109910.237058 35.084429 -357.614890 3325.393573 128.481423 -8.535 0.000 2.533928 3.253422 2.965 0.391184 0.000
500.00 1383.15 86.078277 0.9354924760192733 0.944617 229.754270 -1067094.554654 33.768957 -347.476612 3199.086730 122.393589 -8.664 0.000 2.524412 2.969018 3.049 0.430699 0.000
500.00 1373.15 80.530801 0.9391585627364483 0.947995 214.768362 -997214.185747 31.726481 -337.104128 3067.000548 114.138001 -8.795 0.000 2.514623 2.969579 3.137 0.470807 0.000
500.00 1363.15 75.641436 0.9400456252040574 0.949528 201.480989 -936083.274124 29.923037 -327.576153 2944.299442 106.805742 -8.929 0.000 2.502622 3.002780 3.237 0.512373 0.000
500.00 1353.15 71.144604 0.9246327254334673 0.940116 188.936247 -881547.864957 28.263434 -317.693092 2797.975534 99.692333 -9.064 0.000 2.475739 3.168022 3.417 0.563743 0.000
500.00 1343.15 65.817303 0.9295400720751111 0.944491 174.938585 -821606.558480 26.445589 -308.561854 2655.628158 92.061150 -9.201 0.000 2.449386 3.159113 3.598 0.615966 0.000
500.00 1333.15 61.207136 0.9371154565463067 0.950417 162.862043 -769893.150178 24.872764 -300.523283 2536.706447 85.541941 -9.340 0.000 2.426370 3.120955 3.763 0.666994 0.000
500.00 1323.15 57.380745 0.9399486305237250 0.952414 152.731345 -726611.050735 23.539949 -292.894050 2436.567907 80.087957 -9.481 0.000 2.405686 3.076140 3.910 0.720382 0.000
500.00 1313.15 53.953270 0.9432687205518170 0.954781 143.639702 -687146.765437 22.331203 -285.698323 2348.685969 75.201271 -9.625 0.000 2.386917 3.031139 4.044 0.77517 0.000
500.00 1303.15 50.907961 0.9477852148532383 0.958378 135.541111 -651595.682906 21.243130 -279.118746 2272.056665 70.866292 -9.771 0.000 2.369957 3.006302 4.169 0.829088 0.000
500.00 1293.15 48.263221 0.9515510432903988 0.961367 128.468307 -620539.965015 20.288754 -273.091648 2205.131302 67.096539 -9.919 0.000 2.354528 2.983210 4.285 0.88224 0.000
500.00 1283.15 45.936680 0.9547345434916427 0.963886 122.213671 -593069.924210 19.441227 -267.517243 2146.149979 63.784901 -10.069 0.000 2.340415 2.961607 4.395 0.934714 0.000
500.00 1273.15 43.867794 0.9574564499234213 0.966034 116.624115 -568513.895988 18.680696 -262.317264 2093.177894 60.831061 -10.221 0.000 2.327446 2.941286 4.497 0.986576 0.000
500.00 1263.15 42.011409 0.9422796522704549 0.927321 111.454558 -546535.517885 18.419639 -1284.152972 2486.824944 58.029332 -10.376 0.000 2.317586 1.811368 4.644 1.00019 0.000
500.00 1253.15 39.639129 0.9390326917783386 0.892836 105.150444 -517327.928875 18.051928 -2518.500216 2984.491901 54.626978 -10.534 0.000 2.309455 1.249248 4.805 1.0002 0.000
500.00 1243.15 37.328820 0.9408918885501694 0.864704 99.077056 -488568.172533 17.642359 -3613.426302 3439.894798 51.369982 -10.694 0.000 2.302289 0.924380 4.960 1.00021 0.000
500.00 1233.15 35.277443 0.9423157159061789 0.838305 93.667564 -462934.099709 17.271215 -4589.502879 3861.693558 48.482115 -10.857 0.000 2.295982 0.728678 5.110 1.00021 0.000
500.00 1223.15 33.441893 0.9433958396805664 0.813561 88.813161 -439911.382487 16.930670 -5462.651739 4254.654938 45.902215 -11.022 0.000 2.290447 0.599694 5.255 1.00021 0.000
500.00 1213.15 31.788928 0.9441960247853267 0.790385 84.429661 -419104.232525 16.614889 -6245.630450 4622.598693 43.582985 -11.190 0.000 2.285608 0.509356 5.396 1.00021 0.000
500.00 1203.15 30.292239 0.9447566231800971 0.768679 80.450212 -400199.709491 16.319425 -6948.982759 4968.705875 41.486906 -11.361 0.000 2.281399 0.443294 5.533 1.0002 0.000
500.00 1193.15 28.930401 0.9450947599259797 0.748333 76.820207 -382942.728437 16.040810 -7581.755326 5295.764501 39.583373 -11.534 0.000 2.277762 0.393474 5.667 1.00019 0.000
500.00 1183.15 27.685325 0.9451975269200694 0.729212 73.493449 -367117.159998 15.776273 -8152.132164 5606.410829 37.846528 -11.711 0.000 2.274646 0.355154 5.797 1.00019 0.000
500.00 1173.15 26.540902 0.9449973773852954 0.711124 70.428769 -352528.997860 15.523554 -8668.223044 5903.474806 36.253322 -11.890 0.000 2.272007 0.325534 5.924 1.00018 0.000
500.00 1163.15 25.481402 0.9393849042153952 0.689321 67.565541 -339009.838874 15.299419 -9191.537099 6215.694133 34.762865 -12.073 0.000 2.269711 0.324950 6.048 1.00017 0.000
500.00 1153.15 24.367670 0.9081154716540103 0.644717 64.507910 -324817.100257 15.137356 -9966.657044 6662.062534 33.131355 -12.259 0.000 2.267442 0.416324 6.160 1.00015 0.000
500.00 1143.15 22.600367 0.9135422458707246 0.622248 60.107453 -301755.979337 14.647253 -10569.119187 7031.053075 30.787968 -12.448 0.000 2.265291 0.353148 6.267 1.00013 0.000
500.00 1133.15 21.151819 0.9149072777716190 0.600728 56.463218 -282885.986007 14.235114 -11059.409284 7359.948961 28.854046 -12.641 0.000 2.263006 0.316673 6.369 1.00012 0.000
500.00 1123.15 19.886105 0.9185531827746530 0.583245 53.282627 -266339.934376 13.852469 -11443.535153 7649.034686 27.172298 -12.837 0.000 2.260870 0.280554 6.466 1.00011 0.000
500.00 1113.15 18.824654 0.9211697024511226 0.567939 50.595391 -252491.130043 13.516785 -11746.364982 7909.450615 25.760074 -13.036 0.000 2.258872 0.254098 6.560 1.0001 0.000
500.00 1103.15 17.918298 0.9230252458252073 0.554464 48.284027 -240689.746197 13.216063 -11986.047062 8148.805989 24.553484 -13.239 0.000 2.257017 0.234240 6.650 1.00009 0.000
500.00 1093.15 17.134252 0.9243158151030816 0.542602 46.268923 -230495.312879 12.941974 -12174.610518 8372.090736 23.509179 -13.446 0.000 2.255295 0.219066 6.737 1.00007 0.000
500.00 1083.15 16.448030 0.9251983727081594 0.532154 44.491386 -221586.835850 12.688666 -12321.267910 8583.244904 22.595305 -13.656 0.000 2.253698 0.207255 6.821 1.00007 0.000
500.00 1073.15 15.841779 0.9257659999054114 0.522948 42.908244 -213728.722562 12.451910 -12433.072722 8785.389727 21.788467 -13.871 0.000 2.252221 0.197972 6.901 1.00006 0.000
500.00 1063.15 15.301606 0.9255296731268929 0.514438 41.484100 -206739.533191 12.231847 -12524.179572 8986.329486 21.068918 -14.089 0.000 2.250621 0.191860 6.986 1.00005 0.000
500.00 1053.15 14.809046 0.9254647158374593 0.506940 40.178351 -200406.538514 12.021184 -12592.718440 9184.587424 20.415703 -14.312 0.000 2.248965 0.186227 7.073 1.00004 0.000
500.00 1043.15 14.362426 0.9254955683848979 0.500438 38.985703 -194692.983708 11.818529 -12638.014953 9379.536912 19.826180 -14.539 0.000 2.247441 0.181241 7.157 1.00003 0.000
500.00 1033.15 13.958739 0.9254025902576049 0.494792 37.897249 -189537.563752 11.623465 -12663.176422 9572.945088 19.295296 -14.770 0.000 2.246046 0.177323 7.238 1.00002 0.000
500.00 1023.15 13.592150 0.9252112866677595 0.489927 36.898701 -184863.802056 11.434681 -12670.766670 9766.385300 18.815465 -15.006 0.000 2.244778 0.174288 7.316 1.00002 0.000
