Title: Nd3

System Thermodynamic Data:
Pressure Temperature mass F phi S H V dVdP*10^6 dVdT*10^6 Cp logfO2(absolute) logfO2-NNO rhol rhos viscosity aH2O chisqr
500.00 1523.15 97.822266 1.0000000000000000 1.000000 264.624482 -1179926.699919 36.536190 -205.556627 2325.525062 145.646178 -7.007 0.000 2.677407 0.000000 2.340 0 0.000
500.00 1513.15 97.822845 1.0000000000000000 1.000000 263.666188 -1181391.584461 36.513448 -205.771231 2325.654899 145.649151 -7.116 0.000 2.679091 0.000000 2.384 0 0.000
500.00 1503.15 97.823461 1.0000000000000000 1.000000 262.701557 -1182857.047746 36.490736 -205.986944 2325.792721 145.652307 -7.225 0.000 2.680775 0.000000 2.428 0 0.000
500.00 1493.15 97.824113 1.0000000000000000 1.000000 261.730502 -1184323.111116 36.468052 -206.203832 2325.938771 145.655651 -7.336 0.000 2.682461 0.000000 2.473 0 0.000
500.00 1483.15 97.824436 0.9792624651024648 0.979134 260.296420 -1186461.778558 36.412129 -202.620358 2302.550940 145.100797 -7.449 0.000 2.686942 2.670032 2.498 0 0.000
500.00 1473.15 97.824455 0.9429611874182083 0.942434 258.537875 -1189061.590659 36.330550 -196.085875 2261.755573 140.845369 -7.563 0.000 2.694130 2.667949 2.505 0 0.000
500.00 1463.15 97.824468 0.9087990940648189 0.907682 256.836794 -1191559.324769 36.251518 -189.824649 2223.707099 140.057736 -7.679 0.000 2.701815 2.665828 2.508 0 0.000
500.00 1453.15 97.823215 0.8200802443371610 0.824147 253.736218 -1196056.799790 35.927025 -176.325524 2119.640134 137.467242 -7.796 0.000 2.709394 2.785803 2.539 0 0.000
500.00 1443.15 97.820148 0.7140997869723103 0.723404 250.282951 -1201005.229228 35.527694 -160.170732 1994.035269 134.364915 -7.915 0.000 2.717936 2.845968 2.580 0 0.000
500.00 1433.15 97.818015 0.6083766241419543 0.620917 246.955686 -1205754.279260 35.146918 -143.417005 1866.210167 131.378190 -8.035 0.000 2.726909 2.875185 2.623 0 0.000
500.00 1423.15 97.817670 0.5201750520086645 0.534113 244.053991 -1209892.941510 34.828154 -129.264108 1757.946756 128.921023 -8.157 0.000 2.735289 2.892605 2.665 0 0.000
500.00 1413.15 97.823472 0.4418954757740540 0.456819 241.387296 -1213774.525370 34.548295 -116.814188 1656.754083 126.745767 -8.281 0.000 2.738996 2.909295 2.733 0 0.000
500.00 1403.15 97.861723 0.3523595690081217 0.371370 238.425700 -1218599.271747 34.264391 -103.880378 1517.329291 124.169529 -8.407 0.000 2.709871 2.942449 3.004 0 0.000
500.00 1393.15 97.906955 0.2698066028971644 0.292665 235.586062 -1223343.757800 34.025504 -92.210020 1378.277169 121.791622 -8.535 0.000 2.652720 2.970445 3.478 0 0.000
500.00 1383.15 97.922660 0.2188221085953167 0.242045 233.499777 -1226508.479047 33.868558 -84.373224 1297.055020 120.366206 -8.664 0.000 2.613851 2.979842 3.850 0 0.000
500.00 1373.15 97.925625 0.1847413729834193 0.207200 231.817544 -1228877.643141 33.755538 -78.809423 1244.927504 119.419503 -8.795 0.000 2.586584 2.983203 4.147 0 0.000
500.00 1363.15 97.923014 0.1602809853530440 0.181654 230.362805 -1230823.628015 33.668366 -74.639499 1208.333327 118.731155 -8.929 0.000 2.566251 2.984420 4.397 0 0.000
500.00 1353.15 97.917794 0.1418386152946072 0.162078 229.048138 -1232520.469220 33.597927 -71.388005 1180.961772 118.197666 -9.064 0.000 2.550470 2.984794 4.613 0 0.000
500.00 1343.15 97.911343 0.1274118714393552 0.146562 227.825024 -1234059.926699 33.539014 -68.773068 1159.484163 117.763897 -9.201 0.000 2.537889 2.984831 4.803 0 0.000
500.00 1333.15 97.904351 0.1157940619609158 0.133928 226.664269 -1235494.659872 33.488399 -66.616443 1141.982228 117.397756 -9.340 0.000 2.527673 2.984745 4.972 0 0.000
500.00 1323.15 97.897035 0.1059972736362549 0.123186 225.544717 -1236857.727598 33.443165 -64.778193 1127.110991 117.071603 -9.481 0.000 2.518820 2.984649 5.138 0 0.000
500.00 1313.15 97.889561 0.0975101568507737 0.113814 224.454518 -1238168.401442 33.401854 -63.178093 1114.131136 116.772185 -9.625 0.000 2.510839 2.984581 5.308 0 0.000
500.00 1303.15 97.882244 0.0902872353181355 0.105777 223.388620 -1239439.206698 33.364585 -61.789449 1102.764315 116.501734 -9.771 0.000 2.504109 2.984535 5.465 0 0.000
500.00 1293.15 97.869393 0.0823530289468916 0.097131 222.283013 -1240657.966147 33.327691 -60.352666 1089.631625 116.191617 -9.919 0.000 2.489786 2.984645 5.765 0 0.000
500.00 1283.15 97.859713 0.0761144129664308 0.090192 221.220995 -1241862.989372 33.294272 -59.182412 1087.352034 116.206567 -10.069 0.000 2.480459 2.984716 5.992 0 0.000
500.00 1273.15 97.850469 0.0705821395545902 0.083995 220.171091 -1243049.461605 33.262797 -58.092690 1078.011530 115.969097 -10.221 0.000 2.471997 2.984813 6.214 0 0.000
500.00 1263.15 97.841632 0.0656271883843418 0.078406 219.130307 -1244220.926673 33.232951 -57.094952 1069.446918 115.744860 -10.376 0.000 2.464285 2.984937 6.431 0 0.000
500.00 1253.15 97.833171 0.0611495275973130 0.073322 218.095966 -1245380.379947 33.204464 -56.173874 1061.520556 115.531238 -10.534 0.000 2.457230 2.985090 6.646 0 0.000
500.00 1243.15 97.825053 0.0570705598708849 0.068663 217.065933 -1246530.053159 33.177113 -55.317234 1054.127527 115.326204 -10.694 0.000 2.450757 2.985272 6.857 0 0.000
500.00 1233.15 97.817247 0.0533277635795148 0.064362 216.038477 -1247671.631578 33.150713 -54.515177 1047.187038 115.128163 -10.857 0.000 2.444801 2.985483 7.065 0 0.000
500.00 1223.15 97.803725 0.0456125022583948 0.055300 214.926386 -1248811.573546 33.101843 -52.670020 1039.337325 114.866793 -11.022 0.000 2.437024 2.984930 7.299 0 0.000
500.00 1213.15 97.787529 0.0367579370540590 0.044756 213.789254 -1249926.507372 33.047277 -50.477479 1030.985782 114.590319 -11.190 0.000 2.430208 2.983796 7.530 0 0.000
500.00 1203.15 97.761109 0.0229872802184709 0.028114 212.540847 -1250994.685322 32.968856 -46.942228 1020.055738 114.237902 -11.361 0.000 2.424510 2.980899 7.776 0 0.000
500.00 1193.15 97.737003 0.0117962638790294 0.014486 211.338136 -1252034.706206 32.900739 -44.011896 1011.639591 113.929512 -11.534 0.000 2.419121 2.978770 8.018 0 0.000
500.00 1183.15 97.717762 0.0037163511250903 0.004580 210.190893 -1253078.162974 32.847966 -41.857783 1005.340296 113.672642 -11.711 0.000 2.414062 2.977430 8.256 0 0.000
500.00 1173.15 97.707850 0.0000000000000000 0.000000 209.124478 -1254170.187494 32.818661 -40.852259 1000.988992 113.485067 -11.890 0.000 0.000000 2.977204 8.370 0 0.000
500.00 1163.15 97.706929 0.0000000000000000 0.000000 208.126528 -1255320.688450 32.809255 -40.852971 997.895108 113.354041 -12.073 0.000 0.000000 2.978029 8.370 0 0.000
500.00 1153.15 97.706039 0.0000000000000000 0.000000 207.121303 -1256470.144969 32.799915 -40.853980 994.840970 113.222579 -12.259 0.000 0.000000 2.978850 8.370 0 0.000
500.00 1143.15 97.705179 0.0000000000000000 0.000000 206.108688 -1257618.559237 32.790639 -40.855310 991.834354 113.090892 -12.448 0.000 0.000000 2.979667 8.370 0 0.000
500.00 1133.15 97.704350 0.0000000000000000 0.000000 205.088560 -1258765.934663 32.781428 -40.856988 988.884851 112.959249 -12.641 0.000 0.000000 2.980479 8.370 0 0.000
500.00 1123.15 97.703553 0.0000000000000000 0.000000 204.060789 -1259912.276668 32.772280 -40.859047 986.004395 112.827997 -12.837 0.000 0.000000 2.981286 8.370 0 0.000

Title: Nd3

Liquid Composition:
Pressure Temperature mass SiO2 TiO2 Al2O3 Fe2O3 Cr2O3 FeO MnO MgO CaO Na2O K2O P2O5 H2O 
500.00 1523.15 97.822266 50.5899 1.05753 16.1717 2.28108 0.018094 8.54229 0.179611 6.61434 11.4828 2.20482 0.698307 0.159575 0
500.00 1513.15 97.822845 50.5896 1.05752 16.1716 2.28698 0.0180939 8.53692 0.17961 6.6143 11.4827 2.2048 0.698303 0.159574 0
500.00 1503.15 97.823461 50.5893 1.05752 16.1715 2.29324 0.0180938 8.53121 0.179609 6.61426 11.4826 2.20479 0.698299 0.159573 0
500.00 1493.15 97.824113 50.589 1.05751 16.1714 2.29988 0.0180937 8.52517 0.179608 6.61422 11.4825 2.20477 0.698294 0.159572 0
500.00 1483.15 95.795798 50.6382 1.0799 15.8103 2.35194 0.0184768 8.70265 0.183411 6.75426 11.3838 2.20297 0.711195 0.162951 0
500.00 1473.15 92.244665 50.7098 1.12147 15.1538 2.4427 0.0191881 9.03748 0.190472 7.01428 11.2164 2.19078 0.734447 0.169224 0
500.00 1463.15 88.902788 50.7558 1.16363 14.5062 2.53466 0.0199094 9.37708 0.197632 7.27795 11.0678 2.16672 0.756956 0.175585 0
500.00 1453.15 80.222886 50.7541 1.27342 14.1594 2.6676 0.0220635 10.0564 0.219015 7.13869 10.4684 2.21695 0.829243 0.194583 0
500.00 1443.15 69.853347 50.674 1.43651 13.9059 2.82588 0.0253388 10.9001 0.251527 6.74185 9.79595 2.28366 0.935891 0.223468 0
500.00 1433.15 59.510194 50.573 1.64782 13.5256 3.00342 0.0147489 11.7122 0.295244 6.1697 9.38933 2.33591 1.07074 0.262308 0
500.00 1423.15 50.882311 50.465 1.87032 13.1743 3.15726 0.00797729 12.4133 0.345307 5.63719 9.05395 2.35484 1.21378 0.306786 0
500.00 1413.15 43.227750 50.5193 2.08866 12.9106 3.2576 0.00244464 12.8462 0.406452 5.11691 8.76002 2.35386 1.3768 0.361111 0
500.00 1403.15 34.482515 51.9577 2.17077 13.0327 3.09359 0.000203959 11.8923 0.509534 4.39052 8.43713 2.40459 1.65833 0.452693 0
500.00 1393.15 26.415943 54.721 2.09894 13.3975 2.6473 4.88075e-005 9.66462 0.665129 3.59749 8.11204 2.42818 2.07684 0.590931 0
500.00 1383.15 21.427643 56.7281 2.07668 13.5578 2.29342 3.02033e-005 8.06355 0.819969 3.06361 7.88271 2.33244 2.45316 0.728498 0
500.00 1373.15 18.090914 58.2049 2.08186 13.6201 2.01496 2.45231e-005 6.88787 0.971206 2.67749 7.70835 2.18412 2.78623 0.862864 0
500.00 1363.15 15.695197 59.3452 2.09796 13.6349 1.78773 2.22327e-005 5.97513 1.11945 2.37914 7.56487 2.01761 3.08344 0.994572 0
500.00 1353.15 13.888524 60.2546 2.11721 13.623 1.59785 2.1285e-005 5.24031 1.26507 2.13861 7.44043 1.8493 3.3497 1.12395 0
500.00 1343.15 12.475067 60.9963 2.1358 13.5941 1.43657 2.09994e-005 4.63377 1.40841 1.93897 7.32912 1.68713 3.58861 1.2513 0
500.00 1333.15 11.336742 61.6108 2.15183 13.5533 1.29789 2.10906e-005 4.12387 1.54983 1.76977 7.228 1.53475 3.8031 1.37694 0
500.00 1323.15 10.376819 62.1939 2.16455 13.5192 1.17584 2.14115e-005 3.6905 1.6932 1.62093 7.08674 1.39518 4.00062 1.45932 0
500.00 1313.15 9.545226 62.7883 2.17349 13.4986 1.0674 2.18893e-005 3.31964 1.84071 1.48774 6.88723 1.26897 4.18437 1.48356 0
500.00 1303.15 8.837517 63.3107 2.17833 13.47 0.972443 2.24979e-005 2.99785 1.98811 1.37129 6.69921 1.15344 4.3488 1.50984 0
500.00 1293.15 8.059841 64.3421 2.17649 13.4212 0.864552 2.3636e-005 2.63798 1.78756 1.22705 6.42955 1.04802 4.57377 1.49173 0
500.00 1283.15 7.448535 65.0526 2.17014 13.3739 0.78031 2.46734e-005 2.35891 1.73815 1.11869 6.21078 0.952297 4.749 1.49521 0
500.00 1273.15 6.906495 65.7124 2.15909 13.3222 0.705949 2.58023e-005 2.11445 1.68577 1.023 6.00191 0.865318 4.91006 1.49984 0
500.00 1263.15 6.421071 66.3276 2.14378 13.2666 0.640051 2.70267e-005 1.89926 1.63159 0.938041 5.8032 0.786311 5.0577 1.50582 0
500.00 1253.15 5.982452 66.9033 2.12464 13.2075 0.58144 2.83553e-005 1.70903 1.57646 0.862247 5.61483 0.714543 5.19263 1.51336 0
500.00 1243.15 5.582931 67.4435 2.10208 13.1452 0.52914 2.9801e-005 1.54022 1.52103 0.794341 5.43695 0.649338 5.31556 1.52266 0
500.00 1233.15 5.216375 67.9515 2.07648 13.0798 0.482329 3.13807e-005 1.38993 1.46579 0.733272 5.26962 0.590078 5.42717 1.53394 0
500.00 1223.15 4.461073 68.4872 1.93276 13.082 0.441009 3.76295e-005 1.25526 1.36982 0.660098 5.05438 0.532052 5.65033 1.53502 0
500.00 1213.15 3.594468 69.0448 1.79449 13.0292 0.40703 4.91939e-005 1.14543 1.29031 0.596707 4.87763 0.482126 5.79352 1.53869 0
500.00 1203.15 2.247262 69.8857 1.64895 12.7583 0.387599 9.05118e-005 1.08459 1.25545 0.544518 4.79172 0.451062 5.65217 1.5398 0
500.00 1193.15 1.152931 70.6772 1.52072 12.4982 0.366815 0.000190106 1.01961 1.22101 0.499884 4.71152 0.422442 5.51604 1.54641 0
500.00 1183.15 0.363154 71.418 1.40904 12.2502 0.344242 0.000424139 0.949595 1.1897 0.463009 4.63672 0.395871 5.38434 1.55888 0
500.00 1173.15 0.000000 ---
500.00 1163.15 0.000000 ---
500.00 1153.15 0.000000 ---
500.00 1143.15 0.000000 ---
500.00 1133.15 0.000000 ---
500.00 1123.15 0.000000 ---
Title: Nd3

liquid_0 thermodynamic data and composition:
Pressure Temperature mass S H V Cp viscosity SiO2 TiO2 Al2O3 Fe2O3 Cr2O3 FeO MnO MgO CaO Na2O K2O P2O5 H2O Mg#
500.00 1523.15 97.822266 264.624482 -1179926.699919 36.536190 145.646178 2.340 50.5899 1.05753 16.1717 2.28108 0.018094 8.54229 0.179611 6.61434 11.4828 2.20482 0.698307 0.159575 0 58.0
500.00 1513.15 97.822845 263.666188 -1181391.584461 36.513448 145.649151 2.384 50.5896 1.05752 16.1716 2.28698 0.0180939 8.53692 0.17961 6.6143 11.4827 2.2048 0.698303 0.159574 0 58.0
500.00 1503.15 97.823461 262.701557 -1182857.047746 36.490736 145.652307 2.428 50.5893 1.05752 16.1715 2.29324 0.0180938 8.53121 0.179609 6.61426 11.4826 2.20479 0.698299 0.159573 0 58.0
500.00 1493.15 97.824113 261.730502 -1184323.111116 36.468052 145.655651 2.473 50.589 1.05751 16.1714 2.29988 0.0180937 8.52517 0.179608 6.61422 11.4825 2.20477 0.698294 0.159572 0 58.0
500.00 1483.15 95.795798 255.319944 -1158509.252695 35.652348 142.598284 2.498 50.6382 1.0799 15.8103 2.35194 0.0184768 8.70265 0.183411 6.75426 11.3838 2.20297 0.711195 0.162951 0 58.0
500.00 1473.15 92.244665 244.882135 -1112128.916079 34.239134 133.967442 2.505 50.7098 1.12147 15.1538 2.4427 0.0191881 9.03748 0.190472 7.01428 11.2164 2.19078 0.734447 0.169224 0 58.0
500.00 1463.15 88.902788 235.053945 -1068472.390976 32.904836 129.068922 2.508 50.7558 1.16363 14.5062 2.53466 0.0199094 9.37708 0.197632 7.27795 11.0678 2.16672 0.756956 0.175585 0 58.0
500.00 1453.15 80.222886 211.234414 -958000.754012 29.609160 115.979044 2.539 50.7541 1.27342 14.1594 2.6676 0.0220635 10.0564 0.219015 7.13869 10.4684 2.21695 0.829243 0.194583 0 55.8
500.00 1443.15 69.853347 183.126419 -827102.174960 25.700880 100.356839 2.580 50.674 1.43651 13.9059 2.82588 0.0253388 10.9001 0.251527 6.74185 9.79595 2.28366 0.935891 0.223468 0 52.4
500.00 1433.15 59.510194 155.276581 -698059.632700 21.823317 84.889196 2.623 50.573 1.64782 13.5256 3.00342 0.0147489 11.7122 0.295244 6.1697 9.38933 2.33591 1.07074 0.262308 0 48.4
500.00 1423.15 50.882311 132.124978 -591877.804172 18.602169 72.107901 2.665 50.465 1.87032 13.1743 3.15726 0.00797729 12.4133 0.345307 5.63719 9.05395 2.35484 1.21378 0.306786 0 44.7
500.00 1413.15 43.227750 111.718173 -500056.847877 15.782334 60.889454 2.733 50.5193 2.08866 12.9106 3.2576 0.00244464 12.8462 0.406452 5.11691 8.76002 2.35386 1.3768 0.361111 0 41.5
500.00 1403.15 34.482515 88.797683 -402759.489386 12.724779 48.255112 3.004 51.9577 2.17077 13.0327 3.09359 0.000203959 11.8923 0.509534 4.39052 8.43713 2.40459 1.65833 0.452693 0 39.7
500.00 1393.15 26.415943 67.809118 -315901.044461 9.958060 36.728104 3.478 54.721 2.09894 13.3975 2.6473 4.88075e-005 9.66462 0.665129 3.59749 8.11204 2.42818 2.07684 0.590931 0 39.9
500.00 1383.15 21.427643 54.766822 -260563.322216 8.197729 29.644627 3.850 56.7281 2.07668 13.5578 2.29342 3.02033e-005 8.06355 0.819969 3.06361 7.88271 2.33244 2.45316 0.728498 0 40.4
500.00 1373.15 18.090914 46.012343 -222671.654839 6.994133 24.928347 4.147 58.2049 2.08186 13.6201 2.01496 2.45231e-005 6.88787 0.971206 2.67749 7.70835 2.18412 2.78623 0.862864 0 40.9
500.00 1363.15 15.695197 39.712685 -194995.704724 6.116003 21.554700 4.397 59.3452 2.09796 13.6349 1.78773 2.22327e-005 5.97513 1.11945 2.37914 7.56487 2.01761 3.08344 0.994572 0 41.5
500.00 1353.15 13.888524 34.954716 -173843.332719 5.445477 19.018500 4.613 60.2546 2.11721 13.623 1.59785 2.1285e-005 5.24031 1.26507 2.13861 7.44043 1.8493 3.3497 1.12395 0 42.1
500.00 1343.15 12.475067 31.228338 -157112.395636 4.915529 17.039741 4.803 60.9963 2.1358 13.5941 1.43657 2.09994e-005 4.63377 1.40841 1.93897 7.32912 1.68713 3.58861 1.2513 0 42.7
500.00 1333.15 11.336742 28.225095 -143512.553694 4.485051 15.450123 4.972 61.6108 2.15183 13.5533 1.29789 2.10906e-005 4.12387 1.54983 1.76977 7.228 1.53475 3.8031 1.37694 0 43.3
500.00 1323.15 10.376819 25.696957 -131947.702452 4.119714 14.107814 5.138 62.1939 2.16455 13.5192 1.17584 2.14115e-005 3.6905 1.6932 1.62093 7.08674 1.39518 4.00062 1.45932 0 43.9
500.00 1313.15 9.545226 23.513778 -121853.178314 3.801608 12.941519 5.308 62.7883 2.17349 13.4986 1.0674 2.18893e-005 3.31964 1.84071 1.48774 6.88723 1.26897 4.18437 1.48356 0 44.4
500.00 1303.15 8.837517 21.656283 -113206.448501 3.529206 11.951444 5.465 63.3107 2.17833 13.47 0.972443 2.24979e-005 2.99785 1.98811 1.37129 6.69921 1.15344 4.3488 1.50984 0 44.9
500.00 1293.15 8.059841 19.642957 -103894.337200 3.237162 10.862500 5.765 64.3421 2.17649 13.4212 0.864552 2.3636e-005 2.63798 1.78756 1.22705 6.42955 1.04802 4.57377 1.49173 0 45.3
500.00 1283.15 7.448535 18.055874 -96433.235898 3.002885 10.010931 5.992 65.0526 2.17014 13.3739 0.78031 2.46734e-005 2.35891 1.73815 1.11869 6.21078 0.952297 4.749 1.49521 0 45.8
500.00 1273.15 6.906495 16.652175 -89774.719160 2.793893 9.258251 6.214 65.7124 2.15909 13.3222 0.705949 2.58023e-005 2.11445 1.68577 1.023 6.00191 0.865318 4.91006 1.49984 0 46.3
500.00 1263.15 6.421071 15.398668 -83775.292070 2.605653 8.586307 6.431 66.3276 2.14378 13.2666 0.640051 2.70267e-005 1.89926 1.63159 0.938041 5.8032 0.786311 5.0577 1.50582 0 46.8
500.00 1253.15 5.982452 14.269627 -78322.980987 2.434632 7.981053 6.646 66.9033 2.12464 13.2075 0.58144 2.83553e-005 1.70903 1.57646 0.862247 5.61483 0.714543 5.19263 1.51336 0 47.4
500.00 1243.15 5.582931 13.244849 -73329.298500 2.278044 7.431467 6.857 67.4435 2.10208 13.1452 0.52914 2.9801e-005 1.54022 1.52103 0.794341 5.43695 0.649338 5.31556 1.52266 0 47.9
500.00 1233.15 5.216375 12.308265 -68723.489435 2.133660 6.928797 7.065 67.9515 2.07648 13.0798 0.482329 3.13807e-005 1.38993 1.46579 0.733272 5.26962 0.590078 5.42717 1.53394 0 48.5
500.00 1223.15 4.461073 10.468073 -58953.722423 1.830541 5.911455 7.299 68.4872 1.93276 13.082 0.441009 3.76295e-005 1.25526 1.36982 0.660098 5.05438 0.532052 5.65033 1.53502 0 48.4
500.00 1213.15 3.594468 8.387555 -47640.092052 1.479078 4.752093 7.530 69.0448 1.79449 13.0292 0.40703 4.91939e-005 1.14543 1.29031 0.596707 4.87763 0.482126 5.79352 1.53869 0 48.1
500.00 1203.15 2.247262 5.213626 -29876.516092 0.926893 2.963106 7.776 69.8857 1.64895 12.7583 0.387599 9.05118e-005 1.08459 1.25545 0.544518 4.79172 0.451062 5.65217 1.5398 0 47.2
500.00 1193.15 1.152931 2.659303 -15374.163154 0.476591 1.516381 8.018 70.6772 1.52072 12.4982 0.366815 0.000190106 1.01961 1.22101 0.499884 4.71152 0.422442 5.51604 1.54641 0 46.6
500.00 1183.15 0.363154 0.832770 -4856.952660 0.150433 0.476515 8.256 71.418 1.40904 12.2502 0.344242 0.000424139 0.949595 1.1897 0.463009 4.63672 0.395871 5.38434 1.55888 0 46.5

rhm-oxide_0 thermodynamic data and composition:
Pressure Temperature mass S H V Cp formula SiO2 TiO2 Al2O3 Fe2O3 Cr2O3 FeO MnO MgO CaO Na2O K2O P2O5 H2O
500.00 1223.15 0.263019 0.506484 -1932.075055 0.056847 0.241200 Mn0.06Fe''0.72Mg0.10Fe'''0.24Ti0.88O3 0 47.0021 0 12.7784 0 34.6497 3.00505 2.56473 0 0 0 0 0
500.00 1213.15 0.541634 1.038331 -3975.471907 0.116938 0.496164 Mn0.06Fe''0.73Mg0.09Fe'''0.24Ti0.88O3 0 47.0006 0 12.684 0 34.896 2.97865 2.44077 0 0 0 0 0
500.00 1203.15 0.928051 1.770802 -6801.608296 0.200095 0.849106 Mn0.06Fe''0.73Mg0.08Fe'''0.24Ti0.88O3 0 46.9926 0 12.5696 0 35.1834 2.97896 2.27533 0 0 0 0 0
500.00 1193.15 1.237243 2.349786 -9062.546284 0.266473 1.130573 Mn0.06Fe''0.74Mg0.08Fe'''0.23Ti0.88O3 0 47.0297 0 12.3959 0 35.4491 2.9819 2.14335 0 0 0 0 0
500.00 1183.15 1.453004 2.746770 -10647.776916 0.312700 1.325975 Mn0.06Fe''0.75Mg0.08Fe'''0.23Ti0.89O3 0 47.1204 0 12.1471 0 35.6907 2.99647 2.04527 0 0 0 0 0
500.00 1173.15 1.547300 2.911715 -11352.410875 0.332830 1.410278 Mn0.06Fe''0.75Mg0.07Fe'''0.22Ti0.89O3 0 47.2245 0 11.9063 0 35.8917 2.98726 1.99027 0 0 0 0 0
500.00 1163.15 1.547219 2.898644 -11365.772284 0.332695 1.408815 Mn0.06Fe''0.75Mg0.07Fe'''0.22Ti0.89O3 0 47.279 0 11.7878 0 36.0501 2.91069 1.9724 0 0 0 0 0
500.00 1153.15 1.547414 2.885981 -11381.169252 0.332619 1.407577 Mn0.06Fe''0.76Mg0.07Fe'''0.22Ti0.89O3 0 47.3348 0 11.6662 0 36.2091 2.83611 1.95376 0 0 0 0 0
500.00 1143.15 1.547879 2.873711 -11398.574580 0.332600 1.406559 Mn0.06Fe''0.76Mg0.07Fe'''0.22Ti0.89O3 0 47.3919 0 11.5416 0 36.3686 2.76349 1.93433 0 0 0 0 0
500.00 1133.15 1.548608 2.861815 -11417.952355 0.332638 1.405755 Mn0.06Fe''0.76Mg0.07Fe'''0.21Ti0.89O3 0 47.4503 0 11.4141 0 36.5287 2.6928 1.91413 0 0 0 0 0
500.00 1123.15 1.549597 2.850273 -11439.259353 0.332731 1.405157 Mn0.06Fe''0.77Mg0.07Fe'''0.21Ti0.89O3 0 47.5098 0 11.2837 0 36.6893 2.62401 1.89316 0 0 0 0 0

feldspar_1 thermodynamic data and composition:
Pressure Temperature mass S H V Cp formula SiO2 TiO2 Al2O3 Fe2O3 Cr2O3 FeO MnO MgO CaO Na2O K2O P2O5 H2O
500.00 1213.15 0.167295 0.375131 -2248.302070 0.066652 0.198223 K0.73Na0.23Ca0.04Al1.04Si2.96O8 64.778 0 19.2839 0 0 0 0 0 0.794317 2.5743 12.5695 0 0
500.00 1203.15 0.952204 2.124991 -12804.253830 0.379323 1.127290 K0.74Na0.22Ca0.04Al1.04Si2.96O8 64.7985 0 19.2474 0 0 0 0 0 0.759489 2.52457 12.67 0 0
500.00 1193.15 1.576921 3.502290 -21217.577804 0.628111 1.865341 K0.74Na0.22Ca0.04Al1.04Si2.96O8 64.8185 0 19.2128 0 0 0 0 0 0.726258 2.47835 12.7641 0 0
500.00 1183.15 2.034360 4.496458 -27389.390404 0.810210 2.404503 K0.75Na0.22Ca0.03Al1.03Si2.97O8 64.8381 0 19.1799 0 0 0 0 0 0.694517 2.43559 12.852 0 0
500.00 1173.15 2.290230 5.037458 -30854.020492 0.911990 2.704800 K0.75Na0.21Ca0.03Al1.03Si2.97O8 64.8576 0 19.1487 0 0 0 0 0 0.664278 2.39744 12.932 0 0
500.00 1163.15 2.388782 5.228606 -32202.955434 0.951101 2.819026 K0.76Na0.21Ca0.03Al1.03Si2.97O8 64.877 0 19.1192 0 0 0 0 0 0.635394 2.36344 13.0049 0 0
500.00 1153.15 2.483097 5.408200 -33496.504519 0.988508 2.928074 K0.76Na0.21Ca0.03Al1.03Si2.97O8 64.8954 0 19.0905 0 0 0 0 0 0.607416 2.32917 13.0775 0 0
500.00 1143.15 2.573349 5.576730 -34736.921748 1.024281 3.032164 K0.77Na0.20Ca0.03Al1.03Si2.97O8 64.9128 0 19.0626 0 0 0 0 0 0.580325 2.29465 13.1497 0 0
500.00 1133.15 2.659703 5.734659 -35926.331350 1.058486 3.131506 K0.77Na0.20Ca0.03Al1.03Si2.97O8 64.9291 0 19.0354 0 0 0 0 0 0.554104 2.25987 13.2215 0 0
500.00 1123.15 2.742315 5.882423 -37066.737603 1.091185 3.226299 K0.78Na0.20Ca0.03Al1.03Si2.97O8 64.9445 0 19.009 0 0 0 0 0 0.528735 2.22485 13.2929 0 0

olivine_0 thermodynamic data and composition:
Pressure Temperature mass S H V Cp formula SiO2 TiO2 Al2O3 Fe2O3 Cr2O3 FeO MnO MgO CaO Na2O K2O P2O5 H2O
500.00 1293.15 0.262685 0.569379 -2467.987206 0.070632 0.282165 (Ca0.01Mg0.44Fe''0.41Mn0.15Co0.00Ni0.00)2SiO4 34.1871 0 0 0 0 33.3355 12.0394 20.0337 0.404305 0 0 0 0
500.00 1283.15 0.371070 0.799979 -3463.356064 0.099427 0.396830 (Ca0.01Mg0.43Fe''0.41Mn0.15Co0.00Ni0.00)2SiO4 34.054 0 0 0 0 33.6401 12.4595 19.4547 0.391693 0 0 0 0
500.00 1273.15 0.461271 0.989148 -4279.176756 0.123193 0.491234 (Ca0.01Mg0.42Fe''0.42Mn0.16Co0.00Ni0.00)2SiO4 33.9309 0 0 0 0 33.9212 12.8497 18.9193 0.378858 0 0 0 0
500.00 1263.15 0.536794 1.145025 -4951.852685 0.142920 0.569388 (Ca0.01Mg0.41Fe''0.42Mn0.17Co0.00Ni0.00)2SiO4 33.816 0 0 0 0 34.1834 13.2145 18.4202 0.36591 0 0 0 0
500.00 1253.15 0.600340 1.273857 -5509.033409 0.159371 0.634363 (Ca0.01Mg0.40Fe''0.43Mn0.17Co0.00Ni0.00)2SiO4 33.7082 0 0 0 0 34.43 13.5572 17.9517 0.352939 0 0 0 0
500.00 1243.15 0.654018 1.380503 -5972.036634 0.173134 0.688540 (Ca0.01Mg0.39Fe''0.43Mn0.17Co0.00Ni0.00)2SiO4 33.6062 0 0 0 0 34.664 13.8807 17.5091 0.340012 0 0 0 0
500.00 1233.15 0.699493 1.468794 -6357.527568 0.184675 0.733791 (Ca0.01Mg0.39Fe''0.44Mn0.18Co0.00Ni0.00)2SiO4 33.5092 0 0 0 0 34.8877 14.1872 17.0886 0.327184 0 0 0 0
500.00 1223.15 0.745516 1.556295 -6723.992592 0.196077 0.778553 (Ca0.01Mg0.37Fe''0.44Mn0.18Co0.00Ni0.00)2SiO4 33.3723 0 0 0 0 35.5035 14.3106 16.4968 0.316904 0 0 0 0
500.00 1213.15 0.782930 1.624479 -7001.072159 0.205068 0.813653 (Ca0.00Mg0.36Fe''0.46Mn0.18Co0.00Ni0.00)2SiO4 33.222 0 0 0 0 36.1673 14.4568 15.8467 0.307208 0 0 0 0
500.00 1203.15 0.812071 1.673139 -7168.194862 0.211482 0.838346 (Ca0.00Mg0.34Fe''0.47Mn0.19Co0.00Ni0.00)2SiO4 33.0035 0 0 0 0 37.0417 14.7574 14.8976 0.299801 0 0 0 0
500.00 1193.15 0.829312 1.697331 -7241.974301 0.214916 0.851193 (Ca0.00Mg0.33Fe''0.48Mn0.19Co0.00Ni0.00)2SiO4 32.8202 0 0 0 0 37.747 15.0401 14.1015 0.291167 0 0 0 0
500.00 1183.15 0.833431 1.695231 -7218.402069 0.215135 0.851265 (Ca0.00Mg0.31Fe''0.49Mn0.20Co0.00Ni0.00)2SiO4 32.6753 0 0 0 0 38.232 15.3391 13.4723 0.28132 0 0 0 0
500.00 1173.15 0.835444 1.690188 -7206.168873 0.215137 0.850577 (Ca0.00Mg0.30Fe''0.49Mn0.20Co0.00Ni0.00)2SiO4 32.5949 0 0 0 0 38.5118 15.4981 13.1254 0.269741 0 0 0 0
500.00 1163.15 0.851928 1.715696 -7348.703030 0.219194 0.866167 (Ca0.00Mg0.30Fe''0.50Mn0.20Co0.00Ni0.00)2SiO4 32.5841 0 0 0 0 38.7359 15.3376 13.0858 0.256647 0 0 0 0
500.00 1153.15 0.868260 1.740515 -7489.470156 0.223199 0.881514 (Ca0.00Mg0.30Fe''0.50Mn0.20Co0.00Ni0.00)2SiO4 32.5722 0 0 0 0 38.9608 15.1814 13.0416 0.244004 0 0 0 0
500.00 1143.15 0.884423 1.764615 -7628.296056 0.227150 0.896602 (Ca0.00Mg0.30Fe''0.50Mn0.20Co0.00Ni0.00)2SiO4 32.5594 0 0 0 0 39.1867 15.0295 12.9926 0.231804 0 0 0 0
500.00 1133.15 0.900401 1.787962 -7765.004541 0.231041 0.911412 (Ca0.00Mg0.30Fe''0.51Mn0.19Co0.00Ni0.00)2SiO4 32.5454 0 0 0 0 39.4135 14.8821 12.9389 0.22004 0 0 0 0
500.00 1123.15 0.916178 1.810524 -7899.417787 0.234869 0.925924 (Ca0.00Mg0.30Fe''0.51Mn0.19Co0.00Ni0.00)2SiO4 32.5304 0 0 0 0 39.6414 14.7393 12.8802 0.208704 0 0 0 0

feldspar_0 thermodynamic data and composition:
Pressure Temperature mass S H V Cp formula SiO2 TiO2 Al2O3 Fe2O3 Cr2O3 FeO MnO MgO CaO Na2O K2O P2O5 H2O
500.00 1483.15 2.028638 4.976476 -27952.525863 0.759780 2.502513 K0.01Na0.20Ca0.79Al1.79Si2.21O8 48.2568 0 33.2187 0 0 0 0 0 16.1457 2.28981 0.088967 0 0
500.00 1473.15 5.579791 13.655740 -76932.674580 2.091416 6.877927 K0.01Na0.22Ca0.78Al1.78Si2.22O8 48.5876 0 32.9933 0 0 0 0 0 15.8826 2.43597 0.100569 0 0
500.00 1463.15 8.921680 21.782849 -123086.933793 3.346682 10.988814 K0.01Na0.23Ca0.76Al1.76Si2.24O8 48.9241 0 32.7637 0 0 0 0 0 15.6146 2.58391 0.113715 0 0
500.00 1453.15 13.187363 32.138446 -182025.163890 4.953480 16.231580 K0.01Na0.25Ca0.74Al1.74Si2.26O8 49.443 0 32.4093 0 0 0 0 0 15.2011 2.81118 0.135413 0 0
500.00 1443.15 17.761357 43.211542 -245261.280112 6.681790 21.846444 K0.01Na0.27Ca0.72Al1.72Si2.28O8 50.0238 0 32.0113 0 0 0 0 0 14.7373 3.06227 0.165241 0 0
500.00 1433.15 22.545269 54.744814 -311451.194922 8.493141 27.712836 K0.01Na0.29Ca0.70Al1.70Si2.30O8 50.5535 0 31.646 0 0 0 0 0 14.3123 3.28467 0.203594 0 0
500.00 1423.15 26.505001 64.226191 -366307.896076 9.997511 32.555246 K0.01Na0.31Ca0.68Al1.68Si2.32O8 51.0497 0 31.302 0 0 0 0 0 13.9127 3.48854 0.24712 0 0
500.00 1413.15 29.838659 72.144907 -412556.003845 11.268356 36.620742 K0.02Na0.32Ca0.66Al1.66Si2.34O8 51.5207 0 30.974 0 0 0 0 0 13.5322 3.67838 0.294718 0 0
500.00 1403.15 32.947092 79.483459 -455733.032713 12.457335 40.404317 K0.02Na0.34Ca0.64Al1.64Si2.36O8 52.0016 0 30.6404 0 0 0 0 0 13.1448 3.87549 0.33771 0 0
500.00 1393.15 35.865552 86.321267 -496337.062273 13.576124 43.949103 K0.02Na0.36Ca0.62Al1.62Si2.38O8 52.4566 0 30.3255 0 0 0 0 0 12.7788 4.06403 0.374968 0 0
500.00 1383.15 38.050348 91.328505 -526859.632992 14.414050 46.585745 K0.02Na0.37Ca0.61Al1.61Si2.39O8 52.7873 0 30.094 0 0 0 0 0 12.5107 4.19414 0.413783 0 0
500.00 1373.15 39.683459 94.957936 -549806.996431 15.039838 48.539716 K0.03Na0.38Ca0.60Al1.60Si2.40O8 53.0234 0 29.9266 0 0 0 0 0 12.3175 4.28128 0.451185 0 0
500.00 1363.15 40.941358 97.647843 -567606.830890 15.520946 50.029200 K0.03Na0.38Ca0.59Al1.59Si2.41O8 53.1947 0 29.8033 0 0 0 0 0 12.1758 4.33978 0.486421 0 0
500.00 1353.15 41.938481 99.683050 -581831.579667 15.901320 51.195672 K0.03Na0.38Ca0.59Al1.59Si2.41O8 53.3216 0 29.7104 0 0 0 0 0 12.0695 4.37896 0.519515 0 0
500.00 1343.15 42.749139 101.248793 -593501.444230 16.209587 52.130990 K0.03Na0.39Ca0.58Al1.58Si2.42O8 53.4173 0 29.6389 0 0 0 0 0 11.9882 4.40485 0.550697 0 0
500.00 1333.15 43.422822 102.468555 -603295.445877 16.464856 52.896325 K0.03Na0.39Ca0.58Al1.58Si2.42O8 53.4908 0 29.5828 0 0 0 0 0 11.9248 4.42141 0.580229 0 0
500.00 1323.15 43.998445 103.438840 -611746.612786 16.682163 53.539590 K0.04Na0.39Ca0.58Al1.58Si2.42O8 53.5485 0 29.5375 0 0 0 0 0 11.8739 4.43113 0.609028 0 0
500.00 1313.15 44.499554 104.218314 -619177.257817 16.870629 54.089823 K0.04Na0.39Ca0.57Al1.57Si2.43O8 53.5947 0 29.5 0 0 0 0 0 11.8322 4.4357 0.637517 0 0
500.00 1303.15 44.936034 104.832590 -625723.688460 17.034103 54.559480 K0.04Na0.39Ca0.57Al1.57Si2.43O8 53.6317 0 29.4688 0 0 0 0 0 11.7979 4.43671 0.664888 0 0
500.00 1293.15 45.427247 105.557964 -633048.248134 17.217402 55.093016 K0.04Na0.39Ca0.57Al1.57Si2.43O8 53.6511 0 29.4496 0 0 0 0 0 11.7775 4.42954 0.69223 0 0
500.00 1283.15 45.816980 106.035114 -638970.724885 17.362171 55.774990 K0.04Na0.39Ca0.57Al1.57Si2.43O8 53.6714 0 29.43 0 0 0 0 0 11.7565 4.42322 0.71888 0 0
500.00 1273.15 46.166294 106.407458 -644339.550786 17.491404 56.137053 K0.04Na0.39Ca0.57Al1.57Si2.43O8 53.6885 0 29.4126 0 0 0 0 0 11.7382 4.41567 0.745104 0 0
500.00 1263.15 46.481944 106.692191 -649246.865451 17.607724 56.456703 K0.04Na0.39Ca0.57Al1.57Si2.43O8 53.7032 0 29.3968 0 0 0 0 0 11.7218 4.40726 0.770927 0 0
500.00 1253.15 46.769166 106.902317 -653764.501882 17.713151 56.740481 K0.05Na0.39Ca0.57Al1.57Si2.43O8 53.7162 0 29.3824 0 0 0 0 0 11.7068 4.39826 0.796365 0 0
500.00 1243.15 47.032051 107.048004 -657948.561360 17.809264 56.993512 K0.05Na0.39Ca0.57Al1.57Si2.43O8 53.7279 0 29.3689 0 0 0 0 0 11.6929 4.38889 0.821431 0 0
500.00 1233.15 47.273811 107.137253 -661843.095502 17.897302 57.219839 K0.05Na0.38Ca0.57Al1.57Si2.43O8 53.7386 0 29.3561 0 0 0 0 0 11.6799 4.3793 0.846131 0 0
500.00 1223.15 47.723833 107.688522 -668582.816974 18.065040 57.692123 K0.05Na0.38Ca0.57Al1.57Si2.43O8 53.7582 0 29.33 0 0 0 0 0 11.6538 4.35473 0.903186 0 0
500.00 1213.15 48.090160 108.032705 -674205.143781 18.199496 58.062565 K0.05Na0.38Ca0.57Al1.57Si2.43O8 53.752 0 29.3251 0 0 0 0 0 11.6512 4.32799 0.943697 0 0
500.00 1203.15 48.153594 107.661828 -675811.619864 18.212580 58.071099 K0.05Na0.38Ca0.57Al1.57Si2.43O8 53.6383 0 29.4105 0 0 0 0 0 11.7482 4.29864 0.904266 0 0
500.00 1193.15 48.207356 107.269785 -677270.238330 18.222984 58.068151 K0.05Na0.38Ca0.57Al1.57Si2.43O8 53.5423 0 29.4835 0 0 0 0 0 11.8308 4.27583 0.867553 0 0
500.00 1183.15 48.247769 106.848905 -678528.963908 18.229344 58.049570 K0.05Na0.37Ca0.58Al1.58Si2.42O8 53.4643 0 29.5437 0 0 0 0 0 11.8987 4.25992 0.833389 0 0
500.00 1173.15 48.237342 106.319191 -679055.697783 18.217884 57.971098 K0.05Na0.37Ca0.58Al1.58Si2.42O8 53.4118 0 29.5861 0 0 0 0 0 11.9459 4.25403 0.802134 0 0
500.00 1163.15 48.153006 105.631180 -678524.600723 18.179829 57.805449 K0.04Na0.37Ca0.58Al1.58Si2.42O8 53.3832 0 29.6118 0 0 0 0 0 11.9738 4.25774 0.773453 0 0
500.00 1153.15 48.073680 104.952230 -678059.379591 18.143754 57.646110 K0.04Na0.37Ca0.58Al1.58Si2.42O8 53.3555 0 29.6368 0 0 0 0 0 12.0009 4.2614 0.745468 0 0
500.00 1143.15 47.999175 104.281725 -677657.613787 18.109583 57.493077 K0.04Na0.37Ca0.58Al1.58Si2.42O8 53.3284 0 29.6611 0 0 0 0 0 12.0273 4.26499 0.718166 0 0
500.00 1133.15 47.929311 103.619069 -677316.995371 18.077244 57.346415 K0.04Na0.37Ca0.59Al1.59Si2.41O8 53.3021 0 29.6849 0 0 0 0 0 12.053 4.26852 0.691536 0 0
500.00 1123.15 47.863915 102.963685 -677035.321622 18.046667 57.206276 K0.04Na0.38Ca0.59Al1.59Si2.41O8 53.2765 0 29.7079 0 0 0 0 0 12.078 4.27198 0.665567 0 0

clinopyroxene_0 thermodynamic data and composition:
Pressure Temperature mass S H V Cp structure formula SiO2 TiO2 Al2O3 Fe2O3 Cr2O3 FeO MnO MgO CaO Na2O K2O P2O5 H2O
500.00 1453.15 4.412966 10.363359 -56030.881887 1.364386 5.256618 cpx Na0.01Ca0.74Fe''0.20Mg0.92Fe'''0.06Ti0.01Al0.18Si1.87O6 51.0208 0.292984 4.22562 2.28538 0 6.34893 0 16.8466 18.8079 0.171809 0 0 0
500.00 1443.15 10.205444 23.944991 -128641.774156 3.145024 12.161632 cpx Na0.01Ca0.68Fe''0.23Mg0.95Fe'''0.06Ti0.01Al0.18Si1.88O6 51.0104 0.304267 4.11672 2.31531 0 7.45876 0 17.2545 17.3668 0.173339 0 0 0
500.00 1433.15 12.878036 30.083938 -161403.781538 3.955187 15.286782 cpx Na0.01Ca0.68Fe''0.25Mg0.92Fe'''0.07Ti0.01Al0.18Si1.87O6 50.7072 0.359357 4.15138 2.4967 0 8.04645 0 16.8027 17.2516 0.184584 0 0 0
500.00 1423.15 14.741929 34.270360 -183783.219221 4.512461 17.420952 cpx Na0.01Ca0.69Fe''0.26Mg0.90Fe'''0.08Ti0.01Al0.18Si1.87O6 50.3588 0.426882 4.21031 2.70211 0 8.52959 0 16.2373 17.3378 0.197232 0 0 0
500.00 1413.15 16.451819 38.055261 -204019.852315 5.018979 19.352960 cpx Na0.02Ca0.70Fe''0.28Mg0.87Fe'''0.08Ti0.01Al0.19Si1.86O6 50.0029 0.500905 4.26963 2.91143 0 8.995 0 15.665 17.4454 0.209655 0 0 0
500.00 1403.15 19.028428 43.795874 -234823.290491 5.787475 22.288892 cpx Na0.02Ca0.70Fe''0.30Mg0.84Fe'''0.09Ti0.02Al0.19Si1.86O6 49.7373 0.556458 4.259 3.06287 0 9.46892 0 15.1553 17.5408 0.219331 0 0 0
500.00 1393.15 21.469862 49.180676 -264238.537704 6.518027 25.074069 cpx Na0.02Ca0.71Fe''0.31Mg0.83Fe'''0.09Ti0.02Al0.18Si1.86O6 49.6907 0.571177 4.13176 3.06097 0 9.84667 0 14.8492 17.6269 0.22261 0 0 0
500.00 1383.15 22.629129 51.597655 -278163.037405 6.861260 26.365749 cpx Na0.02Ca0.71Fe''0.32Mg0.82Fe'''0.09Ti0.02Al0.18Si1.86O6 49.6851 0.586124 4.01985 3.01918 0 10.0953 0 14.6267 17.7442 0.223553 0 0 0
500.00 1373.15 23.209195 52.680193 -285154.457385 7.030065 26.985772 cpx Na0.02Ca0.72Fe''0.32Mg0.81Fe'''0.08Ti0.02Al0.17Si1.86O6 49.6852 0.604021 3.93049 2.96698 0 10.2693 0 14.4418 17.8788 0.223447 0 0 0
500.00 1363.15 23.506233 53.114319 -288801.754942 7.114068 27.279928 cpx Na0.02Ca0.72Fe''0.33Mg0.80Fe'''0.08Ti0.02Al0.17Si1.86O6 49.6873 0.623934 3.85782 2.9101 0 10.3938 0 14.2819 18.0224 0.222771 0 0 0
500.00 1353.15 23.648979 53.197536 -290652.414733 7.152123 27.398031 cpx Na0.02Ca0.73Fe''0.33Mg0.79Fe'''0.08Ti0.02Al0.17Si1.87O6 49.6905 0.645238 3.79746 2.85072 0 10.4827 0 14.1412 18.1704 0.221792 0 0 0
500.00 1343.15 23.701711 53.077898 -291471.879603 7.163562 27.414548 cpx Na0.02Ca0.74Fe''0.33Mg0.78Fe'''0.08Ti0.02Al0.17Si1.87O6 49.6947 0.667565 3.74645 2.78999 0 10.5446 0 14.0158 18.3202 0.220667 0 0 0
500.00 1333.15 23.699631 52.836140 -291675.005617 7.158932 27.370038 cpx Na0.02Ca0.74Fe''0.33Mg0.78Fe'''0.08Ti0.02Al0.16Si1.87O6 49.6997 0.690707 3.70277 2.72862 0 10.5855 0 13.9031 18.4702 0.219491 0 0 0
500.00 1323.15 23.665098 52.522938 -291519.676146 7.144858 27.289890 cpx Na0.02Ca0.75Fe''0.33Mg0.77Fe'''0.08Ti0.02Al0.16Si1.87O6 49.7044 0.715012 3.6647 2.66696 0 10.6111 0 13.8 18.6195 0.218274 0 0 0
500.00 1313.15 23.609851 52.164867 -291140.180866 7.124812 27.187390 cpx Na0.02Ca0.76Fe''0.33Mg0.77Fe'''0.07Ti0.02Al0.16Si1.87O6 49.7086 0.740559 3.63131 2.60531 0 10.6245 0 13.7048 18.7678 0.217045 0 0 0
500.00 1303.15 23.539365 51.774652 -290601.900524 7.100459 27.068954 cpx Na0.02Ca0.76Fe''0.33Mg0.76Fe'''0.07Ti0.02Al0.16Si1.87O6 49.7129 0.766687 3.6023 2.54412 0 10.626 0 13.6177 18.9143 0.215899 0 0 0
500.00 1293.15 23.460684 51.361336 -289853.551822 7.072295 26.935387 cpx Na0.02Ca0.77Fe''0.34Mg0.76Fe'''0.07Ti0.02Al0.16Si1.87O6 49.6957 0.806804 3.57067 2.48175 0 10.6648 0 13.5032 19.0634 0.213719 0 0 0
500.00 1283.15 23.365766 50.917562 -288997.248217 7.040277 26.788214 cpx Na0.02Ca0.77Fe''0.34Mg0.75Fe'''0.07Ti0.02Al0.16Si1.87O6 49.6877 0.842135 3.54688 2.42084 0 10.6683 0 13.4129 19.209 0.212255 0 0 0
500.00 1273.15 23.263768 50.460287 -288074.791171 7.006353 26.634290 cpx Na0.02Ca0.78Fe''0.34Mg0.75Fe'''0.07Ti0.02Al0.16Si1.87O6 49.6788 0.878652 3.52719 2.36086 0 10.6617 0 13.3291 19.3527 0.21096 0 0 0
500.00 1263.15 23.157953 49.996578 -287121.638818 6.971460 26.477149 cpx Na0.02Ca0.79Fe''0.34Mg0.74Fe'''0.07Ti0.03Al0.16Si1.87O6 49.6685 0.916478 3.5114 2.302 0 10.6466 0 13.2507 19.4945 0.209835 0 0 0
500.00 1253.15 23.050587 49.531259 -286161.984522 6.936242 26.319205 cpx Na0.02Ca0.79Fe''0.33Mg0.74Fe'''0.06Ti0.03Al0.16Si1.87O6 49.6562 0.955768 3.49937 2.24439 0 10.6241 0 13.177 19.6343 0.208881 0 0 0
500.00 1243.15 22.943265 49.067645 -285212.507571 6.901144 26.162114 cpx Na0.02Ca0.80Fe''0.33Mg0.74Fe'''0.06Ti0.03Al0.16Si1.87O6 49.6416 0.996715 3.49108 2.18814 0 10.5952 0 13.107 19.7721 0.208103 0 0 0
500.00 1233.15 22.837124 48.608031 -284284.825303 6.866480 26.007025 cpx Na0.02Ca0.80Fe''0.33Mg0.73Fe'''0.06Ti0.03Al0.15Si1.87O6 49.6242 1.03955 3.48657 2.13336 0 10.5607 0 13.0402 19.908 0.207503 0 0 0
500.00 1223.15 22.683936 48.046608 -282353.443829 6.815418 25.787571 cpx Na0.01Ca0.81Fe''0.34Mg0.73Fe'''0.06Ti0.03Al0.15Si1.87O6 49.6418 1.01588 3.44476 2.09701 0 10.6982 0 12.9181 19.9792 0.205051 0 0 0
500.00 1213.15 22.501829 47.424323 -279982.715217 6.755058 25.532671 cpx Na0.01Ca0.81Fe''0.34Mg0.72Fe'''0.06Ti0.03Al0.15Si1.87O6 49.6565 0.989452 3.39865 2.06172 0 10.8677 0 12.7803 20.0432 0.202451 0 0 0
500.00 1203.15 22.216973 46.580088 -275971.016928 6.660790 25.147843 cpx Na0.01Ca0.81Fe''0.35Mg0.71Fe'''0.06Ti0.03Al0.15Si1.88O6 49.6571 0.951336 3.33089 2.03198 0 11.184 0 12.5666 20.0787 0.199342 0 0 0
500.00 1193.15 21.966567 45.816441 -272567.904676 6.578666 24.810316 cpx Na0.01Ca0.82Fe''0.36Mg0.70Fe'''0.06Ti0.03Al0.15Si1.88O6 49.6756 0.917429 3.26361 1.98956 0 11.4403 0 12.3929 20.1242 0.196496 0 0 0
500.00 1183.15 21.762234 45.158144 -269991.876169 6.512921 24.536307 cpx Na0.01Ca0.82Fe''0.37Mg0.69Fe'''0.05Ti0.03Al0.14Si1.88O6 49.7244 0.886808 3.19413 1.9286 0 11.6083 0 12.2803 20.1838 0.193738 0 0 0
500.00 1173.15 21.649032 44.700292 -268900.628630 6.477616 24.379314 cpx Na0.01Ca0.82Fe''0.37Mg0.69Fe'''0.05Ti0.02Al0.14Si1.89O6 49.7886 0.868197 3.14615 1.86267 0 11.6294 0 12.2447 20.2676 0.192633 0 0 0
500.00 1163.15 21.638146 44.462373 -269358.711310 6.474968 24.347149 cpx Na0.01Ca0.83Fe''0.36Mg0.69Fe'''0.05Ti0.02Al0.14Si1.89O6 49.8328 0.86874 3.14388 1.81526 0 11.5118 0 12.2586 20.3743 0.194716 0 0 0
500.00 1153.15 21.625813 44.220206 -269800.491975 6.471934 24.313294 cpx Na0.01Ca0.83Fe''0.36Mg0.69Fe'''0.05Ti0.02Al0.14Si1.89O6 49.8784 0.868967 3.14068 1.76748 0 11.3938 0 12.2747 20.4792 0.196774 0 0 0
500.00 1143.15 21.612078 43.973886 -270226.458957 6.468527 24.277782 cpx Na0.01Ca0.83Fe''0.36Mg0.69Fe'''0.05Ti0.02Al0.14Si1.89O6 49.9254 0.868883 3.13657 1.7194 0 11.2753 0 12.293 20.5826 0.198806 0 0 0
500.00 1133.15 21.596983 43.723508 -270637.082282 6.464760 24.240645 cpx Na0.01Ca0.84Fe''0.35Mg0.69Fe'''0.05Ti0.02Al0.14Si1.89O6 49.9737 0.868492 3.13155 1.67108 0 11.1563 0 12.3136 20.6845 0.200813 0 0 0
500.00 1123.15 21.580568 43.469163 -271032.816919 6.460646 24.201914 cpx Na0.01Ca0.84Fe''0.35Mg0.69Fe'''0.05Ti0.02Al0.14Si1.89O6 50.0233 0.8678 3.12562 1.6226 0 11.0367 0 12.3363 20.7849 0.202796 0 0 0

whitlockite thermodynamic data and composition:
Pressure Temperature mass S H V Cp formula
500.00 1323.15 0.010203 0.022983 -123.418550 0.003211 0.014129 Ca3(PO4)2
500.00 1313.15 0.031665 0.070994 -383.460374 0.009966 0.043595 Ca3(PO4)2
500.00 1303.15 0.049535 0.110538 -600.534207 0.015590 0.067803 Ca3(PO4)2
500.00 1293.15 0.078383 0.174088 -951.337898 0.024668 0.106673 Ca3(PO4)2
500.00 1283.15 0.097744 0.216060 -1187.653519 0.030762 0.132262 Ca3(PO4)2
500.00 1273.15 0.114755 0.252451 -1395.899674 0.036115 0.154398 Ca3(PO4)2
500.00 1263.15 0.129825 0.284231 -1580.958934 0.040858 0.173688 Ca3(PO4)2
500.00 1253.15 0.143273 0.312154 -1746.633813 0.045091 0.190602 Ca3(PO4)2
500.00 1243.15 0.155351 0.336817 -1895.935693 0.048892 0.205515 Ca3(PO4)2
500.00 1233.15 0.166262 0.358702 -2031.286943 0.052326 0.218726 Ca3(PO4)2
500.00 1223.15 0.191474 0.411051 -2341.827766 0.060260 0.250502 Ca3(PO4)2
500.00 1213.15 0.220255 0.470477 -2696.706150 0.069318 0.286572 Ca3(PO4)2
500.00 1203.15 0.265499 0.564270 -3254.097258 0.083557 0.343551 Ca3(PO4)2
500.00 1193.15 0.302155 0.638921 -3707.270803 0.095094 0.388858 Ca3(PO4)2
500.00 1183.15 0.328745 0.691595 -4037.730711 0.103462 0.420792 Ca3(PO4)2
500.00 1173.15 0.341116 0.713924 -4194.027749 0.107355 0.434280 Ca3(PO4)2
500.00 1163.15 0.341116 0.710216 -4198.358929 0.107355 0.431960 Ca3(PO4)2
500.00 1153.15 0.341116 0.706496 -4202.667032 0.107355 0.429665 Ca3(PO4)2
500.00 1143.15 0.341116 0.702764 -4206.952311 0.107355 0.427395 Ca3(PO4)2
500.00 1133.15 0.341116 0.699018 -4211.215013 0.107355 0.425150 Ca3(PO4)2
500.00 1123.15 0.341116 0.695260 -4215.455384 0.107355 0.422929 Ca3(PO4)2

clinopyroxene_1 thermodynamic data and composition:
Pressure Temperature mass S H V Cp structure formula SiO2 TiO2 Al2O3 Fe2O3 Cr2O3 FeO MnO MgO CaO Na2O K2O P2O5 H2O
500.00 1433.15 2.813998 6.697496 -34387.260669 0.859675 3.420926 cpx Na0.01Ca0.27Fe''0.40Mg1.22Fe'''0.05Ti0.00Al0.14Si1.90O6 52.0467 0.16107 3.3151 1.86892 0 13.1746 0 22.3593 6.98951 0.0848583 0 0 0
500.00 1423.15 5.522163 13.074338 -66919.150264 1.679648 6.677811 cpx Na0.01Ca0.27Fe''0.43Mg1.19Fe'''0.06Ti0.00Al0.14Si1.90O6 51.7166 0.180631 3.33244 1.99685 0 14.0884 0 21.6724 6.92409 0.0885667 0 0 0
500.00 1413.15 7.880997 18.561095 -94696.321264 2.386610 9.480447 cpx Na0.01Ca0.27Fe''0.46Mg1.16Fe'''0.06Ti0.01Al0.15Si1.90O6 51.3943 0.198937 3.34384 2.1204 0 15.0178 0 21.0065 6.82681 0.0914413 0 0 0
500.00 1403.15 9.728473 22.789949 -115935.682712 2.933802 11.643630 cpx Na0.01Ca0.27Fe''0.49Mg1.13Fe'''0.06Ti0.01Al0.14Si1.89O6 51.135 0.207736 3.30288 2.20139 0 15.9503 0 20.3791 6.73069 0.092935 0 0 0
500.00 1393.15 10.874203 25.345395 -128845.970249 3.269527 12.965462 cpx Na0.01Ca0.26Fe''0.52Mg1.11Fe'''0.06Ti0.01Al0.14Si1.90O6 51.0451 0.202509 3.17726 2.17696 0 16.7057 0 19.9596 6.641 0.091897 0 0 0
500.00 1383.15 11.768967 27.302014 -138889.265278 3.530511 13.991816 cpx Na0.01Ca0.26Fe''0.54Mg1.09Fe'''0.06Ti0.01Al0.13Si1.90O6 51.0124 0.197346 3.05995 2.1217 0 17.3066 0 19.6875 6.52489 0.0895687 0 0 0
500.00 1373.15 12.520653 28.914379 -147298.025749 3.748754 14.849235 cpx Na0.01Ca0.26Fe''0.56Mg1.08Fe'''0.06Ti0.01Al0.13Si1.90O6 50.9986 0.192952 2.95837 2.05819 0 17.8235 0 19.4872 6.3946 0.0866782 0 0 0
500.00 1363.15 13.169223 30.277504 -154531.341497 3.936187 15.584737 cpx Na0.01Ca0.25Fe''0.57Mg1.08Fe'''0.06Ti0.01Al0.13Si1.91O6 50.9947 0.188976 2.86896 1.99154 0 18.2839 0 19.3309 6.2575 0.0835487 0 0 0
500.00 1353.15 13.738313 31.447850 -160862.125465 4.099892 16.226226 cpx Na0.01Ca0.25Fe''0.59Mg1.07Fe'''0.05Ti0.01Al0.12Si1.91O6 50.9971 0.185205 2.78873 1.9238 0 18.7025 0 19.2048 6.11749 0.0803524 0 0 0
500.00 1343.15 14.243834 32.463507 -166473.776562 4.244637 16.792483 cpx Na0.01Ca0.24Fe''0.60Mg1.07Fe'''0.05Ti0.01Al0.12Si1.91O6 51.004 0.181523 2.71557 1.85608 0 19.0884 0 19.1004 5.97679 0.0771836 0 0 0
500.00 1333.15 14.697347 33.352173 -171498.997395 4.373885 17.297137 cpx Na0.01Ca0.23Fe''0.61Mg1.06Fe'''0.05Ti0.01Al0.12Si1.91O6 51.0141 0.177866 2.64796 1.78901 0 19.4479 0 19.0123 5.83671 0.0740938 0 0 0
500.00 1323.15 15.112634 34.145988 -176092.291669 4.491705 17.756205 cpx Na0.01Ca0.23Fe''0.62Mg1.06Fe'''0.05Ti0.00Al0.11Si1.92O6 51.0259 0.174283 2.58446 1.72283 0 19.7884 0 18.935 5.69802 0.0710878 0 0 0
500.00 1313.15 15.496812 34.861771 -180333.652709 4.600209 18.177984 cpx Na0.00Ca0.22Fe''0.63Mg1.06Fe'''0.05Ti0.00Al0.11Si1.92O6 51.0389 0.170763 2.52423 1.65775 0 20.1137 0 18.8654 5.56115 0.0681753 0 0 0
500.00 1303.15 15.848288 35.496903 -184208.511080 4.698985 18.560860 cpx Na0.00Ca0.22Fe''0.64Mg1.05Fe'''0.05Ti0.00Al0.11Si1.92O6 51.053 0.167181 2.46728 1.59419 0 20.4229 0 18.8037 5.42643 0.065394 0 0 0
500.00 1293.15 16.025610 35.730013 -185926.010806 4.744649 18.732464 cpx Na0.00Ca0.21Fe''0.66Mg1.05Fe'''0.04Ti0.00Al0.11Si1.92O6 51.0518 0.165358 2.403 1.52865 0 20.8029 0 18.6925 5.2935 0.0622338 0 0 0
500.00 1283.15 16.286358 36.148066 -188699.765039 4.815820 19.004925 cpx Na0.00Ca0.21Fe''0.67Mg1.05Fe'''0.04Ti0.00Al0.10Si1.92O6 51.0601 0.16254 2.34621 1.46617 0 21.1264 0 18.6164 5.16263 0.0594718 0 0 0
500.00 1273.15 16.546321 36.559056 -191477.516263 4.886780 19.276082 cpx Na0.00Ca0.20Fe''0.68Mg1.04Fe'''0.04Ti0.00Al0.10Si1.93O6 51.0694 0.159595 2.29183 1.40537 0 21.4364 0 18.5465 5.03397 0.0568545 0 0 0
500.00 1263.15 16.803773 36.959016 -194236.311770 4.956990 19.543757 cpx Na0.00Ca0.20Fe''0.69Mg1.04Fe'''0.04Ti0.00Al0.10Si1.93O6 51.0792 0.156535 2.2396 1.34634 0 21.735 0 18.4813 4.9076 0.0543738 0 0 0
500.00 1253.15 17.057867 37.345998 -196963.925654 5.026179 19.806835 cpx Na0.00Ca0.19Fe''0.70Mg1.04Fe'''0.04Ti0.00Al0.10Si1.93O6 51.0891 0.153374 2.18931 1.28912 0 22.0239 0 18.4196 4.78355 0.0520211 0 0 0
500.00 1243.15 17.308328 37.719351 -199655.098502 5.094247 20.064884 cpx Na0.00Ca0.19Fe''0.71Mg1.04Fe'''0.04Ti0.00Al0.10Si1.93O6 51.0989 0.150124 2.14079 1.23373 0 22.3046 0 18.3603 4.66181 0.0497884 0 0 0
500.00 1233.15 17.555256 38.079263 -202309.181950 5.161206 20.317926 cpx Na0.00Ca0.18Fe''0.71Mg1.03Fe'''0.03Ti0.00Al0.09Si1.93O6 51.1082 0.146798 2.09389 1.18019 0 22.5782 0 18.3028 4.54236 0.0476679 0 0 0
500.00 1223.15 18.157359 39.181758 -208590.585680 5.327540 20.956465 cpx Na0.00Ca0.18Fe''0.73Mg1.02Fe'''0.03Ti0.00Al0.09Si1.94O6 51.0423 0.136497 2.06232 1.15464 0 23.0487 0 18.0637 4.44603 0.0457426 0 0 0
500.00 1213.15 18.866863 40.495691 -215946.401026 5.523456 21.708962 cpx Na0.00Ca0.18Fe''0.75Mg1.01Fe'''0.03Ti0.00Al0.09Si1.94O6 50.9617 0.126364 2.03071 1.1312 0 23.5694 0 17.7851 4.35167 0.0438484 0 0 0
500.00 1203.15 20.013875 42.705318 -227727.108758 5.841057 22.933409 cpx Na0.00Ca0.17Fe''0.77Mg0.99Fe'''0.03Ti0.00Al0.09Si1.94O6 50.8226 0.115176 1.99412 1.11518 0 24.3065 0 17.3411 4.26344 0.0419083 0 0 0
500.00 1193.15 21.011722 44.577064 -237888.685500 6.115523 23.987445 cpx Na0.00Ca0.17Fe''0.80Mg0.97Fe'''0.03Ti0.00Al0.09Si1.94O6 50.7131 0.10531 1.95385 1.09051 0 24.9563 0 16.9684 4.17246 0.0400631 0 0 0
500.00 1183.15 21.760157 45.910113 -245467.463393 6.319594 24.765700 cpx Na0.00Ca0.17Fe''0.82Mg0.95Fe'''0.03Ti0.00Al0.09Si1.94O6 50.6476 0.0966455 1.90777 1.05374 0 25.477 0 16.6991 4.07992 0.0382986 0 0 0
500.00 1173.15 22.093891 46.376084 -248847.014149 6.407928 25.093264 cpx Na0.00Ca0.16Fe''0.83Mg0.95Fe'''0.03Ti0.00Al0.08Si1.94O6 50.6354 0.0898844 1.86771 1.01081 0 25.7923 0 16.5836 3.98328 0.0369192 0 0 0
500.00 1163.15 22.055379 46.076517 -248479.202832 6.392681 25.018553 cpx Na0.00Ca0.16Fe''0.83Mg0.95Fe'''0.03Ti0.00Al0.08Si1.94O6 50.6557 0.085287 1.84817 0.974427 0 25.921 0 16.5982 3.88099 0.0361715 0 0 0
500.00 1153.15 22.017396 45.777002 -248116.206935 6.377600 24.943928 cpx Na0.00Ca0.16Fe''0.84Mg0.95Fe'''0.03Ti0.00Al0.08Si1.94O6 50.6755 0.0808578 1.82842 0.938607 0 26.049 0 16.6115 3.78069 0.0354313 0 0 0
500.00 1143.15 21.979949 45.477530 -247757.958887 6.362687 24.869386 cpx Na0.00Ca0.15Fe''0.84Mg0.95Fe'''0.03Ti0.00Al0.08Si1.95O6 50.6948 0.0765935 1.80848 0.903371 0 26.1763 0 16.6234 3.68231 0.0346984 0 0 0
500.00 1133.15 21.943047 45.178099 -247404.431121 6.347941 24.794926 cpx Na0.00Ca0.15Fe''0.84Mg0.95Fe'''0.03Ti0.00Al0.08Si1.95O6 50.7135 0.0724912 1.78835 0.868738 0 26.303 0 16.6341 3.58579 0.033973 0 0 0
500.00 1123.15 21.906700 44.878710 -247055.630278 6.333364 24.720551 cpx Na0.00Ca0.14Fe''0.85Mg0.95Fe'''0.02Ti0.00Al0.08Si1.95O6 50.7317 0.0685475 1.76806 0.83473 0 26.4292 0 16.6435 3.49107 0.0332549 0 0 0

spinel_0 thermodynamic data and composition:
Pressure Temperature mass S H V Cp formula SiO2 TiO2 Al2O3 Fe2O3 Cr2O3 FeO MnO MgO CaO Na2O K2O P2O5 H2O
500.00 1433.15 0.070518 0.152856 -452.409430 0.015598 0.068450 Fe''0.71Mg0.41Fe'''1.00Al0.44Cr0.34Ti0.11O4 0 4.35341 11.0741 39.0193 12.6534 24.889 0 8.01077 0 0 0 0 0
500.00 1423.15 0.166265 0.358125 -1004.871777 0.036366 0.159111 Fe''0.80Mg0.36Fe'''1.10Al0.36Cr0.22Ti0.16O4 0 5.9732 8.91434 42.359 8.20436 27.6354 0 6.91366 0 0 0 0 0
500.00 1413.15 0.424247 0.907860 -2445.500068 0.092015 0.402163 Fe''0.89Mg0.32Fe'''1.18Al0.30Cr0.11Ti0.21O4 0 7.90404 7.15002 44.5889 3.92301 30.3844 0 6.0496 0 0 0 0 0
500.00 1403.15 1.675216 3.558735 -9347.776446 0.361000 1.577579 Fe''0.97Mg0.28Fe'''1.21Al0.25Cr0.03Ti0.25O4 0 9.54319 5.88803 45.4574 1.05238 32.6899 0 5.36907 0 0 0 0 0
500.00 1393.15 3.281395 6.929605 -18021.143112 0.703767 3.074884 Fe''1.01Mg0.26Fe'''1.22Al0.22Cr0.02Ti0.27O4 0 10.221 5.22408 45.2088 0.539012 33.8872 0 4.91993 0 0 0 0 0
500.00 1383.15 4.046573 8.504780 -22033.221155 0.865008 3.778268 Fe''1.04Mg0.25Fe'''1.21Al0.20Cr0.01Ti0.29O4 0 10.7166 4.78698 44.7073 0.437247 34.7324 0 4.61945 0 0 0 0 0
500.00 1373.15 4.421405 9.252694 -23946.508736 0.942747 4.116433 Fe''1.07Mg0.24Fe'''1.20Al0.19Cr0.01Ti0.30O4 0 11.1622 4.45398 44.1536 0.400225 35.4382 0 4.39181 0 0 0 0 0
500.00 1363.15 4.611004 9.610453 -24887.995962 0.981161 4.282589 Fe''1.09Mg0.23Fe'''1.18Al0.18Cr0.01Ti0.31O4 0 11.5739 4.18465 43.593 0.383789 36.0569 0 4.20781 0 0 0 0 0
500.00 1353.15 4.703497 9.764987 -25331.016636 0.999115 4.359237 Fe''1.11Mg0.22Fe'''1.17Al0.17Cr0.01Ti0.32O4 0 11.9574 3.95866 43.0425 0.376253 36.6123 0 4.05287 0 0 0 0 0
500.00 1343.15 4.741591 9.806488 -25500.430669 1.005698 4.386135 Fe''1.12Mg0.21Fe'''1.16Al0.16Cr0.01Ti0.34O4 0 12.3161 3.76402 42.5096 0.373237 37.1186 0 3.91848 0 0 0 0 0
500.00 1333.15 4.747809 9.782306 -25512.657289 1.005675 4.384133 Fe''1.14Mg0.21Fe'''1.15Al0.15Cr0.01Ti0.34O4 0 12.6525 3.593 41.9975 0.372753 37.5851 0 3.79924 0 0 0 0 0
500.00 1323.15 4.733836 9.717011 -25428.025995 1.001512 4.363975 Fe''1.15Mg0.20Fe'''1.13Al0.15Cr0.01Ti0.35O4 0 12.9777 3.43849 41.4921 0.373857 38.0265 0 3.69132 0 0 0 0 0
500.00 1313.15 4.706452 9.624793 -25280.671361 0.994630 4.331874 Fe''1.17Mg0.19Fe'''1.12Al0.14Cr0.01Ti0.36O4 0 13.2951 3.29679 40.9904 0.376035 38.4494 0 3.59228 0 0 0 0 0
500.00 1303.15 4.671505 9.517653 -25098.123927 0.986243 4.293193 Fe''1.18Mg0.19Fe'''1.11Al0.14Cr0.01Ti0.37O4 0 13.5935 3.16788 40.5136 0.37885 38.8456 0 3.50052 0 0 0 0 0
500.00 1293.15 4.554943 9.247276 -24516.493080 0.960882 4.179412 Fe''1.20Mg0.19Fe'''1.09Al0.13Cr0.01Ti0.39O4 0 14.1231 3.0036 39.625 0.388547 39.4515 0 3.40827 0 0 0 0 0
500.00 1283.15 4.473261 9.048340 -24111.005750 0.942929 4.098416 Fe''1.22Mg0.18Fe'''1.07Al0.12Cr0.01Ti0.40O4 0 14.5221 2.87377 38.9562 0.395643 39.9254 0 3.32685 0 0 0 0 0
500.00 1273.15 4.391564 8.850515 -23707.807795 0.925059 4.017789 Fe''1.23Mg0.18Fe'''1.05Al0.12Cr0.01Ti0.41O4 0 14.9051 2.75405 38.3093 0.403005 40.3776 0 3.25087 0 0 0 0 0
500.00 1263.15 4.310271 8.654598 -23308.006946 0.907345 3.937866 Fe''1.25Mg0.17Fe'''1.04Al0.11Cr0.01Ti0.42O4 0 15.2729 2.64297 37.6837 0.410607 40.8105 0 3.1793 0 0 0 0 0
500.00 1253.15 4.229485 8.460753 -22911.319681 0.889798 3.858699 Fe''1.26Mg0.17Fe'''1.02Al0.11Cr0.01Ti0.43O4 0 15.6265 2.53936 37.0784 0.418451 41.226 0 3.11134 0 0 0 0 0
500.00 1243.15 4.149111 8.268764 -22516.614900 0.872389 3.780172 Fe''1.27Mg0.17Fe'''1.00Al0.11Cr0.01Ti0.44O4 0 15.9668 2.44226 36.4925 0.426557 41.6255 0 3.04635 0 0 0 0 0
500.00 1233.15 4.068926 8.078169 -22122.224877 0.855064 3.702059 Fe''1.29Mg0.16Fe'''0.99Al0.10Cr0.01Ti0.45O4 0 16.2945 2.3509 35.9252 0.434964 42.0107 0 2.98382 0 0 0 0 0
500.00 1223.15 3.577514 7.067596 -19333.109227 0.750119 3.248923 Fe''1.28Mg0.15Fe'''1.01Al0.10Cr0.01Ti0.44O4 0 15.9169 2.30939 36.5539 0.49471 41.9046 0 2.82053 0 0 0 0 0
500.00 1213.15 3.022094 5.940562 -16230.603010 0.632212 2.739416 Fe''1.28Mg0.15Fe'''1.03Al0.10Cr0.02Ti0.43O4 0 15.5171 2.26786 37.1932 0.585628 41.7804 0 2.65587 0 0 0 0 0
500.00 1203.15 2.171581 4.246784 -11580.269434 0.453078 1.964152 Fe''1.28Mg0.13Fe'''1.05Al0.10Cr0.02Ti0.42O4 0 15.0544 2.21778 37.8063 0.814981 41.6466 0 2.45992 0 0 0 0 0
500.00 1193.15 1.452795 2.827216 -7704.345354 0.302381 1.311253 Fe''1.28Mg0.13Fe'''1.06Al0.10Cr0.04Ti0.40O4 0 14.554 2.18701 38.3134 1.21819 41.4255 0 2.30183 0 0 0 0 0
500.00 1183.15 0.934909 1.810908 -4939.606744 0.194167 0.842015 Fe''1.27Mg0.12Fe'''1.07Al0.09Cr0.06Ti0.39O4 0 13.9802 2.18304 38.6763 1.89307 41.0837 0 2.18366 0 0 0 0 0
500.00 1173.15 0.713495 1.375626 -3760.218942 0.147921 0.641456 Fe''1.26Mg0.12Fe'''1.09Al0.10Cr0.07Ti0.37O4 0 13.4521 2.19098 39.0469 2.48075 40.724 0 2.10519 0 0 0 0 0
500.00 1163.15 0.731352 1.403295 -3842.383908 0.151433 0.656922 Fe''1.25Mg0.11Fe'''1.10Al0.09Cr0.07Ti0.37O4 0 13.1538 2.17661 39.6704 2.42017 40.5309 0 2.04812 0 0 0 0 0
500.00 1153.15 0.749262 1.430674 -3924.255509 0.154946 0.672417 Fe''1.25Mg0.11Fe'''1.12Al0.09Cr0.07Ti0.36O4 0 12.854 2.16176 40.2947 2.36232 40.3354 0 1.99173 0 0 0 0 0
500.00 1143.15 0.767209 1.457729 -4005.782911 0.158457 0.687928 Fe''1.24Mg0.11Fe'''1.14Al0.09Cr0.07Ti0.35O4 0 12.5535 2.14642 40.9189 2.30706 40.138 0 1.93609 0 0 0 0 0
500.00 1133.15 0.785181 1.484430 -4086.922629 0.161963 0.703442 Fe''1.24Mg0.10Fe'''1.16Al0.09Cr0.07Ti0.34O4 0 12.2527 2.13062 41.542 2.25426 39.9392 0 1.88123 0 0 0 0 0
500.00 1123.15 0.803165 1.510752 -4167.637722 0.165464 0.718947 Fe''1.23Mg0.10Fe'''1.18Al0.09Cr0.06Ti0.33O4 0 11.9522 2.11437 42.1632 2.20378 39.7392 0 1.82721 0 0 0 0 0

Title: Nd3

Phase Masses:
Pressure Temperature mass liquid_0 olivine_0 clinopyroxene_0 clinopyroxene_1 feldspar_0 feldspar_1 spinel_0 rhm-oxide_0 whitlockite 
500.00 1523.15 97.822266 97.822266 0.000000 0.000000 0.000000 0.000000 0.000000 0.000000 0.000000 0.000000 
500.00 1513.15 97.822845 97.822845 0.000000 0.000000 0.000000 0.000000 0.000000 0.000000 0.000000 0.000000 
500.00 1503.15 97.823461 97.823461 0.000000 0.000000 0.000000 0.000000 0.000000 0.000000 0.000000 0.000000 
500.00 1493.15 97.824113 97.824113 0.000000 0.000000 0.000000 0.000000 0.000000 0.000000 0.000000 0.000000 
500.00 1483.15 97.824436 95.795798 0.000000 0.000000 0.000000 2.028638 0.000000 0.000000 0.000000 0.000000 
500.00 1473.15 97.824455 92.244665 0.000000 0.000000 0.000000 5.579791 0.000000 0.000000 0.000000 0.000000 
500.00 1463.15 97.824468 88.902788 0.000000 0.000000 0.000000 8.921680 0.000000 0.000000 0.000000 0.000000 
500.00 1453.15 97.823215 80.222886 0.000000 4.412966 0.000000 13.187363 0.000000 0.000000 0.000000 0.000000 
500.00 1443.15 97.820148 69.853347 0.000000 10.205444 0.000000 17.761357 0.000000 0.000000 0.000000 0.000000 
500.00 1433.15 97.818015 59.510194 0.000000 12.878036 2.813998 22.545269 0.000000 0.070518 0.000000 0.000000 
500.00 1423.15 97.817670 50.882311 0.000000 14.741929 5.522163 26.505001 0.000000 0.166265 0.000000 0.000000 
500.00 1413.15 97.823472 43.227750 0.000000 16.451819 7.880997 29.838659 0.000000 0.424247 0.000000 0.000000 
500.00 1403.15 97.861723 34.482515 0.000000 19.028428 9.728473 32.947092 0.000000 1.675216 0.000000 0.000000 
500.00 1393.15 97.906955 26.415943 0.000000 21.469862 10.874203 35.865552 0.000000 3.281395 0.000000 0.000000 
500.00 1383.15 97.922660 21.427643 0.000000 22.629129 11.768967 38.050348 0.000000 4.046573 0.000000 0.000000 
500.00 1373.15 97.925625 18.090914 0.000000 23.209195 12.520653 39.683459 0.000000 4.421405 0.000000 0.000000 
500.00 1363.15 97.923014 15.695197 0.000000 23.506233 13.169223 40.941358 0.000000 4.611004 0.000000 0.000000 
500.00 1353.15 97.917794 13.888524 0.000000 23.648979 13.738313 41.938481 0.000000 4.703497 0.000000 0.000000 
500.00 1343.15 97.911343 12.475067 0.000000 23.701711 14.243834 42.749139 0.000000 4.741591 0.000000 0.000000 
500.00 1333.15 97.904351 11.336742 0.000000 23.699631 14.697347 43.422822 0.000000 4.747809 0.000000 0.000000 
500.00 1323.15 97.897035 10.376819 0.000000 23.665098 15.112634 43.998445 0.000000 4.733836 0.000000 0.010203 
500.00 1313.15 97.889561 9.545226 0.000000 23.609851 15.496812 44.499554 0.000000 4.706452 0.000000 0.031665 
500.00 1303.15 97.882244 8.837517 0.000000 23.539365 15.848288 44.936034 0.000000 4.671505 0.000000 0.049535 
500.00 1293.15 97.869393 8.059841 0.262685 23.460684 16.025610 45.427247 0.000000 4.554943 0.000000 0.078383 
500.00 1283.15 97.859713 7.448535 0.371070 23.365766 16.286358 45.816980 0.000000 4.473261 0.000000 0.097744 
500.00 1273.15 97.850469 6.906495 0.461271 23.263768 16.546321 46.166294 0.000000 4.391564 0.000000 0.114755 
500.00 1263.15 97.841632 6.421071 0.536794 23.157953 16.803773 46.481944 0.000000 4.310271 0.000000 0.129825 
500.00 1253.15 97.833171 5.982452 0.600340 23.050587 17.057867 46.769166 0.000000 4.229485 0.000000 0.143273 
500.00 1243.15 97.825053 5.582931 0.654018 22.943265 17.308328 47.032051 0.000000 4.149111 0.000000 0.155351 
500.00 1233.15 97.817247 5.216375 0.699493 22.837124 17.555256 47.273811 0.000000 4.068926 0.000000 0.166262 
500.00 1223.15 97.803725 4.461073 0.745516 22.683936 18.157359 47.723833 0.000000 3.577514 0.263019 0.191474 
500.00 1213.15 97.787529 3.594468 0.782930 22.501829 18.866863 48.090160 0.167295 3.022094 0.541634 0.220255 
500.00 1203.15 97.761109 2.247262 0.812071 22.216973 20.013875 48.153594 0.952204 2.171581 0.928051 0.265499 
500.00 1193.15 97.737003 1.152931 0.829312 21.966567 21.011722 48.207356 1.576921 1.452795 1.237243 0.302155 
500.00 1183.15 97.717762 0.363154 0.833431 21.762234 21.760157 48.247769 2.034360 0.934909 1.453004 0.328745 
500.00 1173.15 97.707850 0.000000 0.835444 21.649032 22.093891 48.237342 2.290230 0.713495 1.547300 0.341116 
500.00 1163.15 97.706929 0.000000 0.851928 21.638146 22.055379 48.153006 2.388782 0.731352 1.547219 0.341116 
500.00 1153.15 97.706039 0.000000 0.868260 21.625813 22.017396 48.073680 2.483097 0.749262 1.547414 0.341116 
500.00 1143.15 97.705179 0.000000 0.884423 21.612078 21.979949 47.999175 2.573349 0.767209 1.547879 0.341116 
500.00 1133.15 97.704350 0.000000 0.900401 21.596983 21.943047 47.929311 2.659703 0.785181 1.548608 0.341116 
500.00 1123.15 97.703553 0.000000 0.916178 21.580568 21.906700 47.863915 2.742315 0.803165 1.549597 0.341116 

Title: Nd3

Phase Volumes:
Pressure Temperature mass V liquid_0 olivine_0 clinopyroxene_0 clinopyroxene_1 feldspar_0 feldspar_1 spinel_0 rhm-oxide_0 whitlockite 
500.00 1523.15 97.822266 36.536190 36.536190 0.000000 0.000000 0.000000 0.000000 0.000000 0.000000 0.000000 0.000000 
500.00 1513.15 97.822845 36.513448 36.513448 0.000000 0.000000 0.000000 0.000000 0.000000 0.000000 0.000000 0.000000 
500.00 1503.15 97.823461 36.490736 36.490736 0.000000 0.000000 0.000000 0.000000 0.000000 0.000000 0.000000 0.000000 
500.00 1493.15 97.824113 36.468052 36.468052 0.000000 0.000000 0.000000 0.000000 0.000000 0.000000 0.000000 0.000000 
500.00 1483.15 97.824436 36.412129 35.652348 0.000000 0.000000 0.000000 0.759780 0.000000 0.000000 0.000000 0.000000 
500.00 1473.15 97.824455 36.330550 34.239134 0.000000 0.000000 0.000000 2.091416 0.000000 0.000000 0.000000 0.000000 
500.00 1463.15 97.824468 36.251518 32.904836 0.000000 0.000000 0.000000 3.346682 0.000000 0.000000 0.000000 0.000000 
500.00 1453.15 97.823215 35.927025 29.609160 0.000000 1.364386 0.000000 4.953480 0.000000 0.000000 0.000000 0.000000 
500.00 1443.15 97.820148 35.527694 25.700880 0.000000 3.145024 0.000000 6.681790 0.000000 0.000000 0.000000 0.000000 
500.00 1433.15 97.818015 35.146918 21.823317 0.000000 3.955187 0.859675 8.493141 0.000000 0.015598 0.000000 0.000000 
500.00 1423.15 97.817670 34.828154 18.602169 0.000000 4.512461 1.679648 9.997511 0.000000 0.036366 0.000000 0.000000 
500.00 1413.15 97.823472 34.548295 15.782334 0.000000 5.018979 2.386610 11.268356 0.000000 0.092015 0.000000 0.000000 
500.00 1403.15 97.861723 34.264391 12.724779 0.000000 5.787475 2.933802 12.457335 0.000000 0.361000 0.000000 0.000000 
500.00 1393.15 97.906955 34.025504 9.958060 0.000000 6.518027 3.269527 13.576124 0.000000 0.703767 0.000000 0.000000 
500.00 1383.15 97.922660 33.868558 8.197729 0.000000 6.861260 3.530511 14.414050 0.000000 0.865008 0.000000 0.000000 
500.00 1373.15 97.925625 33.755538 6.994133 0.000000 7.030065 3.748754 15.039838 0.000000 0.942747 0.000000 0.000000 
500.00 1363.15 97.923014 33.668366 6.116003 0.000000 7.114068 3.936187 15.520946 0.000000 0.981161 0.000000 0.000000 
500.00 1353.15 97.917794 33.597927 5.445477 0.000000 7.152123 4.099892 15.901320 0.000000 0.999115 0.000000 0.000000 
500.00 1343.15 97.911343 33.539014 4.915529 0.000000 7.163562 4.244637 16.209587 0.000000 1.005698 0.000000 0.000000 
500.00 1333.15 97.904351 33.488399 4.485051 0.000000 7.158932 4.373885 16.464856 0.000000 1.005675 0.000000 0.000000 
500.00 1323.15 97.897035 33.443165 4.119714 0.000000 7.144858 4.491705 16.682163 0.000000 1.001512 0.000000 0.003211 
500.00 1313.15 97.889561 33.401854 3.801608 0.000000 7.124812 4.600209 16.870629 0.000000 0.994630 0.000000 0.009966 
500.00 1303.15 97.882244 33.364585 3.529206 0.000000 7.100459 4.698985 17.034103 0.000000 0.986243 0.000000 0.015590 
500.00 1293.15 97.869393 33.327691 3.237162 0.070632 7.072295 4.744649 17.217402 0.000000 0.960882 0.000000 0.024668 
500.00 1283.15 97.859713 33.294272 3.002885 0.099427 7.040277 4.815820 17.362171 0.000000 0.942929 0.000000 0.030762 
500.00 1273.15 97.850469 33.262797 2.793893 0.123193 7.006353 4.886780 17.491404 0.000000 0.925059 0.000000 0.036115 
500.00 1263.15 97.841632 33.232951 2.605653 0.142920 6.971460 4.956990 17.607724 0.000000 0.907345 0.000000 0.040858 
500.00 1253.15 97.833171 33.204464 2.434632 0.159371 6.936242 5.026179 17.713151 0.000000 0.889798 0.000000 0.045091 
500.00 1243.15 97.825053 33.177113 2.278044 0.173134 6.901144 5.094247 17.809264 0.000000 0.872389 0.000000 0.048892 
500.00 1233.15 97.817247 33.150713 2.133660 0.184675 6.866480 5.161206 17.897302 0.000000 0.855064 0.000000 0.052326 
500.00 1223.15 97.803725 33.101843 1.830541 0.196077 6.815418 5.327540 18.065040 0.000000 0.750119 0.056847 0.060260 
500.00 1213.15 97.787529 33.047277 1.479078 0.205068 6.755058 5.523456 18.199496 0.066652 0.632212 0.116938 0.069318 
500.00 1203.15 97.761109 32.968856 0.926893 0.211482 6.660790 5.841057 18.212580 0.379323 0.453078 0.200095 0.083557 
500.00 1193.15 97.737003 32.900739 0.476591 0.214916 6.578666 6.115523 18.222984 0.628111 0.302381 0.266473 0.095094 
500.00 1183.15 97.717762 32.847966 0.150433 0.215135 6.512921 6.319594 18.229344 0.810210 0.194167 0.312700 0.103462 
500.00 1173.15 97.707850 32.818661 0.000000 0.215137 6.477616 6.407928 18.217884 0.911990 0.147921 0.332830 0.107355 
500.00 1163.15 97.706929 32.809255 0.000000 0.219194 6.474968 6.392681 18.179829 0.951101 0.151433 0.332695 0.107355 
500.00 1153.15 97.706039 32.799915 0.000000 0.223199 6.471934 6.377600 18.143754 0.988508 0.154946 0.332619 0.107355 
500.00 1143.15 97.705179 32.790639 0.000000 0.227150 6.468527 6.362687 18.109583 1.024281 0.158457 0.332600 0.107355 
500.00 1133.15 97.704350 32.781428 0.000000 0.231041 6.464760 6.347941 18.077244 1.058486 0.161963 0.332638 0.107355 
500.00 1123.15 97.703553 32.772280 0.000000 0.234869 6.460646 6.333364 18.046667 1.091185 0.165464 0.332731 0.107355 

Title: Nd3

Solid Composition:
Pressure Temperature mass SiO2 TiO2 Al2O3 Fe2O3 Cr2O3 FeO MnO MgO CaO Na2O K2O P2O5 H2O 
500.00 1523.15 0.000000 ---
500.00 1513.15 0.000000 ---
500.00 1503.15 0.000000 ---
500.00 1493.15 0.000000 ---
500.00 1483.15 2.028638 48.2568 0 33.2187 0 0 0 0 0 16.1457 2.28981 0.088967 0 0
500.00 1473.15 5.579791 48.5876 0 32.9933 0 0 0 0 0 15.8826 2.43597 0.100569 0 0
500.00 1463.15 8.921680 48.9241 0 32.7637 0 0 0 0 0 15.6146 2.58391 0.113715 0 0
500.00 1453.15 17.600329 49.8386 0.0734606 25.3427 0.573019 0 1.59188 0 4.22398 16.1055 2.1494 0.101461 0 0
500.00 1443.15 27.966801 50.3838 0.111031 21.8322 0.844886 0 2.7218 0 6.29638 15.6968 2.00806 0.104943 0 0
500.00 1433.15 38.307821 50.6218 0.140652 20.2841 1.04844 0.0232927 3.71859 0 7.30582 14.7361 2.00141 0.119821 0 0
500.00 1423.15 46.935358 50.7303 0.176491 19.4227 1.2337 0.0290633 4.43452 0 7.67432 14.117 2.04239 0.139552 0 0
500.00 1413.15 54.595722 50.6447 0.241079 18.7533 1.5299 0.0304845 5.11449 0 7.79983 13.6383 2.08676 0.161075 0 0
500.00 1403.15 63.379209 49.8143 0.451195 17.8694 2.45899 0.0278162 6.15523 0 7.82013 13.1326 2.09475 0.175555 0 0
500.00 1393.15 71.491012 49.0035 0.671475 17.1776 3.32544 0.0247403 7.05355 0 7.72123 12.7146 2.11967 0.188113 0 0
500.00 1383.15 76.495017 48.8041 0.770659 16.8826 3.58459 0.0231303 7.48646 0 7.60029 12.4761 2.16617 0.205825 0 0
500.00 1373.15 79.834711 48.7988 0.824042 16.7289 3.63065 0.0221653 7.74337 0 7.49789 12.3232 2.20665 0.224271 0 0
500.00 1363.15 82.227817 48.8568 0.857644 16.6361 3.59538 0.0215213 7.92143 0 7.41463 12.2165 2.23785 0.24219 0 0
500.00 1353.15 84.029270 48.935 0.881182 16.5745 3.52611 0.0210606 8.05732 0 7.34658 12.1378 2.26107 0.259287 0 0
500.00 1343.15 85.436276 49.0177 0.898983 16.5312 3.44266 0.0207141 8.1677 0 7.29013 12.0773 2.27811 0.275548 0 0
500.00 1333.15 86.567609 49.0987 0.91322 16.4992 3.35411 0.0204437 8.26121 0 7.24251 12.0291 2.29048 0.291046 0 0
500.00 1323.15 87.520216 49.1709 0.925373 16.4723 3.26287 0.0202214 8.34298 0 7.20074 11.9942 2.29893 0.306173 0.005335 0
500.00 1313.15 88.344335 49.2334 0.93615 16.4482 3.17078 0.0200329 8.41594 0 7.16321 11.9705 2.30425 0.321121 0.0164024 0
500.00 1303.15 89.044727 49.2933 0.945581 16.4289 3.08173 0.0198754 8.48186 0 7.13025 11.9498 2.30768 0.335533 0.0254568 0
500.00 1293.15 89.809552 49.3292 0.956556 16.41 2.93077 0.0197062 8.59639 0.035214 7.09435 11.9302 2.30747 0.350142 0.0399391 0
500.00 1283.15 90.411178 49.3775 0.96543 16.3955 2.81718 0.0195752 8.67618 0.0511369 7.06436 11.9123 2.30709 0.364301 0.049473 0
500.00 1273.15 90.943973 49.4258 0.973547 16.3831 2.70952 0.0194606 8.74927 0.0651743 7.03691 11.8954 2.30586 0.37824 0.057743 0
500.00 1263.15 91.420561 49.4738 0.981011 16.3723 2.60729 0.0193592 8.81681 0.0775914 7.01163 11.8792 2.30398 0.391971 0.0649855 0
500.00 1253.15 91.850719 49.5214 0.987901 16.3628 2.51001 0.0192686 8.87971 0.0886103 6.98821 11.8636 2.30162 0.405499 0.0713812 0
500.00 1243.15 92.242123 49.5683 0.994277 16.3544 2.41721 0.0191868 8.93869 0.098417 6.9664 11.8483 2.29889 0.418828 0.0770702 0
500.00 1233.15 92.600872 49.6146 1.00019 16.3467 2.32844 0.0191125 8.99433 0.107168 6.94599 11.8334 2.2959 0.43196 0.0821635 0
500.00 1223.15 93.342652 49.7446 1.01591 16.3226 2.17121 0.0189606 9.07065 0.122764 6.90022 11.7923 2.2852 0.461777 0.0938711 0
500.00 1213.15 94.193061 49.9043 1.0298 16.2976 1.98535 0.0187893 9.15892 0.137293 6.84642 11.7391 2.27137 0.504128 0.107006 0
500.00 1203.15 95.513847 50.1683 1.04429 16.2623 1.68801 0.0185292 9.29828 0.154414 6.76139 11.6475 2.24749 0.582199 0.127203 0
500.00 1193.15 96.584072 50.3948 1.05293 16.2298 1.42483 0.0183237 9.43247 0.167339 6.69317 11.5737 2.22804 0.641414 0.143161 0
500.00 1183.15 97.354608 50.5665 1.05735 16.2037 1.21934 0.0181794 9.54385 0.176036 6.64439 11.5206 2.21393 0.681577 0.154527 0
500.00 1173.15 97.707850 50.6492 1.05877 16.1906 1.11496 0.0181152 9.60399 0.179822 6.62209 11.4962 2.2074 0.699125 0.159762 0
500.00 1163.15 97.706929 50.6496 1.05878 16.1908 1.10557 0.0181154 9.61253 0.179823 6.62215 11.4963 2.20742 0.699132 0.159763 0
500.00 1153.15 97.706039 50.6501 1.05879 16.1909 1.09648 0.0181156 9.62081 0.179825 6.62221 11.4964 2.20744 0.699138 0.159765 0
500.00 1143.15 97.705179 50.6505 1.0588 16.1911 1.0877 0.0181157 9.6288 0.179827 6.62227 11.4965 2.20746 0.699144 0.159766 0
500.00 1133.15 97.704350 50.651 1.05881 16.1912 1.07925 0.0181159 9.6365 0.179828 6.62233 11.4966 2.20748 0.69915 0.159768 0
500.00 1123.15 97.703553 50.6514 1.05882 16.1913 1.07112 0.018116 9.6439 0.17983 6.62238 11.4967 2.20749 0.699156 0.159769 0
Title: Nd3

Bulk Composition:
Pressure Temperature mass SiO2 TiO2 Al2O3 Fe2O3 Cr2O3 FeO MnO MgO CaO Na2O K2O P2O5 H2O 
500.00 1523.15 97.822266 50.5899 1.05753 16.1717 2.28108 0.018094 8.54229 0.179611 6.61434 11.4828 2.20482 0.698307 0.159575 0
500.00 1513.15 97.822845 50.5896 1.05752 16.1716 2.28698 0.0180939 8.53692 0.17961 6.6143 11.4827 2.2048 0.698303 0.159574 0
500.00 1503.15 97.823461 50.5893 1.05752 16.1715 2.29324 0.0180938 8.53121 0.179609 6.61426 11.4826 2.20479 0.698299 0.159573 0
500.00 1493.15 97.824113 50.589 1.05751 16.1714 2.29988 0.0180937 8.52517 0.179608 6.61422 11.4825 2.20477 0.698294 0.159572 0
500.00 1483.15 97.824436 50.5888 1.05751 16.1713 2.30317 0.0180936 8.52218 0.179607 6.6142 11.4825 2.20477 0.698292 0.159572 0
500.00 1473.15 97.824455 50.5888 1.05751 16.1713 2.30337 0.0180936 8.522 0.179607 6.61419 11.4825 2.20477 0.698292 0.159572 0
500.00 1463.15 97.824468 50.5888 1.05751 16.1713 2.3035 0.0180936 8.52188 0.179607 6.61419 11.4825 2.20477 0.698292 0.159572 0
500.00 1453.15 97.823215 50.5894 1.05752 16.1715 2.29074 0.0180939 8.53349 0.17961 6.61428 11.4827 2.20479 0.6983 0.159574 0
500.00 1443.15 97.820148 50.591 1.05755 16.172 2.25952 0.0180944 8.56192 0.179615 6.61449 11.483 2.20486 0.698322 0.159579 0
500.00 1433.15 97.818015 50.5921 1.05758 16.1724 2.23781 0.0180948 8.58169 0.179619 6.61463 11.4833 2.20491 0.698338 0.159582 0
500.00 1423.15 97.817670 50.5923 1.05758 16.1724 2.23429 0.0180949 8.58489 0.17962 6.61465 11.4833 2.20492 0.69834 0.159583 0
500.00 1413.15 97.823472 50.5893 1.05752 16.1715 2.29336 0.0180938 8.53111 0.179609 6.61426 11.4826 2.20479 0.698299 0.159573 0
500.00 1403.15 97.861723 50.5695 1.0571 16.1652 2.6826 0.0180867 8.17673 0.179539 6.61168 11.4781 2.20393 0.698026 0.159511 0
500.00 1393.15 97.906955 50.5462 1.05662 16.1577 3.14247 0.0180784 7.75803 0.179456 6.60862 11.4728 2.20291 0.697703 0.159437 0
500.00 1383.15 97.922660 50.538 1.05645 16.1551 3.30205 0.0180755 7.61274 0.179427 6.60756 11.471 2.20255 0.697591 0.159412 0
500.00 1373.15 97.925625 50.5365 1.05641 16.1546 3.33217 0.0180749 7.58533 0.179422 6.60736 11.4706 2.20249 0.69757 0.159407 0
500.00 1363.15 97.923014 50.5379 1.05644 16.155 3.30564 0.0180754 7.60947 0.179427 6.60754 11.471 2.20255 0.697589 0.159411 0
500.00 1353.15 97.917794 50.5406 1.0565 16.1559 3.25261 0.0180764 7.65776 0.179436 6.60789 11.4716 2.20266 0.697626 0.159419 0
500.00 1343.15 97.911343 50.5439 1.05657 16.157 3.18706 0.0180776 7.71743 0.179448 6.60833 11.4723 2.20281 0.697672 0.15943 0
500.00 1333.15 97.904351 50.5475 1.05664 16.1581 3.11601 0.0180789 7.78213 0.179461 6.6088 11.4731 2.20297 0.697722 0.159441 0
500.00 1323.15 97.897035 50.5513 1.05672 16.1593 3.04165 0.0180802 7.84983 0.179474 6.60929 11.474 2.20313 0.697774 0.159453 0
500.00 1313.15 97.889561 50.5551 1.0568 16.1606 2.96568 0.0180816 7.919 0.179488 6.6098 11.4749 2.2033 0.697827 0.159465 0
500.00 1303.15 97.882244 50.5589 1.05688 16.1618 2.89129 0.018083 7.98673 0.179501 6.61029 11.4757 2.20346 0.697879 0.159477 0
500.00 1293.15 97.869393 50.5656 1.05702 16.1639 2.76061 0.0180853 8.1057 0.179525 6.61116 11.4772 2.20375 0.697971 0.159498 0
500.00 1283.15 97.859713 50.5706 1.05713 16.1655 2.66215 0.0180871 8.19535 0.179543 6.61181 11.4784 2.20397 0.69804 0.159514 0
500.00 1273.15 97.850469 50.5753 1.05723 16.167 2.5681 0.0180888 8.28097 0.17956 6.61244 11.4795 2.20418 0.698106 0.159529 0
500.00 1263.15 97.841632 50.5799 1.05732 16.1685 2.47819 0.0180905 8.36283 0.179576 6.61303 11.4805 2.20438 0.698169 0.159544 0
500.00 1253.15 97.833171 50.5843 1.05741 16.1699 2.39208 0.018092 8.44123 0.179591 6.61361 11.4815 2.20457 0.698229 0.159557 0
500.00 1243.15 97.825053 50.5885 1.0575 16.1712 2.30945 0.0180935 8.51645 0.179606 6.61415 11.4824 2.20475 0.698287 0.159571 0
500.00 1233.15 97.817247 50.5925 1.05758 16.1725 2.22999 0.018095 8.58881 0.179621 6.61468 11.4834 2.20493 0.698343 0.159583 0
500.00 1223.15 97.803725 50.5995 1.05773 16.1747 2.0923 0.0180975 8.71417 0.179646 6.6156 11.4849 2.20523 0.69844 0.159605 0
500.00 1213.15 97.787529 50.6079 1.05791 16.1774 1.92733 0.0181005 8.86436 0.179675 6.61669 11.4868 2.2056 0.698555 0.159632 0
500.00 1203.15 97.761109 50.6216 1.05819 16.1818 1.65812 0.0181054 9.10947 0.179724 6.61848 11.4899 2.20619 0.698744 0.159675 0
500.00 1193.15 97.737003 50.634 1.05845 16.1858 1.41235 0.0181098 9.33323 0.179768 6.62011 11.4928 2.20674 0.698916 0.159714 0
500.00 1183.15 97.717762 50.644 1.05866 16.189 1.21609 0.0181134 9.51191 0.179804 6.62142 11.495 2.20717 0.699054 0.159746 0
500.00 1173.15 97.707850 50.6492 1.05877 16.1906 1.11496 0.0181152 9.60399 0.179822 6.62209 11.4962 2.2074 0.699125 0.159762 0
500.00 1163.15 97.706929 50.6496 1.05878 16.1908 1.10557 0.0181154 9.61253 0.179823 6.62215 11.4963 2.20742 0.699132 0.159763 0
500.00 1153.15 97.706039 50.6501 1.05879 16.1909 1.09648 0.0181156 9.62081 0.179825 6.62221 11.4964 2.20744 0.699138 0.159765 0
500.00 1143.15 97.705179 50.6505 1.0588 16.1911 1.0877 0.0181157 9.6288 0.179827 6.62227 11.4965 2.20746 0.699144 0.159766 0
500.00 1133.15 97.704350 50.651 1.05881 16.1912 1.07925 0.0181159 9.6365 0.179828 6.62233 11.4966 2.20748 0.69915 0.159768 0
500.00 1123.15 97.703553 50.6514 1.05882 16.1913 1.07112 0.018116 9.6439 0.17983 6.62238 11.4967 2.20749 0.699156 0.159769 0
