Title: Hr

Bulk Composition:
Pressure Temperature mass SiO2 TiO2 Al2O3 Fe2O3 FeO MnO MgO CaO Na2O K2O P2O5 H2O 
500.00 1523.15 100.116359 49.5849 1.34296 14.6016 2.46693 9.76183 0.192431 6.81197 10.5631 2.20933 0.329214 0.151523 1.98414
500.00 1513.15 100.117003 49.5846 1.34295 14.6015 2.47334 9.75598 0.19243 6.81193 10.5631 2.20932 0.329211 0.151522 1.98413
500.00 1503.15 100.117688 49.5843 1.34294 14.6014 2.48015 9.74977 0.192428 6.81188 10.563 2.2093 0.329209 0.151521 1.98412
500.00 1493.15 100.118413 49.5839 1.34293 14.6013 2.48736 9.74319 0.192427 6.81183 10.5629 2.20929 0.329207 0.15152 1.9841
500.00 1483.15 100.119181 49.5835 1.34292 14.6012 2.495 9.73623 0.192425 6.81178 10.5628 2.20927 0.329204 0.151519 1.98409
500.00 1473.15 100.119993 49.5831 1.34291 14.6011 2.50307 9.72887 0.192424 6.81173 10.5627 2.20925 0.329202 0.151518 1.98407
500.00 1463.15 100.120849 49.5827 1.3429 14.601 2.51159 9.72111 0.192422 6.81167 10.5627 2.20923 0.329199 0.151516 1.98406
500.00 1453.15 100.121752 49.5822 1.34289 14.6008 2.52057 9.71292 0.192421 6.81161 10.5626 2.20921 0.329196 0.151515 1.98404
500.00 1443.15 100.122703 49.5818 1.34287 14.6007 2.53002 9.70429 0.192419 6.81154 10.5625 2.20919 0.329193 0.151514 1.98402
500.00 1433.15 100.123704 49.5813 1.34286 14.6006 2.53997 9.69522 0.192417 6.81147 10.5624 2.20917 0.329189 0.151512 1.984
500.00 1423.15 100.124756 49.5808 1.34285 14.6004 2.55043 9.68569 0.192415 6.8114 10.5622 2.20915 0.329186 0.151511 1.98398
500.00 1413.15 100.125861 49.5802 1.34283 14.6002 2.56142 9.67567 0.192413 6.81133 10.5621 2.20912 0.329182 0.151509 1.98396
500.00 1403.15 100.126580 49.5799 1.34282 14.6001 2.56857 9.66915 0.192411 6.81128 10.5621 2.20911 0.32918 0.151508 1.98394
500.00 1393.15 100.125282 49.5805 1.34284 14.6003 2.55567 9.68091 0.192414 6.81137 10.5622 2.20914 0.329184 0.15151 1.98397
500.00 1383.15 100.125324 49.5805 1.34284 14.6003 2.55608 9.68054 0.192414 6.81136 10.5622 2.20914 0.329184 0.15151 1.98397
500.00 1373.15 100.127099 49.5796 1.34281 14.6001 2.57373 9.66444 0.19241 6.81124 10.562 2.2091 0.329178 0.151507 1.98393
500.00 1363.15 100.129551 49.5784 1.34278 14.5997 2.5981 9.64221 0.192406 6.81108 10.5617 2.20904 0.32917 0.151503 1.98388
500.00 1353.15 100.131904 49.5772 1.34275 14.5994 2.6215 9.62089 0.192401 6.81092 10.5615 2.20899 0.329162 0.1515 1.98384
500.00 1343.15 100.127986 49.5792 1.3428 14.5999 2.58254 9.6564 0.192409 6.81118 10.5619 2.20908 0.329175 0.151506 1.98391
500.00 1333.15 100.293788 49.4972 1.34058 14.5758 4.22832 8.15571 0.19209 6.79992 10.5444 2.20542 0.328631 0.151255 1.98063
500.00 1323.15 100.313965 49.4872 1.34031 14.5729 4.42823 7.97342 0.192052 6.79855 10.5423 2.20498 0.328565 0.151225 1.98024
500.00 1313.15 100.324182 49.4822 1.34018 14.5714 4.52943 7.88115 0.192032 6.79786 10.5413 2.20476 0.328532 0.151209 1.98003
500.00 1303.15 100.327766 49.4804 1.34013 14.5709 4.56492 7.84878 0.192025 6.79762 10.5409 2.20468 0.32852 0.151204 1.97996
500.00 1293.15 100.326741 49.4809 1.34014 14.571 4.55478 7.85803 0.192027 6.79769 10.541 2.2047 0.328523 0.151205 1.97998
500.00 1283.15 100.322460 49.483 1.3402 14.5716 4.51238 7.8967 0.192036 6.79798 10.5414 2.20479 0.328537 0.151212 1.98007
500.00 1273.15 100.315889 49.4863 1.34029 14.5726 4.44729 7.95605 0.192048 6.79842 10.5421 2.20494 0.328559 0.151222 1.9802
500.00 1263.15 100.307743 49.4903 1.3404 14.5738 4.36659 8.02963 0.192064 6.79898 10.543 2.20512 0.328585 0.151234 1.98036
500.00 1253.15 100.298553 49.4948 1.34052 14.5751 4.27554 8.11266 0.192081 6.7996 10.5439 2.20532 0.328616 0.151248 1.98054
500.00 1243.15 100.288706 49.4997 1.34065 14.5765 4.17796 8.20163 0.1921 6.80027 10.545 2.20554 0.328648 0.151263 1.98073
500.00 1233.15 100.278481 49.5047 1.34079 14.578 4.07662 8.29404 0.19212 6.80096 10.5461 2.20576 0.328681 0.151278 1.98094
500.00 1223.15 100.268072 49.5099 1.34093 14.5795 3.97342 8.38814 0.19214 6.80167 10.5471 2.20599 0.328715 0.151294 1.98114
500.00 1213.15 100.257459 49.5151 1.34107 14.5811 3.86818 8.4841 0.19216 6.80239 10.5483 2.20622 0.32875 0.15131 1.98135
500.00 1203.15 100.246617 49.5205 1.34121 14.5827 3.76065 8.58216 0.192181 6.80312 10.5494 2.20646 0.328786 0.151326 1.98157
500.00 1193.15 100.235909 49.5258 1.34136 14.5842 3.65443 8.67901 0.192201 6.80385 10.5505 2.2067 0.328821 0.151343 1.98178
500.00 1183.15 100.225367 49.531 1.3415 14.5857 3.54982 8.77439 0.192222 6.80456 10.5516 2.20693 0.328856 0.151358 1.98199
500.00 1173.15 100.215003 49.5361 1.34164 14.5873 3.44697 8.86818 0.192242 6.80527 10.5527 2.20716 0.32889 0.151374 1.98219
500.00 1163.15 100.204818 49.5411 1.34177 14.5887 3.34587 8.96036 0.192261 6.80596 10.5538 2.20738 0.328923 0.151389 1.98239
500.00 1153.15 100.190685 49.5481 1.34196 14.5908 3.20555 9.08832 0.192288 6.80692 10.5553 2.20769 0.328969 0.151411 1.98267
500.00 1143.15 100.172990 49.5569 1.3422 14.5934 3.0298 9.24857 0.192322 6.80812 10.5572 2.20808 0.329027 0.151438 1.98302
500.00 1133.15 100.152695 49.5669 1.34247 14.5963 2.82816 9.43244 0.192361 6.8095 10.5593 2.20853 0.329094 0.151468 1.98342
500.00 1123.15 100.131957 49.5772 1.34275 14.5993 2.62203 9.6204 0.192401 6.81091 10.5615 2.20899 0.329162 0.1515 1.98384
500.00 1113.15 100.110862 49.5876 1.34303 14.6024 2.41226 9.81168 0.192441 6.81235 10.5637 2.20945 0.329232 0.151532 1.98425
500.00 1103.15 100.089507 49.5982 1.34332 14.6055 2.19982 10.0054 0.192483 6.8138 10.566 2.20993 0.329302 0.151564 1.98468
500.00 1093.15 100.068004 49.6089 1.34361 14.6087 1.98581 10.2005 0.192524 6.81526 10.5682 2.2104 0.329373 0.151596 1.9851
500.00 1083.15 100.046463 49.6196 1.3439 14.6118 1.77134 10.3961 0.192565 6.81673 10.5705 2.21088 0.329444 0.151629 1.98553
500.00 1073.15 100.024995 49.6302 1.34418 14.615 1.55749 10.5911 0.192607 6.8182 10.5728 2.21135 0.329514 0.151662 1.98596
500.00 1063.15 100.003691 49.6408 1.34447 14.6181 1.3452 10.7847 0.192648 6.81965 10.575 2.21182 0.329585 0.151694 1.98638
500.00 1053.15 99.982617 49.6512 1.34475 14.6212 1.13511 10.9762 0.192688 6.82109 10.5773 2.21229 0.329654 0.151726 1.9868
500.00 1043.15 99.942268 49.6713 1.3453 14.6271 0.732601 11.3433 0.192766 6.82384 10.5815 2.21318 0.329787 0.151787 1.9876
500.00 1033.15 99.937510 49.6736 1.34536 14.6278 0.68511 11.3866 0.192775 6.82416 10.582 2.21329 0.329803 0.151794 1.98769
500.00 1023.15 99.933685 49.6756 1.34541 14.6283 0.646935 11.4214 0.192783 6.82443 10.5824 2.21337 0.329815 0.1518 1.98777
500.00 1013.15 99.930422 49.6772 1.34546 14.6288 0.614369 11.4511 0.192789 6.82465 10.5828 2.21344 0.329826 0.151805 1.98784
500.00 1003.15 99.928414 49.6782 1.34548 14.6291 0.594326 11.4694 0.192793 6.82479 10.583 2.21349 0.329833 0.151808 1.98788