Title: Hr

liquid_0 thermodynamic data and composition:
Pressure Temperature mass S H V Cp viscosity SiO2 TiO2 Al2O3 Fe2O3 FeO MnO MgO CaO Na2O K2O P2O5 H2O Mg#
500.00 1523.15 99.979990 286.692772 -1187775.456182 39.755709 150.822687 1.682 49.6525 1.34479 14.6215 2.47029 9.77514 0.192693 6.82126 10.5775 2.21235 0.329663 0.15173 1.85045 55.4
500.00 1513.15 99.984822 285.745705 -1189339.766465 39.715640 150.831373 1.719 49.6501 1.34472 14.6208 2.47661 9.76888 0.192684 6.82093 10.577 2.21224 0.329647 0.151723 1.85455 55.4
500.00 1503.15 99.989773 284.792800 -1190905.766799 39.675684 150.840443 1.756 49.6477 1.34466 14.6201 2.48332 9.76225 0.192675 6.8206 10.5765 2.21213 0.32963 0.151715 1.85873 55.5
500.00 1493.15 99.994844 283.833980 -1192473.508737 39.635846 150.849906 1.794 49.6452 1.34459 14.6194 2.49044 9.75523 0.192665 6.82025 10.576 2.21202 0.329614 0.151707 1.86298 55.5
500.00 1483.15 100.000039 282.869171 -1194043.045671 39.596127 150.859774 1.833 49.6426 1.34452 14.6186 2.49797 9.74783 0.192655 6.8199 10.5754 2.2119 0.329597 0.151699 1.86731 55.5
500.00 1473.15 100.005362 281.914749 -1195590.134217 39.556532 147.319939 1.872 49.6399 1.34445 14.6178 2.50594 9.74002 0.192645 6.81953 10.5749 2.21179 0.329579 0.151691 1.87172 55.5
500.00 1463.15 100.010816 280.961939 -1197127.878287 39.517061 147.321509 1.911 49.6372 1.34438 14.617 2.51435 9.7318 0.192634 6.81916 10.5743 2.21166 0.329561 0.151683 1.87622 55.5
500.00 1453.15 100.016404 280.003133 -1198667.490795 39.477720 147.322923 1.951 49.6345 1.3443 14.6162 2.52322 9.72315 0.192623 6.81878 10.5737 2.21154 0.329543 0.151675 1.8808 55.6
500.00 1443.15 100.022131 279.038256 -1200209.026804 39.438510 147.324184 1.992 49.6316 1.34422 14.6154 2.53257 9.71405 0.192612 6.81839 10.5731 2.21141 0.329524 0.151666 1.88546 55.6
500.00 1433.15 100.028000 278.067230 -1201752.543497 39.399435 147.325294 2.033 49.6287 1.34414 14.6145 2.5424 9.7045 0.192601 6.81799 10.5725 2.21128 0.329504 0.151657 1.89022 55.6
500.00 1423.15 100.034015 277.089978 -1203298.100263 39.360498 147.326256 2.074 49.6257 1.34406 14.6136 2.55274 9.69447 0.192589 6.81758 10.5718 2.21115 0.329485 0.151648 1.89507 55.6
500.00 1413.15 100.040181 276.106418 -1204845.758789 39.321703 147.327073 2.116 49.6227 1.34398 14.6127 2.56361 9.68396 0.192577 6.81716 10.5712 2.21102 0.329464 0.151639 1.90001 55.7
500.00 1403.15 99.895103 274.710831 -1204617.857405 39.233029 147.062996 2.164 49.6356 1.34593 14.634 2.57452 9.66518 0.192413 6.76323 10.5859 2.21423 0.329943 0.151859 1.90716 55.5
500.00 1393.15 99.078362 271.522326 -1196550.384229 38.923572 145.629744 2.233 49.7219 1.35703 14.7546 2.58267 9.60636 0.19149 6.47386 10.6699 2.23248 0.332663 0.153111 1.92396 54.6
500.00 1383.15 95.955888 262.193266 -1159709.364955 37.727547 140.672306 2.311 49.7775 1.37945 15.0995 2.59317 9.67896 0.196313 6.0979 10.4246 2.301 0.343488 0.158093 1.95016 52.9
500.00 1373.15 91.245318 248.703526 -1103279.496768 35.928964 133.312532 2.397 49.8487 1.40193 15.6101 2.59989 9.82916 0.205898 5.66027 9.92009 2.41149 0.36122 0.166255 1.98495 50.7
500.00 1363.15 86.866417 236.189064 -1051344.579469 34.269000 126.498169 2.490 49.9781 1.41122 16.1009 2.59785 9.93086 0.215464 5.23961 9.42687 2.52375 0.379429 0.174635 2.02128 48.5
500.00 1353.15 82.375191 223.423830 -998033.675515 32.567564 119.545923 2.590 50.1973 1.41456 16.5023 2.5959 10.0127 0.22553 4.83225 8.93567 2.64177 0.399955 0.184157 2.05788 46.2
500.00 1343.15 74.845101 202.368389 -904420.258577 29.626889 107.999008 2.694 50.7188 1.48729 16.238 2.66787 10.3356 0.240265 4.41514 8.38661 2.78721 0.4382 0.202685 2.0823 43.2
500.00 1333.15 56.530738 153.530454 -704699.894271 23.093573 81.196055 3.192 54.6902 1.08738 16.4973 2.07198 7.52147 0.340797 3.7715 7.62784 3.31068 0.573432 0.268349 2.23905 47.2
500.00 1323.15 48.267297 130.846763 -606044.368366 19.906369 68.941436 3.421 56.3167 1.03205 16.1487 1.93787 6.8518 0.399142 3.2936 7.2439 3.50828 0.663661 0.314291 2.29002 46.1
500.00 1313.15 41.656507 112.633693 -526464.970069 17.317772 59.200337 3.634 57.7928 0.988837 15.7812 1.81043 6.24954 0.462484 2.90384 6.92613 3.63273 0.758204 0.364168 2.32963 45.3
500.00 1303.15 36.244775 97.683358 -460812.317718 15.169676 51.273051 3.834 59.1365 0.956099 15.4121 1.68839 5.70391 0.531538 2.58114 6.6664 3.68821 0.857278 0.418542 2.35996 44.6
500.00 1293.15 31.763878 85.280691 -406067.651516 13.369852 44.744212 4.024 60.3602 0.93215 15.0536 1.57126 5.20705 0.606522 2.31057 6.45611 3.68177 0.960389 0.477585 2.38278 44.2
500.00 1283.15 28.035662 74.948239 -360230.284721 11.857098 39.337794 4.204 61.473 0.915305 14.7141 1.45913 4.75342 0.687178 2.0812 6.28657 3.62288 1.06651 0.541095 2.39962 43.8
500.00 1273.15 24.926108 66.323718 -321782.515342 10.584475 34.847418 4.375 62.4826 0.903951 14.3979 1.35241 4.33896 0.772904 1.88478 6.14943 3.52226 1.17435 0.608597 2.41184 43.6
500.00 1263.15 22.326330 59.110217 -289473.774817 9.512695 31.107102 4.538 63.3962 0.896622 14.1068 1.25155 3.96038 0.862904 1.71498 6.03721 3.39065 1.28263 0.679465 2.42063 43.6
500.00 1253.15 20.144735 53.056272 -262235.890336 8.607698 27.978767 4.695 64.2212 0.892063 13.8402 1.15688 3.61478 0.956353 1.56689 5.94361 3.23777 1.39022 0.753048 2.42695 43.6
500.00 1243.15 18.304470 47.949922 -239160.901375 7.840184 25.347686 4.844 64.9651 0.889255 13.5965 1.06854 3.29946 1.0525 1.43666 5.86366 3.07169 1.49627 0.828757 2.43158 43.7
500.00 1233.15 16.742002 43.615421 -219490.408310 7.185462 23.119771 4.986 65.635 0.887408 13.3735 0.986508 3.01184 1.15073 1.32128 5.7936 2.89878 1.60016 0.906102 2.43511 43.9
500.00 1223.15 15.405595 39.909390 -202601.802208 6.623129 21.218892 5.122 66.2375 0.885927 13.1688 0.910593 2.74951 1.25055 1.21835 5.73075 2.7238 1.7015 0.984704 2.43797 44.1
500.00 1213.15 14.236611 36.675131 -187776.737115 6.129959 19.555731 5.259 66.8256 0.884506 12.9887 0.839908 2.51115 1.35324 1.12467 5.64142 2.55147 1.80169 1.03693 2.44075 44.4
500.00 1203.15 13.192816 33.799843 -174496.077978 5.689104 18.066467 5.405 67.4481 0.882915 12.8387 0.773775 2.29538 1.4603 1.03796 5.49466 2.38513 1.90216 1.03707 2.44391 44.6
500.00 1193.15 12.282230 31.293630 -162870.339025 5.303260 16.770274 5.546 68.017 0.880664 12.7007 0.713096 2.09834 1.56857 0.959708 5.35236 2.22388 1.99962 1.03894 2.44711 44.9
500.00 1183.15 11.481364 29.091570 -152610.949324 4.962875 15.632849 5.681 68.5367 0.877607 12.5731 0.65745 1.91832 1.67798 0.888784 5.21417 2.06882 2.09408 1.04256 2.45049 45.2
500.00 1173.15 10.771488 27.141907 -143487.030737 4.660295 14.626924 5.812 69.0104 0.873649 12.4546 0.606433 1.75376 1.78856 0.824262 5.08002 1.92061 2.18561 1.04798 2.45414 45.6
500.00 1163.15 10.137559 25.403093 -135312.538862 4.389343 13.730658 5.937 69.4411 0.868726 12.3442 0.559663 1.60327 1.90041 0.765372 4.94997 1.77962 2.27426 1.05531 2.45814 46.0
500.00 1153.15 9.265066 23.087651 -123863.432927 4.014498 12.515959 6.057 69.8242 0.81791 12.2534 0.523378 1.48324 2.01263 0.701732 4.80983 1.64418 2.40563 1.06155 2.46233 45.8
500.00 1143.15 8.352879 20.691450 -111931.653616 3.624141 11.251209 6.224 70.3392 0.763693 12.1604 0.486392 1.36179 2.00516 0.636942 4.65197 1.514 2.56395 1.05879 2.45764 45.5
500.00 1133.15 7.449310 18.338200 -100117.615206 3.237879 10.003573 6.431 70.9444 0.712013 12.0706 0.448867 1.23997 1.90015 0.573986 4.48107 1.389 2.74572 1.04929 2.44496 45.2
500.00 1123.15 6.605882 16.159637 -89029.155075 2.875896 8.845070 6.638 71.4925 0.664099 11.9974 0.413527 1.12589 1.79471 0.517184 4.3139 1.26936 2.93855 1.04199 2.43093 45.0
500.00 1113.15 5.814551 14.133551 -78569.023478 2.534997 7.763781 6.845 71.9823 0.619681 11.941 0.380302 1.01937 1.68982 0.465921 4.15074 1.15517 3.14304 1.037 2.41559 44.9
500.00 1103.15 5.068647 12.241528 -68657.187629 2.212549 6.749813 7.051 72.413 0.578505 11.9017 0.349123 0.920191 1.58635 0.419658 3.99198 1.04654 3.35955 1.03441 2.39898 44.8
500.00 1093.15 4.362553 10.468074 -59226.695695 1.906343 5.794816 7.255 72.7841 0.54033 11.8792 0.319927 0.828151 1.48501 0.377919 3.83812 0.943611 3.58808 1.03436 2.38117 44.9
500.00 1083.15 3.691377 8.799770 -50219.479856 1.614463 4.891530 7.458 73.0956 0.504925 11.8733 0.292657 0.743056 1.38644 0.340284 3.68981 0.846552 3.82813 1.03699 2.36225 44.9
500.00 1073.15 3.050640 7.224462 -41582.147247 1.335153 4.033330 7.659 73.3483 0.47207 11.8832 0.267262 0.664717 1.29121 0.306377 3.54784 0.755544 4.07867 1.04247 2.34235 45.1
500.00 1063.15 2.435971 5.730513 -33261.918659 1.066680 3.213819 7.858 73.5438 0.441549 11.9077 0.243695 0.592936 1.19983 0.275861 3.41314 0.67076 4.33804 1.05101 2.32165 45.3
500.00 1053.15 1.842835 4.306168 -25202.943416 0.807224 2.426460 8.053 73.6846 0.413159 11.9454 0.221911 0.527502 1.11272 0.248429 3.28672 0.592342 4.604 1.06286 2.30035 45.6
500.00 1043.15 0.672371 1.561469 -9214.922284 0.294759 0.883243 8.237 74.1761 0.379887 11.747 0.20976 0.489818 1.05973 0.224711 3.23459 0.544179 4.55525 1.07677 2.3022 45.0
500.00 1033.15 0.518007 1.195847 -7114.634979 0.227250 0.679019 8.400 74.6674 0.354721 11.5278 0.19254 0.441992 1.05295 0.21238 3.2013 0.50457 4.43124 1.10099 2.31211 46.1
500.00 1023.15 0.397392 0.911895 -5469.417570 0.174449 0.519828 8.561 75.1332 0.33093 11.3143 0.176686 0.398324 1.04444 0.200989 3.17314 0.467524 4.30912 1.12936 2.3219 47.4

apatite thermodynamic data and composition:
Pressure Temperature mass S H V Cp formula
500.00 1213.15 0.009615 0.020877 -119.011770 0.003140 0.010968 Ca5(PO4)3OH
500.00 1203.15 0.035107 0.075895 -434.932907 0.011464 0.039993 Ca5(PO4)3OH
500.00 1193.15 0.056844 0.122348 -704.879179 0.018561 0.064668 Ca5(PO4)3OH
500.00 1183.15 0.075495 0.161768 -937.014854 0.024652 0.085768 Ca5(PO4)3OH
500.00 1173.15 0.091578 0.195347 -1137.666187 0.029903 0.103894 Ca5(PO4)3OH
500.00 1163.15 0.105497 0.224016 -1311.783101 0.034448 0.119517 Ca5(PO4)3OH
500.00 1153.15 0.125855 0.266015 -1566.350753 0.041096 0.142376 Ca5(PO4)3OH
500.00 1143.15 0.149246 0.313984 -1859.143551 0.048734 0.168592 Ca5(PO4)3OH
500.00 1133.15 0.173486 0.363260 -2163.058915 0.056649 0.195685 Ca5(PO4)3OH
500.00 1123.15 0.195502 0.407407 -2439.766827 0.063838 0.220189 Ca5(PO4)3OH
500.00 1113.15 0.215641 0.447203 -2693.512948 0.070414 0.242503 Ca5(PO4)3OH
500.00 1103.15 0.234199 0.483315 -2927.947347 0.076474 0.262967 Ca5(PO4)3OH
500.00 1093.15 0.251436 0.516318 -3146.266336 0.082102 0.281880 Ca5(PO4)3OH
500.00 1083.15 0.267586 0.546727 -3351.350656 0.087376 0.299510 Ca5(PO4)3OH
500.00 1073.15 0.282867 0.575014 -3545.901691 0.092366 0.316104 Ca5(PO4)3OH
500.00 1063.15 0.297493 0.601638 -3732.576136 0.097142 0.331906 Ca5(PO4)3OH
500.00 1053.15 0.311686 0.627056 -3914.119070 0.101776 0.347163 Ca5(PO4)3OH
500.00 1043.15 0.340815 0.682040 -4283.712184 0.111288 0.378967 Ca5(PO4)3OH
500.00 1033.15 0.344440 0.685609 -4333.106859 0.112471 0.382342 Ca5(PO4)3OH
500.00 1023.15 0.347307 0.687569 -4373.024802 0.113408 0.384853 Ca5(PO4)3OH
500.00 1013.15 0.357895 0.704639 -4510.306497 0.116865 0.395884 Ca5(PO4)3OH
500.00 1003.15 0.357895 0.700716 -4514.261788 0.116865 0.395172 Ca5(PO4)3OH

feldspar_1 thermodynamic data and composition:
Pressure Temperature mass S H V Cp formula SiO2 TiO2 Al2O3 Fe2O3 FeO MnO MgO CaO Na2O K2O P2O5 H2O
500.00 1043.15 0.432105 0.888083 -5874.721396 0.171701 0.505964 K0.80Na0.18Ca0.02Al1.02Si2.98O8 65.0734 0 18.8395 0 0 0 0 0.358769 2.06755 13.6608 0 0
500.00 1033.15 0.561438 1.147144 -7637.981703 0.223046 0.657136 K0.80Na0.18Ca0.02Al1.02Si2.98O8 65.0795 0 18.8182 0 0 0 0 0.339765 2.02536 13.7372 0 0
500.00 1023.15 0.673700 1.368355 -9171.149798 0.267588 0.788340 K0.81Na0.18Ca0.02Al1.02Si2.98O8 65.0849 0 18.7976 0 0 0 0 0.321512 1.98339 13.8126 0 0
500.00 1013.15 0.864335 1.744965 -11773.839915 0.343231 1.011387 K0.81Na0.17Ca0.01Al1.01Si2.99O8 65.0892 0 18.7775 0 0 0 0 0.30396 1.94028 13.8891 0 0
500.00 1003.15 0.928456 1.862979 -12655.579201 0.368612 1.086755 K0.82Na0.17Ca0.01Al1.01Si2.99O8 65.0936 0 18.7584 0 0 0 0 0.287181 1.90022 13.9606 0 0

feldspar_0 thermodynamic data and composition:
Pressure Temperature mass S H V Cp formula SiO2 TiO2 Al2O3 Fe2O3 FeO MnO MgO CaO Na2O K2O P2O5 H2O
500.00 1353.15 0.402454 0.939216 -5613.784746 0.149894 0.489887 K0.00Na0.17Ca0.83Al1.83Si2.17O8 47.3887 0 33.816 0 0 0 0 16.8411 1.92117 0.0330532 0 0
500.00 1343.15 4.271601 9.945811 -59617.292658 1.592787 5.195578 K0.00Na0.19Ca0.81Al1.81Si2.19O8 47.8464 0 33.5066 0 0 0 0 16.479 2.12998 0.03805 0 0
500.00 1333.15 11.335085 26.379715 -158227.319698 4.238660 13.781722 K0.00Na0.23Ca0.77Al1.77Si2.23O8 48.8779 0 32.8096 0 0 0 0 15.6633 2.60131 0.0479183 0 0
500.00 1323.15 16.105116 37.416228 -224903.032152 6.033250 19.569027 K0.00Na0.26Ca0.74Al1.74Si2.26O8 49.5622 0 32.3465 0 0 0 0 15.1215 2.91223 0.0575303 0 0
500.00 1313.15 20.152215 46.728609 -281539.353125 7.562086 24.470359 K0.00Na0.28Ca0.71Al1.71Si2.29O8 50.209 0 31.9085 0 0 0 0 14.6092 3.20508 0.0682565 0 0
500.00 1303.15 23.611358 54.631057 -330017.242008 8.873559 28.650380 K0.00Na0.31Ca0.69Al1.69Si2.31O8 50.8011 0 31.507 0 0 0 0 14.1398 3.47213 0.079954 0 0
500.00 1293.15 26.564708 61.314942 -371481.760885 9.996617 32.209353 K0.01Na0.33Ca0.67Al1.67Si2.33O8 51.3274 0 31.1497 0 0 0 0 13.7222 3.70827 0.0923772 0 0
500.00 1283.15 29.074155 66.924804 -406795.593748 10.952999 35.376238 K0.01Na0.34Ca0.65Al1.65Si2.35O8 51.7834 0 30.8396 0 0 0 0 13.3601 3.91164 0.105227 0 0
500.00 1273.15 31.196070 71.595211 -436741.399278 11.762901 37.933329 K0.01Na0.36Ca0.63Al1.63Si2.37O8 52.1708 0 30.5758 0 0 0 0 13.052 4.08321 0.118207 0 0
500.00 1263.15 32.984620 75.456415 -462070.411134 12.446109 40.078670 K0.01Na0.37Ca0.62Al1.62Si2.38O8 52.4954 0 30.3543 0 0 0 0 12.7935 4.22577 0.131069 0 0
500.00 1253.15 34.491280 78.632592 -483496.087454 13.021718 41.875504 K0.01Na0.38Ca0.61Al1.61Si2.39O8 52.765 0 30.1699 0 0 0 0 12.5785 4.34306 0.143632 0 0
500.00 1243.15 35.762799 81.236805 -501666.029827 13.507273 43.381413 K0.01Na0.39Ca0.60Al1.60Si2.40O8 52.9878 0 30.017 0 0 0 0 12.4004 4.43899 0.155785 0 0
500.00 1233.15 36.839835 83.367506 -517143.208966 13.918152 44.646568 K0.01Na0.40Ca0.59Al1.59Si2.41O8 53.1719 0 29.8904 0 0 0 0 12.253 4.51724 0.167477 0 0
500.00 1223.15 37.756591 85.107579 -530401.088674 14.267370 45.713241 K0.01Na0.40Ca0.59Al1.59Si2.41O8 53.3241 0 29.7854 0 0 0 0 12.1308 4.58104 0.178699 0 0
500.00 1213.15 38.545783 86.535640 -541892.925510 14.567432 46.621798 K0.01Na0.41Ca0.58Al1.58Si2.42O8 53.4508 0 29.6976 0 0 0 0 12.0288 4.6332 0.189636 0 0
500.00 1203.15 39.231681 87.710158 -551954.651742 14.827640 47.402244 K0.01Na0.41Ca0.58Al1.58Si2.42O8 53.5569 0 29.6237 0 0 0 0 11.9431 4.67588 0.200473 0 0
500.00 1193.15 39.823218 88.654248 -560708.601961 15.051446 48.065959 K0.01Na0.41Ca0.57Al1.57Si2.43O8 53.6453 0 29.5618 0 0 0 0 11.8714 4.71061 0.21093 0 0
500.00 1183.15 40.336075 89.405905 -568371.673473 15.244893 48.632454 K0.01Na0.42Ca0.57Al1.57Si2.43O8 53.7194 0 29.5096 0 0 0 0 11.811 4.73892 0.221061 0 0
500.00 1173.15 40.782718 89.995359 -575116.180962 15.412792 49.117292 K0.01Na0.42Ca0.57Al1.57Si2.43O8 53.7819 0 29.4653 0 0 0 0 11.7599 4.76204 0.230917 0 0
500.00 1163.15 41.173056 90.446689 -581079.048325 15.558977 49.532920 K0.01Na0.42Ca0.57Al1.57Si2.43O8 53.8351 0 29.4273 0 0 0 0 11.7161 4.78096 0.240552 0 0
500.00 1153.15 41.689638 91.159670 -588826.115979 15.752288 50.097931 K0.01Na0.42Ca0.57Al1.57Si2.43O8 53.8746 0 29.3972 0 0 0 0 11.6821 4.79016 0.255971 0 0
500.00 1143.15 42.214866 91.874920 -596705.551200 15.948371 50.671585 K0.02Na0.42Ca0.56Al1.56Si2.44O8 53.9037 0 29.3737 0 0 0 0 11.6559 4.7933 0.273442 0 0
500.00 1133.15 42.719831 92.530124 -604307.986418 16.136436 51.219723 K0.02Na0.42Ca0.56Al1.56Si2.44O8 53.9255 0 29.3546 0 0 0 0 11.6351 4.79201 0.292743 0 0
500.00 1123.15 43.177642 93.068683 -611250.874652 16.306492 51.710893 K0.02Na0.42Ca0.56Al1.56Si2.44O8 53.9438 0 29.3376 0 0 0 0 11.6168 4.78808 0.313773 0 0
500.00 1113.15 43.595475 93.507530 -617633.277047 16.461305 52.154399 K0.02Na0.42Ca0.56Al1.56Si2.44O8 53.9596 0 29.3218 0 0 0 0 11.6 4.78179 0.336831 0 0
500.00 1103.15 43.979524 93.861189 -623540.609805 16.603267 52.558464 K0.02Na0.42Ca0.56Al1.56Si2.44O8 53.9738 0 29.3065 0 0 0 0 11.5841 4.7734 0.362243 0 0
500.00 1093.15 44.335243 94.142330 -629048.019603 16.734484 52.930572 K0.02Na0.42Ca0.56Al1.56Si2.44O8 53.9873 0 29.2911 0 0 0 0 11.5682 4.76306 0.390355 0 0
500.00 1083.15 44.667544 94.362224 -634223.190950 16.856856 53.277781 K0.02Na0.42Ca0.56Al1.56Si2.44O8 54.0008 0 29.275 0 0 0 0 11.5518 4.75092 0.421527 0 0
500.00 1073.15 44.980959 94.531112 -639128.633002 16.972137 53.607013 K0.03Na0.42Ca0.56Al1.56Si2.44O8 54.015 0 29.2576 0 0 0 0 11.5342 4.73709 0.456129 0 0
500.00 1063.15 45.279769 94.658478 -643823.484251 17.081981 53.925347 K0.03Na0.41Ca0.56Al1.56Si2.44O8 54.0305 0 29.2385 0 0 0 0 11.5148 4.72164 0.494532 0 0
500.00 1053.15 45.568102 94.753259 -648364.889487 17.187981 54.240343 K0.03Na0.41Ca0.56Al1.56Si2.44O8 54.048 0 29.2172 0 0 0 0 11.4931 4.70462 0.537114 0 0
500.00 1043.15 45.729571 94.553914 -651254.956975 17.241845 54.417746 K0.03Na0.41Ca0.56Al1.56Si2.44O8 53.991 0 29.2583 0 0 0 0 11.5403 4.68559 0.524692 0 0
500.00 1033.15 45.748916 94.059756 -652138.907068 17.243014 54.448807 K0.03Na0.41Ca0.56Al1.56Si2.44O8 53.9561 0 29.2871 0 0 0 0 11.5722 4.68297 0.501688 0 0
500.00 1023.15 45.763442 93.550614 -652952.190782 17.242482 54.500016 K0.03Na0.41Ca0.56Al1.56Si2.44O8 53.9236 0 29.3139 0 0 0 0 11.6019 4.68106 0.479459 0 0
500.00 1013.15 45.799891 93.077847 -654081.476355 17.249832 54.612107 K0.03Na0.41Ca0.56Al1.56Si2.44O8 53.8837 0 29.3457 0 0 0 0 11.6375 4.67553 0.45753 0 0
500.00 1003.15 45.734522 92.398533 -653745.285407 17.219914 54.657076 K0.03Na0.41Ca0.56Al1.56Si2.44O8 53.8668 0 29.3617 0 0 0 0 11.6546 4.67967 0.437261 0 0

spinel_0 thermodynamic data and composition:
Pressure Temperature mass S H V Cp formula SiO2 TiO2 Al2O3 Fe2O3 FeO MnO MgO CaO Na2O K2O P2O5 H2O
500.00 1333.15 5.358665 11.165965 -31149.741203 1.160942 5.064488 Fe''0.94Mg0.32Fe'''1.20Al0.28Cr0.00Ti0.26O4 0 9.91002 6.7464 45.1986 32.0543 0 6.09064 0 0 0 0 0
500.00 1323.15 6.279664 13.002681 -35835.370635 1.352722 5.899788 Fe''0.98Mg0.30Fe'''1.20Al0.25Cr0.00Ti0.27O4 0 10.2331 6.02744 45.151 32.9967 0 5.59171 0 0 0 0 0
500.00 1313.15 6.899884 14.203468 -38798.602616 1.479274 6.450589 Fe''1.01Mg0.27Fe'''1.21Al0.23Cr0.00Ti0.28O4 0 10.5251 5.45206 45.039 33.8091 0 5.17485 0 0 0 0 0
500.00 1303.15 7.314565 14.974180 -40640.543171 1.561836 6.809511 Fe''1.03Mg0.26Fe'''1.21Al0.21Cr0.00Ti0.29O4 0 10.7986 4.9774 44.8766 34.5292 0 4.8182 0 0 0 0 0
500.00 1293.15 7.581800 15.439832 -41714.354733 1.613239 7.032459 Fe''1.06Mg0.24Fe'''1.21Al0.19Cr0.00Ti0.30O4 0 11.0617 4.5782 44.6711 35.1805 0 4.50859 0 0 0 0 0
500.00 1283.15 7.740555 15.683756 -42247.698223 1.642002 7.156536 Fe''1.08Mg0.23Fe'''1.21Al0.18Cr0.00Ti0.31O4 0 11.319 4.23796 44.4281 35.7777 0 4.23731 0 0 0 0 0
500.00 1273.15 7.818930 15.765514 -42397.739588 1.654196 7.208193 Fe''1.10Mg0.22Fe'''1.20Al0.17Cr0.00Ti0.31O4 0 11.5729 3.94489 44.1533 36.3309 0 3.99796 0 0 0 0 0
500.00 1263.15 7.837939 15.729186 -42276.896253 1.654309 7.206990 Fe''1.12Mg0.20Fe'''1.20Al0.16Cr0.00Ti0.32O4 0 11.8243 3.69011 43.853 36.8471 0 3.78551 0 0 0 0 0
500.00 1253.15 7.813422 15.607647 -41966.282003 1.645685 7.167515 Fe''1.14Mg0.19Fe'''1.19Al0.15Cr0.00Ti0.33O4 0 12.0732 3.46662 43.533 37.3314 0 3.59581 0 0 0 0 0
500.00 1243.15 7.757211 15.425203 -41523.974315 1.630793 7.100555 Fe''1.15Mg0.19Fe'''1.18Al0.14Cr0.00Ti0.34O4 0 12.3191 3.26883 43.1989 37.7878 0 3.42537 0 0 0 0 0
500.00 1233.15 7.678014 15.199565 -40990.957606 1.611433 7.013973 Fe''1.17Mg0.18Fe'''1.18Al0.13Cr0.00Ti0.34O4 0 12.5615 3.09226 42.8553 38.2197 0 3.27121 0 0 0 0 0
500.00 1223.15 7.582138 14.943442 -40395.660036 1.588890 6.913408 Fe''1.18Mg0.17Fe'''1.17Al0.13Cr0.00Ti0.35O4 0 12.8 2.93332 42.5063 38.6296 0 3.13086 0 0 0 0 0
500.00 1213.15 7.472344 14.662438 -39748.652776 1.563711 6.801226 Fe''1.20Mg0.16Fe'''1.16Al0.12Cr0.00Ti0.36O4 0 13.0383 2.78808 42.1473 39.0247 0 3.00169 0 0 0 0 0
500.00 1203.15 7.350219 14.359824 -39055.272687 1.536199 6.678759 Fe''1.21Mg0.16Fe'''1.15Al0.11Cr0.00Ti0.37O4 0 13.2798 2.65372 41.7744 39.4103 0 2.88178 0 0 0 0 0
500.00 1193.15 7.221436 14.046723 -38341.404538 1.507518 6.551154 Fe''1.22Mg0.15Fe'''1.14Al0.11Cr0.00Ti0.37O4 0 13.5152 2.53053 41.405 39.7785 0 2.77077 0 0 0 0 0
500.00 1183.15 7.087460 13.725976 -37611.781667 1.477944 6.419649 Fe''1.23Mg0.15Fe'''1.14Al0.10Cr0.00Ti0.38O4 0 13.7442 2.41689 41.0408 40.1308 0 2.66734 0 0 0 0 0
500.00 1173.15 6.949150 13.399245 -36868.437676 1.447634 6.284952 Fe''1.25Mg0.14Fe'''1.13Al0.10Cr0.00Ti0.39O4 0 13.9664 2.31149 40.6835 40.4682 0 2.57039 0 0 0 0 0
500.00 1163.15 6.806903 13.067298 -36111.334936 1.416651 6.147362 Fe''1.26Mg0.14Fe'''1.12Al0.10Cr0.00Ti0.39O4 0 14.1814 2.21326 40.3347 40.7916 0 2.47898 0 0 0 0 0
500.00 1153.15 6.312891 12.052028 -33267.500251 1.310831 5.692123 Fe''1.26Mg0.13Fe'''1.14Al0.09Cr0.00Ti0.38O4 0 13.8051 2.15644 41.0415 40.6778 0 2.31917 0 0 0 0 0
500.00 1143.15 5.739248 10.895327 -30038.942767 1.188978 5.166906 Fe''1.25Mg0.12Fe'''1.16Al0.09Cr0.00Ti0.37O4 0 13.4111 2.10099 41.7824 40.5435 0 2.16201 0 0 0 0 0
500.00 1133.15 5.135938 9.695525 -26714.839028 1.061699 4.616984 Fe''1.25Mg0.11Fe'''1.18Al0.09Cr0.00Ti0.36O4 0 13.0582 2.04443 42.4514 40.4294 0 2.01656 0 0 0 0 0
500.00 1123.15 4.546951 8.535746 -23515.257370 0.938033 4.081913 Fe''1.25Mg0.10Fe'''1.20Al0.09Cr0.00Ti0.35O4 0 12.7156 1.99175 43.1033 40.3047 0 1.8846 0 0 0 0 0
500.00 1113.15 3.972889 7.416467 -20436.452145 0.818026 3.561967 Fe''1.25Mg0.10Fe'''1.22Al0.09Cr0.00Ti0.35O4 0 12.3822 1.94255 43.7399 40.1708 0 1.76454 0 0 0 0 0
500.00 1103.15 3.414748 6.338927 -17477.644690 0.701819 3.057819 Fe''1.25Mg0.09Fe'''1.24Al0.08Cr0.00Ti0.34O4 0 12.0571 1.89648 44.3625 40.0289 0 1.65504 0 0 0 0 0
500.00 1093.15 2.873791 5.304846 -14640.131822 0.589609 2.570410 Fe''1.24Mg0.09Fe'''1.26Al0.08Cr0.00Ti0.33O4 0 11.7395 1.85326 44.9723 39.88 0 1.55494 0 0 0 0 0
500.00 1083.15 2.351361 4.316077 -11926.194681 0.481621 2.100781 Fe''1.24Mg0.08Fe'''1.28Al0.08Cr0.00Ti0.32O4 0 11.4287 1.81263 45.5703 39.7251 0 1.46324 0 0 0 0 0
500.00 1073.15 1.848655 3.374173 -9337.844422 0.378050 1.649863 Fe''1.24Mg0.08Fe'''1.30Al0.08Cr0.00Ti0.31O4 0 11.1243 1.77437 46.1575 39.5648 0 1.37904 0 0 0 0 0
500.00 1063.15 1.366475 2.479943 -6875.507156 0.279016 1.218250 Fe''1.23Mg0.07Fe'''1.31Al0.08Cr0.00Ti0.30O4 0 10.8257 1.73825 46.7344 39.4001 0 1.30152 0 0 0 0 0
500.00 1053.15 0.904981 1.633026 -4536.796739 0.184512 0.805984 Fe''1.23Mg0.07Fe'''1.33Al0.08Cr0.00Ti0.30O4 0 10.5325 1.70404 47.3018 39.2317 0 1.22993 0 0 0 0 0
500.00 1043.15 0.016647 0.029860 -83.083300 0.003388 0.014808 Fe''1.23Mg0.06Fe'''1.35Al0.07Cr0.00Ti0.29O4 0 10.2439 1.6552 47.8662 39.0974 0 1.13723 0 0 0 0 0

water thermodynamic data and composition:
Pressure Temperature mass S H V Cp formula
500.00 1523.15 0.136369 1.503435 -1469.441584 1.932158 0.382551 H2O
500.00 1513.15 0.132181 1.454822 -1428.021109 1.859094 0.370611 H2O
500.00 1503.15 0.127915 1.405493 -1385.520398 1.785781 0.358475 H2O
500.00 1493.15 0.123569 1.355433 -1341.912303 1.712220 0.346139 H2O
500.00 1483.15 0.119142 1.304626 -1297.168846 1.638411 0.333596 H2O
500.00 1473.15 0.114631 1.253056 -1251.261056 1.564353 0.320842 H2O
500.00 1463.15 0.110034 1.200705 -1204.158785 1.490047 0.307868 H2O
500.00 1453.15 0.105348 1.147557 -1155.831349 1.415495 0.294669 H2O
500.00 1443.15 0.100572 1.093593 -1106.247155 1.340696 0.281237 H2O
500.00 1433.15 0.095704 1.038795 -1055.373650 1.265653 0.267566 H2O
500.00 1423.15 0.090741 0.983146 -1003.177291 1.190368 0.253648 H2O
500.00 1413.15 0.085680 0.926625 -949.623518 1.114844 0.239475 H2O
500.00 1403.15 0.081292 0.877553 -903.258938 1.049051 0.227197 H2O
500.00 1393.15 0.080222 0.864403 -893.616253 1.026640 0.224208 H2O
500.00 1383.15 0.115161 1.238550 -1286.023663 1.461367 0.321875 H2O
500.00 1373.15 0.175276 1.881534 -1962.243508 2.205288 0.489962 H2O
500.00 1363.15 0.230642 2.471159 -2588.523290 2.876896 0.644860 H2O
500.00 1353.15 0.291274 3.114789 -3277.148698 3.601503 0.814607 H2O
500.00 1343.15 0.427954 4.567525 -4826.921544 5.244788 1.197283 H2O
500.00 1333.15 0.720701 7.676914 -8148.991691 8.753558 2.017177 H2O
500.00 1323.15 0.881120 9.367135 -9987.533791 10.605065 2.467472 H2O
500.00 1313.15 1.016011 10.779554 -11544.981138 12.116361 2.846976 H2O
500.00 1303.15 1.131089 11.976262 -12884.328157 13.363259 3.171715 H2O
500.00 1293.15 1.229590 12.992641 -14040.849430 14.390022 3.450761 H2O
500.00 1283.15 1.313704 13.852818 -15038.253041 15.227432 3.690271 H2O
500.00 1273.15 1.385275 14.577060 -15896.471926 15.901311 3.895417 H2O
500.00 1263.15 1.446016 15.184143 -16634.176448 16.435229 4.071016 H2O
500.00 1253.15 1.497550 15.691756 -17269.187634 16.851001 4.221637 H2O
500.00 1243.15 1.541365 16.116021 -17817.923966 17.168200 4.351472 H2O
500.00 1233.15 1.578767 16.471059 -18294.892310 17.403767 4.464218 H2O
500.00 1223.15 1.610869 16.768853 -18712.481227 17.571936 4.563031 H2O
500.00 1213.15 1.638800 17.021467 -19083.407420 17.686630 4.651135 H2O
500.00 1203.15 1.663403 17.237885 -19417.155671 17.758188 4.730952 H2O
500.00 1193.15 1.684873 17.420347 -19715.762537 17.789761 4.803083 H2O
500.00 1183.15 1.703749 17.574581 -19985.270957 17.787959 4.869105 H2O
500.00 1173.15 1.720463 17.705198 -20230.562002 17.758072 4.930310 H2O
500.00 1163.15 1.735365 17.815922 -20455.597577 17.704351 4.987768 H2O
500.00 1153.15 1.756060 17.984729 -20750.084827 17.704007 5.063478 H2O
500.00 1143.15 1.778493 18.169733 -21066.525750 17.714453 5.146017 H2O
500.00 1133.15 1.801209 18.355938 -21387.822889 17.720616 5.231377 H2O
500.00 1123.15 1.822363 18.524501 -21692.037233 17.704310 5.314363 H2O
500.00 1113.15 1.842130 18.677292 -21981.172193 17.667667 5.395633 H2O
500.00 1103.15 1.860657 18.815840 -22256.871185 17.612430 5.475773 H2O
500.00 1093.15 1.878064 18.941410 -22520.500266 17.540037 5.555320 H2O
500.00 1083.15 1.894455 19.055080 -22773.237029 17.451706 5.634783 H2O
500.00 1073.15 1.909924 19.157825 -23016.162674 17.348512 5.714672 H2O
500.00 1063.15 1.924564 19.250589 -23250.351758 17.231463 5.795521 H2O
500.00 1053.15 1.938472 19.334355 -23476.952640 17.101555 5.877919 H2O
500.00 1043.15 1.964862 19.540515 -23856.361326 17.073686 6.002557 H2O
500.00 1033.15 1.968299 19.516548 -23958.467000 16.839466 6.061663 H2O
500.00 1023.15 1.970998 19.484011 -24052.273685 16.594975 6.122954 H2O
500.00 1013.15 1.980035 19.512651 -24224.351604 16.398934 6.209032 H2O
500.00 1003.15 1.980035 19.450753 -24286.753768 16.123270 6.272330 H2O

olivine_0 thermodynamic data and composition:
Pressure Temperature mass S H V Cp formula SiO2 TiO2 Al2O3 Fe2O3 FeO MnO MgO CaO Na2O K2O P2O5 H2O
500.00 1403.15 0.150186 0.354575 -1821.601053 0.045370 0.184191 (Ca0.01Mg0.81Fe''0.19Mn0.00Co0.00Ni0.00)2SiO4 39.3156 0 0 0 17.5401 0.295383 42.4553 0.393567 0 0 0 0
500.00 1393.15 0.966698 2.271835 -11672.499209 0.291197 1.181538 (Ca0.01Mg0.80Fe''0.19Mn0.00Co0.00Ni0.00)2SiO4 39.2037 0 0 0 18.1249 0.303105 41.9676 0.40066 0 0 0 0
500.00 1383.15 1.334900 3.121364 -16006.373927 0.400498 1.624290 (Ca0.01Mg0.79Fe''0.20Mn0.00Co0.00Ni0.00)2SiO4 39.0433 0 0 0 18.9678 0.320682 41.2746 0.393597 0 0 0 0
500.00 1373.15 1.374811 3.197119 -16332.048618 0.410383 1.663742 (Ca0.01Mg0.78Fe''0.22Mn0.00Co0.00Ni0.00)2SiO4 38.8379 0 0 0 20.0481 0.34787 40.3905 0.375699 0 0 0 0
500.00 1363.15 1.454285 3.362944 -17105.222134 0.431799 1.749876 (Ca0.00Mg0.77Fe''0.23Mn0.00Co0.00Ni0.00)2SiO4 38.6219 0 0 0 21.1817 0.377431 39.4601 0.358833 0 0 0 0
500.00 1353.15 1.669732 3.838564 -19423.144001 0.492909 1.996713 (Ca0.00Mg0.75Fe''0.24Mn0.00Co0.00Ni0.00)2SiO4 38.386 0 0 0 22.4165 0.41169 38.4428 0.343054 0 0 0 0
500.00 1343.15 2.738777 6.253592 -31344.588349 0.802061 3.247766 (Ca0.00Mg0.73Fe''0.27Mn0.01Co0.00Ni0.00)2SiO4 38.0521 0 0 0 24.1503 0.468393 36.9999 0.329314 0 0 0 0
500.00 1143.15 0.084255 0.169250 -751.387138 0.021911 0.086548 (Ca0.00Mg0.35Fe''0.47Mn0.18Co0.00Ni0.00)2SiO4 33.0763 0 0 0 37.3455 14.0992 15.2484 0.23056 0 0 0 0
500.00 1133.15 0.219806 0.438523 -1939.507498 0.056886 0.224496 (Ca0.00Mg0.33Fe''0.48Mn0.18Co0.00Ni0.00)2SiO4 32.8966 0 0 0 38.1282 14.2821 14.4694 0.223737 0 0 0 0
500.00 1123.15 0.336884 0.667553 -2943.335062 0.086790 0.342209 (Ca0.00Mg0.32Fe''0.50Mn0.19Co0.00Ni0.00)2SiO4 32.7307 0 0 0 38.8705 14.4317 13.7504 0.216628 0 0 0 0
500.00 1113.15 0.438312 0.862731 -3794.531997 0.112441 0.442962 (Ca0.00Mg0.30Fe''0.51Mn0.19Co0.00Ni0.00)2SiO4 32.5774 0 0 0 39.5742 14.5526 13.0865 0.209305 0 0 0 0
500.00 1103.15 0.526381 1.029218 -4518.324890 0.134496 0.529384 (Ca0.00Mg0.29Fe''0.52Mn0.19Co0.00Ni0.00)2SiO4 32.4356 0 0 0 40.241 14.6485 12.4731 0.201834 0 0 0 0
500.00 1093.15 0.602964 1.171225 -5135.007344 0.153487 0.603609 (Ca0.00Mg0.28Fe''0.53Mn0.19Co0.00Ni0.00)2SiO4 32.3043 0 0 0 40.8724 14.723 11.906 0.194272 0 0 0 0
500.00 1083.15 0.669618 1.292233 -5661.110106 0.169856 0.667394 (Ca0.00Mg0.27Fe''0.54Mn0.19Co0.00Ni0.00)2SiO4 32.1828 0 0 0 41.4698 14.7795 11.3811 0.186667 0 0 0 0
500.00 1073.15 0.727663 1.395173 -6110.306408 0.183970 0.722211 (Ca0.00Mg0.26Fe''0.55Mn0.20Co0.00Ni0.00)2SiO4 32.0701 0 0 0 42.0351 14.821 10.8947 0.179064 0 0 0 0
500.00 1063.15 0.778241 1.482554 -6494.101255 0.196145 0.769315 (Ca0.00Mg0.25Fe''0.56Mn0.20Co0.00Ni0.00)2SiO4 31.9654 0 0 0 42.5701 14.85 10.443 0.1715 0 0 0 0
500.00 1053.15 0.822361 1.556569 -6822.341946 0.206655 0.809798 (Ca0.00Mg0.24Fe''0.57Mn0.20Co0.00Ni0.00)2SiO4 31.8677 0 0 0 43.0771 14.869 10.0222 0.164009 0 0 0 0
500.00 1043.15 0.884351 1.661703 -7266.305765 0.221280 0.866322 (Ca0.00Mg0.22Fe''0.58Mn0.20Co0.00Ni0.00)2SiO4 31.7184 0 0 0 43.8609 14.8861 9.3772 0.157412 0 0 0 0
500.00 1033.15 0.854318 1.595874 -7000.839168 0.213382 0.834191 (Ca0.00Mg0.22Fe''0.58Mn0.21Co0.00Ni0.00)2SiO4 31.651 0 0 0 43.7091 15.4109 9.07919 0.149819 0 0 0 0
500.00 1023.15 0.824995 1.532054 -6744.430094 0.205710 0.803024 (Ca0.00Mg0.21Fe''0.58Mn0.21Co0.00Ni0.00)2SiO4 31.5877 0 0 0 43.5389 15.932 8.79902 0.142377 0 0 0 0
500.00 1013.15 0.825307 1.523699 -6734.387420 0.205480 0.801036 (Ca0.00Mg0.20Fe''0.58Mn0.22Co0.00Ni0.00)2SiO4 31.5354 0 0 0 43.4404 16.3206 8.56858 0.135036 0 0 0 0
500.00 1003.15 0.826515 1.517146 -6735.910111 0.205520 0.800319 (Ca0.00Mg0.20Fe''0.58Mn0.22Co0.00Ni0.00)2SiO4 31.5009 0 0 0 43.5613 16.3895 8.4206 0.127782 0 0 0 0

orthopyroxene_0 thermodynamic data and composition:
Pressure Temperature mass S H V Cp structure formula SiO2 TiO2 Al2O3 Fe2O3 FeO MnO MgO CaO Na2O K2O P2O5 H2O
500.00 1333.15 3.476653 7.984172 -43069.936848 1.053849 4.270830 opx Na0.00Ca0.07Fe''0.44Mg1.42Fe'''0.03Ti0.00Al0.11Si1.93O6 53.449 0.129689 2.49047 1.15089 14.5316 0 26.413 1.81688 0.0185255 0 0 0
500.00 1323.15 5.332644 12.181006 -65744.174298 1.612308 6.527814 opx Na0.00Ca0.07Fe''0.46Mg1.40Fe'''0.03Ti0.00Al0.10Si1.93O6 53.3964 0.116666 2.34432 1.09906 15.2119 0 25.9676 1.84482 0.0192023 0 0 0
500.00 1313.15 6.844561 15.551496 -84005.652574 2.064346 8.350590 opx Na0.00Ca0.07Fe''0.48Mg1.38Fe'''0.03Ti0.00Al0.09Si1.94O6 53.3406 0.105834 2.21681 1.05117 15.8513 0 25.5523 1.86231 0.0196709 0 0 0
500.00 1303.15 8.102470 18.312025 -99023.168388 2.437899 9.853459 opx Na0.00Ca0.07Fe''0.50Mg1.37Fe'''0.03Ti0.00Al0.09Si1.94O6 53.281 0.0967375 2.10519 1.00681 16.4601 0 25.1594 1.87079 0.0199371 0 0 0
500.00 1293.15 9.168864 20.612438 -111604.202131 2.752317 11.115534 opx Na0.00Ca0.07Fe''0.52Mg1.35Fe'''0.03Ti0.00Al0.09Si1.94O6 53.2177 0.0890676 2.00766 0.965634 17.0433 0 24.7853 1.87126 0.0200149 0 0 0
500.00 1283.15 10.089880 22.562928 -122342.718973 3.021867 12.195058 opx Na0.00Ca0.07Fe''0.54Mg1.33Fe'''0.03Ti0.00Al0.08Si1.94O6 53.1512 0.0825855 1.9227 0.927334 17.6034 0 24.4283 1.86453 0.0199263 0 0 0
500.00 1273.15 10.900280 24.246149 -131684.992696 3.257283 13.135805 opx Na0.00Ca0.07Fe''0.56Mg1.32Fe'''0.02Ti0.00Al0.08Si1.95O6 53.0824 0.077091 1.84888 0.891584 18.1412 0 24.0877 1.85139 0.0196983 0 0 0
500.00 1263.15 11.625987 25.723498 -139963.249851 3.466567 13.970354 opx Na0.00Ca0.07Fe''0.57Mg1.30Fe'''0.02Ti0.00Al0.08Si1.95O6 53.0123 0.0724112 1.78479 0.858068 18.6571 0 23.7634 1.83261 0.0193598 0 0 0
500.00 1253.15 12.286076 27.040027 -147421.613786 3.655605 14.722650 opx Na0.00Ca0.07Fe''0.59Mg1.29Fe'''0.02Ti0.00Al0.08Si1.95O6 52.9419 0.0683973 1.72906 0.826489 19.1515 0 23.4548 1.80896 0.018938 0 0 0
500.00 1243.15 12.894441 28.228489 -154237.527846 3.828683 15.410109 opx Na0.00Ca0.07Fe''0.61Mg1.27Fe'''0.02Ti0.00Al0.07Si1.95O6 52.8717 0.0649236 1.68044 0.796582 19.6254 0 23.1614 1.78113 0.0184564 0 0 0
500.00 1233.15 13.461212 29.312735 -160539.955624 3.988925 16.045413 opx Na0.00Ca0.07Fe''0.62Mg1.26Fe'''0.02Ti0.00Al0.07Si1.95O6 52.8023 0.0618864 1.63783 0.768123 20.0799 0 22.8822 1.74977 0.017934 0 0 0
500.00 1223.15 13.993881 30.310390 -166423.774318 4.138636 16.637924 opx Na0.00Ca0.07Fe''0.64Mg1.25Fe'''0.02Ti0.00Al0.07Si1.95O6 52.734 0.0592012 1.60031 0.740931 20.5165 0 22.6163 1.71543 0.0173858 0 0 0
500.00 1213.15 14.503676 31.246522 -172020.610436 4.281146 17.201060 opx Na0.00Ca0.07Fe''0.65Mg1.24Fe'''0.02Ti0.00Al0.07Si1.95O6 52.6661 0.0567954 1.56689 0.714841 20.9401 0 22.3598 1.67862 0.0168193 0 0 0
500.00 1203.15 14.998778 32.139172 -177424.857770 4.418859 17.744518 opx Na0.00Ca0.07Fe''0.66Mg1.23Fe'''0.02Ti0.00Al0.07Si1.96O6 52.5981 0.0546155 1.53687 0.689733 21.3547 0 22.11 1.63969 0.0162397 0 0 0
500.00 1193.15 15.471550 32.972890 -182558.480861 4.549662 18.259876 opx Na0.00Ca0.06Fe''0.68Mg1.21Fe'''0.02Ti0.00Al0.07Si1.96O6 52.5315 0.0526286 1.51014 0.665564 21.755 0 21.8705 1.59893 0.0156606 0 0 0
500.00 1183.15 15.925440 33.755619 -187463.174334 4.674600 18.751353 opx Na0.00Ca0.06Fe''0.69Mg1.20Fe'''0.02Ti0.00Al0.07Si1.96O6 52.4661 0.0507982 1.48628 0.642264 22.1427 0 21.6402 1.55664 0.0150864 0 0 0
500.00 1173.15 16.363450 34.494192 -192174.615866 4.794569 19.222591 opx Na0.00Ca0.06Fe''0.70Mg1.19Fe'''0.02Ti0.00Al0.06Si1.96O6 52.4017 0.049095 1.46494 0.619783 22.5193 0 21.4176 1.51306 0.0145198 0 0 0
500.00 1163.15 16.788304 35.194709 -196724.568341 4.910380 19.676859 opx Na0.00Ca0.06Fe''0.72Mg1.18Fe'''0.02Ti0.00Al0.06Si1.96O6 52.338 0.047495 1.44586 0.598084 22.8866 0 21.2016 1.4684 0.0139629 0 0 0
500.00 1153.15 17.412245 36.284301 -203160.020534 5.079481 20.344023 opx Na0.00Ca0.06Fe''0.74Mg1.17Fe'''0.02Ti0.00Al0.06Si1.96O6 52.2099 0.0433514 1.43732 0.587893 23.4596 0 20.8281 1.42051 0.0133619 0 0 0
500.00 1143.15 18.046408 37.374490 -209547.057773 5.249486 21.014453 opx Na0.00Ca0.06Fe''0.76Mg1.15Fe'''0.02Ti0.00Al0.06Si1.96O6 52.0661 0.039365 1.43163 0.579556 24.0826 0 20.4182 1.3698 0.0127292 0 0 0
500.00 1133.15 18.685740 38.456705 -215889.919066 5.419572 21.684911 opx Na0.00Ca0.05Fe''0.78Mg1.13Fe'''0.02Ti0.00Al0.06Si1.96O6 51.9167 0.0358316 1.42808 0.5718 24.7207 0 19.9981 1.31676 0.0120855 0 0 0
500.00 1123.15 19.337986 39.549036 -222344.412267 5.592661 22.367098 opx Na0.00Ca0.05Fe''0.80Mg1.11Fe'''0.02Ti0.00Al0.06Si1.96O6 51.77 0.0327177 1.42713 0.564328 25.3413 0 19.5906 1.26243 0.0114628 0 0 0
500.00 1113.15 19.998515 40.641677 -228862.054022 5.767458 23.055778 opx Na0.00Ca0.05Fe''0.82Mg1.09Fe'''0.02Ti0.00Al0.06Si1.96O6 51.6266 0.0299615 1.42853 0.557044 25.943 0 19.1967 1.2073 0.0108622 0 0 0
500.00 1103.15 20.662922 41.725542 -235398.622951 5.942756 23.746058 opx Na0.00Ca0.05Fe''0.84Mg1.07Fe'''0.02Ti0.00Al0.06Si1.96O6 51.487 0.0275121 1.43206 0.549858 26.5246 0 18.8169 1.15187 0.010284 0 0 0
500.00 1093.15 21.326992 42.792161 -241913.335538 6.117418 24.433330 opx Na0.00Ca0.04Fe''0.86Mg1.05Fe'''0.02Ti0.00Al0.06Si1.96O6 51.3516 0.0253271 1.43752 0.542684 27.0846 0 18.452 1.09655 0.00972883 0 0 0
500.00 1083.15 21.986781 43.833811 -248369.185827 6.290398 25.113332 opx Na0.00Ca0.04Fe''0.88Mg1.03Fe'''0.02Ti0.00Al0.07Si1.96O6 51.2209 0.0233706 1.44474 0.535444 27.622 0 18.1027 1.04173 0.00919665 0 0 0
500.00 1073.15 22.638786 44.843827 -254734.275561 6.460780 25.782325 opx Na0.00Ca0.04Fe''0.90Mg1.02Fe'''0.02Ti0.00Al0.07Si1.96O6 51.0952 0.0216123 1.45356 0.528076 28.1359 0 17.7692 0.987723 0.0086873 0 0 0
500.00 1063.15 23.280198 45.817032 -260983.837393 6.627843 26.437334 opx Na0.00Ca0.04Fe''0.92Mg1.00Fe'''0.02Ti0.00Al0.07Si1.96O6 50.9745 0.0200259 1.46387 0.520531 28.6263 0 17.4518 0.934804 0.00820031 0 0 0
500.00 1053.15 23.909166 46.750206 -267102.545944 6.791129 27.076423 opx Na0.00Ca0.04Fe''0.94Mg0.98Fe'''0.01Ti0.00Al0.07Si1.96O6 50.859 0.0185888 1.47556 0.512787 29.0933 0 17.1498 0.883171 0.00773488 0 0 0
500.00 1043.15 25.089643 48.705203 -278441.016343 7.100937 28.295062 opx Na0.00Ca0.03Fe''0.97Mg0.96Fe'''0.01Ti0.00Al0.07Si1.96O6 50.6568 0.0169334 1.49342 0.513811 29.8612 0 16.6264 0.824232 0.0071896 0 0 0
500.00 1033.15 25.251456 48.723959 -280124.202957 7.139560 28.434895 opx Na0.00Ca0.03Fe''0.97Mg0.95Fe'''0.01Ti0.00Al0.07Si1.96O6 50.6489 0.0156767 1.47147 0.483963 30.0363 0 16.5502 0.786672 0.00680218 0 0 0
500.00 1023.15 25.384992 48.684069 -281531.420968 7.170492 28.543880 opx Na0.00Ca0.03Fe''0.98Mg0.95Fe'''0.01Ti0.00Al0.07Si1.96O6 50.6433 0.0145175 1.45067 0.455392 30.1962 0 16.4837 0.749743 0.00643494 0 0 0
500.00 1013.15 25.493681 48.593956 -282715.374595 7.194732 28.626871 opx Na0.00Ca0.03Fe''0.98Mg0.95Fe'''0.01Ti0.00Al0.07Si1.96O6 50.635 0.0135323 1.43955 0.431274 30.3343 0 16.4277 0.712616 0.00611287 0 0 0
500.00 1003.15 25.566279 48.432945 -283531.705118 7.208767 28.670784 opx Na0.00Ca0.03Fe''0.99Mg0.95Fe'''0.01Ti0.00Al0.07Si1.96O6 50.6146 0.012782 1.44798 0.415575 30.4547 0 16.3743 0.674155 0.00587963 0 0 0

rhm-oxide_0 thermodynamic data and composition:
Pressure Temperature mass S H V Cp formula SiO2 TiO2 Al2O3 Fe2O3 FeO MnO MgO CaO Na2O K2O P2O5 H2O
500.00 1153.15 0.243555 0.454981 -1802.952374 0.052495 0.221898 Mn0.05Fe''0.74Mg0.09Fe'''0.23Ti0.89O3 0 47.3254 0 12.0333 35.6977 2.53891 2.40475 0 0 0 0 0
500.00 1143.15 0.505741 0.940269 -3739.198183 0.108864 0.460208 Mn0.06Fe''0.75Mg0.08Fe'''0.22Ti0.89O3 0 47.3005 0 11.9611 35.8606 2.62716 2.25066 0 0 0 0 0
500.00 1133.15 0.756268 1.399130 -5586.587786 0.162610 0.687318 Mn0.06Fe''0.75Mg0.08Fe'''0.22Ti0.89O3 0 47.3019 0 11.8568 36.1133 2.60671 2.12123 0 0 0 0 0
500.00 1123.15 0.987107 1.817148 -7287.402034 0.212028 0.895984 Mn0.05Fe''0.76Mg0.07Fe'''0.22Ti0.89O3 0 47.3136 0 11.7429 36.3578 2.58133 2.00435 0 0 0 0 0
500.00 1113.15 1.199596 2.197299 -8852.867736 0.257428 1.087481 Mn0.05Fe''0.77Mg0.07Fe'''0.22Ti0.89O3 0 47.3342 0 11.6205 36.595 2.55198 1.89836 0 0 0 0 0
500.00 1103.15 1.394800 2.542011 -10291.811649 0.299058 1.262833 Mn0.05Fe''0.77Mg0.07Fe'''0.22Ti0.89O3 0 47.3627 0 11.4904 36.8256 2.51948 1.80188 0 0 0 0 0
500.00 1093.15 1.573595 2.853326 -11611.372614 0.337121 1.422884 Mn0.05Fe''0.78Mg0.06Fe'''0.21Ti0.89O3 0 47.3982 0 11.3536 37.05 2.4845 1.71375 0 0 0 0 0
500.00 1083.15 1.736749 3.133063 -12817.675895 0.371795 1.568380 Mn0.05Fe''0.78Mg0.06Fe'''0.21Ti0.89O3 0 47.4399 0 11.2107 37.2688 2.44765 1.63299 0 0 0 0 0
500.00 1073.15 1.885004 3.382963 -13916.460021 0.403250 1.700039 Mn0.05Fe''0.79Mg0.06Fe'''0.21Ti0.90O3 0 47.4871 0 11.0624 37.4823 2.40943 1.55871 0 0 0 0 0
500.00 1063.15 2.019144 3.604815 -14913.623018 0.431662 1.818612 Mn0.05Fe''0.79Mg0.06Fe'''0.21Ti0.90O3 0 47.5391 0 10.9094 37.6911 2.37025 1.49014 0 0 0 0 0
500.00 1053.15 2.140047 3.800550 -15815.644381 0.457225 1.924936 Mn0.05Fe''0.80Mg0.05Fe'''0.20Ti0.90O3 0 47.5955 0 10.7521 37.8954 2.33045 1.42655 0 0 0 0 0
500.00 1043.15 2.357079 4.163088 -17419.219868 0.503180 2.117129 Mn0.05Fe''0.80Mg0.05Fe'''0.20Ti0.90O3 0 47.6385 0 10.5972 38.1446 2.28604 1.33369 0 0 0 0 0
500.00 1033.15 2.364609 4.153857 -17519.200016 0.504699 2.120287 Mn0.05Fe''0.81Mg0.05Fe'''0.19Ti0.90O3 0 47.8505 0 10.1678 38.3343 2.34889 1.29856 0 0 0 0 0
500.00 1023.15 2.367828 4.136829 -17586.446107 0.505294 2.119604 Mn0.05Fe''0.81Mg0.05Fe'''0.18Ti0.91O3 0 48.0542 0 9.75514 38.516 2.41006 1.26457 0 0 0 0 0
500.00 1013.15 2.370724 4.119191 -17645.741505 0.505798 2.118848 Mn0.05Fe''0.81Mg0.05Fe'''0.18Ti0.91O3 0 48.2197 0 9.41722 38.6844 2.44482 1.23389 0 0 0 0 0
500.00 1003.15 2.365814 4.088171 -17634.632256 0.504583 2.111569 Mn0.05Fe''0.82Mg0.05Fe'''0.17Ti0.91O3 0 48.3075 0 9.23007 38.8367 2.4175 1.20822 0 0 0 0 0

quartz thermodynamic data and composition:
Pressure Temperature mass S H V Cp formula
500.00 1013.15 0.161303 0.314492 -2317.110820 0.063586 0.186522 SiO2
500.00 1003.15 0.146621 0.284184 -2107.886160 0.057798 0.169318 SiO2

clinopyroxene_0 thermodynamic data and composition:
Pressure Temperature mass S H V Cp structure formula SiO2 TiO2 Al2O3 Fe2O3 FeO MnO MgO CaO Na2O K2O P2O5 H2O
500.00 1383.15 2.719375 6.189158 -34774.236866 0.836093 3.193580 cpx Na0.01Ca0.83Fe''0.17Mg0.85Fe'''0.07Ti0.02Al0.21Si1.84O6 49.902 0.767123 4.77308 2.61014 5.58729 0 15.3577 20.857 0.145735 0 0 0
500.00 1373.15 7.331694 16.622318 -93454.695449 2.247484 8.585112 cpx Na0.01Ca0.82Fe''0.18Mg0.83Fe'''0.08Ti0.02Al0.22Si1.83O6 49.4294 0.890995 5.1164 2.79235 5.89841 0 15.0017 20.7134 0.157326 0 0 0
500.00 1363.15 11.578207 26.146817 -147089.389274 3.538345 13.516736 cpx Na0.01Ca0.82Fe''0.19Mg0.81Fe'''0.08Ti0.03Al0.24Si1.82O6 48.9431 1.02471 5.46129 2.97811 6.21928 0 14.6359 20.5682 0.1694 0 0 0
500.00 1353.15 15.393254 34.623416 -194848.858103 4.689462 17.915182 cpx Na0.01Ca0.81Fe''0.20Mg0.79Fe'''0.09Ti0.03Al0.25Si1.80O6 48.4683 1.16463 5.77323 3.16098 6.56967 0 14.2753 20.406 0.181981 0 0 0
500.00 1343.15 17.844552 39.978677 -224731.199258 5.418520 20.705820 cpx Na0.01Ca0.80Fe''0.22Mg0.78Fe'''0.09Ti0.04Al0.25Si1.80O6 48.172 1.29652 5.7945 3.30117 7.12623 0 14.0213 20.0931 0.195199 0 0 0
500.00 1333.15 22.871945 51.169360 -289449.042163 6.972731 26.677930 cpx Na0.01Ca0.77Fe''0.23Mg0.83Fe'''0.07Ti0.02Al0.22Si1.84O6 49.5246 0.849362 4.92077 2.65558 7.45382 0 15.0542 19.3457 0.19607 0 0 0
500.00 1323.15 23.448124 52.218747 -296389.680789 7.140846 27.295690 cpx Na0.01Ca0.77Fe''0.24Mg0.83Fe'''0.07Ti0.02Al0.21Si1.84O6 49.6012 0.842502 4.73871 2.61361 7.71061 0 14.9021 19.3844 0.206885 0 0 0
500.00 1313.15 23.755004 52.657442 -299990.423187 7.227181 27.598946 cpx Na0.02Ca0.78Fe''0.25Mg0.82Fe'''0.07Ti0.02Al0.20Si1.85O6 49.6696 0.838324 4.57386 2.56942 7.93777 0 14.7517 19.443 0.216354 0 0 0
500.00 1303.15 23.923509 52.782836 -301897.904532 7.271627 27.741069 cpx Na0.02Ca0.78Fe''0.25Mg0.81Fe'''0.07Ti0.02Al0.19Si1.85O6 49.7285 0.837151 4.42526 2.52398 8.14182 0 14.6024 19.5164 0.224417 0 0 0
500.00 1293.15 24.017902 52.740582 -302918.081735 7.293731 27.797245 cpx Na0.02Ca0.78Fe''0.26Mg0.80Fe'''0.07Ti0.02Al0.19Si1.86O6 49.7771 0.839346 4.29263 2.47797 8.32611 0 14.4542 19.6015 0.231094 0 0 0
500.00 1283.15 24.068503 52.599506 -303430.730992 7.302714 27.802996 cpx Na0.02Ca0.79Fe''0.27Mg0.80Fe'''0.07Ti0.02Al0.18Si1.86O6 49.8151 0.845191 4.17568 2.43183 8.49222 0 14.3077 19.6958 0.236483 0 0 0
500.00 1273.15 24.089226 52.391485 -303609.977433 7.302815 27.774735 cpx Na0.02Ca0.79Fe''0.27Mg0.79Fe'''0.07Ti0.02Al0.18Si1.86O6 49.8428 0.854826 4.07381 2.38584 8.64084 0 14.1635 19.7977 0.240746 0 0 0
500.00 1263.15 24.086851 52.132356 -303540.377460 7.296112 27.720570 cpx Na0.02Ca0.80Fe''0.27Mg0.78Fe'''0.07Ti0.02Al0.18Si1.86O6 49.861 0.868267 3.98607 2.34019 8.77246 0 14.0225 19.9054 0.244077 0 0 0
500.00 1253.15 24.065491 51.831869 -303272.333499 7.283870 27.645461 cpx Na0.02Ca0.80Fe''0.28Mg0.77Fe'''0.06Ti0.02Al0.17Si1.87O6 49.8707 0.885443 3.91129 2.29496 8.88766 0 13.8855 20.0178 0.246671 0 0 0
500.00 1243.15 24.028421 51.497756 -302845.019370 7.267090 27.553334 cpx Na0.02Ca0.81Fe''0.28Mg0.77Fe'''0.06Ti0.03Al0.17Si1.87O6 49.8728 0.90625 3.84822 2.25021 8.98724 0 13.7532 20.1333 0.248711 0 0 0
500.00 1233.15 23.978651 51.136986 -302293.600543 7.246682 27.447739 cpx Na0.02Ca0.81Fe''0.28Mg0.76Fe'''0.06Ti0.03Al0.17Si1.87O6 49.8682 0.930592 3.79567 2.206 9.07218 0 13.6259 20.2511 0.250351 0 0 0
500.00 1223.15 23.918997 50.755943 -301650.378841 7.223491 27.331932 cpx Na0.02Ca0.82Fe''0.29Mg0.75Fe'''0.06Ti0.03Al0.17Si1.87O6 49.8576 0.95841 3.75259 2.16239 9.14356 0 13.5036 20.3702 0.251723 0 0 0
500.00 1213.15 23.850630 50.357239 -300921.512005 7.197802 27.207029 cpx Na0.02Ca0.82Fe''0.29Mg0.75Fe'''0.06Ti0.03Al0.16Si1.87O6 49.8409 0.989874 3.71777 2.11945 9.20438 0 13.3854 20.4894 0.252901 0 0 0
500.00 1203.15 23.774613 49.943223 -300113.479034 7.169879 27.074041 cpx Na0.02Ca0.83Fe''0.29Mg0.74Fe'''0.06Ti0.03Al0.16Si1.87O6 49.8177 1.02527 3.69046 2.07732 9.25697 0 13.2701 20.6082 0.253948 0 0 0
500.00 1193.15 23.695758 49.524403 -299294.244004 7.141251 26.938797 cpx Na0.02Ca0.83Fe''0.29Mg0.74Fe'''0.06Ti0.03Al0.16Si1.87O6 49.789 1.06442 3.67089 2.03604 9.29848 0 13.1594 20.7267 0.254994 0 0 0
500.00 1183.15 23.615785 49.104355 -298482.071623 7.112406 26.803136 cpx Na0.02Ca0.84Fe''0.29Mg0.73Fe'''0.06Ti0.03Al0.16Si1.87O6 49.7545 1.10755 3.65876 1.99572 9.32998 0 13.0528 20.8446 0.256098 0 0 0
500.00 1173.15 23.536157 48.686040 -297692.181170 7.083749 26.668581 cpx Na0.02Ca0.84Fe''0.29Mg0.73Fe'''0.06Ti0.03Al0.16Si1.87O6 49.7138 1.15498 3.6539 1.95648 9.35244 0 12.9496 20.9615 0.257312 0 0 0
500.00 1163.15 23.458134 48.271928 -296937.382231 7.055619 26.536407 cpx Na0.02Ca0.85Fe''0.29Mg0.72Fe'''0.05Ti0.03Al0.16Si1.87O6 49.6662 1.20712 3.65637 1.91847 9.36675 0 12.8492 21.0772 0.258681 0 0 0
500.00 1153.15 23.385375 47.869629 -295926.529563 7.028425 26.404628 cpx Na0.02Ca0.85Fe''0.30Mg0.71Fe'''0.05Ti0.03Al0.16Si1.87O6 49.699 1.1735 3.59776 1.88405 9.52945 0 12.7258 21.1328 0.257618 0 0 0
500.00 1143.15 23.301856 47.444317 -294706.714608 6.997439 26.258061 cpx Na0.02Ca0.85Fe''0.31Mg0.71Fe'''0.05Ti0.03Al0.16Si1.87O6 49.7298 1.13602 3.53563 1.85109 9.7205 0 12.5897 21.1812 0.256035 0 0 0
500.00 1133.15 23.211106 47.003851 -293374.897426 6.963950 26.102012 cpx Na0.02Ca0.86Fe''0.31Mg0.70Fe'''0.05Ti0.03Al0.15Si1.87O6 49.75 1.10462 3.47824 1.81914 9.91717 0 12.4464 21.2301 0.254347 0 0 0
500.00 1123.15 23.121640 46.566927 -292087.397970 6.931031 25.948195 cpx Na0.02Ca0.86Fe''0.32Mg0.69Fe'''0.05Ti0.03Al0.15Si1.88O6 49.7659 1.07741 3.42648 1.78723 10.102 0 12.3066 21.2814 0.252824 0 0 0
500.00 1113.15 23.033753 46.134169 -290849.258609 6.898803 25.797052 cpx Na0.02Ca0.86Fe''0.32Mg0.68Fe'''0.05Ti0.03Al0.15Si1.88O6 49.7786 1.05387 3.37972 1.75517 10.2748 0 12.1714 21.335 0.251449 0 0 0
500.00 1103.15 22.947629 45.705959 -289664.256884 6.867349 25.648891 cpx Na0.02Ca0.87Fe''0.33Mg0.68Fe'''0.05Ti0.03Al0.15Si1.88O6 49.7889 1.03357 3.3374 1.72281 10.4351 0 12.0414 21.3907 0.25021 0 0 0
500.00 1093.15 22.863366 45.282476 -288534.998870 6.836725 25.503902 cpx Na0.02Ca0.87Fe''0.33Mg0.67Fe'''0.05Ti0.03Al0.15Si1.88O6 49.7977 1.01614 3.29907 1.69002 10.5824 0 11.9174 21.4483 0.249088 0 0 0
500.00 1083.15 22.780994 44.863747 -287462.994714 6.806961 25.362182 cpx Na0.02Ca0.87Fe''0.34Mg0.67Fe'''0.05Ti0.03Al0.15Si1.88O6 49.8056 1.00128 3.26434 1.65667 10.7163 0 11.8 21.5077 0.248069 0 0 0
500.00 1073.15 22.700496 44.449690 -286448.702599 6.778065 25.223749 cpx Na0.02Ca0.87Fe''0.34Mg0.66Fe'''0.05Ti0.03Al0.14Si1.89O6 49.8133 0.988717 3.23286 1.62269 10.8367 0 11.6899 21.5687 0.247132 0 0 0
500.00 1063.15 22.621836 44.040154 -285491.536542 6.750035 25.088560 cpx Na0.02Ca0.88Fe''0.35Mg0.65Fe'''0.05Ti0.03Al0.14Si1.89O6 49.8211 0.978208 3.2043 1.58802 10.9436 0 11.5872 21.6313 0.246259 0 0 0
500.00 1053.15 22.544968 43.634948 -284589.841437 6.722851 24.956518 cpx Na0.02Ca0.88Fe''0.35Mg0.65Fe'''0.04Ti0.03Al0.14Si1.89O6 49.8294 0.969525 3.17837 1.55265 11.0374 0 11.492 21.6952 0.245426 0 0 0
500.00 1043.15 22.454826 43.194125 -282957.678935 6.686648 24.788020 cpx Na0.02Ca0.88Fe''0.36Mg0.64Fe'''0.04Ti0.03Al0.14Si1.89O6 49.8009 0.949179 3.13316 1.53242 11.3466 0 11.2775 21.7162 0.244087 0 0 0
500.00 1033.15 22.326026 42.697251 -281997.197541 6.650559 24.624304 cpx Na0.02Ca0.89Fe''0.36Mg0.64Fe'''0.04Ti0.03Al0.14Si1.89O6 49.9244 0.928271 3.05996 1.43801 11.2546 0 11.3381 21.8157 0.240948 0 0 0
500.00 1023.15 22.203031 42.212883 -281123.488366 6.616353 24.467482 cpx Na0.02Ca0.89Fe''0.35Mg0.64Fe'''0.04Ti0.03Al0.13Si1.90O6 50.0466 0.90834 2.98924 1.34764 11.1504 0 11.4047 21.9152 0.237965 0 0 0
500.00 1013.15 22.077251 41.725555 -280222.138693 6.581122 24.307185 cpx Na0.02Ca0.89Fe''0.35Mg0.65Fe'''0.04Ti0.03Al0.13Si1.90O6 50.1469 0.896462 2.93972 1.27161 11.0257 0 11.4684 22.0148 0.236379 0 0 0
500.00 1003.15 22.022277 41.374663 -280196.849603 6.566169 24.222492 cpx Na0.02Ca0.90Fe''0.34Mg0.65Fe'''0.03Ti0.03Al0.13Si1.90O6 50.2003 0.900845 2.93269 1.22279 10.8806 0 11.513 22.1113 0.238537 0 0 0
