Title: Hr

System Thermodynamic Data:
Pressure Temperature mass F phi S H V dVdP*10^6 dVdT*10^6 Cp logfO2(absolute) logfO2-NNO rhol rhos viscosity aH2O chisqr
500.00 1523.15 98.091659 1.0000000000000000 1.000000 274.883952 -1167877.160410 37.662903 -369.628367 3729.145945 147.650005 -7.007 0.000 2.604464 0.000000 1.801 0.384444 0.000
500.00 1513.15 98.092293 1.0000000000000000 1.000000 273.912639 -1169362.876558 37.626188 -368.522840 3726.471379 147.649841 -7.116 0.000 2.607022 0.000000 1.841 0.383493 0.000
500.00 1503.15 98.092967 1.0000000000000000 1.000000 272.934931 -1170849.193167 37.589533 -367.420282 3723.739269 147.649873 -7.225 0.000 2.609582 0.000000 1.880 0.382532 0.000
500.00 1493.15 98.093681 1.0000000000000000 1.000000 271.950739 -1172336.133638 37.552939 -366.320764 3720.949885 147.650105 -7.336 0.000 2.612144 0.000000 1.921 0.381561 0.000
500.00 1483.15 98.094437 1.0000000000000000 1.000000 270.959974 -1173823.722355 37.516409 -365.224359 3718.103507 147.650546 -7.449 0.000 2.614707 0.000000 1.962 0.380581 0.000
500.00 1473.15 98.095235 1.0000000000000000 1.000000 269.977474 -1175289.938917 37.479944 -364.131144 3715.200425 144.430250 -7.563 0.000 2.617273 0.000000 2.003 0.379591 0.000
500.00 1463.15 98.096077 1.0000000000000000 1.000000 268.995255 -1176746.645796 37.443544 -363.041199 3712.240944 144.422797 -7.679 0.000 2.619840 0.000000 2.045 0.37859 0.000
500.00 1453.15 98.096965 1.0000000000000000 1.000000 268.006393 -1178203.989812 37.407213 -361.954608 3709.225383 144.415029 -7.796 0.000 2.622408 0.000000 2.087 0.37758 0.000
500.00 1443.15 98.097900 1.0000000000000000 1.000000 267.010798 -1179661.993862 37.370951 -360.871456 3706.154073 144.406944 -7.915 0.000 2.624977 0.000000 2.131 0.37656 0.000
500.00 1433.15 98.098884 1.0000000000000000 1.000000 266.008377 -1181120.681988 37.334760 -359.791835 3703.027362 144.398541 -8.035 0.000 2.627548 0.000000 2.174 0.37553 0.000
500.00 1423.15 98.099918 1.0000000000000000 1.000000 264.999033 -1182580.079437 37.298641 -358.715839 3699.845610 144.389816 -8.157 0.000 2.630120 0.000000 2.219 0.374491 0.000
500.00 1413.15 98.101409 0.9649843336123168 0.970489 263.055532 -1185359.907321 37.107432 -353.249980 3651.386184 143.165599 -8.281 0.000 2.628717 3.136882 2.267 0.392519 0.000
500.00 1403.15 98.099882 0.8881386062939641 0.901873 260.115591 -1189474.035568 36.826649 -341.478175 3543.656610 140.608727 -8.407 0.000 2.623262 3.036673 2.311 0.444502 0.000
500.00 1393.15 98.098160 0.8208244614822141 0.841075 257.432856 -1193195.953896 36.582004 -330.991022 3446.645728 138.362927 -8.535 0.000 2.617032 3.023289 2.358 0.498668 0.000
500.00 1383.15 98.096532 0.7616673745338920 0.787200 254.966220 -1196592.707564 36.364893 -321.606901 3359.167430 136.387499 -8.664 0.000 2.610068 3.021221 2.408 0.554502 0.000
500.00 1373.15 98.094982 0.7089351524885582 0.738880 252.668007 -1199734.052252 36.169706 -313.103082 3278.880029 134.623281 -8.795 0.000 2.602161 3.023098 2.461 0.612039 0.000
500.00 1363.15 98.093478 0.6613081825638929 0.695061 250.501420 -1202673.157792 35.992274 -305.311516 3203.941394 133.025030 -8.929 0.000 2.593055 3.027072 2.519 0.671357 0.000
500.00 1353.15 98.091965 0.6177618916794756 0.654911 248.437378 -1205451.211838 35.829477 -298.102708 3132.870733 131.557565 -9.064 0.000 2.582451 3.032462 2.583 0.73258 0.000
500.00 1343.15 98.253458 0.5043155589901240 0.563047 244.719604 -1213239.855056 35.602525 -284.918017 2877.598507 127.876366 -9.201 0.000 2.471866 3.130671 3.083 0.870159 0.000
500.00 1333.15 98.273583 0.4639477271217991 0.526033 242.769776 -1216190.466673 35.481102 -278.253415 2802.634959 126.586835 -9.340 0.000 2.442845 3.132554 3.225 0.95357 0.000
500.00 1323.15 98.300187 0.3956046380528728 0.443368 240.345217 -1219859.441002 36.266918 -2634.618863 3664.635249 124.882289 -9.481 0.000 2.418470 2.943043 3.362 0.999925 0.000
500.00 1313.15 98.322140 0.3173049615288334 0.344957 237.788049 -1223602.114030 37.666175 -6492.748180 5164.221829 123.103134 -9.625 0.000 2.401110 2.720549 3.505 0.999962 0.000
500.00 1303.15 98.323368 0.2666737563755908 0.284396 235.754242 -1226283.574265 38.626583 -9064.488989 6197.649327 121.845703 -9.771 0.000 2.386865 2.608523 3.678 1.00001 0.000
500.00 1293.15 98.320764 0.2253997998138327 0.236745 233.928901 -1228609.394922 39.405075 -11181.140135 7082.880165 120.839664 -9.919 0.000 2.375555 2.532219 3.836 1.00005 0.000
500.00 1283.15 98.315499 0.1919184683681959 0.199199 232.271196 -1230656.227568 40.021913 -12893.830530 7838.006988 120.222654 -10.069 0.000 2.366753 2.478877 3.981 1.00009 0.000
500.00 1273.15 98.308468 0.1648781549168171 0.169584 230.748869 -1232483.846978 40.499154 -14256.967352 8467.287712 119.583492 -10.221 0.000 2.360066 2.441175 4.113 1.00012 0.000
500.00 1263.15 98.300355 0.1430581562654852 0.146135 229.333783 -1234142.211005 40.859971 -15327.787256 8993.665724 119.058569 -10.376 0.000 2.355137 2.414455 4.232 1.00014 0.000
500.00 1253.15 98.290987 0.1243908448123294 0.126454 227.985619 -1235681.328150 41.137237 -16194.519696 9448.732744 118.579787 -10.534 0.000 2.350363 2.394986 4.369 1.00016 0.000
500.00 1243.15 98.281355 0.1091735499566396 0.110614 226.705132 -1237118.290899 41.336162 -16863.183386 9832.676650 118.172543 -10.694 0.000 2.346640 2.381464 4.499 1.00016 0.000
500.00 1233.15 98.271067 0.0965395092814834 0.097601 225.471290 -1238473.903600 41.478949 -17387.952722 10165.862094 117.816338 -10.857 0.000 2.343422 2.371965 4.629 1.00016 0.000
500.00 1223.15 98.257414 0.0850286493113042 0.085883 224.247824 -1239748.479832 41.602885 -17862.078453 10487.183978 117.469782 -11.022 0.000 2.338310 2.364000 4.809 1.00016 0.000
500.00 1213.15 98.243990 0.0751423443613294 0.075888 223.053644 -1240979.242928 41.687394 -18239.942788 10775.990328 117.159279 -11.190 0.000 2.333520 2.358586 4.992 1.00015 0.000
500.00 1203.15 98.230903 0.0665793217607599 0.067277 221.882118 -1242176.629228 41.739407 -18538.613598 11038.525163 116.877953 -11.361 0.000 2.329041 2.355193 5.177 1.00014 0.000
500.00 1193.15 98.218212 0.0590961560876676 0.059779 220.727831 -1243348.504273 41.764570 -18772.087722 11280.031797 116.620366 -11.534 0.000 2.324865 2.353418 5.363 1.00013 0.000
500.00 1183.15 98.205936 0.0524966252791560 0.053181 219.586365 -1244500.778274 41.767432 -18951.749255 11504.879892 116.382237 -11.711 0.000 2.320986 2.352956 5.551 1.00012 0.000
500.00 1173.15 98.194071 0.0466222478915812 0.047316 218.454098 -1245637.889084 41.751645 -19086.835260 11716.711687 116.160211 -11.890 0.000 2.317398 2.353573 5.739 1.00011 0.000
500.00 1163.15 98.182046 0.0406576867899407 0.041340 217.311948 -1246772.772672 41.731337 -19218.927853 11936.074742 115.942387 -12.073 0.000 2.313874 2.354393 5.931 1.0001 0.000
500.00 1153.15 98.168217 0.0328442174462019 0.033445 216.120575 -1247923.720177 41.734157 -19433.176226 12207.857598 115.705979 -12.259 0.000 2.309942 2.353690 6.140 1.0001 0.000
500.00 1143.15 98.154544 0.0256963389380545 0.026212 214.940071 -1249053.143112 41.718735 -19603.636461 12467.834185 115.485039 -12.448 0.000 2.306495 2.354015 6.346 1.00009 0.000
500.00 1133.15 98.141059 0.0190880984500423 0.019508 213.767503 -1250165.122669 41.687813 -19737.228776 12718.988700 115.277072 -12.641 0.000 2.303531 2.355199 6.551 1.00008 0.000
500.00 1123.15 98.127771 0.0129083398941949 0.013219 212.600294 -1251262.886490 41.643731 -19839.996537 12964.087788 115.080119 -12.837 0.000 2.301040 2.357105 6.752 1.00008 0.000
500.00 1113.15 98.114668 0.0070564201320552 0.007241 211.436126 -1252348.879199 41.588503 -19917.318356 13205.774254 114.892673 -13.036 0.000 2.299005 2.359617 6.950 1.00007 0.000
500.00 1103.15 98.098315 0.0000618879273706 0.000064 210.240280 -1253405.097531 41.540870 -20033.076526 13480.050617 114.694839 -13.239 0.000 2.297151 2.361493 7.143 1.00007 0.000
500.00 1093.15 98.098738 0.0000000000000000 0.000000 209.163777 -1254594.192698 41.405544 -19845.298470 13591.445804 114.596554 -13.446 0.000 0.000000 2.369217 7.252 1 0.000
500.00 1083.15 98.099299 0.0000000000000000 0.000000 208.079851 -1255782.862257 41.268301 -19654.538186 13707.214174 114.504076 -13.656 0.000 0.000000 2.377110 7.252 1 0.000

Title: Hr

Liquid Composition:
Pressure Temperature mass SiO2 TiO2 Al2O3 Fe2O3 FeO MnO MgO CaO Na2O K2O P2O5 H2O 
500.00 1523.15 98.091659 48.5773 1.40175 15.5817 2.47422 9.60047 0.19492 7.15127 11.2167 2.28919 0.336114 0.156996 1.01945
500.00 1513.15 98.092293 48.577 1.40174 15.5816 2.48066 9.59459 0.194918 7.15122 11.2166 2.28917 0.336112 0.156995 1.01945
500.00 1503.15 98.092967 48.5767 1.40173 15.5814 2.4875 9.58836 0.194917 7.15118 11.2165 2.28916 0.33611 0.156994 1.01944
500.00 1493.15 98.093681 48.5763 1.40172 15.5813 2.49475 9.58175 0.194916 7.15112 11.2164 2.28914 0.336107 0.156993 1.01943
500.00 1483.15 98.094437 48.5759 1.40171 15.5812 2.50242 9.57476 0.194914 7.15107 11.2163 2.28912 0.336105 0.156992 1.01943
500.00 1473.15 98.095235 48.5755 1.4017 15.5811 2.51052 9.56737 0.194913 7.15101 11.2162 2.2891 0.336102 0.15699 1.01942
500.00 1463.15 98.096077 48.5751 1.40169 15.5809 2.51907 9.55958 0.194911 7.15095 11.2161 2.28908 0.336099 0.156989 1.01941
500.00 1453.15 98.096965 48.5747 1.40167 15.5808 2.52808 9.55136 0.194909 7.15088 11.216 2.28906 0.336096 0.156988 1.0194
500.00 1443.15 98.097900 48.5742 1.40166 15.5807 2.53757 9.54271 0.194907 7.15082 11.2159 2.28904 0.336093 0.156986 1.01939
500.00 1433.15 98.098884 48.5737 1.40165 15.5805 2.54755 9.53361 0.194905 7.15074 11.2158 2.28902 0.336089 0.156984 1.01938
500.00 1423.15 98.099918 48.5732 1.40163 15.5803 2.55805 9.52404 0.194903 7.15067 11.2157 2.28899 0.336086 0.156983 1.01937
500.00 1413.15 94.666323 48.544 1.43186 15.782 2.5858 9.69846 0.201973 6.94271 10.8906 2.35547 0.34806 0.162677 1.05634
500.00 1403.15 87.126293 48.6388 1.52091 15.7019 2.67583 10.143 0.215706 6.53004 10.3949 2.47766 0.37671 0.176755 1.14776
500.00 1393.15 80.521370 48.7648 1.6037 15.6216 2.75692 10.5389 0.228572 6.11422 9.93731 2.59492 0.405943 0.191254 1.24191
500.00 1383.15 74.716928 48.9165 1.67694 15.5525 2.82726 10.8822 0.240658 5.71441 9.50208 2.70738 0.435642 0.206111 1.33838
500.00 1373.15 69.542981 49.1016 1.73886 15.4963 2.8863 11.1677 0.251871 5.32892 9.08693 2.81604 0.466039 0.221446 1.43796
500.00 1363.15 64.870020 49.3304 1.78716 15.4549 2.93307 11.3882 0.262074 4.95622 8.68972 2.92193 0.497411 0.237398 1.54154
500.00 1353.15 60.597478 49.615 1.81895 15.43 2.96616 11.5347 0.271079 4.595 8.30856 3.02616 0.530089 0.254136 1.65023
500.00 1343.15 49.550748 53.8237 1.22117 16.3655 2.17732 7.84438 0.33292 3.97417 7.79725 3.48955 0.645142 0.310792 2.01813
500.00 1333.15 45.593805 54.884 1.12402 16.4632 2.02347 7.16799 0.353819 3.66764 7.45445 3.63276 0.697616 0.337765 2.19328
500.00 1323.15 38.888010 55.9007 1.03337 16.41 1.88925 6.52811 0.436269 3.3377 7.07283 3.87013 0.806463 0.396009 2.31911
500.00 1313.15 31.198103 56.9114 0.968727 16.154 1.76892 5.92847 0.612858 2.98779 6.73093 4.09563 0.977748 0.49362 2.36994
500.00 1303.15 26.220262 58.0534 0.942244 15.8075 1.6475 5.39514 0.729207 2.67121 6.51953 4.11914 1.12996 0.587332 2.39775
500.00 1293.15 22.161481 59.0479 0.926644 15.4813 1.52922 4.90636 0.862758 2.40718 6.37408 4.06014 1.29253 0.694899 2.41692
500.00 1283.15 18.868560 59.9001 0.919752 15.1828 1.41522 4.45929 1.01333 2.18466 6.28391 3.93317 1.46212 0.816173 2.42939
500.00 1273.15 16.208919 60.6172 0.919298 14.9144 1.30683 4.05195 1.1796 1.99517 6.23791 3.75573 1.63472 0.950094 2.43705
500.00 1263.15 14.062668 61.2086 0.923154 14.6749 1.2052 3.6823 1.35963 1.83207 6.22571 3.54524 1.80652 1.0951 2.44159
500.00 1253.15 12.226499 61.9014 0.930133 14.5076 1.10687 3.35315 1.56382 1.68024 6.08402 3.32425 1.98549 1.11694 2.44601
500.00 1243.15 10.729724 62.5232 0.938229 14.3704 1.01648 3.05766 1.78197 1.54639 5.93495 3.09679 2.15978 1.12405 2.45004
500.00 1233.15 9.487041 63.1074 0.946566 14.246 0.932725 2.78664 1.98142 1.42501 5.79126 2.86894 2.33014 1.13158 2.4523
500.00 1223.15 8.354695 63.8911 0.954908 14.1067 0.848418 2.51607 2.02661 1.29989 5.62674 2.64202 2.51694 1.12649 2.44414
500.00 1213.15 7.382284 64.6372 0.961096 13.9818 0.771049 2.269 2.04813 1.18657 5.45972 2.42593 2.70456 1.12048 2.43447
500.00 1203.15 6.540147 65.345 0.964866 13.8693 0.700369 2.04415 2.04982 1.08383 5.29064 2.22222 2.89224 1.11382 2.4237
500.00 1193.15 5.804319 66.0144 0.96612 13.7676 0.636009 1.84008 2.03511 0.990576 5.12035 2.03148 3.07933 1.10681 2.4121
500.00 1183.15 5.155480 66.6456 0.96486 13.6752 0.577537 1.65523 2.00705 0.905856 4.94991 1.85373 3.2653 1.09978 2.39991
500.00 1173.15 4.578028 67.2391 0.961151 13.5911 0.524498 1.48806 1.96824 0.82881 4.78042 1.68864 3.44971 1.09302 2.38729
500.00 1163.15 3.991855 67.7996 0.94381 13.5243 0.476944 1.33795 1.90987 0.755728 4.6048 1.53397 3.65484 1.08521 2.37306
500.00 1153.15 3.224258 68.3214 0.886552 13.5078 0.434933 1.20344 1.80627 0.679529 4.40298 1.38297 3.94819 1.07282 2.35308
500.00 1143.15 2.522212 68.7792 0.833118 13.5081 0.395944 1.07934 1.70131 0.611218 4.2065 1.24126 4.24966 1.06237 2.33195
500.00 1133.15 1.873326 69.1744 0.783206 13.5234 0.359939 0.965548 1.59689 0.550027 4.0166 1.10908 4.557 1.05401 2.30997
500.00 1123.15 1.266667 69.5095 0.736513 13.5516 0.32685 0.861808 1.49455 0.495256 3.83452 0.986575 4.86749 1.04787 2.28745
500.00 1113.15 0.692338 69.7885 0.692748 13.5904 0.296581 0.767769 1.39554 0.446265 3.66146 0.873828 5.17813 1.04408 2.26469
500.00 1103.15 0.006071 70.1105 0.648642 13.5738 0.271772 0.691177 1.31212 0.403111 3.51722 0.777833 5.40351 1.04247 2.2478
500.00 1093.15 0.000000 ---
500.00 1083.15 0.000000 ---
Title: Hr

liquid_0 thermodynamic data and composition:
Pressure Temperature mass S H V Cp viscosity SiO2 TiO2 Al2O3 Fe2O3 FeO MnO MgO CaO Na2O K2O P2O5 H2O Mg#
500.00 1523.15 98.091659 274.883952 -1167877.160410 37.662903 147.650005 1.801 48.5773 1.40175 15.5817 2.47422 9.60047 0.19492 7.15127 11.2167 2.28919 0.336114 0.156996 1.01945 57.0
500.00 1513.15 98.092293 273.912639 -1169362.876558 37.626188 147.649841 1.841 48.577 1.40174 15.5816 2.48066 9.59459 0.194918 7.15122 11.2166 2.28917 0.336112 0.156995 1.01945 57.1
500.00 1503.15 98.092967 272.934931 -1170849.193167 37.589533 147.649873 1.880 48.5767 1.40173 15.5814 2.4875 9.58836 0.194917 7.15118 11.2165 2.28916 0.33611 0.156994 1.01944 57.1
500.00 1493.15 98.093681 271.950739 -1172336.133638 37.552939 147.650105 1.921 48.5763 1.40172 15.5813 2.49475 9.58175 0.194916 7.15112 11.2164 2.28914 0.336107 0.156993 1.01943 57.1
500.00 1483.15 98.094437 270.959974 -1173823.722355 37.516409 147.650546 1.962 48.5759 1.40171 15.5812 2.50242 9.57476 0.194914 7.15107 11.2163 2.28912 0.336105 0.156992 1.01943 57.1
500.00 1473.15 98.095235 269.977474 -1175289.938917 37.479944 144.430250 2.003 48.5755 1.4017 15.5811 2.51052 9.56737 0.194913 7.15101 11.2162 2.2891 0.336102 0.15699 1.01942 57.1
500.00 1463.15 98.096077 268.995255 -1176746.645796 37.443544 144.422797 2.045 48.5751 1.40169 15.5809 2.51907 9.55958 0.194911 7.15095 11.2161 2.28908 0.336099 0.156989 1.01941 57.1
500.00 1453.15 98.096965 268.006393 -1178203.989812 37.407213 144.415029 2.087 48.5747 1.40167 15.5808 2.52808 9.55136 0.194909 7.15088 11.216 2.28906 0.336096 0.156988 1.0194 57.2
500.00 1443.15 98.097900 267.010798 -1179661.993862 37.370951 144.406944 2.131 48.5742 1.40166 15.5807 2.53757 9.54271 0.194907 7.15082 11.2159 2.28904 0.336093 0.156986 1.01939 57.2
500.00 1433.15 98.098884 266.008377 -1181120.681988 37.334760 144.398541 2.174 48.5737 1.40165 15.5805 2.54755 9.53361 0.194905 7.15074 11.2158 2.28902 0.336089 0.156984 1.01938 57.2
500.00 1423.15 98.099918 264.999033 -1182580.079437 37.298641 144.389816 2.219 48.5732 1.40163 15.5803 2.55805 9.52404 0.194903 7.15067 11.2157 2.28899 0.336086 0.156983 1.01937 57.2
500.00 1413.15 94.666323 255.095254 -1140783.098665 36.012368 139.089004 2.267 48.544 1.43186 15.782 2.5858 9.69846 0.201973 6.94271 10.8906 2.35547 0.34806 0.162677 1.05634 56.1
500.00 1403.15 87.126293 234.559588 -1045835.394146 33.212961 127.482722 2.311 48.6388 1.52091 15.7019 2.67583 10.143 0.215706 6.53004 10.3949 2.47766 0.37671 0.176755 1.14776 53.4
500.00 1393.15 80.521370 216.581125 -963240.881643 30.768207 117.343644 2.358 48.7648 1.6037 15.6216 2.75692 10.5389 0.228572 6.11422 9.93731 2.59492 0.405943 0.191254 1.24191 50.8
500.00 1383.15 74.716928 200.794093 -891255.159318 28.626430 108.470492 2.408 48.9165 1.67694 15.5525 2.82726 10.8822 0.240658 5.71441 9.50208 2.70738 0.435642 0.206111 1.33838 48.3
500.00 1373.15 69.542981 186.740516 -827702.434307 26.725090 100.597208 2.461 49.1016 1.73886 15.4963 2.8863 11.1677 0.251871 5.32892 9.08693 2.81604 0.466039 0.221446 1.43796 46.0
500.00 1363.15 64.870020 174.072138 -770937.906802 25.016828 93.521550 2.519 49.3304 1.78716 15.4549 2.93307 11.3882 0.262074 4.95622 8.68972 2.92193 0.497411 0.237398 1.54154 43.7
500.00 1353.15 60.597478 162.519142 -719695.665404 23.465106 87.086964 2.583 49.615 1.81895 15.43 2.96616 11.5347 0.271079 4.595 8.30856 3.02616 0.530089 0.254136 1.65023 41.5
500.00 1343.15 49.550748 134.408682 -613764.811108 20.045889 71.240469 3.083 53.8237 1.22117 16.3655 2.17732 7.84438 0.33292 3.97417 7.79725 3.48955 0.645142 0.310792 2.01813 47.5
500.00 1333.15 45.593805 123.909351 -569470.959107 18.664224 65.450480 3.225 54.884 1.12402 16.4632 2.02347 7.16799 0.353819 3.66764 7.45445 3.63276 0.697616 0.337765 2.19328 47.7
500.00 1323.15 38.888010 105.775457 -488983.602777 16.079592 55.690959 3.362 55.9007 1.03337 16.41 1.88925 6.52811 0.436269 3.3377 7.07283 3.87013 0.806463 0.396009 2.31911 47.7
500.00 1313.15 31.198103 84.733331 -394255.706089 12.993198 44.514393 3.505 56.9114 0.968727 16.154 1.76892 5.92847 0.612858 2.98779 6.73093 4.09563 0.977748 0.49362 2.36994 47.3
500.00 1303.15 26.220262 70.970349 -333084.448093 10.985230 37.255659 3.678 58.0534 0.942244 15.8075 1.6475 5.39514 0.729207 2.67121 6.51953 4.11914 1.12996 0.587332 2.39775 46.9
500.00 1293.15 22.161481 59.737144 -282857.141335 9.328970 31.370597 3.836 59.0479 0.926644 15.4813 1.52922 4.90636 0.862758 2.40718 6.37408 4.06014 1.29253 0.694899 2.41692 46.7
500.00 1283.15 18.868560 50.621205 -241853.036941 7.972340 26.619648 3.981 59.9001 0.919752 15.1828 1.41522 4.45929 1.01333 2.18466 6.28391 3.93317 1.46212 0.816173 2.42939 46.6
500.00 1273.15 16.208919 43.260776 -208550.056459 6.867993 22.799035 4.113 60.6172 0.919298 14.9144 1.30683 4.05195 1.1796 1.99517 6.23791 3.75573 1.63472 0.950094 2.43705 46.7
500.00 1263.15 14.062668 37.325693 -181540.300109 5.971062 19.727752 4.232 61.2086 0.923154 14.6749 1.2052 3.6823 1.35963 1.83207 6.22571 3.54524 1.80652 1.0951 2.44159 47.0
500.00 1253.15 12.226499 32.277241 -158332.112755 5.201962 17.090990 4.369 61.9014 0.930133 14.5076 1.10687 3.35315 1.56382 1.68024 6.08402 3.32425 1.98549 1.11694 2.44601 47.2
500.00 1243.15 10.729724 28.171261 -139331.903439 4.572377 14.946867 4.499 62.5232 0.938229 14.3704 1.01648 3.05766 1.78197 1.54639 5.93495 3.09679 2.15978 1.12405 2.45004 47.4
500.00 1233.15 9.487041 24.769264 -123519.656962 4.048371 13.171811 4.629 63.1074 0.946566 14.246 0.932725 2.78664 1.98142 1.42501 5.79126 2.86894 2.33014 1.13158 2.4523 47.7
500.00 1223.15 8.354695 21.681135 -109179.919052 3.572963 11.556778 4.809 63.8911 0.954908 14.1067 0.848418 2.51607 2.02661 1.29989 5.62674 2.64202 2.51694 1.12649 2.44414 47.9
500.00 1213.15 7.382284 19.040864 -96818.507999 3.163583 10.175266 4.992 64.6372 0.961096 13.9818 0.771049 2.269 2.04813 1.18657 5.45972 2.42593 2.70456 1.12048 2.43447 48.2
500.00 1203.15 6.540147 16.765348 -86070.099189 2.808086 8.983538 5.177 65.345 0.964866 13.8693 0.700369 2.04415 2.04982 1.08383 5.29064 2.22222 2.89224 1.11382 2.4237 48.6
500.00 1193.15 5.804319 14.787535 -76639.164460 2.496626 7.946398 5.363 66.0144 0.96612 13.7676 0.636009 1.84008 2.03511 0.990576 5.12035 2.03148 3.07933 1.10681 2.4121 49.0
500.00 1183.15 5.155480 13.053496 -68287.158875 2.221246 7.035580 5.551 66.6456 0.96486 13.6752 0.577537 1.65523 2.00705 0.905856 4.94991 1.85373 3.2653 1.09978 2.39991 49.4
500.00 1173.15 4.578028 11.519801 -60821.103985 1.975504 6.228331 5.739 67.2391 0.961151 13.5911 0.524498 1.48806 1.96824 0.82881 4.78042 1.68864 3.44971 1.09302 2.38729 49.8
500.00 1163.15 3.991855 9.982176 -53186.432760 1.725182 5.414438 5.931 67.7996 0.94381 13.5243 0.476944 1.33795 1.90987 0.755728 4.6048 1.53397 3.65484 1.08521 2.37306 50.2
500.00 1153.15 3.224258 8.010738 -43078.800474 1.395818 4.359756 6.140 68.3214 0.886552 13.5078 0.434933 1.20344 1.80627 0.679529 4.40298 1.38297 3.94819 1.07282 2.35308 50.2
500.00 1143.15 2.522212 6.225845 -33786.444873 1.093526 3.400491 6.346 68.7792 0.833118 13.5081 0.395944 1.07934 1.70131 0.611218 4.2065 1.24126 4.24966 1.06237 2.33195 50.2
500.00 1133.15 1.873326 4.593979 -25154.706051 0.813241 2.518689 6.551 69.1744 0.783206 13.5234 0.359939 0.965548 1.59689 0.550027 4.0166 1.10908 4.557 1.05401 2.30997 50.4
500.00 1123.15 1.266667 3.085925 -17046.380019 0.550476 1.698625 6.752 69.5095 0.736513 13.5516 0.32685 0.861808 1.49455 0.495256 3.83452 0.986575 4.86749 1.04787 2.28745 50.6
500.00 1113.15 0.692338 1.675639 -9336.290718 0.301147 0.926187 6.950 69.7885 0.692748 13.5904 0.296581 0.767769 1.39554 0.446265 3.66146 0.873828 5.17813 1.04408 2.26469 50.9
500.00 1103.15 0.006071 0.014599 -82.033397 0.002643 0.008103 7.143 70.1105 0.648642 13.5738 0.271772 0.691177 1.31212 0.403111 3.51722 0.777833 5.40351 1.04247 2.2478 51.0

olivine_0 thermodynamic data and composition:
Pressure Temperature mass S H V Cp formula SiO2 TiO2 Al2O3 Fe2O3 FeO MnO MgO CaO Na2O K2O P2O5 H2O
500.00 1403.15 0.848210 2.000322 -10207.187629 0.255373 1.036581 (Ca0.01Mg0.80Fe''0.20Mn0.00Co0.00Ni0.00)2SiO4 39.1524 0 0 0 18.3069 0.384766 41.7379 0.418012 0 0 0 0
500.00 1393.15 1.702157 3.992400 -20288.288164 0.509817 2.068616 (Ca0.01Mg0.79Fe''0.21Mn0.00Co0.00Ni0.00)2SiO4 38.9407 0 0 0 19.4116 0.420099 40.8256 0.402002 0 0 0 0
500.00 1383.15 2.497343 5.824980 -29468.734716 0.743976 3.017557 (Ca0.01Mg0.77Fe''0.22Mn0.00Co0.00Ni0.00)2SiO4 38.7216 0 0 0 20.5549 0.455986 39.8805 0.38705 0 0 0 0
500.00 1373.15 3.258349 7.556744 -38044.275666 0.965289 3.913631 (Ca0.01Mg0.76Fe''0.24Mn0.01Co0.00Ni0.00)2SiO4 38.4941 0 0 0 21.7411 0.492311 38.8994 0.373078 0 0 0 0
500.00 1363.15 4.006953 9.238612 -46266.217833 1.180207 4.783021 (Ca0.01Mg0.74Fe''0.25Mn0.01Co0.00Ni0.00)2SiO4 38.2578 0 0 0 22.9739 0.528889 37.8794 0.360011 0 0 0 0
500.00 1353.15 4.763263 10.916482 -54355.745928 1.394547 5.649297 (Ca0.00Mg0.73Fe''0.27Mn0.01Co0.00Ni0.00)2SiO4 38.0123 0 0 0 24.2554 0.565428 36.8191 0.347782 0 0 0 0
500.00 1343.15 3.555087 8.136830 -41163.163867 1.046284 4.235365 (Ca0.00Mg0.74Fe''0.25Mn0.01Co0.00Ni0.00)2SiO4 38.2686 0 0 0 22.7388 0.737979 37.9383 0.316393 0 0 0 0
500.00 1333.15 3.682325 8.390836 -42532.177005 1.081537 4.375602 (Ca0.00Mg0.74Fe''0.25Mn0.01Co0.00Ni0.00)2SiO4 38.2005 0 0 0 23.04 0.811454 37.6476 0.300472 0 0 0 0
500.00 1323.15 2.030437 4.605428 -23345.092626 0.594615 2.403829 (Ca0.00Mg0.73Fe''0.26Mn0.01Co0.00Ni0.00)2SiO4 38.0862 0 0 0 23.4112 1.06104 37.1523 0.289219 0 0 0 0
500.00 1233.15 0.037130 0.079560 -375.986833 0.010227 0.040843 (Ca0.00Mg0.54Fe''0.36Mn0.10Co0.00Ni0.00)2SiO4 35.408 0 0 0 30.2157 8.67763 25.4277 0.270968 0 0 0 0
500.00 1223.15 0.232021 0.493829 -2318.230115 0.063507 0.253285 (Ca0.00Mg0.52Fe''0.37Mn0.11Co0.00Ni0.00)2SiO4 35.1433 0 0 0 30.8886 9.43156 24.2694 0.267165 0 0 0 0
500.00 1213.15 0.394898 0.834933 -3896.671929 0.107454 0.428012 (Ca0.00Mg0.50Fe''0.38Mn0.12Co0.00Ni0.00)2SiO4 34.8983 0 0 0 31.5113 10.1295 23.1982 0.262594 0 0 0 0
500.00 1203.15 0.530254 1.113795 -5171.878724 0.143494 0.570851 (Ca0.00Mg0.48Fe''0.39Mn0.13Co0.00Ni0.00)2SiO4 34.6717 0 0 0 32.0877 10.7758 22.2074 0.257347 0 0 0 0
500.00 1193.15 0.642410 1.340671 -6198.373163 0.172951 0.687199 (Ca0.00Mg0.46Fe''0.40Mn0.14Co0.00Ni0.00)2SiO4 34.4616 0 0 0 32.6225 11.3752 21.2891 0.251524 0 0 0 0
500.00 1183.15 0.735198 1.524518 -7022.364253 0.196974 0.781719 (Ca0.00Mg0.45Fe''0.40Mn0.15Co0.00Ni0.00)2SiO4 34.2663 0 0 0 33.1204 11.9324 20.4357 0.245222 0 0 0 0
500.00 1173.15 0.811888 1.672897 -7681.928439 0.216529 0.858320 (Ca0.00Mg0.43Fe''0.41Mn0.15Co0.00Ni0.00)2SiO4 34.084 0 0 0 33.5861 12.4516 19.6397 0.238533 0 0 0 0
500.00 1163.15 0.880252 1.802194 -8250.758295 0.233701 0.925356 (Ca0.00Mg0.42Fe''0.42Mn0.16Co0.00Ni0.00)2SiO4 33.9059 0 0 0 34.0995 12.8996 18.8631 0.231828 0 0 0 0
500.00 1153.15 0.951657 1.935397 -8825.806272 0.251408 0.994513 (Ca0.00Mg0.40Fe''0.43Mn0.17Co0.00Ni0.00)2SiO4 33.7156 0 0 0 34.8497 13.1729 18.036 0.225794 0 0 0 0
500.00 1143.15 1.008031 2.036580 -9257.646445 0.265075 1.047589 (Ca0.00Mg0.39Fe''0.44Mn0.17Co0.00Ni0.00)2SiO4 33.5412 0 0 0 35.5529 13.4081 17.2785 0.219352 0 0 0 0
500.00 1133.15 1.052393 2.112429 -9578.341737 0.275553 1.087989 (Ca0.00Mg0.37Fe''0.45Mn0.17Co0.00Ni0.00)2SiO4 33.3809 0 0 0 36.2128 13.6108 16.5829 0.212593 0 0 0 0
500.00 1123.15 1.087159 2.168226 -9812.669889 0.283514 1.118387 (Ca0.00Mg0.36Fe''0.46Mn0.18Co0.00Ni0.00)2SiO4 33.233 0 0 0 36.8333 13.7863 15.9417 0.205602 0 0 0 0
500.00 1113.15 1.114269 2.208176 -9979.892821 0.289489 1.140902 (Ca0.00Mg0.35Fe''0.47Mn0.18Co0.00Ni0.00)2SiO4 33.0959 0 0 0 37.4189 13.9393 15.3475 0.198457 0 0 0 0
500.00 1103.15 1.139989 2.244177 -10120.629577 0.294939 1.161285 (Ca0.00Mg0.34Fe''0.48Mn0.18Co0.00Ni0.00)2SiO4 32.9432 0 0 0 38.0734 14.106 14.6857 0.191726 0 0 0 0
500.00 1093.15 1.139046 2.230906 -10105.322544 0.294368 1.158043 (Ca0.00Mg0.33Fe''0.49Mn0.18Co0.00Ni0.00)2SiO4 32.9167 0 0 0 38.2198 14.1071 14.5739 0.182537 0 0 0 0
500.00 1083.15 1.137488 2.216393 -10084.716553 0.293641 1.154162 (Ca0.00Mg0.33Fe''0.49Mn0.18Co0.00Ni0.00)2SiO4 32.8902 0 0 0 38.3604 14.1135 14.4623 0.173633 0 0 0 0

clinopyroxene_0 thermodynamic data and composition:
Pressure Temperature mass S H V Cp structure formula SiO2 TiO2 Al2O3 Fe2O3 FeO MnO MgO CaO Na2O K2O P2O5 H2O
500.00 1413.15 2.871531 6.615255 -36757.191698 0.884894 3.386306 cpx Na0.01Ca0.82Fe''0.16Mg0.85Fe'''0.07Ti0.02Al0.23Si1.83O6 49.7462 0.679382 5.34356 2.66209 5.17161 0 15.4061 20.8217 0.169351 0 0 0
500.00 1403.15 6.388222 14.662030 -81539.012575 1.963960 7.515839 cpx Na0.01Ca0.82Fe''0.17Mg0.84Fe'''0.08Ti0.02Al0.24Si1.83O6 49.4941 0.780946 5.41127 2.78219 5.49275 0 15.206 20.6549 0.177765 0 0 0
500.00 1393.15 9.332095 21.335155 -118754.350615 2.861837 10.950885 cpx Na0.01Ca0.81Fe''0.18Mg0.83Fe'''0.08Ti0.02Al0.24Si1.82O6 49.2076 0.896712 5.49442 2.91453 5.81229 0 14.9659 20.5221 0.186434 0 0 0
500.00 1383.15 11.894480 27.084393 -150887.899738 3.638135 13.919597 cpx Na0.01Ca0.81Fe''0.19Mg0.81Fe'''0.09Ti0.03Al0.24Si1.81O6 48.8956 1.02603 5.59006 3.05358 6.13154 0 14.7061 20.4018 0.195283 0 0 0
500.00 1373.15 14.152439 32.093116 -178949.462567 4.317000 16.514143 cpx Na0.01Ca0.81Fe''0.20Mg0.80Fe'''0.09Ti0.03Al0.25Si1.81O6 48.5545 1.17112 5.69937 3.20058 6.44884 0 14.4246 20.2966 0.204346 0 0 0
500.00 1363.15 16.161478 36.493347 -203667.777067 4.915809 18.800799 cpx Na0.02Ca0.81Fe''0.21Mg0.78Fe'''0.09Ti0.04Al0.26Si1.80O6 48.181 1.33448 5.82357 3.35663 6.76191 0 14.1193 20.2094 0.213647 0 0 0
500.00 1353.15 17.960579 40.377988 -225558.786677 5.446789 20.826155 cpx Na0.02Ca0.81Fe''0.22Mg0.77Fe'''0.10Ti0.04Al0.26Si1.78O6 47.772 1.51867 5.96368 3.52241 7.06779 0 13.7888 20.1434 0.223188 0 0 0
500.00 1343.15 22.532629 50.573963 -285456.394797 6.872667 26.286507 cpx Na0.02Ca0.78Fe''0.22Mg0.82Fe'''0.08Ti0.03Al0.22Si1.83O6 49.2809 0.975866 5.11228 2.77884 7.03154 0 14.8817 19.7298 0.20901 0 0 0
500.00 1333.15 23.886432 53.414338 -302791.680475 7.283693 27.853138 cpx Na0.02Ca0.78Fe''0.22Mg0.83Fe'''0.07Ti0.03Al0.22Si1.83O6 49.4294 0.947892 4.98258 2.67689 7.17769 0 14.9686 19.6056 0.21126 0 0 0
500.00 1323.15 24.844913 55.333975 -315161.306089 7.573773 28.946763 cpx Na0.02Ca0.78Fe''0.23Mg0.83Fe'''0.07Ti0.03Al0.21Si1.84O6 49.5556 0.930756 4.85371 2.59971 7.27012 0 14.9832 19.5867 0.220188 0 0 0
500.00 1313.15 25.219324 55.916635 -320037.427510 7.684254 29.340726 cpx Na0.02Ca0.78Fe''0.23Mg0.82Fe'''0.07Ti0.03Al0.21Si1.84O6 49.6478 0.925857 4.71618 2.5518 7.3461 0 14.8929 19.6853 0.234066 0 0 0
500.00 1303.15 25.313390 55.866483 -321104.798956 7.706810 29.398712 cpx Na0.02Ca0.79Fe''0.23Mg0.82Fe'''0.07Ti0.03Al0.20Si1.85O6 49.7187 0.924168 4.56689 2.50432 7.51457 0 14.7706 19.7582 0.242574 0 0 0
500.00 1293.15 25.353388 55.693959 -321535.243125 7.713074 29.394012 cpx Na0.02Ca0.79Fe''0.24Mg0.81Fe'''0.07Ti0.03Al0.19Si1.85O6 49.7766 0.926381 4.43578 2.45634 7.6647 0 14.6484 19.8426 0.249235 0 0 0
500.00 1283.15 25.354133 55.433397 -321514.242538 7.707550 29.344108 cpx Na0.02Ca0.80Fe''0.24Mg0.81Fe'''0.07Ti0.03Al0.19Si1.85O6 49.821 0.932928 4.32305 2.40847 7.79715 0 14.5267 19.9365 0.254208 0 0 0
500.00 1273.15 25.321770 55.099678 -321118.967217 7.692131 29.256467 cpx Na0.02Ca0.80Fe''0.25Mg0.80Fe'''0.07Ti0.03Al0.19Si1.86O6 49.8524 0.943914 4.22796 2.36107 7.91203 0 14.4064 20.0384 0.257764 0 0 0
500.00 1263.15 25.260892 54.704060 -320406.777154 7.668252 29.136751 cpx Na0.02Ca0.80Fe''0.25Mg0.79Fe'''0.06Ti0.03Al0.18Si1.86O6 49.8724 0.959195 4.14908 2.3143 8.00954 0 14.2886 20.1467 0.260221 0 0 0
500.00 1253.15 25.172005 54.248111 -319354.997555 7.635854 28.984879 cpx Na0.02Ca0.81Fe''0.25Mg0.79Fe'''0.06Ti0.03Al0.18Si1.86O6 49.8817 0.978768 4.08167 2.26822 8.09997 0 14.1705 20.2574 0.261736 0 0 0
500.00 1243.15 25.064028 53.752546 -318101.385477 7.597902 28.812270 cpx Na0.02Ca0.81Fe''0.26Mg0.78Fe'''0.06Ti0.03Al0.18Si1.86O6 49.8824 1.00225 4.0273 2.22291 8.1743 0 14.0564 20.3718 0.262679 0 0 0
500.00 1233.15 24.940266 53.224667 -316667.652496 7.555239 28.622194 cpx Na0.02Ca0.82Fe''0.26Mg0.78Fe'''0.06Ti0.03Al0.18Si1.86O6 49.8743 1.02997 3.98311 2.17843 8.23946 0 13.9439 20.4877 0.263151 0 0 0
500.00 1223.15 24.793726 52.648050 -314884.512652 7.504959 28.403548 cpx Na0.02Ca0.82Fe''0.26Mg0.77Fe'''0.06Ti0.03Al0.17Si1.86O6 49.8513 1.06495 3.94309 2.13528 8.32324 0 13.8196 20.5998 0.262768 0 0 0
500.00 1213.15 24.641570 52.062089 -313061.641023 7.453184 28.179768 cpx Na0.02Ca0.83Fe''0.26Mg0.76Fe'''0.06Ti0.03Al0.17Si1.86O6 49.8208 1.1045 3.91329 2.09313 8.39327 0 13.6989 20.7137 0.262348 0 0 0
500.00 1203.15 24.487233 51.474189 -311239.348014 7.400939 27.954760 cpx Na0.02Ca0.83Fe''0.26Mg0.76Fe'''0.06Ti0.03Al0.17Si1.86O6 49.7831 1.14863 3.89292 2.05204 8.45052 0 13.5821 20.8287 0.261993 0 0 0
500.00 1193.15 24.333515 50.890228 -309449.419802 7.349040 27.731626 cpx Na0.02Ca0.84Fe''0.27Mg0.75Fe'''0.06Ti0.03Al0.17Si1.86O6 49.7383 1.19746 3.88144 2.01211 8.4961 0 13.4687 20.9441 0.261776 0 0 0
500.00 1183.15 24.182648 50.314759 -307716.364983 7.298123 27.512770 cpx Na0.02Ca0.85Fe''0.27Mg0.75Fe'''0.06Ti0.04Al0.17Si1.86O6 49.6861 1.25125 3.87855 1.97347 8.53112 0 13.3584 21.0594 0.261752 0 0 0
500.00 1173.15 24.036408 49.751269 -306058.953455 7.248680 27.300037 cpx Na0.02Ca0.85Fe''0.27Mg0.74Fe'''0.05Ti0.04Al0.17Si1.86O6 49.6258 1.3104 3.88421 1.93628 8.55669 0 13.2504 21.1742 0.261964 0 0 0
500.00 1163.15 23.894132 49.198888 -304408.760715 7.200608 27.092197 cpx Na0.02Ca0.85Fe''0.27Mg0.73Fe'''0.05Ti0.04Al0.17Si1.86O6 49.583 1.35195 3.88051 1.89994 8.60294 0 13.1443 21.2756 0.261775 0 0 0
500.00 1153.15 23.748177 48.643724 -302533.877370 7.152118 26.880125 cpx Na0.02Ca0.86Fe''0.27Mg0.73Fe'''0.05Ti0.04Al0.17Si1.86O6 49.6288 1.31352 3.8189 1.86158 8.74251 0 13.0423 21.3331 0.259357 0 0 0
500.00 1143.15 23.604865 48.096061 -300732.913342 7.104685 26.672353 cpx Na0.02Ca0.86Fe''0.28Mg0.72Fe'''0.05Ti0.04Al0.17Si1.86O6 49.6688 1.28098 3.76481 1.82314 8.86503 0 12.9455 21.3946 0.257145 0 0 0
500.00 1133.15 23.464637 47.556774 -299009.929349 7.058462 26.469417 cpx Na0.02Ca0.86Fe''0.28Mg0.72Fe'''0.05Ti0.04Al0.16Si1.87O6 49.7045 1.25338 3.7171 1.78447 8.97129 0 12.8546 21.4595 0.255108 0 0 0
500.00 1123.15 23.327796 47.026394 -297366.414826 7.013545 26.271639 cpx Na0.02Ca0.87Fe''0.28Mg0.72Fe'''0.05Ti0.03Al0.16Si1.87O6 49.7372 1.22991 3.67479 1.74546 9.0623 0 12.7699 21.5272 0.253214 0 0 0
500.00 1113.15 23.194524 46.505161 -295801.531148 6.969980 26.079147 cpx Na0.02Ca0.87Fe''0.29Mg0.71Fe'''0.05Ti0.03Al0.16Si1.87O6 49.7677 1.2099 3.63705 1.70606 9.13933 0 12.6915 21.5971 0.251429 0 0 0
500.00 1103.15 23.055307 45.971898 -294066.090554 6.923905 25.876726 cpx Na0.02Ca0.87Fe''0.29Mg0.71Fe'''0.05Ti0.03Al0.16Si1.87O6 49.7959 1.18602 3.59326 1.66843 9.2523 0 12.5963 21.6583 0.249376 0 0 0
500.00 1093.15 22.973504 45.565290 -293683.415024 6.899947 25.761147 cpx Na0.02Ca0.88Fe''0.29Mg0.71Fe'''0.05Ti0.03Al0.16Si1.87O6 49.8248 1.19928 3.60465 1.62271 9.11868 0 12.6126 21.7647 0.252602 0 0 0
500.00 1083.15 22.896505 45.168292 -293364.032701 6.877495 25.651125 cpx Na0.02Ca0.88Fe''0.28Mg0.71Fe'''0.04Ti0.03Al0.16Si1.87O6 49.8544 1.21294 3.6163 1.57676 8.98306 0 12.6323 21.8684 0.255879 0 0 0

feldspar_0 thermodynamic data and composition:
Pressure Temperature mass S H V Cp formula SiO2 TiO2 Al2O3 Fe2O3 FeO MnO MgO CaO Na2O K2O P2O5 H2O
500.00 1413.15 0.563555 1.345023 -7819.616958 0.210170 0.690288 K0.00Na0.17Ca0.83Al1.83Si2.17O8 47.3845 0 33.8181 0 0 0 0 16.8438 1.91728 0.0363403 0 0
500.00 1403.15 3.737158 8.893651 -51892.441218 1.394355 4.573585 K0.00Na0.18Ca0.82Al1.82Si2.18O8 47.6087 0 33.6663 0 0 0 0 16.6662 2.01899 0.0397684 0 0
500.00 1393.15 6.542539 15.524176 -90912.433474 2.442143 7.999781 K0.00Na0.19Ca0.81Al1.81Si2.19O8 47.8294 0 33.5169 0 0 0 0 16.4914 2.11906 0.0432425 0 0
500.00 1383.15 8.987781 21.262754 -124980.913792 3.356353 10.979852 K0.00Na0.20Ca0.80Al1.80Si2.20O8 48.049 0 33.3682 0 0 0 0 16.3175 2.21856 0.0467508 0 0
500.00 1373.15 11.141214 26.277631 -155037.879712 4.162327 13.598299 K0.00Na0.21Ca0.79Al1.79Si2.21O8 48.2679 0 33.22 0 0 0 0 16.1442 2.31772 0.0502869 0 0
500.00 1363.15 13.055027 30.697324 -181801.256091 4.879429 15.919661 K0.00Na0.21Ca0.78Al1.78Si2.22O8 48.4866 0 33.0719 0 0 0 0 15.971 2.41679 0.0538422 0 0
500.00 1353.15 14.770646 34.623766 -205841.013829 5.523036 17.995148 K0.00Na0.22Ca0.77Al1.77Si2.23O8 48.7056 0 32.9235 0 0 0 0 15.7974 2.51605 0.0574066 0 0
500.00 1343.15 17.336359 40.535784 -241743.092847 6.488915 21.104433 K0.00Na0.24Ca0.76Al1.76Si2.24O8 49.1191 0 32.6449 0 0 0 0 15.4711 2.70707 0.0578394 0 0
500.00 1333.15 19.062165 44.435121 -265992.993244 7.138806 23.184287 K0.00Na0.25Ca0.75Al1.75Si2.25O8 49.3806 0 32.4681 0 0 0 0 15.2642 2.82615 0.0610123 0 0
500.00 1323.15 22.384863 52.062087 -312515.398420 8.394216 27.205157 K0.00Na0.27Ca0.73Al1.73Si2.27O8 49.9016 0 32.1147 0 0 0 0 14.8511 3.06077 0.0718457 0 0
500.00 1313.15 26.718265 62.039725 -373137.224172 10.039151 32.451935 K0.01Na0.30Ca0.70Al1.70Si2.30O8 50.651 0 31.6053 0 0 0 0 14.256 3.39539 0.0923008 0 0
500.00 1303.15 30.070734 69.674902 -420135.826431 11.316465 36.497857 K0.01Na0.32Ca0.67Al1.67Si2.33O8 51.259 0 31.1915 0 0 0 0 13.7727 3.66557 0.111141 0 0
500.00 1293.15 32.879555 75.995345 -459598.572441 12.389603 39.875710 K0.01Na0.34Ca0.65Al1.65Si2.35O8 51.7802 0 30.8359 0 0 0 0 13.3577 3.89462 0.131557 0 0
500.00 1283.15 35.200701 81.132322 -492306.246390 13.277923 42.847722 K0.01Na0.36Ca0.63Al1.63Si2.37O8 52.2117 0 30.5405 0 0 0 0 13.0133 4.08164 0.152891 0 0
500.00 1273.15 37.098167 85.240263 -519146.618742 14.004605 45.124754 K0.01Na0.37Ca0.62Al1.62Si2.38O8 52.5596 0 30.3013 0 0 0 0 12.7348 4.22986 0.17448 0 0
500.00 1263.15 38.640711 88.485790 -541072.701009 14.595217 46.962635 K0.01Na0.38Ca0.61Al1.61Si2.39O8 52.8352 0 30.1109 0 0 0 0 12.5134 4.34479 0.195791 0 0
500.00 1253.15 39.933119 91.118888 -559538.120760 15.089570 48.490062 K0.01Na0.39Ca0.60Al1.60Si2.40O8 53.0566 0 29.9567 0 0 0 0 12.3346 4.43431 0.217723 0 0
500.00 1243.15 40.985013 93.167457 -574673.099257 15.491176 49.719630 K0.01Na0.39Ca0.59Al1.59Si2.41O8 53.2289 0 29.8359 0 0 0 0 12.1947 4.50146 0.239018 0 0
500.00 1233.15 41.861480 94.786905 -587381.746328 15.824889 50.731495 K0.01Na0.40Ca0.59Al1.59Si2.41O8 53.3627 0 29.7412 0 0 0 0 12.0854 4.55124 0.259519 0 0
500.00 1223.15 42.667506 96.220210 -599129.569782 16.130648 51.653675 K0.02Na0.40Ca0.58Al1.58Si2.42O8 53.466 0 29.6671 0 0 0 0 12.0001 4.58701 0.279879 0 0
500.00 1213.15 43.348372 97.347901 -609143.559217 16.388034 52.420683 K0.02Na0.40Ca0.58Al1.58Si2.42O8 53.5461 0 29.6085 0 0 0 0 11.9331 4.61225 0.299991 0 0
500.00 1203.15 43.927224 98.226424 -617743.371794 16.606019 53.061311 K0.02Na0.41Ca0.58Al1.58Si2.42O8 53.6088 0 29.5618 0 0 0 0 11.8799 4.62949 0.319946 0 0
500.00 1193.15 44.422654 98.901026 -625185.829131 16.791817 53.598708 K0.02Na0.41Ca0.57Al1.57Si2.43O8 53.6584 0 29.524 0 0 0 0 11.8371 4.64069 0.33984 0 0
500.00 1183.15 44.849439 99.407603 -631675.018608 16.951166 54.051308 K0.02Na0.41Ca0.57Al1.57Si2.43O8 53.6981 0 29.4927 0 0 0 0 11.8021 4.64731 0.359778 0 0
500.00 1173.15 45.219252 99.774482 -637372.135480 17.088602 54.433716 K0.02Na0.41Ca0.57Al1.57Si2.43O8 53.7306 0 29.4663 0 0 0 0 11.7727 4.6505 0.379864 0 0
500.00 1163.15 45.587709 100.125814 -643052.458292 17.225253 54.812829 K0.02Na0.41Ca0.57Al1.57Si2.43O8 53.7575 0 29.443 0 0 0 0 11.7472 4.64916 0.403187 0 0
500.00 1153.15 46.077185 100.729138 -650421.747130 17.407498 55.334397 K0.03Na0.41Ca0.57Al1.57Si2.43O8 53.7794 0 29.4201 0 0 0 0 11.7232 4.63803 0.439263 0 0
500.00 1143.15 46.521230 101.219175 -657152.500370 17.572482 55.800218 K0.03Na0.41Ca0.57Al1.57Si2.43O8 53.7995 0 29.3978 0 0 0 0 11.7001 4.6243 0.478307 0 0
500.00 1133.15 46.929904 101.619230 -663384.224354 17.724075 56.222899 K0.03Na0.40Ca0.57Al1.57Si2.43O8 53.8189 0 29.3752 0 0 0 0 11.6769 4.60834 0.520633 0 0
500.00 1123.15 47.311847 101.949080 -669236.832423 17.865602 56.613357 K0.03Na0.40Ca0.56Al1.56Si2.44O8 53.8386 0 29.3516 0 0 0 0 11.6529 4.59039 0.56655 0 0
500.00 1113.15 47.674613 102.225771 -674815.275831 17.999966 56.981262 K0.04Na0.40Ca0.56Al1.56Si2.44O8 53.8594 0 29.3264 0 0 0 0 11.6272 4.57065 0.616365 0 0
500.00 1103.15 47.996586 102.398130 -679855.850420 18.117800 57.301983 K0.04Na0.40Ca0.56Al1.56Si2.44O8 53.8615 0 29.3163 0 0 0 0 11.6184 4.54896 0.654798 0 0
500.00 1093.15 47.899122 101.663224 -679115.642808 18.075116 57.132344 K0.04Na0.40Ca0.56Al1.56Si2.44O8 53.8372 0 29.3384 0 0 0 0 11.6423 4.55279 0.629225 0 0
500.00 1083.15 47.803925 100.931159 -678402.502707 18.033389 56.969896 K0.03Na0.40Ca0.57Al1.57Si2.43O8 53.814 0 29.3596 0 0 0 0 11.6652 4.55674 0.604345 0 0

apatite thermodynamic data and composition:
Pressure Temperature mass S H V Cp formula
500.00 1253.15 0.041138 0.090847 -507.297994 0.013433 0.047169 Ca5(PO4)3OH
500.00 1243.15 0.078781 0.173254 -972.402009 0.025725 0.090217 Ca5(PO4)3OH
500.00 1233.15 0.110051 0.241006 -1359.636216 0.035935 0.125864 Ca5(PO4)3OH
500.00 1223.15 0.141283 0.308089 -1747.114166 0.046134 0.161374 Ca5(PO4)3OH
500.00 1213.15 0.168173 0.365151 -2081.560169 0.054914 0.191836 Ca5(PO4)3OH
500.00 1203.15 0.191463 0.413913 -2372.012250 0.062519 0.218111 Ca5(PO4)3OH
500.00 1193.15 0.211758 0.455776 -2625.855945 0.069146 0.240904 Ca5(PO4)3OH
500.00 1183.15 0.229556 0.491887 -2849.164766 0.074958 0.260793 Ca5(PO4)3OH
500.00 1173.15 0.245269 0.523192 -3046.967521 0.080089 0.278256 Ca5(PO4)3OH
500.00 1163.15 0.261121 0.554472 -3246.858210 0.085265 0.295822 Ca5(PO4)3OH
500.00 1153.15 0.281716 0.595450 -3506.127162 0.091990 0.318696 Ca5(PO4)3OH
500.00 1143.15 0.300106 0.631366 -3738.403285 0.097995 0.339008 Ca5(PO4)3OH
500.00 1133.15 0.316739 0.663218 -3949.177130 0.103426 0.357270 Ca5(PO4)3OH
500.00 1123.15 0.332008 0.691873 -4143.297556 0.108412 0.373933 Ca5(PO4)3OH
500.00 1113.15 0.346269 0.718104 -4325.155176 0.113068 0.389403 Ca5(PO4)3OH
500.00 1103.15 0.363173 0.749479 -4540.388062 0.118588 0.407785 Ca5(PO4)3OH
500.00 1093.15 0.363323 0.746075 -4546.331138 0.118637 0.407315 Ca5(PO4)3OH
500.00 1083.15 0.363323 0.742335 -4550.401066 0.118637 0.406669 Ca5(PO4)3OH

orthopyroxene_0 thermodynamic data and composition:
Pressure Temperature mass S H V Cp structure formula SiO2 TiO2 Al2O3 Fe2O3 FeO MnO MgO CaO Na2O K2O P2O5 H2O
500.00 1323.15 3.092540 7.073079 -38359.924679 0.937291 3.796301 opx Na0.00Ca0.07Fe''0.44Mg1.42Fe'''0.03Ti0.00Al0.10Si1.93O6 53.5434 0.132902 2.3863 1.09266 14.5509 0 26.4773 1.79621 0.0203213 0 0 0
500.00 1313.15 7.173134 16.327170 -88789.967173 2.170822 8.785595 opx Na0.00Ca0.07Fe''0.45Mg1.41Fe'''0.03Ti0.00Al0.10Si1.93O6 53.5487 0.122848 2.27305 1.04574 14.9299 0 26.257 1.80153 0.0212118 0 0 0
500.00 1303.15 8.276937 18.742279 -102083.474581 2.499575 10.107558 opx Na0.00Ca0.07Fe''0.47Mg1.40Fe'''0.03Ti0.00Al0.09Si1.94O6 53.5111 0.112442 2.15612 0.999215 15.4744 0 25.9114 1.81376 0.0215316 0 0 0
500.00 1293.15 9.200374 20.725789 -113085.981643 2.772706 11.203078 opx Na0.00Ca0.07Fe''0.49Mg1.38Fe'''0.03Ti0.00Al0.09Si1.94O6 53.468 0.103704 2.055 0.956208 15.9942 0 25.583 1.81824 0.0216195 0 0 0
500.00 1283.15 9.991453 22.391769 -122414.482131 3.005033 12.132618 opx Na0.00Ca0.07Fe''0.50Mg1.37Fe'''0.03Ti0.00Al0.08Si1.94O6 53.4202 0.0963754 1.96827 0.916438 16.4904 0 25.2712 1.81558 0.0215042 0 0 0
500.00 1273.15 10.685467 23.823677 -130521.923335 3.207445 12.940539 opx Na0.00Ca0.07Fe''0.52Mg1.36Fe'''0.02Ti0.00Al0.08Si1.95O6 53.3692 0.0902158 1.89425 0.879557 16.963 0 24.976 1.80649 0.0212249 0 0 0
500.00 1263.15 11.307282 25.080158 -137727.512766 3.387619 13.658074 opx Na0.00Ca0.07Fe''0.53Mg1.34Fe'''0.02Ti0.00Al0.08Si1.95O6 53.3165 0.085007 1.83113 0.84519 17.4118 0 24.6979 1.79175 0.0208234 0 0 0
500.00 1253.15 11.901182 26.260551 -144557.441532 3.558736 14.338427 opx Na0.00Ca0.07Fe''0.55Mg1.33Fe'''0.02Ti0.00Al0.08Si1.95O6 53.2596 0.0804599 1.77545 0.812718 17.8549 0 24.4237 1.7729 0.02032 0 0 0
500.00 1243.15 12.449173 27.327191 -150820.986272 3.715716 14.961305 opx Na0.00Ca0.07Fe''0.56Mg1.32Fe'''0.02Ti0.00Al0.07Si1.95O6 53.2028 0.0765401 1.7276 0.78214 18.2757 0 24.1657 1.74973 0.0197592 0 0 0
500.00 1233.15 12.932540 28.240127 -156282.318235 3.852923 15.504081 opx Na0.00Ca0.07Fe''0.57Mg1.31Fe'''0.02Ti0.00Al0.07Si1.95O6 53.1445 0.0730829 1.68541 0.753056 18.6865 0 23.915 1.72325 0.0191517 0 0 0
500.00 1223.15 13.299018 28.884931 -160239.480660 3.954149 15.901500 opx Na0.00Ca0.07Fe''0.59Mg1.30Fe'''0.02Ti0.00Al0.07Si1.95O6 53.0736 0.069872 1.64446 0.724759 19.1407 0 23.6331 1.69505 0.01845 0 0 0
500.00 1213.15 13.683483 29.560423 -164413.366173 4.060505 16.319330 opx Na0.00Ca0.07Fe''0.60Mg1.28Fe'''0.02Ti0.00Al0.07Si1.95O6 53.0039 0.067028 1.60837 0.697766 19.5769 0 23.3646 1.66367 0.0177464 0 0 0
500.00 1203.15 14.080124 30.253409 -168732.748710 4.170245 16.750503 opx Na0.00Ca0.06Fe''0.62Mg1.27Fe'''0.02Ti0.00Al0.07Si1.96O6 52.9357 0.0644717 1.57639 0.67194 19.9962 0 23.1086 1.6296 0.0170505 0 0 0
500.00 1193.15 14.484260 30.953347 -173139.946419 4.281961 17.189331 opx Na0.00Ca0.06Fe''0.63Mg1.26Fe'''0.02Ti0.00Al0.07Si1.96O6 52.8689 0.0621406 1.54789 0.647175 20.4005 0 22.8637 1.59327 0.0163684 0 0 0
500.00 1183.15 14.892516 31.652664 -177592.921921 4.394637 17.631708 opx Na0.00Ca0.06Fe''0.64Mg1.25Fe'''0.02Ti0.00Al0.07Si1.96O6 52.8034 0.0599855 1.5224 0.623393 20.7915 0 22.6286 1.55502 0.0157036 0 0 0
500.00 1173.15 15.302731 32.346490 -182064.057078 4.507616 18.074985 opx Na0.00Ca0.06Fe''0.66Mg1.24Fe'''0.02Ti0.00Al0.07Si1.96O6 52.7389 0.0579675 1.49954 0.600535 21.1712 0 22.4016 1.51517 0.0150578 0 0 0
500.00 1163.15 15.743747 33.092666 -186820.911564 4.628602 18.549979 opx Na0.00Ca0.06Fe''0.67Mg1.23Fe'''0.02Ti0.00Al0.06Si1.96O6 52.6632 0.0553351 1.48056 0.580617 21.5809 0 22.1509 1.47413 0.0144216 0 0 0
500.00 1153.15 16.291617 34.042274 -192569.360218 4.777864 19.137805 opx Na0.00Ca0.06Fe''0.69Mg1.21Fe'''0.02Ti0.00Al0.06Si1.96O6 52.5463 0.0505036 1.46993 0.568739 22.1183 0 21.8005 1.43189 0.0137701 0 0 0
500.00 1143.15 16.830897 34.961080 -198209.190694 4.924229 19.713798 opx Na0.00Ca0.06Fe''0.71Mg1.20Fe'''0.02Ti0.00Al0.06Si1.96O6 52.4335 0.0462665 1.46205 0.557038 22.6328 0 21.4675 1.38765 0.0131414 0 0 0
500.00 1133.15 17.358901 35.843809 -203712.228224 5.066957 20.275014 opx Na0.00Ca0.05Fe''0.72Mg1.18Fe'''0.02Ti0.00Al0.06Si1.96O6 52.3248 0.0425231 1.45659 0.545453 23.1253 0 21.1509 1.34187 0.0125348 0 0 0
500.00 1123.15 17.874233 36.687915 -209064.524502 5.205675 20.819990 opx Na0.00Ca0.05Fe''0.74Mg1.17Fe'''0.02Ti0.00Al0.06Si1.96O6 52.22 0.0391918 1.45331 0.533947 23.5972 0 20.8494 1.29494 0.0119491 0 0 0
500.00 1113.15 18.376720 37.493359 -214265.054430 5.340356 21.348637 opx Na0.00Ca0.05Fe''0.76Mg1.15Fe'''0.01Ti0.00Al0.06Si1.96O6 52.1187 0.0362062 1.45201 0.52251 24.0505 0 20.5615 1.24718 0.0113827 0 0 0
500.00 1103.15 18.970789 38.465468 -220343.198402 5.499383 21.974596 opx Na0.00Ca0.05Fe''0.77Mg1.14Fe'''0.01Ti0.00Al0.06Si1.96O6 51.9975 0.0332372 1.45268 0.512754 24.5727 0 20.2234 1.19701 0.0107949 0 0 0
500.00 1093.15 19.048746 38.415114 -221324.726331 5.517888 22.038017 opx Na0.00Ca0.05Fe''0.78Mg1.14Fe'''0.01Ti0.00Al0.06Si1.96O6 51.9902 0.0318053 1.45448 0.495368 24.6666 0 20.1957 1.15519 0.0105676 0 0 0
500.00 1083.15 19.118595 38.345339 -222217.320025 5.534060 22.091919 opx Na0.00Ca0.05Fe''0.78Mg1.13Fe'''0.01Ti0.00Al0.06Si1.96O6 51.9832 0.0304185 1.45665 0.478182 24.7581 0 20.1694 1.11376 0.0103406 0 0 0

rhm-oxide_0 thermodynamic data and composition:
Pressure Temperature mass S H V Cp formula SiO2 TiO2 Al2O3 Fe2O3 FeO MnO MgO CaO Na2O K2O P2O5 H2O
500.00 1163.15 0.055307 0.103927 -412.578430 0.011962 0.050484 Mn0.05Fe''0.73Mg0.11Fe'''0.22Ti0.89O3 0 47.5214 0 12.0193 35.0452 2.55193 2.86222 0 0 0 0 0
500.00 1153.15 0.297850 0.556981 -2218.645924 0.064333 0.271534 Mn0.05Fe''0.73Mg0.10Fe'''0.22Ti0.89O3 0 47.4986 0 11.9395 35.3052 2.55172 2.70501 0 0 0 0 0
500.00 1143.15 0.516070 0.960375 -3839.968470 0.111334 0.469888 Mn0.05Fe''0.74Mg0.10Fe'''0.22Ti0.89O3 0 47.4893 0 11.8478 35.5529 2.54461 2.56542 0 0 0 0 0
500.00 1133.15 0.712714 1.319855 -5299.069750 0.153591 0.648131 Mn0.05Fe''0.75Mg0.09Fe'''0.22Ti0.89O3 0 47.4915 0 11.7457 35.7902 2.53197 2.44059 0 0 0 0 0
500.00 1123.15 0.890259 1.640561 -6615.766882 0.191663 0.808584 Mn0.05Fe''0.75Mg0.09Fe'''0.22Ti0.89O3 0 47.5036 0 11.6345 36.0189 2.51495 2.32808 0 0 0 0 0
500.00 1113.15 1.050988 1.927182 -7807.956258 0.226059 0.953378 Mn0.05Fe''0.76Mg0.08Fe'''0.22Ti0.89O3 0 47.5241 0 11.5153 36.2403 2.4945 2.22583 0 0 0 0 0
500.00 1103.15 1.224942 2.234860 -9096.591877 0.263222 1.109747 Mn0.05Fe''0.76Mg0.08Fe'''0.21Ti0.89O3 0 47.5432 0 11.3935 36.4719 2.47472 2.11672 0 0 0 0 0
500.00 1093.15 1.251744 2.272714 -9306.874887 0.268876 1.132736 Mn0.05Fe''0.76Mg0.08Fe'''0.21Ti0.89O3 0 47.609 0 11.2451 36.6205 2.43772 2.08765 0 0 0 0 0
500.00 1083.15 1.276510 2.306328 -9502.598619 0.274088 1.153809 Mn0.05Fe''0.77Mg0.08Fe'''0.21Ti0.90O3 0 47.6762 0 11.0944 36.7688 2.40192 2.05865 0 0 0 0 0

water thermodynamic data and composition:
Pressure Temperature mass S H V Cp formula
500.00 1323.15 0.098145 1.043374 -1112.477766 1.181263 0.274843 H2O
500.00 1313.15 0.260624 2.765140 -2961.484835 3.108054 0.730298 H2O
500.00 1303.15 0.371303 3.931453 -4229.543768 4.386763 1.041180 H2O
500.00 1293.15 0.464374 4.906878 -5302.750419 5.434621 1.303235 H2O
500.00 1283.15 0.541609 5.711188 -6199.914874 6.277909 1.521411 H2O
500.00 1273.15 0.604981 6.366132 -6942.349089 6.944462 1.701217 H2O
500.00 1263.15 0.656647 6.895233 -7553.703860 7.463361 1.848679 H2O
500.00 1253.15 0.700201 7.336903 -8074.452757 7.878924 1.973886 H2O
500.00 1243.15 0.735704 7.692292 -8504.622422 8.194504 2.076989 H2O
500.00 1233.15 0.765376 7.985060 -8869.241803 8.437230 2.164223 H2O
500.00 1223.15 0.793266 8.257760 -9214.892843 8.653235 2.247048 H2O
500.00 1213.15 0.817265 8.488555 -9516.838806 8.820270 2.319507 H2O
500.00 1203.15 0.838053 8.684769 -9782.726609 8.946908 2.383542 H2O
500.00 1193.15 0.856197 8.852441 -10018.894764 9.040165 2.440767 H2O
500.00 1183.15 0.872157 8.996505 -10230.547381 9.105734 2.492516 H2O
500.00 1173.15 0.886311 9.120982 -10421.944900 9.148221 2.539891 H2O
500.00 1163.15 0.900589 9.245786 -10615.676700 9.187884 2.588462 H2O
500.00 1153.15 0.919079 9.412768 -10860.087947 9.265845 2.650101 H2O
500.00 1143.15 0.935802 9.560493 -11084.718654 9.320935 2.707715 H2O
500.00 1133.15 0.951047 9.692021 -11292.870477 9.356568 2.762192 H2O
500.00 1123.15 0.965072 9.810055 -11487.493226 9.375705 2.814337 H2O
500.00 1113.15 0.978111 9.917035 -11671.288508 9.380957 2.864906 H2O
500.00 1103.15 0.993351 10.045233 -11882.299804 9.402767 2.923357 H2O
500.00 1093.15 0.993485 10.019894 -11913.211563 9.278576 2.938732 H2O
500.00 1083.15 0.993485 9.992813 -11942.679011 9.151976 2.954978 H2O

feldspar_1 thermodynamic data and composition:
Pressure Temperature mass S H V Cp formula SiO2 TiO2 Al2O3 Fe2O3 FeO MnO MgO CaO Na2O K2O P2O5 H2O
500.00 1103.15 0.113645 0.241419 -1538.782125 0.045208 0.133564 K0.78Na0.20Ca0.02Al1.02Si2.98O8 65.0014 0 18.9738 0 0 0 0 0.486359 2.2592 13.2793 0 0
500.00 1093.15 0.211980 0.447904 -2872.144463 0.084310 0.248951 K0.78Na0.20Ca0.02Al1.02Si2.98O8 65.0137 0 18.9488 0 0 0 0 0.462892 2.22119 13.3534 0 0
500.00 1083.15 0.303859 0.638555 -4119.711882 0.120831 0.356596 K0.78Na0.19Ca0.02Al1.02Si2.98O8 65.0251 0 18.9246 0 0 0 0 0.44025 2.18305 13.4271 0 0

spinel_0 thermodynamic data and composition:
Pressure Temperature mass S H V Cp formula SiO2 TiO2 Al2O3 Fe2O3 FeO MnO MgO CaO Na2O K2O P2O5 H2O
500.00 1343.15 5.278636 11.064345 -31112.392436 1.148771 5.009591 Fe''0.93Mg0.34Fe'''1.17Al0.28Cr0.00Ti0.27O4 0 10.4196 6.89056 44.2713 31.9096 0 6.5089 0 0 0 0 0
500.00 1333.15 6.048855 12.620131 -35402.656842 1.312843 5.723328 Fe''0.95Mg0.33Fe'''1.17Al0.27Cr0.00Ti0.28O4 0 10.516 6.59334 44.3195 32.2756 0 6.29548 0 0 0 0 0
500.00 1323.15 6.961279 14.451816 -40381.638644 1.506169 6.564435 Fe''0.96Mg0.32Fe'''1.18Al0.26Cr0.00Ti0.28O4 0 10.5985 6.23778 44.4455 32.6691 0 6.04917 0 0 0 0 0
500.00 1313.15 7.752690 16.006048 -44420.304250 1.670696 7.280188 Fe''0.98Mg0.30Fe'''1.19Al0.24Cr0.00Ti0.29O4 0 10.712 5.77527 44.5915 33.203 0 5.71826 0 0 0 0 0
500.00 1303.15 8.070742 16.568778 -45645.482437 1.731740 7.544737 Fe''1.01Mg0.28Fe'''1.19Al0.22Cr0.00Ti0.29O4 0 10.9618 5.27226 44.4955 33.9327 0 5.33779 0 0 0 0 0
500.00 1293.15 8.261593 16.869787 -46229.705959 1.766101 7.693032 Fe''1.03Mg0.27Fe'''1.19Al0.20Cr0.00Ti0.30O4 0 11.1992 4.85393 44.351 34.588 0 5.00792 0 0 0 0 0
500.00 1283.15 8.359042 16.981314 -46368.304693 1.781157 7.757147 Fe''1.06Mg0.25Fe'''1.19Al0.19Cr0.00Ti0.31O4 0 11.4282 4.50199 44.167 35.1832 0 4.71955 0 0 0 0 0
500.00 1273.15 8.389165 16.958342 -46203.932137 1.782517 7.761481 Fe''1.08Mg0.24Fe'''1.19Al0.18Cr0.00Ti0.32O4 0 11.65 4.20307 43.9536 35.7275 0 4.46585 0 0 0 0 0
500.00 1263.15 8.372156 16.842850 -45841.216109 1.774460 7.724679 Fe''1.09Mg0.23Fe'''1.19Al0.17Cr0.00Ti0.32O4 0 11.8639 3.94673 43.7207 36.2274 0 4.24122 0 0 0 0 0
500.00 1253.15 8.316844 16.653078 -45316.904798 1.758758 7.654375 Fe''1.11Mg0.22Fe'''1.18Al0.16Cr0.00Ti0.33O4 0 12.0878 3.71682 43.4481 36.7113 0 4.03597 0 0 0 0 0
500.00 1243.15 8.238931 16.421131 -44713.892023 1.738761 7.565266 Fe''1.13Mg0.21Fe'''1.18Al0.15Cr0.00Ti0.34O4 0 12.3025 3.51584 43.1707 37.159 0 3.85192 0 0 0 0 0
500.00 1233.15 8.137183 16.144701 -44017.664727 1.714134 7.455828 Fe''1.14Mg0.20Fe'''1.17Al0.14Cr0.00Ti0.34O4 0 12.5212 3.33407 42.8713 37.5903 0 3.68316 0 0 0 0 0
500.00 1223.15 7.975899 15.753820 -43034.760563 1.677289 7.292573 Fe''1.16Mg0.19Fe'''1.16Al0.14Cr0.00Ti0.35O4 0 12.8122 3.14939 42.4372 38.0839 0 3.51732 0 0 0 0 0
500.00 1213.15 7.807946 15.353727 -42047.097612 1.639449 7.124877 Fe''1.18Mg0.18Fe'''1.15Al0.13Cr0.00Ti0.36O4 0 13.0983 2.98322 41.999 38.5527 0 3.36669 0 0 0 0 0
500.00 1203.15 7.636405 14.950270 -41064.443937 1.601197 6.955338 Fe''1.19Mg0.18Fe'''1.14Al0.12Cr0.00Ti0.37O4 0 13.3774 2.8327 41.563 38.998 0 3.22887 0 0 0 0 0
500.00 1193.15 7.463098 14.546806 -40091.020589 1.562864 6.785433 Fe''1.21Mg0.17Fe'''1.13Al0.12Cr0.00Ti0.38O4 0 13.6477 2.69548 41.1341 39.421 0 3.10182 0 0 0 0 0
500.00 1183.15 7.288941 14.144934 -39127.237486 1.524595 6.615843 Fe''1.22Mg0.16Fe'''1.12Al0.11Cr0.00Ti0.38O4 0 13.9079 2.56965 40.716 39.8226 0 2.9838 0 0 0 0 0
500.00 1173.15 7.114185 13.744985 -38170.798228 1.486406 6.446675 Fe''1.23Mg0.16Fe'''1.11Al0.11Cr0.00Ti0.39O4 0 14.157 2.45365 40.312 40.204 0 2.87336 0 0 0 0 0
500.00 1163.15 6.867334 13.206024 -36778.337706 1.432880 6.212821 Fe''1.24Mg0.15Fe'''1.11Al0.10Cr0.00Ti0.39O4 0 14.2602 2.35517 40.1626 40.4711 0 2.75093 0 0 0 0 0
500.00 1153.15 6.376678 12.194105 -33909.267681 1.327284 5.759053 Fe''1.24Mg0.14Fe'''1.13Al0.10Cr0.00Ti0.38O4 0 13.8752 2.2961 40.8804 40.3728 0 2.57549 0 0 0 0 0
500.00 1143.15 5.915331 11.249096 -31251.356979 1.228473 5.333978 Fe''1.24Mg0.13Fe'''1.15Al0.10Cr0.00Ti0.37O4 0 13.503 2.24195 41.5773 40.2598 0 2.41787 0 0 0 0 0
500.00 1133.15 5.481397 10.366187 -28784.575596 1.135938 4.935471 Fe''1.24Mg0.13Fe'''1.17Al0.10Cr0.00Ti0.37O4 0 13.142 2.19205 42.2558 40.1346 0 2.27548 0 0 0 0 0
500.00 1123.15 5.072731 9.540266 -26489.507166 1.049140 4.561267 Fe''1.24Mg0.12Fe'''1.19Al0.09Cr0.00Ti0.36O4 0 12.7909 2.1458 42.918 39.9991 0 2.14613 0 0 0 0 0
500.00 1113.15 4.686835 8.765699 -24346.434309 0.967482 4.208852 Fe''1.23Mg0.11Fe'''1.21Al0.09Cr0.00Ti0.35O4 0 12.4486 2.10268 43.5656 39.8551 0 2.02794 0 0 0 0 0
500.00 1103.15 4.234461 7.875016 -21879.233314 0.872414 3.797693 Fe''1.23Mg0.11Fe'''1.23Al0.09Cr0.00Ti0.34O4 0 12.1111 2.056 44.207 39.7185 0 1.90741 0 0 0 0 0
500.00 1093.15 4.217787 7.802655 -21726.523941 0.867825 3.779270 Fe''1.23Mg0.10Fe'''1.25Al0.09Cr0.00Ti0.33O4 0 11.7948 2.04141 44.8042 39.5084 0 1.8512 0 0 0 0 0
500.00 1083.15 4.205608 7.738635 -21598.899695 0.864183 3.764922 Fe''1.22Mg0.10Fe'''1.27Al0.09Cr0.00Ti0.32O4 0 11.4816 2.02681 45.3964 39.2984 0 1.79671 0 0 0 0 0

Title: Hr

Phase Masses:
Pressure Temperature mass liquid_0 olivine_0 orthopyroxene_0 clinopyroxene_0 feldspar_0 feldspar_1 spinel_0 rhm-oxide_0 apatite water 
500.00 1523.15 98.091659 98.091659 0.000000 0.000000 0.000000 0.000000 0.000000 0.000000 0.000000 0.000000 0.000000 
500.00 1513.15 98.092293 98.092293 0.000000 0.000000 0.000000 0.000000 0.000000 0.000000 0.000000 0.000000 0.000000 
500.00 1503.15 98.092967 98.092967 0.000000 0.000000 0.000000 0.000000 0.000000 0.000000 0.000000 0.000000 0.000000 
500.00 1493.15 98.093681 98.093681 0.000000 0.000000 0.000000 0.000000 0.000000 0.000000 0.000000 0.000000 0.000000 
500.00 1483.15 98.094437 98.094437 0.000000 0.000000 0.000000 0.000000 0.000000 0.000000 0.000000 0.000000 0.000000 
500.00 1473.15 98.095235 98.095235 0.000000 0.000000 0.000000 0.000000 0.000000 0.000000 0.000000 0.000000 0.000000 
500.00 1463.15 98.096077 98.096077 0.000000 0.000000 0.000000 0.000000 0.000000 0.000000 0.000000 0.000000 0.000000 
500.00 1453.15 98.096965 98.096965 0.000000 0.000000 0.000000 0.000000 0.000000 0.000000 0.000000 0.000000 0.000000 
500.00 1443.15 98.097900 98.097900 0.000000 0.000000 0.000000 0.000000 0.000000 0.000000 0.000000 0.000000 0.000000 
500.00 1433.15 98.098884 98.098884 0.000000 0.000000 0.000000 0.000000 0.000000 0.000000 0.000000 0.000000 0.000000 
500.00 1423.15 98.099918 98.099918 0.000000 0.000000 0.000000 0.000000 0.000000 0.000000 0.000000 0.000000 0.000000 
500.00 1413.15 98.101409 94.666323 0.000000 0.000000 2.871531 0.563555 0.000000 0.000000 0.000000 0.000000 0.000000 
500.00 1403.15 98.099882 87.126293 0.848210 0.000000 6.388222 3.737158 0.000000 0.000000 0.000000 0.000000 0.000000 
500.00 1393.15 98.098160 80.521370 1.702157 0.000000 9.332095 6.542539 0.000000 0.000000 0.000000 0.000000 0.000000 
500.00 1383.15 98.096532 74.716928 2.497343 0.000000 11.894480 8.987781 0.000000 0.000000 0.000000 0.000000 0.000000 
500.00 1373.15 98.094982 69.542981 3.258349 0.000000 14.152439 11.141214 0.000000 0.000000 0.000000 0.000000 0.000000 
500.00 1363.15 98.093478 64.870020 4.006953 0.000000 16.161478 13.055027 0.000000 0.000000 0.000000 0.000000 0.000000 
500.00 1353.15 98.091965 60.597478 4.763263 0.000000 17.960579 14.770646 0.000000 0.000000 0.000000 0.000000 0.000000 
500.00 1343.15 98.253458 49.550748 3.555087 0.000000 22.532629 17.336359 0.000000 5.278636 0.000000 0.000000 0.000000 
500.00 1333.15 98.273583 45.593805 3.682325 0.000000 23.886432 19.062165 0.000000 6.048855 0.000000 0.000000 0.000000 
500.00 1323.15 98.300187 38.888010 2.030437 3.092540 24.844913 22.384863 0.000000 6.961279 0.000000 0.000000 0.098145 
500.00 1313.15 98.322140 31.198103 0.000000 7.173134 25.219324 26.718265 0.000000 7.752690 0.000000 0.000000 0.260624 
500.00 1303.15 98.323368 26.220262 0.000000 8.276937 25.313390 30.070734 0.000000 8.070742 0.000000 0.000000 0.371303 
500.00 1293.15 98.320764 22.161481 0.000000 9.200374 25.353388 32.879555 0.000000 8.261593 0.000000 0.000000 0.464374 
500.00 1283.15 98.315499 18.868560 0.000000 9.991453 25.354133 35.200701 0.000000 8.359042 0.000000 0.000000 0.541609 
500.00 1273.15 98.308468 16.208919 0.000000 10.685467 25.321770 37.098167 0.000000 8.389165 0.000000 0.000000 0.604981 
500.00 1263.15 98.300355 14.062668 0.000000 11.307282 25.260892 38.640711 0.000000 8.372156 0.000000 0.000000 0.656647 
500.00 1253.15 98.290987 12.226499 0.000000 11.901182 25.172005 39.933119 0.000000 8.316844 0.000000 0.041138 0.700201 
500.00 1243.15 98.281355 10.729724 0.000000 12.449173 25.064028 40.985013 0.000000 8.238931 0.000000 0.078781 0.735704 
500.00 1233.15 98.271067 9.487041 0.037130 12.932540 24.940266 41.861480 0.000000 8.137183 0.000000 0.110051 0.765376 
500.00 1223.15 98.257414 8.354695 0.232021 13.299018 24.793726 42.667506 0.000000 7.975899 0.000000 0.141283 0.793266 
500.00 1213.15 98.243990 7.382284 0.394898 13.683483 24.641570 43.348372 0.000000 7.807946 0.000000 0.168173 0.817265 
500.00 1203.15 98.230903 6.540147 0.530254 14.080124 24.487233 43.927224 0.000000 7.636405 0.000000 0.191463 0.838053 
500.00 1193.15 98.218212 5.804319 0.642410 14.484260 24.333515 44.422654 0.000000 7.463098 0.000000 0.211758 0.856197 
500.00 1183.15 98.205936 5.155480 0.735198 14.892516 24.182648 44.849439 0.000000 7.288941 0.000000 0.229556 0.872157 
500.00 1173.15 98.194071 4.578028 0.811888 15.302731 24.036408 45.219252 0.000000 7.114185 0.000000 0.245269 0.886311 
500.00 1163.15 98.182046 3.991855 0.880252 15.743747 23.894132 45.587709 0.000000 6.867334 0.055307 0.261121 0.900589 
500.00 1153.15 98.168217 3.224258 0.951657 16.291617 23.748177 46.077185 0.000000 6.376678 0.297850 0.281716 0.919079 
500.00 1143.15 98.154544 2.522212 1.008031 16.830897 23.604865 46.521230 0.000000 5.915331 0.516070 0.300106 0.935802 
500.00 1133.15 98.141059 1.873326 1.052393 17.358901 23.464637 46.929904 0.000000 5.481397 0.712714 0.316739 0.951047 
500.00 1123.15 98.127771 1.266667 1.087159 17.874233 23.327796 47.311847 0.000000 5.072731 0.890259 0.332008 0.965072 
500.00 1113.15 98.114668 0.692338 1.114269 18.376720 23.194524 47.674613 0.000000 4.686835 1.050988 0.346269 0.978111 
500.00 1103.15 98.098315 0.006071 1.139989 18.970789 23.055307 47.996586 0.113645 4.234461 1.224942 0.363173 0.993351 
500.00 1093.15 98.098738 0.000000 1.139046 19.048746 22.973504 47.899122 0.211980 4.217787 1.251744 0.363323 0.993485 
500.00 1083.15 98.099299 0.000000 1.137488 19.118595 22.896505 47.803925 0.303859 4.205608 1.276510 0.363323 0.993485 

Title: Hr

Phase Volumes:
Pressure Temperature mass V liquid_0 olivine_0 orthopyroxene_0 clinopyroxene_0 feldspar_0 feldspar_1 spinel_0 rhm-oxide_0 apatite water 
500.00 1523.15 98.091659 37.662903 37.662903 0.000000 0.000000 0.000000 0.000000 0.000000 0.000000 0.000000 0.000000 0.000000 
500.00 1513.15 98.092293 37.626188 37.626188 0.000000 0.000000 0.000000 0.000000 0.000000 0.000000 0.000000 0.000000 0.000000 
500.00 1503.15 98.092967 37.589533 37.589533 0.000000 0.000000 0.000000 0.000000 0.000000 0.000000 0.000000 0.000000 0.000000 
500.00 1493.15 98.093681 37.552939 37.552939 0.000000 0.000000 0.000000 0.000000 0.000000 0.000000 0.000000 0.000000 0.000000 
500.00 1483.15 98.094437 37.516409 37.516409 0.000000 0.000000 0.000000 0.000000 0.000000 0.000000 0.000000 0.000000 0.000000 
500.00 1473.15 98.095235 37.479944 37.479944 0.000000 0.000000 0.000000 0.000000 0.000000 0.000000 0.000000 0.000000 0.000000 
500.00 1463.15 98.096077 37.443544 37.443544 0.000000 0.000000 0.000000 0.000000 0.000000 0.000000 0.000000 0.000000 0.000000 
500.00 1453.15 98.096965 37.407213 37.407213 0.000000 0.000000 0.000000 0.000000 0.000000 0.000000 0.000000 0.000000 0.000000 
500.00 1443.15 98.097900 37.370951 37.370951 0.000000 0.000000 0.000000 0.000000 0.000000 0.000000 0.000000 0.000000 0.000000 
500.00 1433.15 98.098884 37.334760 37.334760 0.000000 0.000000 0.000000 0.000000 0.000000 0.000000 0.000000 0.000000 0.000000 
500.00 1423.15 98.099918 37.298641 37.298641 0.000000 0.000000 0.000000 0.000000 0.000000 0.000000 0.000000 0.000000 0.000000 
500.00 1413.15 98.101409 37.107432 36.012368 0.000000 0.000000 0.884894 0.210170 0.000000 0.000000 0.000000 0.000000 0.000000 
500.00 1403.15 98.099882 36.826649 33.212961 0.255373 0.000000 1.963960 1.394355 0.000000 0.000000 0.000000 0.000000 0.000000 
500.00 1393.15 98.098160 36.582004 30.768207 0.509817 0.000000 2.861837 2.442143 0.000000 0.000000 0.000000 0.000000 0.000000 
500.00 1383.15 98.096532 36.364893 28.626430 0.743976 0.000000 3.638135 3.356353 0.000000 0.000000 0.000000 0.000000 0.000000 
500.00 1373.15 98.094982 36.169706 26.725090 0.965289 0.000000 4.317000 4.162327 0.000000 0.000000 0.000000 0.000000 0.000000 
500.00 1363.15 98.093478 35.992274 25.016828 1.180207 0.000000 4.915809 4.879429 0.000000 0.000000 0.000000 0.000000 0.000000 
500.00 1353.15 98.091965 35.829477 23.465106 1.394547 0.000000 5.446789 5.523036 0.000000 0.000000 0.000000 0.000000 0.000000 
500.00 1343.15 98.253458 35.602525 20.045889 1.046284 0.000000 6.872667 6.488915 0.000000 1.148771 0.000000 0.000000 0.000000 
500.00 1333.15 98.273583 35.481102 18.664224 1.081537 0.000000 7.283693 7.138806 0.000000 1.312843 0.000000 0.000000 0.000000 
500.00 1323.15 98.300187 36.266918 16.079592 0.594615 0.937291 7.573773 8.394216 0.000000 1.506169 0.000000 0.000000 1.181263 
500.00 1313.15 98.322140 37.666175 12.993198 0.000000 2.170822 7.684254 10.039151 0.000000 1.670696 0.000000 0.000000 3.108054 
500.00 1303.15 98.323368 38.626583 10.985230 0.000000 2.499575 7.706810 11.316465 0.000000 1.731740 0.000000 0.000000 4.386763 
500.00 1293.15 98.320764 39.405075 9.328970 0.000000 2.772706 7.713074 12.389603 0.000000 1.766101 0.000000 0.000000 5.434621 
500.00 1283.15 98.315499 40.021913 7.972340 0.000000 3.005033 7.707550 13.277923 0.000000 1.781157 0.000000 0.000000 6.277909 
500.00 1273.15 98.308468 40.499154 6.867993 0.000000 3.207445 7.692131 14.004605 0.000000 1.782517 0.000000 0.000000 6.944462 
500.00 1263.15 98.300355 40.859971 5.971062 0.000000 3.387619 7.668252 14.595217 0.000000 1.774460 0.000000 0.000000 7.463361 
500.00 1253.15 98.290987 41.137237 5.201962 0.000000 3.558736 7.635854 15.089570 0.000000 1.758758 0.000000 0.013433 7.878924 
500.00 1243.15 98.281355 41.336162 4.572377 0.000000 3.715716 7.597902 15.491176 0.000000 1.738761 0.000000 0.025725 8.194504 
500.00 1233.15 98.271067 41.478949 4.048371 0.010227 3.852923 7.555239 15.824889 0.000000 1.714134 0.000000 0.035935 8.437230 
500.00 1223.15 98.257414 41.602885 3.572963 0.063507 3.954149 7.504959 16.130648 0.000000 1.677289 0.000000 0.046134 8.653235 
500.00 1213.15 98.243990 41.687394 3.163583 0.107454 4.060505 7.453184 16.388034 0.000000 1.639449 0.000000 0.054914 8.820270 
500.00 1203.15 98.230903 41.739407 2.808086 0.143494 4.170245 7.400939 16.606019 0.000000 1.601197 0.000000 0.062519 8.946908 
500.00 1193.15 98.218212 41.764570 2.496626 0.172951 4.281961 7.349040 16.791817 0.000000 1.562864 0.000000 0.069146 9.040165 
500.00 1183.15 98.205936 41.767432 2.221246 0.196974 4.394637 7.298123 16.951166 0.000000 1.524595 0.000000 0.074958 9.105734 
500.00 1173.15 98.194071 41.751645 1.975504 0.216529 4.507616 7.248680 17.088602 0.000000 1.486406 0.000000 0.080089 9.148221 
500.00 1163.15 98.182046 41.731337 1.725182 0.233701 4.628602 7.200608 17.225253 0.000000 1.432880 0.011962 0.085265 9.187884 
500.00 1153.15 98.168217 41.734157 1.395818 0.251408 4.777864 7.152118 17.407498 0.000000 1.327284 0.064333 0.091990 9.265845 
500.00 1143.15 98.154544 41.718735 1.093526 0.265075 4.924229 7.104685 17.572482 0.000000 1.228473 0.111334 0.097995 9.320935 
500.00 1133.15 98.141059 41.687813 0.813241 0.275553 5.066957 7.058462 17.724075 0.000000 1.135938 0.153591 0.103426 9.356568 
500.00 1123.15 98.127771 41.643731 0.550476 0.283514 5.205675 7.013545 17.865602 0.000000 1.049140 0.191663 0.108412 9.375705 
500.00 1113.15 98.114668 41.588503 0.301147 0.289489 5.340356 6.969980 17.999966 0.000000 0.967482 0.226059 0.113068 9.380957 
500.00 1103.15 98.098315 41.540870 0.002643 0.294939 5.499383 6.923905 18.117800 0.045208 0.872414 0.263222 0.118588 9.402767 
500.00 1093.15 98.098738 41.405544 0.000000 0.294368 5.517888 6.899947 18.075116 0.084310 0.867825 0.268876 0.118637 9.278576 
500.00 1083.15 98.099299 41.268301 0.000000 0.293641 5.534060 6.877495 18.033389 0.120831 0.864183 0.274088 0.118637 9.151976 

Title: Hr

Solid Composition:
Pressure Temperature mass SiO2 TiO2 Al2O3 Fe2O3 FeO MnO MgO CaO Na2O K2O P2O5 H2O 
500.00 1523.15 0.000000 ---
500.00 1513.15 0.000000 ---
500.00 1503.15 0.000000 ---
500.00 1493.15 0.000000 ---
500.00 1483.15 0.000000 ---
500.00 1473.15 0.000000 ---
500.00 1463.15 0.000000 ---
500.00 1453.15 0.000000 ---
500.00 1443.15 0.000000 ---
500.00 1433.15 0.000000 ---
500.00 1423.15 0.000000 ---
500.00 1413.15 3.435086 49.3588 0.567924 10.0151 2.22535 4.32316 0 12.8786 20.1691 0.456114 0.00596194 0 0
500.00 1403.15 10.973590 48.0527 0.454624 14.6155 1.61964 4.61262 0.0297407 12.0783 17.7323 0.791069 0.0135435 0 0
500.00 1393.15 17.576791 47.7004 0.476094 15.393 1.54742 4.96577 0.0406829 11.8995 17.0733 0.887754 0.016096 0 0
500.00 1383.15 23.379604 47.4834 0.521999 15.6716 1.55352 5.31506 0.0487071 11.7417 16.6938 0.952229 0.0179723 0 0
500.00 1373.15 28.552001 47.2946 0.580493 15.7877 1.58644 5.6776 0.0561825 11.5891 16.4026 1.00568 0.0196223 0 0
500.00 1363.15 33.223458 47.1043 0.649153 15.8283 1.63282 6.06011 0.0637872 11.4368 16.15 1.0536 0.0211571 0 0
500.00 1353.15 37.494487 46.8999 0.72747 15.8267 1.6873 6.46699 0.0718314 11.2826 15.9165 1.09809 0.0226149 0 0
500.00 1343.15 48.702710 43.0782 1.58082 14.7324 6.08399 8.37154 0.0538693 10.3599 14.6583 1.06032 0.0205887 0 0
500.00 1333.15 52.679778 42.9512 1.63728 14.7649 6.30268 8.57105 0.0567207 10.1416 14.4341 1.11843 0.0220773 0 0
500.00 1323.15 59.412177 43.6133 1.63795 14.9847 6.35166 8.42552 0.0362616 9.62233 13.8896 1.24635 0.0270695 0 0.165193
500.00 1313.15 67.124037 44.537 1.5982 15.2621 6.22072 8.19036 0 9.06183 13.263 1.44172 0.0367397 0 0.388272
500.00 1303.15 72.103106 44.9752 1.56434 15.4494 5.97442 8.21272 0 8.75746 12.8887 1.61637 0.0463515 0 0.514961
500.00 1293.15 76.159284 45.3844 1.53578 15.564 5.74433 8.23577 0 8.51023 12.592 1.76697 0.0567961 0 0.609741
500.00 1283.15 79.446939 45.7513 1.51227 15.6325 5.53093 8.26402 0 8.31069 12.3566 1.89229 0.0677417 0 0.681724
500.00 1273.15 82.099549 46.072 1.4933 15.6722 5.33399 8.29881 0 8.15036 12.17 1.9936 0.0788418 0 0.736887
500.00 1263.15 84.237688 46.3483 1.47817 15.6944 5.15274 8.33961 0 8.02154 12.0221 2.07383 0.0898115 0 0.779516
500.00 1253.15 86.064488 46.572 1.4655 15.6981 4.9744 8.38568 0 7.91193 11.9198 2.13684 0.101021 0.0202602 0.814434
500.00 1243.15 87.551631 46.763 1.45552 15.6963 4.8101 8.43558 0 7.82267 11.8396 2.18525 0.11189 0.0381402 0.841923
500.00 1233.15 88.784026 46.9265 1.44756 15.6929 4.65085 8.49432 0.00362904 7.7487 11.7737 2.22261 0.122363 0.0525396 0.864287
500.00 1223.15 89.902719 47.0646 1.44069 15.69 4.46099 8.58525 0.024341 7.68186 11.7154 2.25218 0.132829 0.0666109 0.885179
500.00 1213.15 90.861706 47.1911 1.4352 15.6855 4.2818 8.67433 0.0440242 7.6239 11.6656 2.27424 0.14312 0.0784521 0.902779
500.00 1203.15 91.690756 47.3075 1.43078 15.6801 4.11276 8.76096 0.0623171 7.57319 11.6223 2.29049 0.15328 0.0885091 0.917744
500.00 1193.15 92.413893 47.4156 1.42719 15.6742 3.95312 8.84484 0.0790743 7.52842 11.5842 2.30224 0.163359 0.0971251 0.930589
500.00 1183.15 93.050456 47.5166 1.42423 15.6681 3.80207 8.92589 0.0942788 7.48852 11.5501 2.3105 0.173409 0.104568 0.941718
500.00 1173.15 93.616042 47.6116 1.42176 15.6619 3.65875 9.00418 0.107987 7.45263 11.5191 2.31605 0.183485 0.11105 0.951449
500.00 1163.15 94.190191 47.7161 1.41981 15.6539 3.51431 9.07957 0.122052 7.41546 11.4861 2.319 0.195141 0.117507 0.96111
500.00 1153.15 94.943959 47.8676 1.41812 15.6395 3.34631 9.15369 0.140042 7.36528 11.439 2.31811 0.213178 0.125768 0.973343
500.00 1143.15 95.632332 48.0126 1.41583 15.6261 3.18374 9.22831 0.155062 7.31906 11.3942 2.31532 0.232677 0.133014 0.984168
500.00 1133.15 96.267732 48.1516 1.41307 15.6137 3.02628 9.3027 0.167538 7.27606 11.351 2.31098 0.253805 0.13946 0.993819
500.00 1123.15 96.861105 48.2855 1.40993 15.6024 2.87351 9.37632 0.177852 7.23565 11.309 2.30537 0.276731 0.145287 1.00249
500.00 1113.15 97.422329 48.4151 1.40646 15.5921 2.72484 9.44885 0.186341 7.19723 11.2677 2.2987 0.301625 0.150655 1.01036
500.00 1103.15 98.092244 48.5727 1.4017 15.5807 2.54192 9.53942 0.194837 7.1512 11.2164 2.28912 0.335778 0.156931 1.01931
500.00 1093.15 98.098738 48.5738 1.40165 15.5805 2.54607 9.53496 0.194906 7.15075 11.2158 2.28902 0.33609 0.156985 1.01938
500.00 1083.15 98.099299 48.5735 1.40164 15.5804 2.55176 9.52977 0.194905 7.15071 11.2158 2.28901 0.336088 0.156984 1.01938
Title: Hr

Bulk Composition:
Pressure Temperature mass SiO2 TiO2 Al2O3 Fe2O3 FeO MnO MgO CaO Na2O K2O P2O5 H2O 
500.00 1523.15 98.091659 48.5773 1.40175 15.5817 2.47422 9.60047 0.19492 7.15127 11.2167 2.28919 0.336114 0.156996 1.01945
500.00 1513.15 98.092293 48.577 1.40174 15.5816 2.48066 9.59459 0.194918 7.15122 11.2166 2.28917 0.336112 0.156995 1.01945
500.00 1503.15 98.092967 48.5767 1.40173 15.5814 2.4875 9.58836 0.194917 7.15118 11.2165 2.28916 0.33611 0.156994 1.01944
500.00 1493.15 98.093681 48.5763 1.40172 15.5813 2.49475 9.58175 0.194916 7.15112 11.2164 2.28914 0.336107 0.156993 1.01943
500.00 1483.15 98.094437 48.5759 1.40171 15.5812 2.50242 9.57476 0.194914 7.15107 11.2163 2.28912 0.336105 0.156992 1.01943
500.00 1473.15 98.095235 48.5755 1.4017 15.5811 2.51052 9.56737 0.194913 7.15101 11.2162 2.2891 0.336102 0.15699 1.01942
500.00 1463.15 98.096077 48.5751 1.40169 15.5809 2.51907 9.55958 0.194911 7.15095 11.2161 2.28908 0.336099 0.156989 1.01941
500.00 1453.15 98.096965 48.5747 1.40167 15.5808 2.52808 9.55136 0.194909 7.15088 11.216 2.28906 0.336096 0.156988 1.0194
500.00 1443.15 98.097900 48.5742 1.40166 15.5807 2.53757 9.54271 0.194907 7.15082 11.2159 2.28904 0.336093 0.156986 1.01939
500.00 1433.15 98.098884 48.5737 1.40165 15.5805 2.54755 9.53361 0.194905 7.15074 11.2158 2.28902 0.336089 0.156984 1.01938
500.00 1423.15 98.099918 48.5732 1.40163 15.5803 2.55805 9.52404 0.194903 7.15067 11.2157 2.28899 0.336086 0.156983 1.01937
500.00 1413.15 98.101409 48.5725 1.40161 15.5801 2.57318 9.51024 0.1949 7.15056 11.2155 2.28896 0.336081 0.15698 1.01935
500.00 1403.15 98.099882 48.5732 1.40163 15.5803 2.55768 9.52437 0.194903 7.15067 11.2157 2.28899 0.336086 0.156983 1.01937
500.00 1393.15 98.098160 48.5741 1.40166 15.5806 2.54021 9.5403 0.194907 7.1508 11.2159 2.28903 0.336092 0.156986 1.01939
500.00 1383.15 98.096532 48.5749 1.40168 15.5809 2.52369 9.55537 0.19491 7.15092 11.2161 2.28907 0.336098 0.156988 1.0194
500.00 1373.15 98.094982 48.5757 1.4017 15.5811 2.50795 9.56971 0.194913 7.15103 11.2163 2.28911 0.336103 0.156991 1.01942
500.00 1363.15 98.093478 48.5764 1.40172 15.5814 2.49269 9.58363 0.194916 7.15114 11.2164 2.28914 0.336108 0.156993 1.01944
500.00 1353.15 98.091965 48.5772 1.40175 15.5816 2.47733 9.59763 0.194919 7.15125 11.2166 2.28918 0.336113 0.156996 1.01945
500.00 1343.15 98.253458 48.4973 1.39944 15.556 4.11379 8.10568 0.194599 7.13949 11.1982 2.28542 0.335561 0.156737 1.01778
500.00 1333.15 98.273583 48.4874 1.39916 15.5528 4.31735 7.9201 0.194559 7.13803 11.1959 2.28495 0.335492 0.156705 1.01757
500.00 1323.15 98.300187 48.4743 1.39878 15.5486 4.58631 7.6749 0.194506 7.1361 11.1929 2.28433 0.335401 0.156663 1.01729
500.00 1313.15 98.322140 48.4634 1.39846 15.5451 4.80814 7.47265 0.194463 7.13451 11.1904 2.28382 0.335326 0.156628 1.01706
500.00 1303.15 98.323368 48.4628 1.39845 15.5449 4.82055 7.46135 0.19446 7.13442 11.1902 2.28379 0.335322 0.156626 1.01705
500.00 1293.15 98.320764 48.4641 1.39848 15.5453 4.79424 7.48533 0.194466 7.13461 11.1905 2.28385 0.335331 0.15663 1.01708
500.00 1283.15 98.315499 48.4667 1.39856 15.5462 4.74105 7.53382 0.194476 7.13499 11.1911 2.28397 0.335349 0.156639 1.01713
500.00 1273.15 98.308468 48.4702 1.39866 15.5473 4.67 7.59859 0.19449 7.1355 11.1919 2.28414 0.335373 0.15665 1.01721
500.00 1263.15 98.300355 48.4742 1.39877 15.5486 4.58801 7.67334 0.194506 7.13609 11.1928 2.28433 0.335401 0.156663 1.01729
500.00 1253.15 98.290987 48.4788 1.39891 15.5501 4.49332 7.75968 0.194524 7.13677 11.1939 2.28454 0.335433 0.156678 1.01739
500.00 1243.15 98.281355 48.4836 1.39904 15.5516 4.39594 7.84845 0.194544 7.13747 11.195 2.28477 0.335465 0.156693 1.01749
500.00 1233.15 98.271067 48.4886 1.39919 15.5532 4.29191 7.9433 0.194564 7.13822 11.1962 2.28501 0.335501 0.156709 1.01759
500.00 1223.15 98.257414 48.4954 1.39939 15.5554 4.15382 8.06919 0.194591 7.13921 11.1977 2.28532 0.335547 0.156731 1.01773
500.00 1213.15 98.243990 48.502 1.39958 15.5575 4.018 8.19302 0.194618 7.14018 11.1993 2.28564 0.335593 0.156753 1.01787
500.00 1203.15 98.230903 48.5085 1.39976 15.5596 3.88556 8.31376 0.194643 7.14113 11.2008 2.28594 0.335638 0.156773 1.01801
500.00 1193.15 98.218212 48.5147 1.39994 15.5616 3.75709 8.43088 0.194669 7.14206 11.2022 2.28624 0.335681 0.156794 1.01814
500.00 1183.15 98.205936 48.5208 1.40012 15.5635 3.63279 8.54421 0.194693 7.14295 11.2036 2.28652 0.335723 0.156813 1.01827
500.00 1173.15 98.194071 48.5267 1.40029 15.5654 3.51263 8.65376 0.194716 7.14381 11.205 2.2868 0.335764 0.156832 1.01839
500.00 1163.15 98.182046 48.5326 1.40046 15.5673 3.39081 8.76482 0.19474 7.14469 11.2063 2.28708 0.335805 0.156851 1.01852
500.00 1153.15 98.168217 48.5394 1.40066 15.5695 3.25069 8.89257 0.194768 7.14569 11.2079 2.2874 0.335852 0.156874 1.01866
500.00 1143.15 98.154544 48.5462 1.40085 15.5717 3.1121 9.01892 0.194795 7.14669 11.2095 2.28772 0.335899 0.156895 1.0188
500.00 1133.15 98.141059 48.5529 1.40104 15.5738 2.97538 9.14356 0.194822 7.14767 11.211 2.28803 0.335945 0.156917 1.01894
500.00 1123.15 98.127771 48.5594 1.40123 15.5759 2.84063 9.26641 0.194848 7.14864 11.2125 2.28834 0.335991 0.156938 1.01908
500.00 1113.15 98.114668 48.5659 1.40142 15.578 2.70771 9.3876 0.194874 7.14959 11.214 2.28865 0.336035 0.156959 1.01922
500.00 1103.15 98.098315 48.574 1.40166 15.5806 2.54178 9.53887 0.194907 7.15079 11.2159 2.28903 0.336091 0.156985 1.01939
500.00 1093.15 98.098738 48.5738 1.40165 15.5805 2.54607 9.53496 0.194906 7.15075 11.2158 2.28902 0.33609 0.156985 1.01938
500.00 1083.15 98.099299 48.5735 1.40164 15.5804 2.55176 9.52977 0.194905 7.15071 11.2158 2.28901 0.336088 0.156984 1.01938
