Title: Nd1

System Thermodynamic Data:
Pressure Temperature mass F phi S H V dVdP*10^6 dVdT*10^6 Cp logfO2(absolute) logfO2-NNO rhol rhos viscosity aH2O chisqr
500.00 1523.15 100.083849 0.9908009196090679 0.756244 296.717903 -1214669.355809 53.515483 -26346.088294 14452.097360 152.398678 -7.007 0.000 2.450243 0.070579 1.894 1.00005 0.000
500.00 1513.15 100.084357 0.9908491804043426 0.758381 295.713798 -1216202.557759 53.312295 -26038.944999 14425.028144 152.393302 -7.116 0.000 2.452782 0.071100 1.933 1.00005 0.000
500.00 1503.15 100.084897 0.9908983605295929 0.760542 294.703079 -1217736.226348 53.108726 -25731.030762 14397.393670 152.388136 -7.225 0.000 2.455321 0.071630 1.972 1.00005 0.000
500.00 1493.15 100.085470 0.9909484838551694 0.762728 293.685655 -1219270.381748 52.904770 -25422.330275 14369.178223 152.383187 -7.336 0.000 2.457862 0.072169 2.011 1.00004 0.000
500.00 1483.15 100.086076 0.9909995750123358 0.764939 292.661433 -1220805.044969 52.700425 -25112.827901 14340.365331 152.378463 -7.449 0.000 2.460402 0.072718 2.051 1.00004 0.000
500.00 1473.15 100.086716 0.9910516595800160 0.767175 291.648118 -1222313.953478 52.495685 -24802.507244 14310.937567 148.533753 -7.563 0.000 2.462944 0.073277 2.092 1.00004 0.000
500.00 1463.15 100.087392 0.9911047642972760 0.769437 290.636204 -1223811.244447 52.290545 -24491.350664 14280.876337 148.519739 -7.679 0.000 2.465485 0.073846 2.133 1.00003 0.000
500.00 1453.15 100.088104 0.9911589163019707 0.771726 289.617449 -1225309.007116 52.085001 -24179.341415 14250.162546 148.505338 -7.796 0.000 2.468027 0.074425 2.175 1.00003 0.000
500.00 1443.15 100.088855 0.9912141435660964 0.774041 288.591761 -1226807.259453 51.879049 -23866.462530 14218.776180 148.490550 -7.915 0.000 2.470569 0.075015 2.217 1.00002 0.000
500.00 1433.15 100.089644 0.9912704749571151 0.776384 287.559043 -1228306.020350 51.672685 -23552.696739 14186.696216 148.475371 -8.035 0.000 2.473112 0.075616 2.259 1.00002 0.000
500.00 1423.15 100.089625 0.9882340023083308 0.776507 286.427455 -1229921.487010 51.480900 -23287.827349 14165.298603 148.296755 -8.157 0.000 2.474328 0.102355 2.314 1.00002 0.000
500.00 1413.15 99.781601 0.9837906251253630 0.774855 284.431415 -1227912.889159 51.216084 -23091.653106 14155.209265 147.505618 -8.281 0.000 2.473583 0.140264 2.385 1.00004 0.000
500.00 1403.15 99.032650 0.9839476363420655 0.775457 281.402415 -1220476.761451 50.814908 -22887.810024 14137.243423 146.185495 -8.407 0.000 2.472870 0.139325 2.457 1.00006 0.000
500.00 1393.15 98.309891 0.9841004154372385 0.776165 278.453263 -1213369.769220 50.419839 -22676.770452 14118.050058 144.914049 -8.535 0.000 2.472186 0.138501 2.529 1.00008 0.000
500.00 1383.15 97.614553 0.9606536410988031 0.754786 274.937905 -1207509.484225 50.322738 -23415.355582 14431.183517 142.905667 -8.664 0.000 2.468841 0.311250 2.617 1.00005 0.000
500.00 1373.15 94.682585 0.9467264556689646 0.732657 266.080391 -1173119.556557 49.677215 -24617.699186 14885.830117 137.891775 -8.795 0.000 2.462844 0.379800 2.723 1.00002 0.000
500.00 1363.15 90.602005 0.9486472605511239 0.719424 254.832360 -1124122.914641 48.630516 -25642.419571 15276.329020 131.728715 -8.929 0.000 2.456681 0.340990 2.831 0.999988 0.000
500.00 1353.15 86.962821 0.9499691324484302 0.707187 244.749389 -1080817.880166 47.679272 -26521.374257 15631.730012 126.228413 -9.064 0.000 2.450075 0.311639 2.943 0.999969 0.000
500.00 1343.15 83.681082 0.9333717543053492 0.679875 235.265268 -1042754.113870 47.104887 -28007.096251 16220.600416 120.848356 -9.201 0.000 2.438861 0.369743 3.085 0.999968 0.000
500.00 1333.15 79.267520 0.8903670593978353 0.623751 222.584920 -992530.515468 46.830258 -31080.113330 17398.595772 113.343480 -9.340 0.000 2.416165 0.493213 3.309 1 0.000
500.00 1323.15 71.864022 0.8945901666245607 0.591301 203.542841 -906095.963902 45.379252 -33696.934089 18424.968445 102.823447 -9.481 0.000 2.395908 0.408443 3.531 1.00004 0.000
500.00 1313.15 65.686683 0.9005777754067824 0.563859 187.609166 -833234.658257 44.108316 -35838.887198 19322.403163 94.080533 -9.625 0.000 2.378523 0.339480 3.740 1.00007 0.000
500.00 1303.15 60.650519 0.8967124098740112 0.533486 174.445544 -773581.591282 43.138876 -37867.892950 20224.299710 86.863167 -9.771 0.000 2.363175 0.311279 3.936 1.0001 0.000
500.00 1293.15 55.973148 0.8939453745835658 0.504534 162.254978 -717222.354911 42.210815 -39741.709507 21101.681995 80.188184 -9.919 0.000 2.349506 0.283839 4.126 1.00013 0.000
500.00 1283.15 51.713373 0.8964796901030776 0.480532 151.191514 -665115.126691 41.272071 -41294.078778 21884.963929 74.189113 -10.069 0.000 2.337570 0.249697 4.307 1.00016 0.000
500.00 1273.15 48.113321 0.8980287927326781 0.459073 141.793822 -620902.379918 40.445170 -42587.012009 22595.143054 69.108232 -10.221 0.000 2.327056 0.224253 4.480 1.00018 0.000
500.00 1263.15 45.028988 0.8986279096826833 0.439694 133.703165 -582893.487059 39.705333 -43672.775328 23248.826781 64.758379 -10.376 0.000 2.317781 0.205181 4.647 1.00019 0.000
500.00 1253.15 42.347153 0.8985333884086427 0.422109 126.636684 -549725.213841 39.029930 -44588.645892 23857.485371 60.980879 -10.534 0.000 2.309595 0.190504 4.807 1.0002 0.000
500.00 1243.15 39.988026 0.8979131738082370 0.406085 120.394275 -520441.188181 38.403558 -45362.109241 24429.616514 57.663352 -10.694 0.000 2.302373 0.178980 4.963 1.00021 0.000

Title: Nd1

Liquid Composition:
Pressure Temperature mass SiO2 TiO2 Al2O3 Fe2O3 Cr2O3 FeO MnO MgO CaO Na2O K2O P2O5 H2O 
500.00 1523.15 99.163169 51.719 0.939101 15.4169 1.99867 0.0194444 7.39693 0.166299 6.58349 9.7236 2.61187 1.35974 0.117388 1.94755
500.00 1513.15 99.168503 51.7162 0.93905 15.4161 2.00368 0.0194434 7.39193 0.16629 6.58313 9.72308 2.61173 1.35967 0.117381 1.95231
500.00 1503.15 99.173961 51.7134 0.938998 15.4152 2.00901 0.0194423 7.38663 0.166281 6.58277 9.72255 2.61159 1.35959 0.117375 1.95716
500.00 1493.15 99.179544 51.7105 0.938946 15.4144 2.01466 0.0194412 7.38103 0.166272 6.5824 9.722 2.61144 1.35951 0.117368 1.9621
500.00 1483.15 99.185258 51.7075 0.938891 15.4135 2.02064 0.0194401 7.37512 0.166262 6.58202 9.72144 2.61129 1.35944 0.117361 1.96714
500.00 1473.15 99.191106 51.7044 0.938836 15.4126 2.02696 0.019439 7.36889 0.166252 6.58163 9.72087 2.61114 1.35936 0.117355 1.97227
500.00 1463.15 99.197091 51.7013 0.938779 15.4116 2.03364 0.0194378 7.36233 0.166242 6.58124 9.72028 2.61098 1.35927 0.117347 1.9775
500.00 1453.15 99.203217 51.6981 0.938722 15.4107 2.04068 0.0194366 7.35542 0.166232 6.58083 9.71968 2.61082 1.35919 0.11734 1.98284
500.00 1443.15 99.209488 51.6949 0.938662 15.4097 2.04811 0.0194354 7.34816 0.166221 6.58041 9.71906 2.61065 1.3591 0.117333 1.98828
500.00 1433.15 99.215909 51.6915 0.938601 15.4087 2.05592 0.0194341 7.34054 0.166211 6.57999 9.71844 2.61049 1.35902 0.117325 1.99383
500.00 1423.15 98.911971 51.7269 0.941486 15.4561 2.06204 0.0194938 7.31466 0.165897 6.4632 9.74707 2.61851 1.36319 0.117686 2.00382
500.00 1413.15 98.164204 51.8194 0.948657 15.5738 2.0647 0.0196423 7.25929 0.165087 6.18024 9.81824 2.63845 1.37358 0.118582 2.0203
500.00 1403.15 97.442942 51.9106 0.955679 15.6891 2.06701 0.0197877 7.20142 0.164239 5.90628 9.88788 2.65798 1.38374 0.11946 2.03681
500.00 1393.15 96.746804 52.0006 0.962556 15.802 2.06896 0.0199301 7.14105 0.163353 5.64112 9.95602 2.67711 1.3937 0.120319 2.05334
500.00 1383.15 93.773776 52.107 0.975171 16.1703 2.06946 0.0179103 7.16045 0.167846 5.27584 9.6561 2.75777 1.43789 0.124134 2.08019
500.00 1373.15 89.638508 52.2815 0.98517 16.6905 2.05917 0.0103786 7.1807 0.175592 4.8351 9.15511 2.87793 1.50422 0.129861 2.11483
500.00 1363.15 85.949344 52.4812 0.988589 17.183 2.04309 0.00459306 7.1696 0.183129 4.42321 8.67606 2.9944 1.56879 0.135435 2.14899
500.00 1353.15 82.611995 52.7178 0.983623 17.6527 2.01849 0.00101749 7.1152 0.190527 4.03751 8.21864 3.10828 1.63216 0.140906 2.18319
500.00 1343.15 78.105558 53.2963 0.955103 17.9689 1.9565 5.69307e-006 6.88656 0.20152 3.69401 7.69404 3.25244 1.72475 0.149036 2.22087
500.00 1333.15 70.577188 54.7594 0.884398 17.8803 1.80596 0 6.24386 0.220807 3.35725 7.04772 3.46806 1.90154 0.164933 2.2658
500.00 1323.15 64.288848 56.186 0.828706 17.6761 1.67 0 5.65466 0.237748 3.01996 6.50878 3.65525 2.07886 0.181066 2.30282
500.00 1313.15 59.155967 57.5042 0.781317 17.4277 1.54764 0 5.13403 0.253315 2.73134 6.03003 3.8114 2.24972 0.196777 2.33251
500.00 1303.15 54.386073 58.7166 0.741925 17.1296 1.43733 0 4.6608 0.275545 2.45989 5.61359 3.95748 2.4353 0.214035 2.35788
500.00 1293.15 50.036936 59.8888 0.715114 16.7388 1.33905 0 4.23307 0.299495 2.18262 5.28 4.08005 2.63221 0.232639 2.37814
500.00 1283.15 46.359988 60.9852 0.691407 16.3372 1.24713 0 3.84722 0.323249 1.94563 4.97821 4.17503 2.82472 0.25109 2.39395
500.00 1273.15 43.207147 62.0139 0.669982 15.9378 1.16052 0 3.49758 0.346837 1.74085 4.69803 4.24585 3.01301 0.269412 2.4062
500.00 1263.15 40.464306 62.982 0.65079 15.5407 1.07905 0 3.18025 0.370347 1.56285 4.43898 4.29439 3.19761 0.287674 2.41535
500.00 1253.15 38.050331 63.8953 0.633739 15.1462 1.00251 0 2.89179 0.393842 1.40729 4.20037 4.32243 3.37876 0.305924 2.42177
500.00 1243.15 35.905775 64.7585 0.618724 14.755 0.930682 0 2.62929 0.417365 1.27071 3.98156 4.33158 3.5565 0.324196 2.42582
Title: Nd1

liquid_0 thermodynamic data and composition:
Pressure Temperature mass S H V Cp viscosity SiO2 TiO2 Al2O3 Fe2O3 Cr2O3 FeO MnO MgO CaO Na2O K2O P2O5 H2O Mg#
500.00 1523.15 99.163169 286.567636 -1204748.591329 40.470743 149.815928 1.894 51.719 0.939101 15.4169 1.99867 0.0194444 7.39693 0.166299 6.58349 9.7236 2.61187 1.35974 0.117388 1.94755 61.3
500.00 1513.15 99.168503 285.633649 -1206308.104655 40.431032 149.825420 1.933 51.7162 0.93905 15.4161 2.00368 0.0194434 7.39193 0.16629 6.58313 9.72308 2.61173 1.35967 0.117381 1.95231 61.3
500.00 1503.15 99.173961 284.693982 -1207869.362188 40.391438 149.835286 1.972 51.7134 0.938998 15.4152 2.00901 0.0194423 7.38663 0.166281 6.58277 9.72255 2.61159 1.35959 0.117375 1.95716 61.4
500.00 1493.15 99.179544 283.748565 -1209432.416726 40.351966 149.845537 2.011 51.7105 0.938946 15.4144 2.01466 0.0194412 7.38103 0.166272 6.5824 9.722 2.61144 1.35951 0.117368 1.9621 61.4
500.00 1483.15 99.185258 282.797325 -1210997.322960 40.312618 149.856184 2.051 51.7075 0.938891 15.4135 2.02064 0.0194401 7.37512 0.166262 6.58202 9.72144 2.61129 1.35944 0.117361 1.96714 61.4
500.00 1473.15 99.191106 281.857992 -1212537.853314 40.273397 146.027019 2.092 51.7044 0.938836 15.4126 2.02696 0.019439 7.36889 0.166252 6.58163 9.72087 2.61114 1.35936 0.117355 1.97227 61.4
500.00 1463.15 99.197091 280.921082 -1214068.181431 40.234306 146.028726 2.133 51.7013 0.938779 15.4116 2.03364 0.0194378 7.36233 0.166242 6.58124 9.72028 2.61098 1.35927 0.117347 1.9775 61.4
500.00 1453.15 99.203217 279.978379 -1215600.433721 40.195348 146.030226 2.175 51.6981 0.938722 15.4107 2.04068 0.0194366 7.35542 0.166232 6.58083 9.71968 2.61082 1.35919 0.11734 1.98284 61.4
500.00 1443.15 99.209488 279.029813 -1217134.666502 40.156527 146.031521 2.217 51.6949 0.938662 15.4097 2.04811 0.0194354 7.34816 0.166221 6.58041 9.71906 2.61065 1.3591 0.117333 1.98828 61.5
500.00 1433.15 99.215909 278.075315 -1218670.938280 40.117847 146.032613 2.259 51.6915 0.938601 15.4087 2.05592 0.0194341 7.34054 0.166211 6.57999 9.71844 2.61049 1.35902 0.117325 1.99383 61.5
500.00 1423.15 98.911971 276.268265 -1216512.143720 39.975286 145.483955 2.314 51.7269 0.941486 15.4561 2.06204 0.0194938 7.31466 0.165897 6.4632 9.74707 2.61851 1.36319 0.117686 2.00382 61.1
500.00 1413.15 98.164204 273.258491 -1209092.751534 39.685023 144.153172 2.385 51.8194 0.948657 15.5738 2.0647 0.0196423 7.25929 0.165087 6.18024 9.81824 2.63845 1.37358 0.118582 2.0203 60.3
500.00 1403.15 97.442942 270.332826 -1202004.698857 39.404800 142.872534 2.457 51.9106 0.955679 15.6891 2.06701 0.0197877 7.20142 0.164239 5.90628 9.88788 2.65798 1.38374 0.11946 2.03681 59.4
500.00 1393.15 96.746804 267.486649 -1195231.791117 39.134105 141.639473 2.529 52.0006 0.962556 15.802 2.06896 0.0199301 7.14105 0.163353 5.64112 9.95602 2.67711 1.3937 0.120319 2.05334 58.5
500.00 1383.15 93.773776 258.547476 -1159959.464025 37.982910 136.924495 2.617 52.107 0.975171 16.1703 2.06946 0.0179103 7.16045 0.167846 5.27584 9.6561 2.75777 1.43789 0.124134 2.08019 56.8
500.00 1373.15 89.638508 246.565289 -1110569.446019 36.396339 130.442542 2.723 52.2815 0.98517 16.6905 2.05917 0.0103786 7.1807 0.175592 4.8351 9.15511 2.87793 1.50422 0.129861 2.11483 54.5
500.00 1363.15 85.949344 235.847530 -1066870.235991 34.985957 124.674448 2.831 52.4812 0.988589 17.183 2.04309 0.00459306 7.1696 0.183129 4.42321 8.67606 2.9944 1.56879 0.135435 2.14899 52.4
500.00 1353.15 82.611995 226.134989 -1027812.676505 33.718150 119.474150 2.943 52.7178 0.983623 17.6527 2.01849 0.00101749 7.1152 0.190527 4.03751 8.21864 3.10828 1.63216 0.140906 2.18319 50.3
500.00 1343.15 78.105558 213.338807 -975595.859584 32.025418 112.587624 3.085 53.2963 0.955103 17.9689 1.9565 5.69307e-006 6.88656 0.20152 3.69401 7.69404 3.25244 1.72475 0.149036 2.22087 48.9
500.00 1333.15 70.577188 192.475557 -888340.901491 29.210423 101.259872 3.309 54.7594 0.884398 17.8803 1.80596 0 6.24386 0.220807 3.35725 7.04772 3.46806 1.90154 0.164933 2.2658 48.9
500.00 1323.15 64.288848 174.955063 -814716.330143 26.832774 91.791453 3.531 56.186 0.828706 17.6761 1.67 0 5.65466 0.237748 3.01996 6.50878 3.65525 2.07886 0.181066 2.30282 48.8
500.00 1313.15 59.155967 160.571382 -754205.213549 24.870887 84.078214 3.740 57.5042 0.781317 17.4277 1.54764 0 5.13403 0.253315 2.73134 6.03003 3.8114 2.24972 0.196777 2.33251 48.7
500.00 1303.15 54.386073 147.207967 -697018.645474 23.013986 76.957266 3.936 58.7166 0.741925 17.1296 1.43733 0 4.6608 0.275545 2.45989 5.61359 3.95748 2.4353 0.214035 2.35788 48.5
500.00 1293.15 50.036936 135.003271 -644135.702486 21.296793 70.477954 4.126 59.8888 0.715114 16.7388 1.33905 0 4.23307 0.299495 2.18262 5.28 4.08005 2.63221 0.232639 2.37814 47.9
500.00 1283.15 46.359988 124.644100 -599221.709117 19.832553 65.015466 4.307 60.9852 0.691407 16.3372 1.24713 0 3.84722 0.323249 1.94563 4.97821 4.17503 2.82472 0.25109 2.39395 47.4
500.00 1273.15 43.207147 115.729072 -560556.621590 18.567302 60.343504 4.480 62.0139 0.669982 15.9378 1.16052 0 3.49758 0.346837 1.74085 4.69803 4.24585 3.01301 0.269412 2.4062 47.0
500.00 1263.15 40.464306 107.947074 -526781.438609 17.458211 56.289160 4.647 62.982 0.65079 15.5407 1.07905 0 3.18025 0.370347 1.56285 4.43898 4.29439 3.19761 0.287674 2.41535 46.7
500.00 1253.15 38.050331 101.076688 -496933.269850 16.474895 52.729527 4.807 63.8953 0.633739 15.1462 1.00251 0 2.89179 0.393842 1.40729 4.20037 4.32243 3.37876 0.305924 2.42177 46.5
500.00 1243.15 35.905775 94.955455 -470308.469735 15.595116 49.574583 4.963 64.7585 0.618724 14.755 0.930682 0 2.62929 0.417365 1.27071 3.98156 4.33158 3.5565 0.324196 2.42582 46.3

olivine_0 thermodynamic data and composition:
Pressure Temperature mass S H V Cp formula SiO2 TiO2 Al2O3 Fe2O3 Cr2O3 FeO MnO MgO CaO Na2O K2O P2O5 H2O
500.00 1423.15 0.307741 0.733972 -3792.085622 0.093795 0.381128 (Ca0.01Mg0.83Fe''0.16Mn0.00Co0.00Ni0.00)2SiO4 39.6803 0 0 0 0 15.6232 0.265102 44.0351 0.396263 0 0 0 0
500.00 1413.15 0.748684 1.777833 -9191.868188 0.227615 0.924402 (Ca0.01Mg0.83Fe''0.17Mn0.00Co0.00Ni0.00)2SiO4 39.5839 0 0 0 0 16.1259 0.272212 43.6147 0.403263 0 0 0 0
500.00 1403.15 0.722507 1.708061 -8836.313102 0.219087 0.889282 (Ca0.01Mg0.82Fe''0.18Mn0.00Co0.00Ni0.00)2SiO4 39.4837 0 0 0 0 16.6486 0.279547 43.1778 0.410385 0 0 0 0
500.00 1393.15 0.697701 1.641986 -8498.218960 0.210997 0.855968 (Ca0.01Mg0.81Fe''0.18Mn0.00Co0.00Ni0.00)2SiO4 39.3794 0 0 0 0 17.1925 0.287122 42.7233 0.417649 0 0 0 0
500.00 1383.15 0.211176 0.494528 -2555.411644 0.063618 0.257968 (Ca0.01Mg0.80Fe''0.19Mn0.00Co0.00Ni0.00)2SiO4 39.2265 0 0 0 0 17.995 0.306141 42.0634 0.40893 0 0 0 0
500.00 1333.15 0.294270 0.671093 -3422.206088 0.086694 0.350771 (Ca0.00Mg0.75Fe''0.25Mn0.01Co0.00Ni0.00)2SiO4 38.3394 0 0 0 0 22.5647 0.529714 38.2476 0.318626 0 0 0 0
500.00 1323.15 0.481513 1.092674 -5568.708763 0.141378 0.571712 (Ca0.00Mg0.74Fe''0.25Mn0.01Co0.00Ni0.00)2SiO4 38.2106 0 0 0 0 23.1715 0.622934 37.6947 0.300209 0 0 0 0
500.00 1313.15 0.415096 0.937305 -4775.107769 0.121480 0.490961 (Ca0.00Mg0.73Fe''0.26Mn0.01Co0.00Ni0.00)2SiO4 38.0867 0 0 0 0 23.7447 0.722813 37.1623 0.283357 0 0 0 0

orthopyroxene_0 thermodynamic data and composition:
Pressure Temperature mass S H V Cp structure formula SiO2 TiO2 Al2O3 Fe2O3 Cr2O3 FeO MnO MgO CaO Na2O K2O P2O5 H2O
500.00 1303.15 0.672051 1.522825 -8312.187281 0.203169 0.821705 opx Na0.00Ca0.07Fe''0.46Mg1.41Fe'''0.03Ti0.00Al0.10Si1.94O6 53.5342 0.0973346 2.25248 1.03944 0 15.1415 0 26.1243 1.78949 0.0212227 0 0 0
500.00 1293.15 0.830337 1.871882 -10238.132837 0.250545 1.012482 opx Na0.00Ca0.07Fe''0.47Mg1.40Fe'''0.03Ti0.00Al0.09Si1.94O6 53.5145 0.0896531 2.1295 0.991244 0 15.6299 0 25.8254 1.79784 0.0219284 0 0 0
500.00 1283.15 0.673042 1.509521 -8274.400612 0.202709 0.818524 opx Na0.00Ca0.07Fe''0.49Mg1.38Fe'''0.03Ti0.00Al0.09Si1.94O6 53.4948 0.0827652 2.01404 0.944976 0 16.0977 0 25.5429 1.80027 0.0225415 0 0 0
500.00 1273.15 0.537171 1.198608 -6585.562826 0.161495 0.651615 opx Na0.00Ca0.07Fe''0.50Mg1.37Fe'''0.02Ti0.00Al0.08Si1.95O6 53.4732 0.0766641 1.90759 0.901204 0 16.5497 0 25.2758 1.79291 0.0230609 0 0 0
500.00 1263.15 0.435154 0.965977 -5320.552552 0.130591 0.526547 opx Na0.00Ca0.07Fe''0.52Mg1.36Fe'''0.02Ti0.00Al0.08Si1.95O6 53.4502 0.0711822 1.80807 0.859417 0 16.9887 0 25.021 1.77794 0.0234895 0 0 0
500.00 1253.15 0.356690 0.787702 -4349.861251 0.106856 0.430547 opx Na0.00Ca0.07Fe''0.53Mg1.35Fe'''0.02Ti0.00Al0.07Si1.95O6 53.4263 0.0662002 1.71402 0.819251 0 17.4169 0 24.7762 1.75725 0.0238293 0 0 0
500.00 1243.15 0.295318 0.648777 -3592.343740 0.088317 0.355609 opx Na0.00Ca0.07Fe''0.55Mg1.34Fe'''0.02Ti0.00Al0.07Si1.95O6 53.4017 0.0616299 1.62437 0.780441 0 17.8359 0 24.5394 1.73251 0.0240825 0 0 0

spinel_0 thermodynamic data and composition:
Pressure Temperature mass S H V Cp formula SiO2 TiO2 Al2O3 Fe2O3 Cr2O3 FeO MnO MgO CaO Na2O K2O P2O5 H2O
500.00 1383.15 0.019479 0.041759 -131.025113 0.004354 0.019094 Fe''0.63Mg0.47Fe'''0.98Al0.48Cr0.34Ti0.10O4 0 4.04057 12.1735 38.9542 12.7653 22.6899 0 9.37657 0 0 0 0 0
500.00 1373.15 0.083352 0.177987 -541.917644 0.018505 0.080990 Fe''0.69Mg0.43Fe'''1.06Al0.45Cr0.24Ti0.12O4 0 4.86928 11.296 41.6341 9.14136 24.4854 0 8.57395 0 0 0 0 0
500.00 1363.15 0.096496 0.204981 -605.474997 0.021275 0.092994 Fe''0.75Mg0.40Fe'''1.13Al0.41Cr0.15Ti0.15O4 0 5.8298 10.2723 44.1105 5.64476 26.3555 0 7.78707 0 0 0 0 0
500.00 1353.15 0.129188 0.272672 -784.107999 0.028297 0.123643 Fe''0.81Mg0.36Fe'''1.20Al0.38Cr0.07Ti0.18O4 0 6.86658 9.25806 46.1596 2.44882 28.1997 0 7.06724 0 0 0 0 0
500.00 1343.15 0.498819 1.044936 -2950.537542 0.108675 0.474889 Fe''0.87Mg0.34Fe'''1.24Al0.34Cr0.00Ti0.20O4 0 7.77673 8.37244 47.4613 0.17253 29.6963 0 6.52077 0 0 0 0 0
500.00 1333.15 1.269469 2.644004 -7406.571912 0.275456 1.203311 Fe''0.89Mg0.32Fe'''1.26Al0.32Cr0.00Ti0.21O4 0 8.06012 7.74452 47.664 0 30.314 0 6.21733 0 0 0 0 0
500.00 1323.15 0.975250 2.019912 -5610.927008 0.210700 0.920185 Fe''0.91Mg0.31Fe'''1.26Al0.30Cr0.00Ti0.22O4 0 8.29621 7.12855 47.753 0 30.9375 0 5.88474 0 0 0 0 0
500.00 1313.15 0.750655 1.546400 -4266.835645 0.161553 0.705389 Fe''0.93Mg0.29Fe'''1.27Al0.27Cr0.00Ti0.23O4 0 8.51584 6.59181 47.8014 0 31.5003 0 5.59064 0 0 0 0 0
500.00 1303.15 0.626465 1.283638 -3519.683270 0.134322 0.586384 Fe''0.95Mg0.28Fe'''1.28Al0.25Cr0.00Ti0.23O4 0 8.73037 6.08336 47.8294 0 32.0548 0 5.30213 0 0 0 0 0
500.00 1293.15 0.497177 1.013020 -2757.569783 0.106165 0.463409 Fe''0.98Mg0.26Fe'''1.28Al0.23Cr0.00Ti0.24O4 0 8.9876 5.54241 47.7903 0 32.7084 0 4.97124 0 0 0 0 0
500.00 1283.15 0.398925 0.808443 -2188.432656 0.084876 0.370444 Fe''1.00Mg0.25Fe'''1.29Al0.21Cr0.00Ti0.25O4 0 9.2313 5.07306 47.7139 0 33.3028 0 4.67888 0 0 0 0 0
500.00 1273.15 0.324823 0.654831 -1765.228458 0.068886 0.300626 Fe''1.02Mg0.24Fe'''1.29Al0.20Cr0.00Ti0.26O4 0 9.46283 4.66375 47.6074 0 33.8482 0 4.4178 0 0 0 0 0
500.00 1263.15 0.267659 0.536841 -1442.789921 0.056597 0.246971 Fe''1.04Mg0.23Fe'''1.29Al0.18Cr0.00Ti0.26O4 0 9.68689 4.30047 47.4748 0 34.3556 0 4.18217 0 0 0 0 0
500.00 1253.15 0.222664 0.444364 -1191.790141 0.046957 0.204884 Fe''1.06Mg0.21Fe'''1.29Al0.17Cr0.00Ti0.27O4 0 9.90699 3.97372 47.3185 0 34.833 0 3.96779 0 0 0 0 0
500.00 1243.15 0.186648 0.370656 -992.881377 0.039266 0.171304 Fe''1.07Mg0.20Fe'''1.29Al0.16Cr0.00Ti0.28O4 0 10.1259 3.67671 47.1391 0 35.2868 0 3.77147 0 0 0 0 0

feldspar_0 thermodynamic data and composition:
Pressure Temperature mass S H V Cp formula SiO2 TiO2 Al2O3 Fe2O3 Cr2O3 FeO MnO MgO CaO Na2O K2O P2O5 H2O
500.00 1343.15 1.023009 2.382674 -14272.941325 0.381573 1.244085 K0.01Na0.19Ca0.80Al1.80Si2.20O8 47.9292 0 33.4322 0 0 0 0 0 16.3983 2.11944 0.120869 0 0
500.00 1333.15 3.634611 8.451567 -50728.471324 1.358132 4.417180 K0.01Na0.21Ca0.78Al1.78Si2.22O8 48.6096 0 32.9697 0 0 0 0 0 15.8579 2.42321 0.139536 0 0
500.00 1323.15 3.452985 8.016888 -48209.216932 1.292796 4.193831 K0.01Na0.24Ca0.75Al1.75Si2.25O8 49.3443 0 32.4699 0 0 0 0 0 15.2742 2.75007 0.161542 0 0
500.00 1313.15 3.015049 6.989641 -42107.234760 1.131176 3.659730 K0.01Na0.27Ca0.72Al1.72Si2.28O8 50.121 0 31.9411 0 0 0 0 0 14.6566 3.09448 0.186837 0 0
500.00 1303.15 2.928537 6.779092 -40909.386111 1.101117 3.552631 K0.01Na0.30Ca0.68Al1.68Si2.32O8 50.9367 0 31.3846 0 0 0 0 0 14.0072 3.45354 0.217894 0 0
500.00 1293.15 2.899220 6.700833 -40509.288658 1.092486 3.514966 K0.01Na0.34Ca0.65Al1.65Si2.35O8 51.7592 0 30.8223 0 0 0 0 0 13.3514 3.81219 0.254878 0 0
500.00 1283.15 2.539325 5.859350 -35488.490888 0.958970 3.091043 K0.02Na0.37Ca0.62Al1.62Si2.38O8 52.5853 0 30.2564 0 0 0 0 0 12.6918 4.16948 0.297065 0 0
500.00 1273.15 2.231904 5.140981 -31198.525869 0.844717 2.716337 K0.02Na0.40Ca0.58Al1.58Si2.42O8 53.4113 0 29.6892 0 0 0 0 0 12.0311 4.52323 0.345173 0 0
500.00 1263.15 1.987295 4.568974 -27784.624498 0.753762 2.418150 K0.02Na0.43Ca0.55Al1.55Si2.45O8 54.228 0 29.1268 0 0 0 0 0 11.3765 4.86871 0.400006 0 0
500.00 1253.15 1.787033 4.100281 -24989.237022 0.679235 2.173968 K0.03Na0.45Ca0.52Al1.52Si2.48O8 55.0282 0 28.5737 0 0 0 0 0 10.7335 5.20204 0.462511 0 0
500.00 1243.15 1.619366 3.707528 -22648.395700 0.616769 1.969467 K0.03Na0.48Ca0.49Al1.49Si2.51O8 55.8068 0 28.0333 0 0 0 0 0 10.106 5.52015 0.53385 0 0

clinopyroxene_0 thermodynamic data and composition:
Pressure Temperature mass S H V Cp structure formula SiO2 TiO2 Al2O3 Fe2O3 Cr2O3 FeO MnO MgO CaO Na2O K2O P2O5 H2O
500.00 1383.15 2.708869 6.161180 -34799.093150 0.835117 3.185096 cpx Na0.01Ca0.84Fe''0.16Mg0.85Fe'''0.07Ti0.02Al0.20Si1.86O6 50.3447 0.590656 4.50553 2.47564 0 5.15426 0 15.5057 21.2776 0.145944 0 0 0
500.00 1373.15 4.004494 9.072270 -51303.032924 1.231262 4.695219 cpx Na0.01Ca0.84Fe''0.17Mg0.83Fe'''0.07Ti0.02Al0.21Si1.84O6 49.9255 0.682992 4.8225 2.64681 0 5.42098 0 15.1521 21.1911 0.158076 0 0 0
500.00 1363.15 3.551282 8.013256 -45369.265779 1.088937 4.151683 cpx Na0.01Ca0.84Fe''0.18Mg0.82Fe'''0.08Ti0.02Al0.22Si1.83O6 49.4922 0.783833 5.14504 2.82217 0 5.68853 0 14.7865 21.1108 0.170919 0 0 0
500.00 1353.15 3.173288 7.131024 -40426.029831 0.970350 3.698700 cpx Na0.01Ca0.84Fe''0.18Mg0.80Fe'''0.08Ti0.02Al0.24Si1.82O6 49.0506 0.891537 5.47053 2.99839 0 5.95246 0 14.4125 21.0395 0.184476 0 0 0
500.00 1343.15 2.936393 6.573953 -37332.644372 0.896124 3.415889 cpx Na0.01Ca0.83Fe''0.19Mg0.79Fe'''0.09Ti0.03Al0.25Si1.81O6 48.8356 0.949716 5.61622 3.07019 0 6.2373 0 14.2327 20.8609 0.197345 0 0 0
500.00 1333.15 2.239193 4.997963 -28467.017858 0.683293 2.605899 cpx Na0.01Ca0.81Fe''0.20Mg0.80Fe'''0.08Ti0.02Al0.23Si1.83O6 49.1747 0.874062 5.31943 2.89479 0 6.56427 0 14.492 20.474 0.206854 0 0 0
500.00 1323.15 1.293954 2.878272 -16445.093126 0.394722 1.505622 cpx Na0.02Ca0.80Fe''0.21Mg0.81Fe'''0.08Ti0.02Al0.22Si1.84O6 49.4438 0.819072 5.05555 2.75492 0 6.86962 0 14.6568 20.1837 0.216571 0 0 0
500.00 1313.15 0.877806 1.945815 -11152.605921 0.267679 1.021220 cpx Na0.02Ca0.79Fe''0.22Mg0.82Fe'''0.07Ti0.02Al0.21Si1.84O6 49.6999 0.767408 4.8045 2.61988 0 7.1735 0 14.8212 19.888 0.225574 0 0 0
500.00 1303.15 0.467823 1.033017 -5942.596435 0.142594 0.543912 cpx Na0.02Ca0.78Fe''0.23Mg0.82Fe'''0.07Ti0.02Al0.20Si1.85O6 49.8956 0.734837 4.59126 2.51524 0 7.41337 0 14.9 19.7139 0.235773 0 0 0
500.00 1293.15 0.047495 0.104391 -603.262911 0.014467 0.055131 cpx Na0.02Ca0.79Fe''0.23Mg0.82Fe'''0.07Ti0.02Al0.19Si1.86O6 49.9839 0.736571 4.43173 2.46438 0 7.54596 0 14.7956 19.7934 0.248453 0 0 0

water thermodynamic data and composition:
Pressure Temperature mass S H V Cp formula
500.00 1523.15 0.920679 10.150267 -9920.764480 13.044740 2.582750 H2O
500.00 1513.15 0.915854 10.080149 -9894.453104 12.881263 2.567883 H2O
500.00 1503.15 0.910937 10.009097 -9866.864160 12.717287 2.552850 H2O
500.00 1493.15 0.905925 9.937091 -9837.965022 12.552804 2.537650 H2O
500.00 1483.15 0.900817 9.864108 -9807.722009 12.387807 2.522279 H2O
500.00 1473.15 0.895610 9.790126 -9776.100164 12.222288 2.506734 H2O
500.00 1463.15 0.890301 9.715122 -9743.063016 12.056239 2.491013 H2O
500.00 1453.15 0.884887 9.639070 -9708.573395 11.889652 2.475112 H2O
500.00 1443.15 0.879366 9.561947 -9672.592951 11.722521 2.459028 H2O
500.00 1433.15 0.873735 9.483728 -9635.082071 11.554838 2.442758 H2O
500.00 1423.15 0.869913 9.425219 -9617.257668 11.411819 2.431672 H2O
500.00 1413.15 0.868713 9.395092 -9628.269437 11.303445 2.428043 H2O
500.00 1403.15 0.867201 9.361528 -9635.749493 11.191021 2.423679 H2O
500.00 1393.15 0.865385 9.324627 -9639.759142 11.074737 2.418608 H2O
500.00 1383.15 0.901253 9.692962 -10064.490294 11.436739 2.519014 H2O
500.00 1373.15 0.956230 10.264845 -10705.159971 12.031109 2.673023 H2O
500.00 1363.15 1.004884 10.766593 -11277.937874 12.534347 2.809591 H2O
500.00 1353.15 1.048349 11.210704 -11795.065831 12.962476 2.931920 H2O
500.00 1343.15 1.117303 11.924898 -12602.131046 13.693097 3.125869 H2O
500.00 1333.15 1.252790 13.344736 -14165.346795 15.216261 3.506447 H2O
500.00 1323.15 1.371472 14.580032 -15545.687930 16.506881 3.840643 H2O
500.00 1313.15 1.472110 15.618624 -16727.660613 17.555540 4.125018 H2O
500.00 1303.15 1.569569 16.619004 -17879.092711 18.543688 4.401268 H2O
500.00 1293.15 1.661982 17.561580 -18978.398236 19.450359 4.664242 H2O
500.00 1283.15 1.742092 18.370098 -19942.093418 20.192963 4.893635 H2O
500.00 1273.15 1.812276 19.070330 -20796.441174 20.802771 5.096150 H2O
500.00 1263.15 1.874575 19.684299 -21564.081479 21.306172 5.277551 H2O
500.00 1253.15 1.930435 20.227649 -22261.055577 21.721987 5.441953 H2O
500.00 1243.15 1.980919 20.711859 -22899.097629 22.064090 5.592391 H2O

Title: Nd1

Phase Masses:
Pressure Temperature mass liquid_0 olivine_0 orthopyroxene_0 clinopyroxene_0 feldspar_0 spinel_0 water 
500.00 1523.15 100.083849 99.163169 0.000000 0.000000 0.000000 0.000000 0.000000 0.920679 
500.00 1513.15 100.084357 99.168503 0.000000 0.000000 0.000000 0.000000 0.000000 0.915854 
500.00 1503.15 100.084897 99.173961 0.000000 0.000000 0.000000 0.000000 0.000000 0.910937 
500.00 1493.15 100.085470 99.179544 0.000000 0.000000 0.000000 0.000000 0.000000 0.905925 
500.00 1483.15 100.086076 99.185258 0.000000 0.000000 0.000000 0.000000 0.000000 0.900817 
500.00 1473.15 100.086716 99.191106 0.000000 0.000000 0.000000 0.000000 0.000000 0.895610 
500.00 1463.15 100.087392 99.197091 0.000000 0.000000 0.000000 0.000000 0.000000 0.890301 
500.00 1453.15 100.088104 99.203217 0.000000 0.000000 0.000000 0.000000 0.000000 0.884887 
500.00 1443.15 100.088855 99.209488 0.000000 0.000000 0.000000 0.000000 0.000000 0.879366 
500.00 1433.15 100.089644 99.215909 0.000000 0.000000 0.000000 0.000000 0.000000 0.873735 
500.00 1423.15 100.089625 98.911971 0.307741 0.000000 0.000000 0.000000 0.000000 0.869913 
500.00 1413.15 99.781601 98.164204 0.748684 0.000000 0.000000 0.000000 0.000000 0.868713 
500.00 1403.15 99.032650 97.442942 0.722507 0.000000 0.000000 0.000000 0.000000 0.867201 
500.00 1393.15 98.309891 96.746804 0.697701 0.000000 0.000000 0.000000 0.000000 0.865385 
500.00 1383.15 97.614553 93.773776 0.211176 0.000000 2.708869 0.000000 0.019479 0.901253 
500.00 1373.15 94.682585 89.638508 0.000000 0.000000 4.004494 0.000000 0.083352 0.956230 
500.00 1363.15 90.602005 85.949344 0.000000 0.000000 3.551282 0.000000 0.096496 1.004884 
500.00 1353.15 86.962821 82.611995 0.000000 0.000000 3.173288 0.000000 0.129188 1.048349 
500.00 1343.15 83.681082 78.105558 0.000000 0.000000 2.936393 1.023009 0.498819 1.117303 
500.00 1333.15 79.267520 70.577188 0.294270 0.000000 2.239193 3.634611 1.269469 1.252790 
500.00 1323.15 71.864022 64.288848 0.481513 0.000000 1.293954 3.452985 0.975250 1.371472 
500.00 1313.15 65.686683 59.155967 0.415096 0.000000 0.877806 3.015049 0.750655 1.472110 
500.00 1303.15 60.650519 54.386073 0.000000 0.672051 0.467823 2.928537 0.626465 1.569569 
500.00 1293.15 55.973148 50.036936 0.000000 0.830337 0.047495 2.899220 0.497177 1.661982 
500.00 1283.15 51.713373 46.359988 0.000000 0.673042 0.000000 2.539325 0.398925 1.742092 
500.00 1273.15 48.113321 43.207147 0.000000 0.537171 0.000000 2.231904 0.324823 1.812276 
500.00 1263.15 45.028988 40.464306 0.000000 0.435154 0.000000 1.987295 0.267659 1.874575 
500.00 1253.15 42.347153 38.050331 0.000000 0.356690 0.000000 1.787033 0.222664 1.930435 
500.00 1243.15 39.988026 35.905775 0.000000 0.295318 0.000000 1.619366 0.186648 1.980919 

Title: Nd1

Phase Volumes:
Pressure Temperature mass V liquid_0 olivine_0 orthopyroxene_0 clinopyroxene_0 feldspar_0 spinel_0 water 
500.00 1523.15 100.083849 53.515483 40.470743 0.000000 0.000000 0.000000 0.000000 0.000000 13.044740 
500.00 1513.15 100.084357 53.312295 40.431032 0.000000 0.000000 0.000000 0.000000 0.000000 12.881263 
500.00 1503.15 100.084897 53.108726 40.391438 0.000000 0.000000 0.000000 0.000000 0.000000 12.717287 
500.00 1493.15 100.085470 52.904770 40.351966 0.000000 0.000000 0.000000 0.000000 0.000000 12.552804 
500.00 1483.15 100.086076 52.700425 40.312618 0.000000 0.000000 0.000000 0.000000 0.000000 12.387807 
500.00 1473.15 100.086716 52.495685 40.273397 0.000000 0.000000 0.000000 0.000000 0.000000 12.222288 
500.00 1463.15 100.087392 52.290545 40.234306 0.000000 0.000000 0.000000 0.000000 0.000000 12.056239 
500.00 1453.15 100.088104 52.085001 40.195348 0.000000 0.000000 0.000000 0.000000 0.000000 11.889652 
500.00 1443.15 100.088855 51.879049 40.156527 0.000000 0.000000 0.000000 0.000000 0.000000 11.722521 
500.00 1433.15 100.089644 51.672685 40.117847 0.000000 0.000000 0.000000 0.000000 0.000000 11.554838 
500.00 1423.15 100.089625 51.480900 39.975286 0.093795 0.000000 0.000000 0.000000 0.000000 11.411819 
500.00 1413.15 99.781601 51.216084 39.685023 0.227615 0.000000 0.000000 0.000000 0.000000 11.303445 
500.00 1403.15 99.032650 50.814908 39.404800 0.219087 0.000000 0.000000 0.000000 0.000000 11.191021 
500.00 1393.15 98.309891 50.419839 39.134105 0.210997 0.000000 0.000000 0.000000 0.000000 11.074737 
500.00 1383.15 97.614553 50.322738 37.982910 0.063618 0.000000 0.835117 0.000000 0.004354 11.436739 
500.00 1373.15 94.682585 49.677215 36.396339 0.000000 0.000000 1.231262 0.000000 0.018505 12.031109 
500.00 1363.15 90.602005 48.630516 34.985957 0.000000 0.000000 1.088937 0.000000 0.021275 12.534347 
500.00 1353.15 86.962821 47.679272 33.718150 0.000000 0.000000 0.970350 0.000000 0.028297 12.962476 
500.00 1343.15 83.681082 47.104887 32.025418 0.000000 0.000000 0.896124 0.381573 0.108675 13.693097 
500.00 1333.15 79.267520 46.830258 29.210423 0.086694 0.000000 0.683293 1.358132 0.275456 15.216261 
500.00 1323.15 71.864022 45.379252 26.832774 0.141378 0.000000 0.394722 1.292796 0.210700 16.506881 
500.00 1313.15 65.686683 44.108316 24.870887 0.121480 0.000000 0.267679 1.131176 0.161553 17.555540 
500.00 1303.15 60.650519 43.138876 23.013986 0.000000 0.203169 0.142594 1.101117 0.134322 18.543688 
500.00 1293.15 55.973148 42.210815 21.296793 0.000000 0.250545 0.014467 1.092486 0.106165 19.450359 
500.00 1283.15 51.713373 41.272071 19.832553 0.000000 0.202709 0.000000 0.958970 0.084876 20.192963 
500.00 1273.15 48.113321 40.445170 18.567302 0.000000 0.161495 0.000000 0.844717 0.068886 20.802771 
500.00 1263.15 45.028988 39.705333 17.458211 0.000000 0.130591 0.000000 0.753762 0.056597 21.306172 
500.00 1253.15 42.347153 39.029930 16.474895 0.000000 0.106856 0.000000 0.679235 0.046957 21.721987 
500.00 1243.15 39.988026 38.403558 15.595116 0.000000 0.088317 0.000000 0.616769 0.039266 22.064090 

Title: Nd1

Solid Composition:
Pressure Temperature mass SiO2 TiO2 Al2O3 Fe2O3 Cr2O3 FeO MnO MgO CaO Na2O K2O P2O5 H2O 
500.00 1523.15 0.920679 8.58128e-012 8.12935e-013 3.80384e-012 -5.83724e-012 -4.47463e-016 1.33747e-010 2.33903e-014 0 -1.02758e-011 1.86847e-013 -3.54992e-014 1.15337e-013 100
500.00 1513.15 0.915854 -6.60075e-013 0 -3.86251e-014 0 0 0 0 0 7.70097e-014 0 0 0 100
500.00 1503.15 0.910937 -6.63638e-013 0 1.16501e-013 0 0 0 0 0 -5.33968e-014 0 0 0 100
500.00 1493.15 0.905925 -6.9032e-014 0 0 0 0 0 0 0 1.87923e-014 0 0 0 100
500.00 1483.15 0.900817 -6.24811e-013 0 1.57079e-013 0 0 0 0 0 5.93963e-014 0 0 0 100
500.00 1473.15 0.895610 3.49135e-013 0 3.94981e-014 0 0 0 0 0 -3.80174e-014 0 0 0 100
500.00 1463.15 0.890301 -2.1073e-013 0 -1.19201e-013 0 0 0 0 0 2.73172e-015 0 0 0 100
500.00 1453.15 0.884887 -2.35577e-014 0 3.99768e-014 0 0 0 0 -1.2642e-013 4.3975e-014 0 0 0 100
500.00 1443.15 0.879366 3.55584e-013 0 -1.20683e-013 0 0 0 0 0 8.57364e-014 0 0 0 100
500.00 1433.15 0.873735 -7.15752e-014 0 0 0 0 0 0 0 -8.6289e-014 0 0 0 100
500.00 1423.15 1.177654 10.3691 0 6.00769e-014 0 0 4.08261 0.0692756 11.5071 0.10355 0 0 0 73.8683
500.00 1413.15 1.617397 18.3232 0 -6.56145e-014 0 0 7.4646 0.126005 20.189 0.186668 0 0 0 53.7106
500.00 1403.15 1.589708 17.945 0 -4.45049e-014 0 0 7.56661 0.127051 19.6239 0.186516 0 0 0 54.551
500.00 1393.15 1.563086 17.5775 0 2.26315e-014 0 0 7.67405 0.12816 19.07 0.186422 0 0 0 55.3639
500.00 1383.15 3.840777 37.6645 0.437077 3.23945 1.94361 0.0647415 4.73974 0.0168324 13.2963 15.0294 0.102933 0 0 23.4654
500.00 1373.15 5.044077 39.6358 0.622691 4.01525 2.7893 0.151059 4.70833 0 12.1709 16.8236 0.125496 0 0 18.9575
500.00 1363.15 4.652661 37.7764 0.719193 4.14015 3.06895 0.117072 4.88855 0 11.4477 16.1135 0.130459 0 0 21.598
500.00 1353.15 4.350825 35.7752 0.854133 4.26485 3.5575 0.0727122 5.17878 0 10.7216 15.3452 0.134548 0 0 24.0954
500.00 1343.15 5.575524 34.5138 1.19593 9.84108 5.8631 0.0154355 5.94172 0 8.07916 13.9954 0.492812 0.0221773 0 20.0394
500.00 1333.15 8.690331 34.2991 1.40262 16.291 7.70856 0 6.88368 0.017937 5.93742 11.9186 1.06677 0.0583591 0 14.4159
500.00 1323.15 7.575175 33.3671 1.20799 16.5821 6.61844 0 6.62931 0.0395966 5.65727 10.4292 1.29056 0.0736355 0 18.1048
500.00 1313.15 6.530716 32.2405 1.08198 16.1497 5.84654 0 6.09415 0.0459425 4.99681 9.45776 1.45895 0.0862576 0 22.5413
500.00 1303.15 6.264446 33.2815 0.938385 15.8647 5.08244 0 5.38359 0 4.44557 8.21237 1.63436 0.101862 0 25.0552
500.00 1293.15 5.936211 33.1643 0.771174 15.851 4.16096 0 4.98607 0 4.14711 6.93063 1.86691 0.124481 0 27.9974
500.00 1283.15 5.353384 31.6688 0.698306 14.9831 3.67437 0 4.50552 0 3.55999 6.24655 1.98059 0.14091 0 32.5419
500.00 1273.15 4.906173 30.1524 0.634899 14.0238 3.25061 0 4.05299 0 3.0599 5.66946 2.06022 0.157025 0 36.9387
500.00 1263.15 4.564683 28.7043 0.574796 13.1053 2.86571 0 3.63405 0 2.6305 5.12241 2.1219 0.174148 0 41.0669
500.00 1253.15 4.296822 27.3211 0.518883 12.2319 2.52008 0 3.25089 0 2.26234 4.60991 2.16549 0.192357 0 44.927
500.00 1243.15 4.082251 26.0009 0.467435 11.406 2.21175 0 2.90366 0 1.94766 4.13422 2.1915 0.21177 0 48.5252
Title: Nd1

Bulk Composition:
Pressure Temperature mass SiO2 TiO2 Al2O3 Fe2O3 Cr2O3 FeO MnO MgO CaO Na2O K2O P2O5 H2O 
500.00 1523.15 100.083849 51.2432 0.930462 15.2751 1.98029 0.0192656 7.32889 0.164769 6.52292 9.63416 2.58785 1.34723 0.116308 2.84954
500.00 1513.15 100.084357 51.243 0.930457 15.275 1.98535 0.0192655 7.32429 0.164768 6.52289 9.63411 2.58783 1.34722 0.116307 2.84952
500.00 1503.15 100.084897 51.2427 0.930452 15.2749 1.99072 0.0192654 7.3194 0.164768 6.52286 9.63405 2.58782 1.34722 0.116307 2.84951
500.00 1493.15 100.085470 51.2424 0.930447 15.2748 1.99642 0.0192652 7.31422 0.164767 6.52282 9.634 2.5878 1.34721 0.116306 2.84949
500.00 1483.15 100.086076 51.2421 0.930441 15.2747 2.00245 0.0192651 7.30874 0.164766 6.52278 9.63394 2.58779 1.3472 0.116305 2.84948
500.00 1473.15 100.086716 51.2418 0.930435 15.2746 2.00882 0.019265 7.30295 0.164765 6.52274 9.63388 2.58777 1.34719 0.116304 2.84946
500.00 1463.15 100.087392 51.2414 0.930429 15.2745 2.01555 0.0192649 7.29684 0.164763 6.52269 9.63381 2.58776 1.34718 0.116304 2.84944
500.00 1453.15 100.088104 51.2411 0.930422 15.2744 2.02264 0.0192647 7.29039 0.164762 6.52265 9.63375 2.58774 1.34717 0.116303 2.84942
500.00 1443.15 100.088855 51.2407 0.930415 15.2743 2.03011 0.0192646 7.2836 0.164761 6.5226 9.63367 2.58772 1.34716 0.116302 2.8494
500.00 1433.15 100.089644 51.2403 0.930408 15.2742 2.03797 0.0192644 7.27646 0.16476 6.52255 9.6336 2.5877 1.34715 0.116301 2.84937
500.00 1423.15 100.089625 51.2403 0.930408 15.2742 2.03778 0.0192644 7.27663 0.16476 6.52255 9.6336 2.5877 1.34715 0.116301 2.84937
500.00 1413.15 99.781601 51.2765 0.93328 15.3213 2.03123 0.0193239 7.26262 0.164453 6.40731 9.66212 2.59569 1.35131 0.11666 2.85817
500.00 1403.15 99.032650 51.3654 0.940338 15.4372 2.03383 0.0194701 7.20728 0.163642 6.12648 9.73215 2.61532 1.36153 0.117542 2.87979
500.00 1393.15 98.309891 51.4533 0.947252 15.5507 2.03606 0.0196132 7.14953 0.162793 5.85464 9.80068 2.63454 1.37154 0.118406 2.90096
500.00 1383.15 97.614553 51.5387 0.953999 15.6615 2.06451 0.0197529 7.0652 0.161904 5.59141 9.86752 2.65331 1.38131 0.11925 2.92162
500.00 1373.15 94.682585 51.6078 0.96586 16.0152 2.09806 0.0178732 7.04899 0.166238 5.2259 9.56364 2.7313 1.42409 0.122943 3.01209
500.00 1363.15 90.602005 51.726 0.974755 16.5132 2.09577 0.0103691 7.05246 0.173725 4.78394 9.05799 2.84733 1.48822 0.12848 3.14775
500.00 1353.15 86.962821 51.8701 0.977144 16.9829 2.09549 0.00460444 7.01832 0.180995 4.37192 8.57519 2.9595 1.5505 0.133856 3.27948
500.00 1343.15 83.681082 52.0448 0.971149 17.4273 2.21679 0.00103376 6.82361 0.188093 3.98619 8.11389 3.06857 1.61131 0.139106 3.40809
500.00 1333.15 79.267520 52.5162 0.941213 17.7061 2.45308 0 6.314 0.198566 3.64012 7.58173 3.2048 1.69947 0.146851 3.59785
500.00 1323.15 71.864022 53.7807 0.868686 17.5608 2.19161 0 5.7574 0.216861 3.29796 6.92203 3.40599 1.86749 0.16198 3.96851
500.00 1313.15 65.686683 54.9925 0.811209 17.3006 1.97504 0 5.22949 0.232698 2.95658 6.37082 3.57751 2.03463 0.177213 4.34171
500.00 1303.15 60.650519 56.0895 0.762217 16.9989 1.81383 0 4.73546 0.247085 2.66498 5.88201 3.71753 2.19429 0.191928 4.70223
500.00 1293.15 55.973148 57.0545 0.721059 16.6447 1.63832 0 4.31293 0.267732 2.39097 5.45505 3.84534 2.36626 0.207966 5.09517
500.00 1283.15 51.713373 57.9503 0.692121 16.197 1.4984 0 3.91537 0.289786 2.11275 5.1095 3.94786 2.54689 0.225097 5.51488
500.00 1273.15 48.113321 58.765 0.666404 15.7426 1.37365 0 3.55422 0.311469 1.87535 4.79709 4.02298 2.72178 0.24194 5.92752
500.00 1263.15 45.028988 59.5072 0.643086 15.2938 1.26017 0 3.22625 0.332804 1.67108 4.50826 4.07416 2.89112 0.258512 6.33354
500.00 1253.15 42.347153 60.1843 0.622085 14.8505 1.15649 0 2.92823 0.35388 1.49405 4.24193 4.10357 3.05545 0.274883 6.73464
500.00 1243.15 39.988026 60.8019 0.60328 14.4131 1.06146 0 2.6573 0.374758 1.33981 3.99715 4.11311 3.21505 0.2911 7.13196
