Title: Nd1

liquid_0 thermodynamic data and composition:
Pressure Temperature mass S H V Cp viscosity SiO2 TiO2 Al2O3 Fe2O3 Cr2O3 FeO MnO MgO CaO Na2O K2O P2O5 H2O Mg#
500.00 1523.15 99.163169 286.567636 -1204748.591329 40.470743 149.815928 1.894 51.719 0.939101 15.4169 1.99867 0.0194444 7.39693 0.166299 6.58349 9.7236 2.61187 1.35974 0.117388 1.94755 61.3
500.00 1513.15 99.168503 285.633649 -1206308.104655 40.431032 149.825420 1.933 51.7162 0.93905 15.4161 2.00368 0.0194434 7.39193 0.16629 6.58313 9.72308 2.61173 1.35967 0.117381 1.95231 61.3
500.00 1503.15 99.173961 284.693982 -1207869.362188 40.391438 149.835286 1.972 51.7134 0.938998 15.4152 2.00901 0.0194423 7.38663 0.166281 6.58277 9.72255 2.61159 1.35959 0.117375 1.95716 61.4
500.00 1493.15 99.179544 283.748565 -1209432.416726 40.351966 149.845537 2.011 51.7105 0.938946 15.4144 2.01466 0.0194412 7.38103 0.166272 6.5824 9.722 2.61144 1.35951 0.117368 1.9621 61.4
500.00 1483.15 99.185258 282.797325 -1210997.322960 40.312618 149.856184 2.051 51.7075 0.938891 15.4135 2.02064 0.0194401 7.37512 0.166262 6.58202 9.72144 2.61129 1.35944 0.117361 1.96714 61.4
500.00 1473.15 99.191106 281.857992 -1212537.853314 40.273397 146.027019 2.092 51.7044 0.938836 15.4126 2.02696 0.019439 7.36889 0.166252 6.58163 9.72087 2.61114 1.35936 0.117355 1.97227 61.4
500.00 1463.15 99.197091 280.921082 -1214068.181431 40.234306 146.028726 2.133 51.7013 0.938779 15.4116 2.03364 0.0194378 7.36233 0.166242 6.58124 9.72028 2.61098 1.35927 0.117347 1.9775 61.4
500.00 1453.15 99.203217 279.978379 -1215600.433721 40.195348 146.030226 2.175 51.6981 0.938722 15.4107 2.04068 0.0194366 7.35542 0.166232 6.58083 9.71968 2.61082 1.35919 0.11734 1.98284 61.4
500.00 1443.15 99.209488 279.029813 -1217134.666502 40.156527 146.031521 2.217 51.6949 0.938662 15.4097 2.04811 0.0194354 7.34816 0.166221 6.58041 9.71906 2.61065 1.3591 0.117333 1.98828 61.5
500.00 1433.15 99.215909 278.075315 -1218670.938280 40.117847 146.032613 2.259 51.6915 0.938601 15.4087 2.05592 0.0194341 7.34054 0.166211 6.57999 9.71844 2.61049 1.35902 0.117325 1.99383 61.5
500.00 1423.15 98.911971 276.268265 -1216512.143720 39.975286 145.483955 2.314 51.7269 0.941486 15.4561 2.06204 0.0194938 7.31466 0.165897 6.4632 9.74707 2.61851 1.36319 0.117686 2.00382 61.1
500.00 1413.15 98.164204 273.258491 -1209092.751534 39.685023 144.153172 2.385 51.8194 0.948657 15.5738 2.0647 0.0196423 7.25929 0.165087 6.18024 9.81824 2.63845 1.37358 0.118582 2.0203 60.3
500.00 1403.15 97.442942 270.332826 -1202004.698857 39.404800 142.872534 2.457 51.9106 0.955679 15.6891 2.06701 0.0197877 7.20142 0.164239 5.90628 9.88788 2.65798 1.38374 0.11946 2.03681 59.4
500.00 1393.15 96.746804 267.486649 -1195231.791117 39.134105 141.639473 2.529 52.0006 0.962556 15.802 2.06896 0.0199301 7.14105 0.163353 5.64112 9.95602 2.67711 1.3937 0.120319 2.05334 58.5
500.00 1383.15 93.773776 258.547476 -1159959.464025 37.982910 136.924495 2.617 52.107 0.975171 16.1703 2.06946 0.0179103 7.16045 0.167846 5.27584 9.6561 2.75777 1.43789 0.124134 2.08019 56.8
500.00 1373.15 89.638508 246.565289 -1110569.446019 36.396339 130.442542 2.723 52.2815 0.98517 16.6905 2.05917 0.0103786 7.1807 0.175592 4.8351 9.15511 2.87793 1.50422 0.129861 2.11483 54.5
500.00 1363.15 85.949344 235.847530 -1066870.235991 34.985957 124.674448 2.831 52.4812 0.988589 17.183 2.04309 0.00459306 7.1696 0.183129 4.42321 8.67606 2.9944 1.56879 0.135435 2.14899 52.4
500.00 1353.15 82.611995 226.134989 -1027812.676505 33.718150 119.474150 2.943 52.7178 0.983623 17.6527 2.01849 0.00101749 7.1152 0.190527 4.03751 8.21864 3.10828 1.63216 0.140906 2.18319 50.3
500.00 1343.15 78.105558 213.338807 -975595.859584 32.025418 112.587624 3.085 53.2963 0.955103 17.9689 1.9565 5.69307e-006 6.88656 0.20152 3.69401 7.69404 3.25244 1.72475 0.149036 2.22087 48.9
500.00 1333.15 70.577188 192.475557 -888340.901491 29.210423 101.259872 3.309 54.7594 0.884398 17.8803 1.80596 0 6.24386 0.220807 3.35725 7.04772 3.46806 1.90154 0.164933 2.2658 48.9
500.00 1323.15 64.288848 174.955063 -814716.330143 26.832774 91.791453 3.531 56.186 0.828706 17.6761 1.67 0 5.65466 0.237748 3.01996 6.50878 3.65525 2.07886 0.181066 2.30282 48.8
500.00 1313.15 59.155967 160.571382 -754205.213549 24.870887 84.078214 3.740 57.5042 0.781317 17.4277 1.54764 0 5.13403 0.253315 2.73134 6.03003 3.8114 2.24972 0.196777 2.33251 48.7
500.00 1303.15 54.386073 147.207967 -697018.645474 23.013986 76.957266 3.936 58.7166 0.741925 17.1296 1.43733 0 4.6608 0.275545 2.45989 5.61359 3.95748 2.4353 0.214035 2.35788 48.5
500.00 1293.15 50.036936 135.003271 -644135.702486 21.296793 70.477954 4.126 59.8888 0.715114 16.7388 1.33905 0 4.23307 0.299495 2.18262 5.28 4.08005 2.63221 0.232639 2.37814 47.9
500.00 1283.15 46.359988 124.644100 -599221.709117 19.832553 65.015466 4.307 60.9852 0.691407 16.3372 1.24713 0 3.84722 0.323249 1.94563 4.97821 4.17503 2.82472 0.25109 2.39395 47.4
500.00 1273.15 43.207147 115.729072 -560556.621590 18.567302 60.343504 4.480 62.0139 0.669982 15.9378 1.16052 0 3.49758 0.346837 1.74085 4.69803 4.24585 3.01301 0.269412 2.4062 47.0
500.00 1263.15 40.464306 107.947074 -526781.438609 17.458211 56.289160 4.647 62.982 0.65079 15.5407 1.07905 0 3.18025 0.370347 1.56285 4.43898 4.29439 3.19761 0.287674 2.41535 46.7
500.00 1253.15 38.050331 101.076688 -496933.269850 16.474895 52.729527 4.807 63.8953 0.633739 15.1462 1.00251 0 2.89179 0.393842 1.40729 4.20037 4.32243 3.37876 0.305924 2.42177 46.5
500.00 1243.15 35.905775 94.955455 -470308.469735 15.595116 49.574583 4.963 64.7585 0.618724 14.755 0.930682 0 2.62929 0.417365 1.27071 3.98156 4.33158 3.5565 0.324196 2.42582 46.3

olivine_0 thermodynamic data and composition:
Pressure Temperature mass S H V Cp formula SiO2 TiO2 Al2O3 Fe2O3 Cr2O3 FeO MnO MgO CaO Na2O K2O P2O5 H2O
500.00 1423.15 0.307741 0.733972 -3792.085622 0.093795 0.381128 (Ca0.01Mg0.83Fe''0.16Mn0.00Co0.00Ni0.00)2SiO4 39.6803 0 0 0 0 15.6232 0.265102 44.0351 0.396263 0 0 0 0
500.00 1413.15 0.748684 1.777833 -9191.868188 0.227615 0.924402 (Ca0.01Mg0.83Fe''0.17Mn0.00Co0.00Ni0.00)2SiO4 39.5839 0 0 0 0 16.1259 0.272212 43.6147 0.403263 0 0 0 0
500.00 1403.15 0.722507 1.708061 -8836.313102 0.219087 0.889282 (Ca0.01Mg0.82Fe''0.18Mn0.00Co0.00Ni0.00)2SiO4 39.4837 0 0 0 0 16.6486 0.279547 43.1778 0.410385 0 0 0 0
500.00 1393.15 0.697701 1.641986 -8498.218960 0.210997 0.855968 (Ca0.01Mg0.81Fe''0.18Mn0.00Co0.00Ni0.00)2SiO4 39.3794 0 0 0 0 17.1925 0.287122 42.7233 0.417649 0 0 0 0
500.00 1383.15 0.211176 0.494528 -2555.411644 0.063618 0.257968 (Ca0.01Mg0.80Fe''0.19Mn0.00Co0.00Ni0.00)2SiO4 39.2265 0 0 0 0 17.995 0.306141 42.0634 0.40893 0 0 0 0
500.00 1333.15 0.294270 0.671093 -3422.206088 0.086694 0.350771 (Ca0.00Mg0.75Fe''0.25Mn0.01Co0.00Ni0.00)2SiO4 38.3394 0 0 0 0 22.5647 0.529714 38.2476 0.318626 0 0 0 0
500.00 1323.15 0.481513 1.092674 -5568.708763 0.141378 0.571712 (Ca0.00Mg0.74Fe''0.25Mn0.01Co0.00Ni0.00)2SiO4 38.2106 0 0 0 0 23.1715 0.622934 37.6947 0.300209 0 0 0 0
500.00 1313.15 0.415096 0.937305 -4775.107769 0.121480 0.490961 (Ca0.00Mg0.73Fe''0.26Mn0.01Co0.00Ni0.00)2SiO4 38.0867 0 0 0 0 23.7447 0.722813 37.1623 0.283357 0 0 0 0

orthopyroxene_0 thermodynamic data and composition:
Pressure Temperature mass S H V Cp structure formula SiO2 TiO2 Al2O3 Fe2O3 Cr2O3 FeO MnO MgO CaO Na2O K2O P2O5 H2O
500.00 1303.15 0.672051 1.522825 -8312.187281 0.203169 0.821705 opx Na0.00Ca0.07Fe''0.46Mg1.41Fe'''0.03Ti0.00Al0.10Si1.94O6 53.5342 0.0973346 2.25248 1.03944 0 15.1415 0 26.1243 1.78949 0.0212227 0 0 0
500.00 1293.15 0.830337 1.871882 -10238.132837 0.250545 1.012482 opx Na0.00Ca0.07Fe''0.47Mg1.40Fe'''0.03Ti0.00Al0.09Si1.94O6 53.5145 0.0896531 2.1295 0.991244 0 15.6299 0 25.8254 1.79784 0.0219284 0 0 0
500.00 1283.15 0.673042 1.509521 -8274.400612 0.202709 0.818524 opx Na0.00Ca0.07Fe''0.49Mg1.38Fe'''0.03Ti0.00Al0.09Si1.94O6 53.4948 0.0827652 2.01404 0.944976 0 16.0977 0 25.5429 1.80027 0.0225415 0 0 0
500.00 1273.15 0.537171 1.198608 -6585.562826 0.161495 0.651615 opx Na0.00Ca0.07Fe''0.50Mg1.37Fe'''0.02Ti0.00Al0.08Si1.95O6 53.4732 0.0766641 1.90759 0.901204 0 16.5497 0 25.2758 1.79291 0.0230609 0 0 0
500.00 1263.15 0.435154 0.965977 -5320.552552 0.130591 0.526547 opx Na0.00Ca0.07Fe''0.52Mg1.36Fe'''0.02Ti0.00Al0.08Si1.95O6 53.4502 0.0711822 1.80807 0.859417 0 16.9887 0 25.021 1.77794 0.0234895 0 0 0
500.00 1253.15 0.356690 0.787702 -4349.861251 0.106856 0.430547 opx Na0.00Ca0.07Fe''0.53Mg1.35Fe'''0.02Ti0.00Al0.07Si1.95O6 53.4263 0.0662002 1.71402 0.819251 0 17.4169 0 24.7762 1.75725 0.0238293 0 0 0
500.00 1243.15 0.295318 0.648777 -3592.343740 0.088317 0.355609 opx Na0.00Ca0.07Fe''0.55Mg1.34Fe'''0.02Ti0.00Al0.07Si1.95O6 53.4017 0.0616299 1.62437 0.780441 0 17.8359 0 24.5394 1.73251 0.0240825 0 0 0

spinel_0 thermodynamic data and composition:
Pressure Temperature mass S H V Cp formula SiO2 TiO2 Al2O3 Fe2O3 Cr2O3 FeO MnO MgO CaO Na2O K2O P2O5 H2O
500.00 1383.15 0.019479 0.041759 -131.025113 0.004354 0.019094 Fe''0.63Mg0.47Fe'''0.98Al0.48Cr0.34Ti0.10O4 0 4.04057 12.1735 38.9542 12.7653 22.6899 0 9.37657 0 0 0 0 0
500.00 1373.15 0.083352 0.177987 -541.917644 0.018505 0.080990 Fe''0.69Mg0.43Fe'''1.06Al0.45Cr0.24Ti0.12O4 0 4.86928 11.296 41.6341 9.14136 24.4854 0 8.57395 0 0 0 0 0
500.00 1363.15 0.096496 0.204981 -605.474997 0.021275 0.092994 Fe''0.75Mg0.40Fe'''1.13Al0.41Cr0.15Ti0.15O4 0 5.8298 10.2723 44.1105 5.64476 26.3555 0 7.78707 0 0 0 0 0
500.00 1353.15 0.129188 0.272672 -784.107999 0.028297 0.123643 Fe''0.81Mg0.36Fe'''1.20Al0.38Cr0.07Ti0.18O4 0 6.86658 9.25806 46.1596 2.44882 28.1997 0 7.06724 0 0 0 0 0
500.00 1343.15 0.498819 1.044936 -2950.537542 0.108675 0.474889 Fe''0.87Mg0.34Fe'''1.24Al0.34Cr0.00Ti0.20O4 0 7.77673 8.37244 47.4613 0.17253 29.6963 0 6.52077 0 0 0 0 0
500.00 1333.15 1.269469 2.644004 -7406.571912 0.275456 1.203311 Fe''0.89Mg0.32Fe'''1.26Al0.32Cr0.00Ti0.21O4 0 8.06012 7.74452 47.664 0 30.314 0 6.21733 0 0 0 0 0
500.00 1323.15 0.975250 2.019912 -5610.927008 0.210700 0.920185 Fe''0.91Mg0.31Fe'''1.26Al0.30Cr0.00Ti0.22O4 0 8.29621 7.12855 47.753 0 30.9375 0 5.88474 0 0 0 0 0
500.00 1313.15 0.750655 1.546400 -4266.835645 0.161553 0.705389 Fe''0.93Mg0.29Fe'''1.27Al0.27Cr0.00Ti0.23O4 0 8.51584 6.59181 47.8014 0 31.5003 0 5.59064 0 0 0 0 0
500.00 1303.15 0.626465 1.283638 -3519.683270 0.134322 0.586384 Fe''0.95Mg0.28Fe'''1.28Al0.25Cr0.00Ti0.23O4 0 8.73037 6.08336 47.8294 0 32.0548 0 5.30213 0 0 0 0 0
500.00 1293.15 0.497177 1.013020 -2757.569783 0.106165 0.463409 Fe''0.98Mg0.26Fe'''1.28Al0.23Cr0.00Ti0.24O4 0 8.9876 5.54241 47.7903 0 32.7084 0 4.97124 0 0 0 0 0
500.00 1283.15 0.398925 0.808443 -2188.432656 0.084876 0.370444 Fe''1.00Mg0.25Fe'''1.29Al0.21Cr0.00Ti0.25O4 0 9.2313 5.07306 47.7139 0 33.3028 0 4.67888 0 0 0 0 0
500.00 1273.15 0.324823 0.654831 -1765.228458 0.068886 0.300626 Fe''1.02Mg0.24Fe'''1.29Al0.20Cr0.00Ti0.26O4 0 9.46283 4.66375 47.6074 0 33.8482 0 4.4178 0 0 0 0 0
500.00 1263.15 0.267659 0.536841 -1442.789921 0.056597 0.246971 Fe''1.04Mg0.23Fe'''1.29Al0.18Cr0.00Ti0.26O4 0 9.68689 4.30047 47.4748 0 34.3556 0 4.18217 0 0 0 0 0
500.00 1253.15 0.222664 0.444364 -1191.790141 0.046957 0.204884 Fe''1.06Mg0.21Fe'''1.29Al0.17Cr0.00Ti0.27O4 0 9.90699 3.97372 47.3185 0 34.833 0 3.96779 0 0 0 0 0
500.00 1243.15 0.186648 0.370656 -992.881377 0.039266 0.171304 Fe''1.07Mg0.20Fe'''1.29Al0.16Cr0.00Ti0.28O4 0 10.1259 3.67671 47.1391 0 35.2868 0 3.77147 0 0 0 0 0

feldspar_0 thermodynamic data and composition:
Pressure Temperature mass S H V Cp formula SiO2 TiO2 Al2O3 Fe2O3 Cr2O3 FeO MnO MgO CaO Na2O K2O P2O5 H2O
500.00 1343.15 1.023009 2.382674 -14272.941325 0.381573 1.244085 K0.01Na0.19Ca0.80Al1.80Si2.20O8 47.9292 0 33.4322 0 0 0 0 0 16.3983 2.11944 0.120869 0 0
500.00 1333.15 3.634611 8.451567 -50728.471324 1.358132 4.417180 K0.01Na0.21Ca0.78Al1.78Si2.22O8 48.6096 0 32.9697 0 0 0 0 0 15.8579 2.42321 0.139536 0 0
500.00 1323.15 3.452985 8.016888 -48209.216932 1.292796 4.193831 K0.01Na0.24Ca0.75Al1.75Si2.25O8 49.3443 0 32.4699 0 0 0 0 0 15.2742 2.75007 0.161542 0 0
500.00 1313.15 3.015049 6.989641 -42107.234760 1.131176 3.659730 K0.01Na0.27Ca0.72Al1.72Si2.28O8 50.121 0 31.9411 0 0 0 0 0 14.6566 3.09448 0.186837 0 0
500.00 1303.15 2.928537 6.779092 -40909.386111 1.101117 3.552631 K0.01Na0.30Ca0.68Al1.68Si2.32O8 50.9367 0 31.3846 0 0 0 0 0 14.0072 3.45354 0.217894 0 0
500.00 1293.15 2.899220 6.700833 -40509.288658 1.092486 3.514966 K0.01Na0.34Ca0.65Al1.65Si2.35O8 51.7592 0 30.8223 0 0 0 0 0 13.3514 3.81219 0.254878 0 0
500.00 1283.15 2.539325 5.859350 -35488.490888 0.958970 3.091043 K0.02Na0.37Ca0.62Al1.62Si2.38O8 52.5853 0 30.2564 0 0 0 0 0 12.6918 4.16948 0.297065 0 0
500.00 1273.15 2.231904 5.140981 -31198.525869 0.844717 2.716337 K0.02Na0.40Ca0.58Al1.58Si2.42O8 53.4113 0 29.6892 0 0 0 0 0 12.0311 4.52323 0.345173 0 0
500.00 1263.15 1.987295 4.568974 -27784.624498 0.753762 2.418150 K0.02Na0.43Ca0.55Al1.55Si2.45O8 54.228 0 29.1268 0 0 0 0 0 11.3765 4.86871 0.400006 0 0
500.00 1253.15 1.787033 4.100281 -24989.237022 0.679235 2.173968 K0.03Na0.45Ca0.52Al1.52Si2.48O8 55.0282 0 28.5737 0 0 0 0 0 10.7335 5.20204 0.462511 0 0
500.00 1243.15 1.619366 3.707528 -22648.395700 0.616769 1.969467 K0.03Na0.48Ca0.49Al1.49Si2.51O8 55.8068 0 28.0333 0 0 0 0 0 10.106 5.52015 0.53385 0 0

clinopyroxene_0 thermodynamic data and composition:
Pressure Temperature mass S H V Cp structure formula SiO2 TiO2 Al2O3 Fe2O3 Cr2O3 FeO MnO MgO CaO Na2O K2O P2O5 H2O
500.00 1383.15 2.708869 6.161180 -34799.093150 0.835117 3.185096 cpx Na0.01Ca0.84Fe''0.16Mg0.85Fe'''0.07Ti0.02Al0.20Si1.86O6 50.3447 0.590656 4.50553 2.47564 0 5.15426 0 15.5057 21.2776 0.145944 0 0 0
500.00 1373.15 4.004494 9.072270 -51303.032924 1.231262 4.695219 cpx Na0.01Ca0.84Fe''0.17Mg0.83Fe'''0.07Ti0.02Al0.21Si1.84O6 49.9255 0.682992 4.8225 2.64681 0 5.42098 0 15.1521 21.1911 0.158076 0 0 0
500.00 1363.15 3.551282 8.013256 -45369.265779 1.088937 4.151683 cpx Na0.01Ca0.84Fe''0.18Mg0.82Fe'''0.08Ti0.02Al0.22Si1.83O6 49.4922 0.783833 5.14504 2.82217 0 5.68853 0 14.7865 21.1108 0.170919 0 0 0
500.00 1353.15 3.173288 7.131024 -40426.029831 0.970350 3.698700 cpx Na0.01Ca0.84Fe''0.18Mg0.80Fe'''0.08Ti0.02Al0.24Si1.82O6 49.0506 0.891537 5.47053 2.99839 0 5.95246 0 14.4125 21.0395 0.184476 0 0 0
500.00 1343.15 2.936393 6.573953 -37332.644372 0.896124 3.415889 cpx Na0.01Ca0.83Fe''0.19Mg0.79Fe'''0.09Ti0.03Al0.25Si1.81O6 48.8356 0.949716 5.61622 3.07019 0 6.2373 0 14.2327 20.8609 0.197345 0 0 0
500.00 1333.15 2.239193 4.997963 -28467.017858 0.683293 2.605899 cpx Na0.01Ca0.81Fe''0.20Mg0.80Fe'''0.08Ti0.02Al0.23Si1.83O6 49.1747 0.874062 5.31943 2.89479 0 6.56427 0 14.492 20.474 0.206854 0 0 0
500.00 1323.15 1.293954 2.878272 -16445.093126 0.394722 1.505622 cpx Na0.02Ca0.80Fe''0.21Mg0.81Fe'''0.08Ti0.02Al0.22Si1.84O6 49.4438 0.819072 5.05555 2.75492 0 6.86962 0 14.6568 20.1837 0.216571 0 0 0
500.00 1313.15 0.877806 1.945815 -11152.605921 0.267679 1.021220 cpx Na0.02Ca0.79Fe''0.22Mg0.82Fe'''0.07Ti0.02Al0.21Si1.84O6 49.6999 0.767408 4.8045 2.61988 0 7.1735 0 14.8212 19.888 0.225574 0 0 0
500.00 1303.15 0.467823 1.033017 -5942.596435 0.142594 0.543912 cpx Na0.02Ca0.78Fe''0.23Mg0.82Fe'''0.07Ti0.02Al0.20Si1.85O6 49.8956 0.734837 4.59126 2.51524 0 7.41337 0 14.9 19.7139 0.235773 0 0 0
500.00 1293.15 0.047495 0.104391 -603.262911 0.014467 0.055131 cpx Na0.02Ca0.79Fe''0.23Mg0.82Fe'''0.07Ti0.02Al0.19Si1.86O6 49.9839 0.736571 4.43173 2.46438 0 7.54596 0 14.7956 19.7934 0.248453 0 0 0

water thermodynamic data and composition:
Pressure Temperature mass S H V Cp formula
500.00 1523.15 0.920679 10.150267 -9920.764480 13.044740 2.582750 H2O
500.00 1513.15 0.915854 10.080149 -9894.453104 12.881263 2.567883 H2O
500.00 1503.15 0.910937 10.009097 -9866.864160 12.717287 2.552850 H2O
500.00 1493.15 0.905925 9.937091 -9837.965022 12.552804 2.537650 H2O
500.00 1483.15 0.900817 9.864108 -9807.722009 12.387807 2.522279 H2O
500.00 1473.15 0.895610 9.790126 -9776.100164 12.222288 2.506734 H2O
500.00 1463.15 0.890301 9.715122 -9743.063016 12.056239 2.491013 H2O
500.00 1453.15 0.884887 9.639070 -9708.573395 11.889652 2.475112 H2O
500.00 1443.15 0.879366 9.561947 -9672.592951 11.722521 2.459028 H2O
500.00 1433.15 0.873735 9.483728 -9635.082071 11.554838 2.442758 H2O
500.00 1423.15 0.869913 9.425219 -9617.257668 11.411819 2.431672 H2O
500.00 1413.15 0.868713 9.395092 -9628.269437 11.303445 2.428043 H2O
500.00 1403.15 0.867201 9.361528 -9635.749493 11.191021 2.423679 H2O
500.00 1393.15 0.865385 9.324627 -9639.759142 11.074737 2.418608 H2O
500.00 1383.15 0.901253 9.692962 -10064.490294 11.436739 2.519014 H2O
500.00 1373.15 0.956230 10.264845 -10705.159971 12.031109 2.673023 H2O
500.00 1363.15 1.004884 10.766593 -11277.937874 12.534347 2.809591 H2O
500.00 1353.15 1.048349 11.210704 -11795.065831 12.962476 2.931920 H2O
500.00 1343.15 1.117303 11.924898 -12602.131046 13.693097 3.125869 H2O
500.00 1333.15 1.252790 13.344736 -14165.346795 15.216261 3.506447 H2O
500.00 1323.15 1.371472 14.580032 -15545.687930 16.506881 3.840643 H2O
500.00 1313.15 1.472110 15.618624 -16727.660613 17.555540 4.125018 H2O
500.00 1303.15 1.569569 16.619004 -17879.092711 18.543688 4.401268 H2O
500.00 1293.15 1.661982 17.561580 -18978.398236 19.450359 4.664242 H2O
500.00 1283.15 1.742092 18.370098 -19942.093418 20.192963 4.893635 H2O
500.00 1273.15 1.812276 19.070330 -20796.441174 20.802771 5.096150 H2O
500.00 1263.15 1.874575 19.684299 -21564.081479 21.306172 5.277551 H2O
500.00 1253.15 1.930435 20.227649 -22261.055577 21.721987 5.441953 H2O
500.00 1243.15 1.980919 20.711859 -22899.097629 22.064090 5.592391 H2O
