Title: Hr

Liquid Composition:
Pressure Temperature mass SiO2 TiO2 Al2O3 Fe2O3 FeO MnO MgO CaO Na2O K2O P2O5 H2O 
500.00 1523.15 98.098244 48.6424 1.4249 15.7008 2.60705 10.1667 0.200921 7.14182 11.3233 2.27303 0.357193 0.161879 0
500.00 1513.15 98.098914 48.642 1.42489 15.7007 2.61384 10.1605 0.20092 7.14177 11.3233 2.27301 0.357191 0.161877 0
500.00 1503.15 98.099624 48.6417 1.42488 15.7006 2.62105 10.1539 0.200918 7.14172 11.3232 2.273 0.357188 0.161876 0
500.00 1493.15 98.100377 48.6413 1.42487 15.7004 2.62869 10.147 0.200917 7.14166 11.3231 2.27298 0.357185 0.161875 0
500.00 1483.15 95.984888 48.6446 1.45627 15.3175 2.68846 10.369 0.205345 7.29907 11.2206 2.26979 0.363901 0.165443 0
500.00 1473.15 92.139760 48.6262 1.51704 14.5939 2.79634 10.8056 0.213914 7.60367 11.0425 2.25226 0.376376 0.172347 0
500.00 1463.15 88.483521 48.5724 1.57973 13.871 2.90688 11.2566 0.222753 7.91786 10.8863 2.21859 0.3884 0.179468 0
500.00 1453.15 81.754325 48.4267 1.70057 13.2267 3.05951 11.9803 0.239108 7.97474 10.5737 2.21016 0.414247 0.19424 0
500.00 1443.15 70.147072 48.0273 1.95179 12.6959 3.29332 13.2474 0.27282 7.55406 10.0164 2.24486 0.469634 0.226382 0
500.00 1433.15 57.869068 46.9182 2.31871 11.9212 3.62223 14.9171 0.340596 7.18759 9.70982 2.24903 0.541021 0.274413 0
500.00 1423.15 48.642882 45.8182 2.70637 11.1058 3.92822 16.6186 0.405198 6.86058 9.47579 2.15549 0.599311 0.326461 0
500.00 1413.15 40.576327 44.3128 3.18114 10.1212 4.26315 18.6538 0.485751 6.64865 9.34766 1.95522 0.639293 0.391361 0
500.00 1403.15 33.074259 42.0778 3.82755 8.77975 4.66283 21.3966 0.595932 6.59381 9.35643 1.60034 0.62885 0.480132 0
500.00 1393.15 26.652416 39.2021 4.64568 7.15761 5.0845 24.7924 0.73952 6.65911 9.41998 1.16821 0.535074 0.595818 0
500.00 1383.15 22.696666 37.0826 5.28549 6.06662 5.35103 27.2858 0.868409 6.64571 9.33912 0.9268 0.448713 0.699662 0
500.00 1373.15 20.077457 35.6771 5.72588 5.4163 5.51109 28.9303 0.981698 6.57385 9.18219 0.813461 0.397198 0.790937 0
500.00 1363.15 17.983132 34.6344 6.03922 4.97451 5.62405 30.1437 1.09603 6.48149 9.00567 0.753694 0.364156 0.88305 0
500.00 1353.15 16.083659 33.7951 6.24774 4.63896 5.7146 31.1222 1.22547 6.37961 8.82886 0.720127 0.34009 0.987338 0
500.00 1343.15 14.019327 33.0843 6.43502 4.34277 5.79971 31.9157 1.33894 6.21733 8.72686 0.685334 0.321283 1.13272 0
500.00 1333.15 5.449888 60.0137 2.66361 12.6902 1.50601 4.86061 2.28234 2.06155 8.00611 1.61431 2.74641 1.5551 0
500.00 1323.15 4.527804 61.2207 2.65697 12.7136 1.33105 4.24341 2.25001 1.84045 7.71987 1.48018 2.99516 1.54854 0
500.00 1313.15 3.763994 62.3009 2.64405 12.7215 1.18176 3.72597 2.20242 1.65227 7.44023 1.35509 3.23229 1.54356 0
500.00 1303.15 3.118285 63.2767 2.62507 12.7179 1.05335 3.28712 2.14441 1.49025 7.16844 1.23924 3.45751 1.53996 0
500.00 1293.15 2.562684 64.1648 2.60059 12.7056 0.942157 2.91146 2.07948 1.34947 6.90572 1.1324 3.67061 1.53771 0
500.00 1283.15 2.077135 64.9777 2.57125 12.6863 0.845318 2.58744 2.01021 1.22625 6.65314 1.0341 3.87144 1.53691 0
500.00 1273.15 1.646940 65.7253 2.53774 12.661 0.760563 2.30617 1.93851 1.11773 6.41155 0.943798 4.05996 1.53769 0
500.00 1263.15 1.261150 66.4159 2.50069 12.6304 0.686057 2.06065 1.86578 1.02165 6.18155 0.860944 4.2362 1.5402 0
500.00 1253.15 0.554188 67.119 2.35259 12.6814 0.617997 1.83471 1.74103 0.913229 5.88614 0.780331 4.54176 1.5318 0
500.00 1243.15 0.000000 ---
500.00 1233.15 0.000000 ---
500.00 1223.15 0.000000 ---
500.00 1213.15 0.000000 ---
500.00 1203.15 0.000000 ---
500.00 1193.15 0.370580 2.28579 0.242609 0.0281941 0.113274 0.0446758 1.6432 1.93496 50.8307 2.19561e-005 0.0247302 42.8518 0
500.00 1183.15 0.369805 2.22379 0.223349 0.0268929 0.10767 0.0416777 1.56985 1.90822 50.9333 1.87136e-005 0.0236775 42.9416 0