Title: Hr

liquid_0 thermodynamic data and composition:
Pressure Temperature mass S H V Cp viscosity SiO2 TiO2 Al2O3 Fe2O3 FeO MnO MgO CaO Na2O K2O P2O5 H2O Mg#
500.00 1523.15 98.098244 265.233471 -1162709.604293 36.066456 146.146485 2.072 48.6424 1.4249 15.7008 2.60705 10.1667 0.200921 7.14182 11.3233 2.27303 0.357193 0.161879 0 55.6
500.00 1513.15 98.098914 264.272086 -1164180.870997 36.042808 146.149919 2.114 48.642 1.42489 15.7007 2.61384 10.1605 0.20092 7.14177 11.3233 2.27301 0.357191 0.161877 0 55.6
500.00 1503.15 98.099624 263.304350 -1165652.810994 36.019194 146.153564 2.156 48.6417 1.42488 15.7006 2.62105 10.1539 0.200918 7.14172 11.3232 2.273 0.357188 0.161876 0 55.6
500.00 1493.15 98.100377 262.330172 -1167125.449136 35.995613 146.157427 2.199 48.6413 1.42487 15.7004 2.62869 10.147 0.200917 7.14166 11.3231 2.27298 0.357185 0.161875 0 55.6
500.00 1483.15 95.984888 255.675362 -1140150.919736 35.143948 142.969179 2.216 48.6446 1.45627 15.3175 2.68846 10.369 0.205345 7.29907 11.2206 2.26979 0.363901 0.165443 0 55.7
500.00 1473.15 92.139760 244.431425 -1089834.925751 33.612348 134.230014 2.207 48.6262 1.51704 14.5939 2.79634 10.8056 0.213914 7.60367 11.0425 2.25226 0.376376 0.172347 0 55.6
500.00 1463.15 88.483521 233.742385 -1041966.528046 32.150618 128.878127 2.194 48.5724 1.57973 13.871 2.90688 11.2566 0.222753 7.91786 10.8863 2.21859 0.3884 0.179468 0 55.6
500.00 1453.15 81.754325 214.988104 -955592.173179 29.562850 118.771854 2.186 48.4267 1.70057 13.2267 3.05951 11.9803 0.239108 7.97474 10.5737 2.21016 0.414247 0.19424 0 54.3
500.00 1443.15 70.147072 183.521970 -808732.573189 25.190463 101.207943 2.176 48.0273 1.95179 12.6959 3.29332 13.2474 0.27282 7.55406 10.0164 2.24486 0.469634 0.226382 0 50.4
500.00 1433.15 57.869068 150.532610 -653896.063909 20.530616 82.978921 2.073 46.9182 2.31871 11.9212 3.62223 14.9171 0.340596 7.18759 9.70982 2.24903 0.541021 0.274413 0 46.2
500.00 1423.15 48.642882 125.713343 -538546.517429 17.035758 69.326068 1.969 45.8182 2.70637 11.1058 3.92822 16.6186 0.405198 6.86058 9.47579 2.15549 0.599311 0.326461 0 42.4
500.00 1413.15 40.576327 104.070795 -438250.211402 13.970202 57.509351 1.811 44.3128 3.18114 10.1212 4.26315 18.6538 0.485751 6.64865 9.34766 1.95522 0.639293 0.391361 0 38.9
500.00 1403.15 33.074259 84.009980 -345305.878142 11.105767 46.632319 1.556 42.0778 3.82755 8.77975 4.66283 21.3966 0.595932 6.59381 9.35643 1.60034 0.62885 0.480132 0 35.5
500.00 1393.15 26.652416 66.907036 -266614.251956 8.662482 37.388375 1.224 39.2021 4.64568 7.15761 5.0845 24.7924 0.73952 6.65911 9.41998 1.16821 0.535074 0.595818 0 32.4
500.00 1383.15 22.696666 56.421048 -219929.875666 7.198936 31.708101 0.998 37.0826 5.28549 6.06662 5.35103 27.2858 0.868409 6.64571 9.33912 0.9268 0.448713 0.699662 0 30.3
500.00 1373.15 20.077457 49.520363 -190477.989993 6.264763 27.959210 0.864 35.6771 5.72588 5.4163 5.51109 28.9303 0.981698 6.57385 9.18219 0.813461 0.397198 0.790937 0 28.8
500.00 1363.15 17.983132 44.050540 -167952.323328 5.542752 24.976495 0.773 34.6344 6.03922 4.97451 5.62405 30.1437 1.09603 6.48149 9.00567 0.753694 0.364156 0.88305 0 27.7
500.00 1353.15 16.083659 39.146048 -148307.686554 4.907892 22.287130 0.705 33.7951 6.24774 4.63896 5.7146 31.1222 1.22547 6.37961 8.82886 0.720127 0.34009 0.987338 0 26.8
500.00 1343.15 14.019327 33.906299 -127902.886759 4.242236 19.384772 0.654 33.0843 6.43502 4.34277 5.79971 31.9157 1.33894 6.21733 8.72686 0.685334 0.321283 1.13272 0 25.8
500.00 1333.15 5.449888 13.568809 -68143.184169 2.122026 7.461548 4.535 60.0137 2.66361 12.6902 1.50601 4.86061 2.28234 2.06155 8.00611 1.61431 2.74641 1.5551 0 43.1
500.00 1323.15 4.527804 11.213942 -57072.087591 1.775682 6.174681 4.817 61.2207 2.65697 12.7136 1.33105 4.24341 2.25001 1.84045 7.71987 1.48018 2.99516 1.54854 0 43.6
500.00 1313.15 3.763994 9.272943 -47779.699772 1.485475 5.114302 5.086 62.3009 2.64405 12.7215 1.18176 3.72597 2.20242 1.65227 7.44023 1.35509 3.23229 1.54356 0 44.1
500.00 1303.15 3.118285 7.641358 -39830.618616 1.237562 4.222512 5.346 63.2767 2.62507 12.7179 1.05335 3.28712 2.14441 1.49025 7.16844 1.23924 3.45751 1.53996 0 44.7
500.00 1293.15 2.562684 6.246366 -32916.788713 1.022184 3.459087 5.598 64.1648 2.60059 12.7056 0.942157 2.91146 2.07948 1.34947 6.90572 1.1324 3.67061 1.53771 0 45.2
500.00 1283.15 2.077135 5.035792 -26814.661827 0.832276 2.795282 5.843 64.9777 2.57125 12.6863 0.845318 2.58744 2.01021 1.22625 6.65314 1.0341 3.87144 1.53691 0 45.8
500.00 1273.15 1.646940 3.971413 -21358.604078 0.662621 2.210080 6.082 65.7253 2.53774 12.661 0.760563 2.30617 1.93851 1.11773 6.41155 0.943798 4.05996 1.53769 0 46.4
500.00 1263.15 1.261150 3.024768 -16424.122709 0.509305 1.687852 6.315 66.4159 2.50069 12.6304 0.686057 2.06065 1.86578 1.02165 6.18155 0.860944 4.2362 1.5402 0 46.9
500.00 1253.15 0.554188 1.321959 -7247.542325 0.224822 0.739512 6.576 67.119 2.35259 12.6814 0.617997 1.83471 1.74103 0.913229 5.88614 0.780331 4.54176 1.5318 0 47.0
500.00 1193.15 0.370580 0.724415 -4614.700177 0.127359 0.680732 -2.494 2.28579 0.242609 0.0281941 0.113274 0.0446758 1.6432 1.93496 50.8307 2.19561e-005 0.0247302 42.8518 0 98.7
500.00 1183.15 0.369805 0.716854 -4613.931482 0.127125 0.679625 -2.499 2.22379 0.223349 0.0268929 0.10767 0.0416777 1.56985 1.90822 50.9333 1.87136e-005 0.0236775 42.9416 0 98.8

clinopyroxene_1 thermodynamic data and composition:
Pressure Temperature mass S H V Cp structure formula SiO2 TiO2 Al2O3 Fe2O3 FeO MnO MgO CaO Na2O K2O P2O5 H2O
500.00 1433.15 5.875967 13.998297 -71998.601369 1.796973 7.156461 cpx Na0.01Ca0.27Fe''0.39Mg1.23Fe'''0.05Ti0.01Al0.14Si1.90O6 52.1216 0.210426 3.31594 1.84278 12.9174 0 22.6969 6.80443 0.090533 0 0 0
500.00 1423.15 8.567630 20.308413 -104233.522080 2.610152 10.386605 cpx Na0.01Ca0.26Fe''0.42Mg1.21Fe'''0.05Ti0.01Al0.14Si1.90O6 51.8647 0.23124 3.29356 1.93278 13.7331 0 22.1225 6.72769 0.0944603 0 0 0
500.00 1413.15 10.895093 25.695200 -131616.914990 3.306867 13.148753 cpx Na0.01Ca0.26Fe''0.45Mg1.18Fe'''0.06Ti0.01Al0.14Si1.90O6 51.6348 0.247896 3.25065 2.00499 14.5541 0 21.5765 6.63386 0.0971459 0 0 0
500.00 1403.15 12.995094 30.490339 -155876.852942 3.929809 15.612953 cpx Na0.01Ca0.26Fe''0.48Mg1.16Fe'''0.06Ti0.01Al0.14Si1.90O6 51.4381 0.259058 3.17594 2.04977 15.3983 0 21.0445 6.53635 0.0979988 0 0 0
500.00 1393.15 14.795064 34.534381 -176212.620561 4.457739 17.696976 cpx Na0.01Ca0.25Fe''0.50Mg1.13Fe'''0.06Ti0.01Al0.14Si1.90O6 51.2423 0.270984 3.10836 2.08292 16.2529 0 20.5294 6.41644 0.0966488 0 0 0
500.00 1383.15 16.066100 37.321239 -190157.263325 4.824058 19.142638 cpx Na0.01Ca0.25Fe''0.53Mg1.11Fe'''0.06Ti0.01Al0.14Si1.90O6 51.0059 0.293099 3.12728 2.15111 16.9947 0 20.1043 6.22828 0.0954308 0 0 0
500.00 1373.15 17.080181 39.496378 -201045.618321 5.112137 20.280324 cpx Na0.01Ca0.24Fe''0.55Mg1.10Fe'''0.06Ti0.01Al0.14Si1.89O6 50.7546 0.320136 3.19466 2.24133 17.6422 0 19.7496 6.00251 0.0949538 0 0 0
500.00 1363.15 18.045854 41.542622 -211303.438727 5.384426 21.356011 cpx Na0.01Ca0.23Fe''0.57Mg1.08Fe'''0.07Ti0.01Al0.14Si1.89O6 50.4982 0.348334 3.28124 2.34127 18.2498 0 19.424 5.76241 0.0948096 0 0 0
500.00 1353.15 19.069393 43.701448 -222125.328129 5.672226 22.492672 cpx Na0.01Ca0.22Fe''0.59Mg1.07Fe'''0.07Ti0.01Al0.15Si1.88O6 50.2384 0.375163 3.37502 2.44652 18.8494 0 19.1024 5.51834 0.0947545 0 0 0
500.00 1343.15 20.068026 45.769084 -232294.436902 5.948491 23.579686 cpx Na0.01Ca0.21Fe''0.62Mg1.05Fe'''0.07Ti0.01Al0.15Si1.88O6 49.9628 0.396083 3.45279 2.55302 19.5534 0 18.7014 5.28633 0.0941613 0 0 0
500.00 1333.15 16.451103 37.349819 -192377.840524 4.900308 19.385961 cpx Na0.01Ca0.23Fe''0.60Mg1.07Fe'''0.05Ti0.01Al0.11Si1.92O6 51.1286 0.201314 2.58207 1.72183 19.2837 0 19.2352 5.77136 0.0759665 0 0 0
500.00 1323.15 16.852277 38.089577 -196676.932769 5.012235 19.820053 cpx Na0.01Ca0.23Fe''0.62Mg1.07Fe'''0.05Ti0.01Al0.11Si1.92O6 51.1262 0.197907 2.51441 1.65585 19.6821 0 19.1148 5.63632 0.0723694 0 0 0
500.00 1313.15 17.254457 38.824718 -201018.811789 5.124603 20.255602 cpx Na0.01Ca0.22Fe''0.63Mg1.06Fe'''0.04Ti0.01Al0.11Si1.92O6 51.1279 0.194348 2.45101 1.591 20.0536 0 19.0111 5.50205 0.0689897 0 0 0
500.00 1303.15 17.649089 39.535615 -205296.635805 5.234799 20.682158 cpx Na0.00Ca0.22Fe''0.64Mg1.06Fe'''0.04Ti0.01Al0.11Si1.92O6 51.1325 0.190633 2.39119 1.52761 20.403 0 18.92 5.36924 0.0658154 0 0 0
500.00 1293.15 18.032154 40.213173 -209458.428972 5.341584 21.094737 cpx Na0.00Ca0.21Fe''0.65Mg1.06Fe'''0.04Ti0.01Al0.10Si1.92O6 51.1391 0.186779 2.33442 1.46588 20.7343 0 18.8384 5.23828 0.0628318 0 0 0
500.00 1283.15 18.402128 40.854069 -213482.553588 5.444476 21.491367 cpx Na0.00Ca0.21Fe''0.66Mg1.05Fe'''0.04Ti0.01Al0.10Si1.93O6 51.1468 0.182803 2.28029 1.40593 21.0506 0 18.7641 5.10941 0.0600238 0 0 0
500.00 1273.15 18.758878 41.458141 -217364.253906 5.543411 21.871747 cpx Na0.00Ca0.20Fe''0.67Mg1.05Fe'''0.04Ti0.01Al0.10Si1.93O6 51.1553 0.178728 2.22849 1.34781 21.3542 0 18.6953 4.98276 0.0573761 0 0 0
500.00 1263.15 19.103012 42.026909 -221107.978154 5.638551 22.236478 cpx Na0.00Ca0.20Fe''0.68Mg1.05Fe'''0.04Ti0.00Al0.10Si1.93O6 51.164 0.174576 2.17875 1.29154 21.6473 0 18.6306 4.85835 0.0548758 0 0 0
500.00 1253.15 19.735047 43.204041 -227819.409168 5.814641 22.915563 cpx Na0.00Ca0.19Fe''0.70Mg1.04Fe'''0.04Ti0.00Al0.10Si1.93O6 51.1161 0.164498 2.1433 1.25995 22.0758 0 18.4339 4.75383 0.0526443 0 0 0
500.00 1243.15 20.231554 44.077937 -233084.938824 5.951754 23.440981 cpx Na0.00Ca0.19Fe''0.71Mg1.03Fe'''0.04Ti0.00Al0.09Si1.93O6 51.0811 0.154398 2.11545 1.23012 22.4349 0 18.2833 4.64991 0.0508015 0 0 0
500.00 1233.15 20.207316 43.836096 -232939.509577 5.941638 23.391085 cpx Na0.00Ca0.18Fe''0.71Mg1.03Fe'''0.03Ti0.00Al0.09Si1.93O6 51.1164 0.147444 2.09267 1.18764 22.5416 0 18.3287 4.53581 0.0496458 0 0 0
500.00 1223.15 20.182769 43.592416 -232789.823433 5.931439 23.340337 cpx Na0.00Ca0.18Fe''0.72Mg1.04Fe'''0.03Ti0.00Al0.09Si1.94O6 51.1511 0.140726 2.06985 1.14594 22.6471 0 18.3726 4.4241 0.0485135 0 0 0
500.00 1213.15 20.157941 43.346960 -232636.060530 5.921162 23.288765 cpx Na0.00Ca0.17Fe''0.72Mg1.04Fe'''0.03Ti0.00Al0.09Si1.94O6 51.185 0.134236 2.047 1.10501 22.7516 0 18.415 4.3147 0.0474036 0 0 0
500.00 1203.15 20.132863 43.099797 -232478.438048 5.910817 23.236402 cpx Na0.00Ca0.17Fe''0.72Mg1.04Fe'''0.03Ti0.00Al0.09Si1.94O6 51.2182 0.127969 2.02409 1.06487 22.855 0 18.456 4.20752 0.0463153 0 0 0
500.00 1193.15 20.125093 42.887452 -232497.115118 5.905322 23.202388 cpx Na0.00Ca0.17Fe''0.73Mg1.04Fe'''0.03Ti0.00Al0.09Si1.94O6 51.2481 0.12183 2.0009 1.0259 22.9671 0 18.488 4.10285 0.0452383 0 0 0
500.00 1183.15 20.098794 42.635189 -232323.004065 5.894620 23.147575 cpx Na0.00Ca0.16Fe''0.73Mg1.04Fe'''0.03Ti0.00Al0.09Si1.94O6 51.2798 0.115992 1.9779 0.987304 23.0689 0 18.526 3.99987 0.044191 0 0 0

rhm-oxide_0 thermodynamic data and composition:
Pressure Temperature mass S H V Cp formula SiO2 TiO2 Al2O3 Fe2O3 FeO MnO MgO CaO Na2O K2O P2O5 H2O
500.00 1253.15 0.249542 0.486731 -1832.045972 0.054058 0.229545 Mn0.07Fe''0.71Mg0.10Fe'''0.25Ti0.88O3 0 46.8967 0 13.1668 34.0304 3.10247 2.80358 0 0 0 0 0
500.00 1243.15 0.480895 0.934014 -3529.404473 0.104082 0.441938 Mn0.06Fe''0.71Mg0.10Fe'''0.25Ti0.88O3 0 46.8981 0 13.0916 34.2447 3.05394 2.7117 0 0 0 0 0
500.00 1233.15 0.524874 1.015272 -3857.210301 0.113563 0.481934 Mn0.06Fe''0.72Mg0.10Fe'''0.24Ti0.88O3 0 46.9536 0 12.974 34.3975 2.97747 2.69742 0 0 0 0 0
500.00 1223.15 0.569143 1.096357 -4187.952579 0.123100 0.522118 Mn0.06Fe''0.72Mg0.10Fe'''0.24Ti0.88O3 0 47.0097 0 12.8545 34.5511 2.9027 2.68202 0 0 0 0 0
500.00 1213.15 0.613608 1.177069 -4520.922208 0.132671 0.562401 Mn0.06Fe''0.72Mg0.10Fe'''0.24Ti0.88O3 0 47.0663 0 12.7331 34.7054 2.82965 2.66549 0 0 0 0 0
500.00 1203.15 0.658170 1.257210 -4855.401105 0.142257 0.602690 Mn0.06Fe''0.73Mg0.10Fe'''0.24Ti0.88O3 0 47.1235 0 12.6098 34.8606 2.75834 2.64782 0 0 0 0 0
500.00 1193.15 0.696974 1.325620 -5147.843511 0.150588 0.637622 Mn0.06Fe''0.73Mg0.10Fe'''0.23Ti0.88O3 0 47.1796 0 12.4856 35.0187 2.68983 2.62632 0 0 0 0 0
500.00 1183.15 0.741930 1.405005 -5486.707433 0.160243 0.678102 Mn0.06Fe''0.73Mg0.10Fe'''0.23Ti0.88O3 0 47.238 0 12.3581 35.1755 2.62207 2.60638 0 0 0 0 0

whitlockite thermodynamic data and composition:
Pressure Temperature mass S H V Cp formula
500.00 1333.15 0.161814 0.366177 -1955.044778 0.050926 0.225392 Ca3(PO4)2
500.00 1323.15 0.193798 0.436528 -2344.165103 0.060992 0.268367 Ca3(PO4)2
500.00 1313.15 0.220054 0.493365 -2664.797436 0.069255 0.302957 Ca3(PO4)2
500.00 1303.15 0.242080 0.540206 -2934.847013 0.076187 0.331356 Ca3(PO4)2
500.00 1293.15 0.260903 0.579467 -3166.604268 0.082111 0.355069 Ca3(PO4)2
500.00 1283.15 0.277255 0.612864 -3368.833800 0.087257 0.375167 Ca3(PO4)2
500.00 1273.15 0.291675 0.641660 -3547.984281 0.091795 0.392437 Ca3(PO4)2
500.00 1263.15 0.304569 0.666804 -3708.918895 0.095853 0.407471 Ca3(PO4)2
500.00 1253.15 0.328465 0.715637 -4004.295068 0.103374 0.436970 Ca3(PO4)2
500.00 1243.15 0.347016 0.752366 -4235.047928 0.109212 0.459069 Ca3(PO4)2
500.00 1233.15 0.347016 0.748669 -4239.625837 0.109212 0.456518 Ca3(PO4)2
500.00 1223.15 0.347016 0.744962 -4244.178375 0.109212 0.453995 Ca3(PO4)2
500.00 1213.15 0.347016 0.741245 -4248.705822 0.109212 0.451500 Ca3(PO4)2
500.00 1203.15 0.347016 0.737518 -4253.208457 0.109212 0.449032 Ca3(PO4)2

feldspar_0 thermodynamic data and composition:
Pressure Temperature mass S H V Cp formula SiO2 TiO2 Al2O3 Fe2O3 FeO MnO MgO CaO Na2O K2O P2O5 H2O
500.00 1483.15 2.115666 5.193701 -29150.934769 0.792911 2.610578 K0.00Na0.21Ca0.78Al1.78Si2.22O8 48.4866 0 33.0721 0 0 0 0 15.9711 2.41763 0.0524876 0 0
500.00 1473.15 5.960395 14.600318 -82176.126170 2.235980 7.349446 K0.00Na0.23Ca0.77Al1.77Si2.23O8 48.8767 0 32.8076 0 0 0 0 15.6619 2.59333 0.0605363 0 0
500.00 1463.15 9.616190 23.504158 -132658.065837 3.610980 11.848716 K0.00Na0.25Ca0.75Al1.75Si2.25O8 49.2784 0 32.5349 0 0 0 0 15.3431 2.77359 0.0699847 0 0
500.00 1453.15 13.984102 34.115036 -193014.742101 5.257954 17.219087 K0.00Na0.27Ca0.73Al1.73Si2.27O8 49.781 0 32.1932 0 0 0 0 14.944 2.99786 0.0839161 0 0
500.00 1443.15 19.490729 47.478474 -269122.781809 7.341418 23.984954 K0.01Na0.29Ca0.70Al1.70Si2.30O8 50.4445 0 31.741 0 0 0 0 14.4161 3.29088 0.107565 0 0
500.00 1433.15 25.333476 61.614615 -349915.140225 9.558868 31.156447 K0.01Na0.31Ca0.68Al1.68Si2.32O8 51.101 0 31.2899 0 0 0 0 13.8908 3.57112 0.1473 0 0
500.00 1423.15 29.991094 72.817766 -414381.833231 11.335116 36.859070 K0.01Na0.34Ca0.65Al1.65Si2.35O8 51.7295 0 30.8555 0 0 0 0 13.3857 3.83298 0.196318 0 0
500.00 1413.15 34.233866 82.970932 -473124.667861 12.960170 42.041722 K0.02Na0.36Ca0.63Al1.63Si2.37O8 52.356 0 30.4179 0 0 0 0 12.8785 4.08182 0.265814 0 0
500.00 1403.15 38.403386 92.903665 -530820.893673 14.563062 47.121877 K0.02Na0.38Ca0.60Al1.60Si2.40O8 52.983 0 29.9719 0 0 0 0 12.3643 4.30996 0.370833 0 0
500.00 1393.15 41.911222 101.151757 -579400.515121 15.913069 51.374207 K0.03Na0.39Ca0.58Al1.58Si2.42O8 53.4605 0 29.6222 0 0 0 0 11.9643 4.45721 0.495786 0 0
500.00 1383.15 43.572691 104.832499 -602672.818006 16.550571 53.354883 K0.03Na0.40Ca0.57Al1.57Si2.43O8 53.6647 0 29.4679 0 0 0 0 11.7894 4.50764 0.570442 0 0
500.00 1373.15 44.262463 106.126941 -612629.814394 16.813975 54.143936 K0.04Na0.40Ca0.57Al1.57Si2.43O8 53.7682 0 29.3889 0 0 0 0 11.7001 4.53133 0.611472 0 0
500.00 1363.15 44.543152 106.423677 -616969.591229 16.920690 54.432047 K0.04Na0.40Ca0.56Al1.56Si2.44O8 53.8481 0 29.3288 0 0 0 0 11.6318 4.55168 0.639635 0 0
500.00 1353.15 44.603675 106.189181 -618273.064224 16.943721 54.450960 K0.04Na0.40Ca0.56Al1.56Si2.44O8 53.928 0 29.2697 0 0 0 0 11.5644 4.5749 0.662952 0 0
500.00 1343.15 44.594282 105.789007 -618605.844309 16.940822 54.384697 K0.04Na0.40Ca0.56Al1.56Si2.44O8 54.0207 0 29.2023 0 0 0 0 11.4872 4.60496 0.684747 0 0
500.00 1333.15 44.790991 105.788114 -622477.523998 16.996618 54.593729 K0.03Na0.41Ca0.57Al1.57Si2.43O8 53.7796 0 29.418 0 0 0 0 11.7214 4.63289 0.448134 0 0
500.00 1323.15 45.317110 106.620763 -630276.863651 17.193399 55.174126 K0.03Na0.41Ca0.57Al1.57Si2.43O8 53.8015 0 29.3974 0 0 0 0 11.6993 4.6278 0.47396 0 0
500.00 1313.15 45.764487 107.254748 -636993.145432 17.359954 55.656516 K0.03Na0.41Ca0.57Al1.57Si2.43O8 53.8174 0 29.3809 0 0 0 0 11.6819 4.61994 0.499813 0 0
500.00 1303.15 46.151225 107.734947 -642875.364185 17.503263 56.063260 K0.03Na0.40Ca0.57Al1.57Si2.43O8 53.8295 0 29.3669 0 0 0 0 11.6676 4.6103 0.52563 0 0
500.00 1293.15 46.490402 108.093725 -648103.439272 17.628364 56.410502 K0.03Na0.40Ca0.56Al1.56Si2.44O8 53.839 0 29.3547 0 0 0 0 11.6554 4.59952 0.551369 0 0
500.00 1283.15 46.791607 108.352990 -652811.654698 17.738877 56.999494 K0.03Na0.40Ca0.56Al1.56Si2.44O8 53.8469 0 29.3437 0 0 0 0 11.6444 4.58806 0.576994 0 0
500.00 1273.15 47.061964 108.531628 -657096.363227 17.837594 57.263633 K0.03Na0.40Ca0.56Al1.56Si2.44O8 53.8537 0 29.3333 0 0 0 0 11.6343 4.5762 0.602472 0 0
500.00 1263.15 47.306783 108.643196 -661030.115708 17.926571 57.495489 K0.04Na0.40Ca0.56Al1.56Si2.44O8 53.86 0 29.3234 0 0 0 0 11.6247 4.56417 0.627765 0 0
500.00 1253.15 47.721674 109.137483 -667277.574732 18.080865 57.928460 K0.04Na0.40Ca0.56Al1.56Si2.44O8 53.8767 0 29.3001 0 0 0 0 11.6015 4.54023 0.681514 0 0
500.00 1243.15 48.054988 109.434504 -672405.357327 18.204076 58.261951 K0.04Na0.40Ca0.56Al1.56Si2.44O8 53.892 0 29.279 0 0 0 0 11.5805 4.51923 0.729165 0 0
500.00 1233.15 48.072982 109.003694 -673241.976369 18.206184 58.219090 K0.04Na0.40Ca0.56Al1.56Si2.44O8 53.8878 0 29.282 0 0 0 0 11.5839 4.51742 0.728892 0 0
500.00 1223.15 48.091543 108.570475 -674086.397703 18.208510 58.176391 K0.04Na0.40Ca0.56Al1.56Si2.44O8 53.8834 0 29.285 0 0 0 0 11.5874 4.51557 0.72861 0 0
500.00 1213.15 48.110678 108.134790 -674938.728375 18.211057 58.133918 K0.04Na0.40Ca0.56Al1.56Si2.44O8 53.8789 0 29.2881 0 0 0 0 11.591 4.51366 0.728321 0 0
500.00 1203.15 48.130391 107.696576 -675799.044987 18.213826 58.091745 K0.04Na0.40Ca0.56Al1.56Si2.44O8 53.8743 0 29.2912 0 0 0 0 11.5947 4.51171 0.728022 0 0
500.00 1193.15 48.149516 107.253190 -676651.349464 18.216377 58.048584 K0.04Na0.40Ca0.56Al1.56Si2.44O8 53.8697 0 29.2945 0 0 0 0 11.5985 4.50984 0.727543 0 0
500.00 1183.15 48.170511 106.809975 -677529.439589 18.219636 58.007432 K0.04Na0.40Ca0.56Al1.56Si2.44O8 53.8648 0 29.2978 0 0 0 0 11.6024 4.50779 0.727234 0 0

clinopyroxene_0 thermodynamic data and composition:
Pressure Temperature mass S H V Cp structure formula SiO2 TiO2 Al2O3 Fe2O3 FeO MnO MgO CaO Na2O K2O P2O5 H2O
500.00 1453.15 2.033764 4.783203 -25816.395100 0.628650 2.426460 cpx Na0.01Ca0.72Fe''0.20Mg0.94Fe'''0.06Ti0.01Al0.18Si1.87O6 51.0037 0.369313 4.27119 2.26766 6.44583 0 17.1593 18.3022 0.180788 0 0 0
500.00 1443.15 7.492837 17.601978 -94418.709664 2.308496 8.940982 cpx Na0.01Ca0.67Fe''0.23Mg0.96Fe'''0.06Ti0.01Al0.18Si1.87O6 50.9986 0.382736 4.13506 2.29643 7.55618 0 17.5289 16.9195 0.182583 0 0 0
500.00 1433.15 9.007050 21.040718 -113129.260654 2.767200 10.693476 cpx Na0.01Ca0.69Fe''0.24Mg0.92Fe'''0.07Ti0.01Al0.18Si1.87O6 50.6032 0.48426 4.23938 2.5141 7.72578 0 16.7974 17.4328 0.203132 0 0 0
500.00 1423.15 10.877648 25.289171 -136036.476020 3.332083 12.862321 cpx Na0.02Ca0.70Fe''0.25Mg0.90Fe'''0.07Ti0.02Al0.19Si1.86O6 50.3068 0.565678 4.2651 2.67999 8.12289 0 16.3035 17.5385 0.217513 0 0 0
500.00 1413.15 12.366969 28.612538 -154028.866536 3.777625 14.565493 cpx Na0.02Ca0.70Fe''0.26Mg0.88Fe'''0.08Ti0.02Al0.19Si1.86O6 50.0338 0.646893 4.26956 2.82841 8.5072 0 15.828 17.6558 0.230389 0 0 0
500.00 1403.15 13.590533 31.289073 -168604.844259 4.140301 15.944997 cpx Na0.02Ca0.71Fe''0.28Mg0.85Fe'''0.08Ti0.02Al0.19Si1.85O6 49.8045 0.722579 4.2339 2.94203 8.90093 0 15.3813 17.775 0.239824 0 0 0
500.00 1393.15 14.694831 33.661935 -181624.717896 4.464788 17.173415 cpx Na0.02Ca0.72Fe''0.29Mg0.83Fe'''0.09Ti0.02Al0.19Si1.85O6 49.5528 0.813367 4.21664 3.04786 9.27227 0 14.9293 17.9222 0.245478 0 0 0
500.00 1383.15 15.713736 35.815075 -193609.040406 4.760955 18.289600 cpx Na0.02Ca0.73Fe''0.30Mg0.81Fe'''0.09Ti0.03Al0.19Si1.84O6 49.148 0.961459 4.34592 3.2314 9.48573 0 14.4311 18.1417 0.254651 0 0 0
500.00 1373.15 16.629048 37.710441 -204332.919536 5.023491 19.274530 cpx Na0.02Ca0.74Fe''0.30Mg0.78Fe'''0.10Ti0.03Al0.20Si1.83O6 48.6266 1.16368 4.57533 3.47658 9.57677 0 13.9086 18.4044 0.268081 0 0 0
500.00 1363.15 17.479528 39.436127 -214222.481079 5.263710 20.172513 cpx Na0.02Ca0.75Fe''0.30Mg0.75Fe'''0.11Ti0.04Al0.22Si1.81O6 48.0017 1.42394 4.87164 3.76834 9.59745 0 13.3597 18.693 0.284272 0 0 0
500.00 1353.15 18.299403 41.067712 -223650.809813 5.491159 21.021031 cpx Na0.02Ca0.77Fe''0.30Mg0.72Fe'''0.12Ti0.05Al0.23Si1.79O6 47.2573 1.75631 5.23036 4.10644 9.57171 0 12.7721 19.0034 0.302378 0 0 0
500.00 1343.15 19.146390 42.726946 -233156.748083 5.721252 21.879215 cpx Na0.02Ca0.79Fe''0.30Mg0.69Fe'''0.13Ti0.06Al0.25Si1.76O6 46.3754 2.1736 5.62976 4.48878 9.5755 0 12.1117 19.3253 0.320038 0 0 0
500.00 1333.15 23.577511 52.562681 -290707.849026 7.124623 27.239530 cpx Na0.02Ca0.75Fe''0.33Mg0.78Fe'''0.08Ti0.02Al0.16Si1.87O6 49.6672 0.807186 3.7053 2.6859 10.3675 0 13.9547 18.5824 0.229903 0 0 0
500.00 1323.15 23.477097 52.099546 -289633.400946 7.089381 27.078139 cpx Na0.02Ca0.75Fe''0.33Mg0.77Fe'''0.07Ti0.02Al0.16Si1.87O6 49.6511 0.841705 3.66742 2.62565 10.4287 0 13.825 18.7331 0.227451 0 0 0
500.00 1313.15 23.348598 51.577539 -288264.359931 7.046185 26.887174 cpx Na0.02Ca0.76Fe''0.33Mg0.77Fe'''0.07Ti0.02Al0.16Si1.87O6 49.636 0.877082 3.63597 2.56555 10.4692 0 13.7078 18.8831 0.225275 0 0 0
500.00 1303.15 23.205613 51.027009 -286755.629021 6.999041 26.681905 cpx Na0.02Ca0.77Fe''0.33Mg0.76Fe'''0.07Ti0.03Al0.16Si1.87O6 49.6214 0.91329 3.60997 2.506 10.4934 0 13.6011 19.0315 0.223358 0 0 0
500.00 1293.15 23.056276 50.465862 -285198.022697 6.950318 26.471332 cpx Na0.02Ca0.77Fe''0.33Mg0.76Fe'''0.07Ti0.03Al0.16Si1.87O6 49.6067 0.950394 3.58879 2.44727 10.5042 0 13.5028 19.1782 0.221688 0 0 0
500.00 1283.15 22.905527 49.904778 -283645.371499 6.901439 26.260819 cpx Na0.02Ca0.78Fe''0.33Mg0.75Fe'''0.07Ti0.03Al0.16Si1.87O6 49.5913 0.988523 3.57197 2.38957 10.5039 0 13.4117 19.3227 0.220248 0 0 0
500.00 1273.15 22.756388 49.350125 -282129.579205 6.853259 26.053562 cpx Na0.02Ca0.79Fe''0.33Mg0.75Fe'''0.07Ti0.03Al0.16Si1.87O6 49.5747 1.02785 3.55925 2.33304 10.4944 0 13.3265 19.4652 0.219028 0 0 0
500.00 1263.15 22.610723 48.805686 -280669.520606 6.806291 25.851458 cpx Na0.02Ca0.79Fe''0.33Mg0.74Fe'''0.06Ti0.03Al0.16Si1.87O6 49.5563 1.06859 3.55046 2.27779 10.477 0 13.2463 19.6055 0.218018 0 0 0
500.00 1253.15 22.432540 48.191603 -278499.637537 6.747895 25.604749 cpx Na0.02Ca0.80Fe''0.33Mg0.74Fe'''0.06Ti0.03Al0.16Si1.87O6 49.56 1.0601 3.51882 2.24087 10.583 0 13.1263 19.6951 0.215819 0 0 0
500.00 1243.15 22.290081 47.661254 -276884.704042 6.701570 25.404852 cpx Na0.02Ca0.80Fe''0.34Mg0.73Fe'''0.06Ti0.03Al0.16Si1.87O6 49.5796 1.04409 3.49256 2.20362 10.6469 0 13.036 19.7828 0.214471 0 0 0
500.00 1233.15 22.262124 47.387789 -277141.806609 6.693574 25.353163 cpx Na0.02Ca0.80Fe''0.33Mg0.73Fe'''0.06Ti0.03Al0.16Si1.87O6 49.6185 1.04616 3.49352 2.15393 10.5331 0 13.0384 19.9003 0.216097 0 0 0
500.00 1223.15 22.233720 47.112571 -277392.307448 6.685470 25.300971 cpx Na0.02Ca0.81Fe''0.33Mg0.73Fe'''0.06Ti0.03Al0.16Si1.87O6 49.6586 1.04793 3.49379 2.10394 10.4197 0 13.0427 20.0157 0.217698 0 0 0
500.00 1213.15 22.204846 46.835535 -277635.995177 6.677254 25.248237 cpx Na0.02Ca0.81Fe''0.32Mg0.73Fe'''0.06Ti0.03Al0.16Si1.87O6 49.6998 1.0494 3.49337 2.05369 10.3066 0 13.0489 20.1289 0.219277 0 0 0
500.00 1203.15 22.175486 46.556628 -277872.688013 6.668920 25.194926 cpx Na0.02Ca0.82Fe''0.32Mg0.73Fe'''0.06Ti0.03Al0.15Si1.87O6 49.742 1.05058 3.49223 2.00322 10.1939 0 13.0571 20.2402 0.220833 0 0 0
500.00 1193.15 22.143573 46.271160 -278060.655786 6.659715 25.138080 cpx Na0.02Ca0.82Fe''0.32Mg0.73Fe'''0.06Ti0.03Al0.15Si1.87O6 49.7848 1.05076 3.48924 1.95294 10.0876 0 13.064 20.3484 0.222311 0 0 0
500.00 1183.15 22.113383 45.988789 -278285.272505 6.651191 25.083738 cpx Na0.02Ca0.82Fe''0.31Mg0.73Fe'''0.05Ti0.03Al0.15Si1.87O6 49.8292 1.05135 3.48662 1.90213 9.97508 0 13.0759 20.4559 0.22382 0 0 0

spinel_0 thermodynamic data and composition:
Pressure Temperature mass S H V Cp formula SiO2 TiO2 Al2O3 Fe2O3 FeO MnO MgO CaO Na2O K2O P2O5 H2O
500.00 1333.15 7.110250 14.676847 -38796.950612 1.511033 6.575204 Fe''1.18Mg0.22Fe'''1.07Al0.14Cr0.00Ti0.39O4 0 14.4749 3.3134 39.3004 38.9025 0 4.00872 0 0 0 0 0
500.00 1323.15 6.996914 14.389828 -38199.755063 1.485322 6.458732 Fe''1.20Mg0.21Fe'''1.05Al0.13Cr0.00Ti0.41O4 0 14.9571 3.14064 38.5078 39.506 0 3.88833 0 0 0 0 0
500.00 1313.15 6.878445 14.094391 -37587.818365 1.458776 6.338651 Fe''1.22Mg0.20Fe'''1.03Al0.13Cr0.00Ti0.42O4 0 15.4099 2.98771 37.7561 40.065 0 3.78133 0 0 0 0 0
500.00 1303.15 6.759326 13.799545 -36980.275698 1.432287 6.218867 Fe''1.23Mg0.20Fe'''1.01Al0.12Cr0.00Ti0.43O4 0 15.8354 2.85059 37.0438 40.5859 0 3.6844 0 0 0 0 0
500.00 1293.15 6.641686 13.509472 -36385.317493 1.406262 6.101174 Fe''1.25Mg0.19Fe'''1.00Al0.12Cr0.00Ti0.44O4 0 16.2361 2.72631 36.3683 41.0741 0 3.59522 0 0 0 0 0
500.00 1283.15 6.526399 13.225813 -35805.507755 1.380856 5.986250 Fe''1.26Mg0.19Fe'''0.98Al0.11Cr0.00Ti0.45O4 0 16.6145 2.61263 35.7268 41.534 0 3.51213 0 0 0 0 0
500.00 1273.15 6.413665 12.948855 -35240.484539 1.356090 5.874182 Fe''1.28Mg0.19Fe'''0.96Al0.11Cr0.00Ti0.46O4 0 16.9728 2.5078 35.1163 41.9693 0 3.43389 0 0 0 0 0
500.00 1263.15 6.303316 12.678170 -34688.381360 1.331910 5.764747 Fe''1.29Mg0.18Fe'''0.95Al0.10Cr0.00Ti0.47O4 0 17.3131 2.41047 34.5337 42.3831 0 3.35957 0 0 0 0 0
500.00 1253.15 5.827436 11.666444 -31918.487050 1.228944 5.319420 Fe''1.30Mg0.17Fe'''0.96Al0.10Cr0.00Ti0.47O4 0 17.1167 2.35244 34.8945 42.4371 0 3.19926 0 0 0 0 0
500.00 1243.15 5.417947 10.794965 -29513.283661 1.140278 4.937165 Fe''1.29Mg0.17Fe'''0.98Al0.10Cr0.00Ti0.46O4 0 16.7647 2.3197 35.5334 42.3292 0 3.05303 0 0 0 0 0
500.00 1233.15 5.400956 10.713813 -29331.808371 1.135182 4.915937 Fe''1.29Mg0.16Fe'''0.99Al0.10Cr0.00Ti0.45O4 0 16.4538 2.31225 36.1038 42.1483 0 2.98184 0 0 0 0 0
500.00 1223.15 5.383620 10.631826 -29147.627649 1.130010 4.894520 Fe''1.29Mg0.16Fe'''1.01Al0.10Cr0.00Ti0.44O4 0 16.1388 2.30426 36.6828 41.9634 0 2.91077 0 0 0 0 0
500.00 1213.15 5.366033 10.549203 -28961.470159 1.124784 4.873005 Fe''1.28Mg0.16Fe'''1.03Al0.10Cr0.00Ti0.44O4 0 15.8203 2.29571 37.2694 41.7747 0 2.8399 0 0 0 0 0
500.00 1203.15 5.348291 10.466144 -28774.073082 1.119526 4.851478 Fe''1.28Mg0.15Fe'''1.05Al0.10Cr0.00Ti0.43O4 0 15.4986 2.28661 37.8628 41.5826 0 2.76934 0 0 0 0 0
500.00 1193.15 5.344126 10.409260 -28656.987439 1.117085 4.842311 Fe''1.27Mg0.15Fe'''1.06Al0.10Cr0.00Ti0.42O4 0 15.1732 2.27595 38.4643 41.3897 0 2.69688 0 0 0 0 0
500.00 1183.15 5.325621 10.324368 -28465.192095 1.111673 4.820344 Fe''1.27Mg0.14Fe'''1.08Al0.10Cr0.00Ti0.41O4 0 14.8471 2.26572 39.0682 41.1917 0 2.62727 0 0 0 0 0

olivine_0 thermodynamic data and composition:
Pressure Temperature mass S H V Cp formula SiO2 TiO2 Al2O3 Fe2O3 FeO MnO MgO CaO Na2O K2O P2O5 H2O
500.00 1453.15 0.325045 0.781494 -3916.390504 0.098381 0.400189 (Ca0.01Mg0.81Fe''0.19Mn0.01Co0.00Ni0.00)2SiO4 39.2739 0 0 0 17.5212 0.498016 42.2478 0.459024 0 0 0 0
500.00 1443.15 0.960069 2.294773 -11414.470423 0.288590 1.173539 (Ca0.01Mg0.79Fe''0.20Mn0.01Co0.00Ni0.00)2SiO4 38.9849 0 0 0 18.9791 0.596287 41.0011 0.438547 0 0 0 0
500.00 1343.15 0.232888 0.521486 -2355.673522 0.064789 0.261611 (Ca0.01Mg0.57Fe''0.39Mn0.05Co0.00Ni0.00)2SiO4 35.7193 0 0 0 33.0373 4.03163 26.8037 0.408046 0 0 0 0
500.00 1333.15 0.680470 1.507749 -6592.169684 0.185868 0.744940 (Ca0.01Mg0.49Fe''0.38Mn0.13Co0.00Ni0.00)2SiO4 34.7869 0 0 0 31.4378 10.686 22.6388 0.450427 0 0 0 0
500.00 1323.15 0.842714 1.856341 -8084.166878 0.229079 0.917134 (Ca0.01Mg0.48Fe''0.39Mn0.14Co0.00Ni0.00)2SiO4 34.5925 0 0 0 31.8777 11.2997 21.7899 0.440181 0 0 0 0
500.00 1313.15 0.964150 2.111825 -9169.621578 0.260959 1.043699 (Ca0.01Mg0.46Fe''0.39Mn0.15Co0.00Ni0.00)2SiO4 34.4208 0 0 0 32.2646 11.8447 21.041 0.428867 0 0 0 0
500.00 1303.15 1.055826 2.299862 -9964.631769 0.284649 1.137337 (Ca0.01Mg0.45Fe''0.40Mn0.15Co0.00Ni0.00)2SiO4 34.2671 0 0 0 32.6107 12.3345 20.3709 0.416811 0 0 0 0
500.00 1293.15 1.125347 2.438025 -10547.460939 0.302294 1.206704 (Ca0.01Mg0.44Fe''0.40Mn0.16Co0.00Ni0.00)2SiO4 34.1276 0 0 0 32.9251 12.7791 19.7639 0.404254 0 0 0 0
500.00 1283.15 1.178089 2.538671 -10972.365885 0.315396 1.257855 (Ca0.01Mg0.43Fe''0.41Mn0.16Co0.00Ni0.00)2SiO4 33.9998 0 0 0 33.2145 13.1862 19.2081 0.39138 0 0 0 0
500.00 1273.15 1.217933 2.610681 -11277.865244 0.325033 1.295131 (Ca0.01Mg0.42Fe''0.41Mn0.17Co0.00Ni0.00)2SiO4 33.8816 0 0 0 33.4841 13.5618 18.6941 0.378326 0 0 0 0
500.00 1263.15 1.247735 2.660564 -11491.862878 0.331992 1.321698 (Ca0.01Mg0.41Fe''0.42Mn0.17Co0.00Ni0.00)2SiO4 33.7712 0 0 0 33.7378 13.9108 18.2149 0.3652 0 0 0 0
500.00 1253.15 1.275763 2.705020 -11665.205122 0.338203 1.345468 (Ca0.01Mg0.40Fe''0.43Mn0.18Co0.00Ni0.00)2SiO4 33.6377 0 0 0 34.2845 14.0864 17.6373 0.35399 0 0 0 0
500.00 1243.15 1.292868 2.726974 -11762.436440 0.341775 1.358900 (Ca0.01Mg0.39Fe''0.43Mn0.18Co0.00Ni0.00)2SiO4 33.5435 0 0 0 34.7726 14.1092 17.2331 0.34164 0 0 0 0
500.00 1233.15 1.301020 2.732955 -11847.377222 0.343738 1.366149 (Ca0.01Mg0.39Fe''0.44Mn0.18Co0.00Ni0.00)2SiO4 33.5455 0 0 0 34.93 13.9484 17.2502 0.325915 0 0 0 0
500.00 1223.15 1.309432 2.739234 -11934.280084 0.345762 1.373603 (Ca0.00Mg0.39Fe''0.44Mn0.17Co0.00Ni0.00)2SiO4 33.5467 0 0 0 35.0884 13.7907 17.2635 0.310706 0 0 0 0
500.00 1213.15 1.318092 2.745770 -12022.982338 0.347845 1.381244 (Ca0.00Mg0.39Fe''0.44Mn0.17Co0.00Ni0.00)2SiO4 33.5471 0 0 0 35.2479 13.6361 17.2728 0.296006 0 0 0 0
500.00 1203.15 1.326983 2.752519 -12113.285560 0.349979 1.389050 (Ca0.00Mg0.39Fe''0.44Mn0.17Co0.00Ni0.00)2SiO4 33.5465 0 0 0 35.4086 13.4851 17.278 0.281807 0 0 0 0
500.00 1193.15 1.290873 2.665932 -11789.257615 0.340214 1.349597 (Ca0.00Mg0.39Fe''0.44Mn0.17Co0.00Ni0.00)2SiO4 33.5413 0 0 0 35.5833 13.3447 17.2625 0.268221 0 0 0 0
500.00 1183.15 1.301677 2.676469 -11895.569743 0.342842 1.359291 (Ca0.00Mg0.39Fe''0.45Mn0.17Co0.00Ni0.00)2SiO4 33.5387 0 0 0 35.7466 13.2015 17.2582 0.254998 0 0 0 0
