Title: Hr

Solid Composition:
Pressure Temperature mass SiO2 TiO2 Al2O3 Fe2O3 FeO MnO MgO CaO Na2O K2O P2O5 H2O 
500.00 1523.15 0.000000 ---
500.00 1513.15 0.000000 ---
500.00 1503.15 0.000000 ---
500.00 1493.15 0.000000 ---
500.00 1483.15 2.115666 48.4866 0 33.0721 0 0 0 0 15.9711 2.41763 0.0524876 0 0
500.00 1473.15 3.799187 48.8821 0 32.8039 0 0 0 0 15.6576 2.59583 0.0605261 0 0
500.00 1463.15 3.526268 49.3015 0 32.5193 0 0 0 0 15.3249 2.78431 0.069943 0 0
500.00 1453.15 6.268749 49.6017 0.108107 22.22 0.663109 2.84534 0.0272076 7.34827 15.1065 2.02519 0.0545187 0 0
500.00 1443.15 11.549077 50.8496 0.179608 16.4771 1.14501 4.88996 0.00808966 10.6914 14.0991 1.61091 0.0492917 0 0
500.00 1433.15 9.898555 51.4375 0.1674 16.746 1.10424 5.63358 0 10.6033 12.4118 1.82858 0.0676691 0 0
500.00 1423.15 7.587019 51.6935 0.184229 16.7507 1.13923 5.89882 0 10.1657 12.0453 2.03271 0.0898533 0 0
500.00 1413.15 6.038011 51.9974 0.19801 16.7661 1.16346 6.13735 0 9.71404 11.6506 2.25352 0.119453 0 0
500.00 1403.15 4.957338 52.3616 0.20782 16.7956 1.17495 6.34308 0 9.24022 11.2213 2.49524 0.160183 0 0
500.00 1393.15 4.185795 52.8059 0.212447 16.8426 1.17068 6.50633 0 8.73441 10.7451 2.76393 0.218663 0 0
500.00 1383.15 3.636555 53.3655 0.210237 16.9151 1.14561 6.60702 0 8.17762 10.2004 3.07028 0.308211 0 0
500.00 1373.15 3.277037 54.1175 0.198586 17.0357 1.08961 6.59662 0 7.52397 9.53938 3.43729 0.461313 0 0
500.00 1363.15 3.189527 55.3127 0.171257 17.2924 0.971913 6.30542 0 6.60973 8.60311 3.93767 0.795841 0 0