Title: Mr1

liquid_0 thermodynamic data and composition:
Pressure Temperature mass S H V Cp viscosity SiO2 TiO2 Al2O3 Fe2O3 Cr2O3 FeO MnO MgO CaO Na2O K2O P2O5 H2O Mg#
500.00 1523.15 99.638743 285.959539 -1193409.330059 39.678413 151.077527 1.656 49.1067 1.12585 15.3703 2.3351 0.0170273 8.97136 0.1958 6.99007 11.4054 2.13422 0.362231 0.12727 1.85865 58.1
500.00 1513.15 99.643697 285.012440 -1194977.404367 39.638567 151.086450 1.693 49.1043 1.1258 15.3696 2.34102 0.0170265 8.96548 0.195791 6.98972 11.4048 2.13412 0.362213 0.127264 1.86293 58.1
500.00 1503.15 99.648771 284.059524 -1196547.177983 39.598835 151.095753 1.730 49.1018 1.12574 15.3688 2.34732 0.0170256 8.95925 0.195781 6.98937 11.4042 2.13401 0.362194 0.127257 1.86728 58.2
500.00 1493.15 99.653967 283.100718 -1198118.702753 39.559221 151.105446 1.768 49.0992 1.12568 15.368 2.35399 0.0170247 8.95267 0.19577 6.989 11.4036 2.1339 0.362175 0.127251 1.87172 58.2
500.00 1483.15 99.659288 282.135947 -1199692.032382 39.519728 151.115542 1.806 49.0966 1.12562 15.3672 2.36106 0.0170238 8.94572 0.19576 6.98863 11.403 2.13378 0.362156 0.127244 1.87624 58.2
500.00 1473.15 99.664739 281.180785 -1201244.111306 39.480359 147.749422 1.845 49.0939 1.12556 15.3663 2.36853 0.0170229 8.93839 0.195749 6.98825 11.4024 2.13367 0.362136 0.127237 1.88084 58.2
500.00 1463.15 99.670322 280.226883 -1202787.406427 39.441116 147.751665 1.884 49.0912 1.1255 15.3655 2.37642 0.0170219 8.93067 0.195738 6.98786 11.4018 2.13355 0.362116 0.12723 1.88553 58.2
500.00 1453.15 99.676042 279.267003 -1204332.586019 39.402003 147.753780 1.923 49.0883 1.12543 15.3646 2.38475 0.0170209 8.92255 0.195727 6.98746 11.4011 2.13342 0.362095 0.127223 1.89031 58.2
500.00 1443.15 99.681902 278.301071 -1205879.705891 39.363024 147.755767 1.964 49.0855 1.12536 15.3637 2.39351 0.0170199 8.91401 0.195716 6.98704 11.4004 2.1333 0.362074 0.127215 1.89519 58.3
500.00 1433.15 99.687906 277.329010 -1207428.824004 39.324180 147.757631 2.004 49.0825 1.1253 15.3627 2.40274 0.0170189 8.90504 0.195704 6.98662 11.3997 2.13317 0.362052 0.127207 1.90016 58.3
500.00 1423.15 99.694058 276.350744 -1208980.000564 39.285476 147.759374 2.046 49.0795 1.12523 15.3618 2.41244 0.0170179 8.89562 0.195692 6.98619 11.399 2.13304 0.36203 0.1272 1.90523 58.3
500.00 1413.15 99.700363 275.366194 -1210533.298116 39.246914 147.760999 2.087 49.0764 1.12516 15.3608 2.42264 0.0170168 8.88575 0.195679 6.98575 11.3983 2.1329 0.362007 0.127192 1.91039 58.3
500.00 1403.15 99.642221 274.202121 -1211323.042368 39.187105 147.648912 2.132 49.0796 1.12581 15.3698 2.43311 0.0170267 8.87215 0.195606 6.96201 11.4047 2.13415 0.362218 0.127266 1.91659 58.3
500.00 1393.15 96.042804 263.555071 -1168241.488254 37.803615 141.926454 2.207 49.1029 1.14613 15.7792 2.44574 0.0176648 8.97173 0.201875 6.55983 11.1125 2.20955 0.375793 0.132035 1.94498 56.6
500.00 1383.15 91.061502 249.288192 -1107868.214078 35.891364 134.105194 2.288 49.1151 1.16791 16.3558 2.45782 0.0186311 9.15349 0.212853 6.1016 10.5776 2.32248 0.39635 0.139258 1.98116 54.3
500.00 1373.15 86.242152 235.585670 -1050889.566323 34.076484 126.583934 2.385 49.2694 1.17297 16.937 2.44458 0.00570922 9.21381 0.224752 5.64573 10.0548 2.44386 0.418498 0.14704 2.02187 52.2
500.00 1363.15 78.461431 213.769930 -954172.784524 31.056029 114.530533 2.489 49.7143 1.22498 16.9015 2.50285 0.00082518 9.51719 0.242986 5.18254 9.43339 2.6057 0.458487 0.161621 2.05369 49.3
500.00 1353.15 68.755369 187.093886 -839851.543351 27.439631 99.753956 2.684 51.0409 1.1895 16.7745 2.43854 7.28849e-007 9.20581 0.271354 4.65752 8.76313 2.84217 0.52062 0.184437 2.11154 47.4
500.00 1343.15 59.882979 162.880841 -738953.420881 24.205403 86.395895 2.945 52.932 1.07581 16.7015 2.25958 0 8.36638 0.305948 4.14805 8.10893 3.11079 0.594697 0.211764 2.18462 46.9
500.00 1333.15 53.223084 144.598604 -662736.941317 21.751234 76.390876 3.191 54.6732 0.979209 16.5533 2.09787 0 7.61939 0.33846 3.71993 7.52696 3.34276 0.665869 0.238262 2.24486 46.5
500.00 1323.15 47.034315 127.575881 -589874.728017 19.408372 67.130431 3.421 56.3183 0.911859 16.208 1.96973 0 6.97165 0.383011 3.25296 7.09453 3.574 0.748883 0.269613 2.29749 45.4
500.00 1313.15 42.194534 114.201209 -532529.234189 17.557282 59.907498 3.635 57.8463 0.855267 15.8036 1.8538 0 6.39562 0.426943 2.85274 6.72536 3.76871 0.829785 0.300538 2.34129 44.3
500.00 1303.15 38.357395 103.547785 -486884.241582 16.077343 54.196431 3.836 59.2653 0.804915 15.3765 1.74579 0 5.87777 0.469653 2.51868 6.39569 3.92942 0.907519 0.330602 2.37809 43.3
500.00 1293.15 35.226124 94.815962 -449488.725010 14.859931 49.547606 4.024 60.5914 0.759823 14.9354 1.64459 0 5.40917 0.5114 2.2362 6.0994 4.06067 0.982596 0.35999 2.40938 42.4
500.00 1283.15 32.614012 87.501708 -418172.575178 13.836598 45.678478 4.202 61.8366 0.719205 14.4867 1.54932 0 4.98284 0.552359 1.99478 5.8316 4.16611 1.05536 0.388822 2.43622 41.6
500.00 1273.15 30.397524 81.270841 -391500.344817 12.961983 42.402272 4.371 63.0104 0.682436 14.0355 1.45934 0 4.59329 0.592636 1.7866 5.58828 4.24882 1.12602 0.417174 2.45945 40.9
500.00 1263.15 28.491589 75.892707 -368483.942590 12.204802 39.590474 4.532 64.1199 0.649004 13.5857 1.37417 0 4.23612 0.63228 1.60573 5.36615 4.31148 1.19469 0.44508 2.47967 40.3
500.00 1253.15 26.835216 71.201534 -348414.718322 11.542573 37.151029 4.685 65.1706 0.618488 13.1405 1.29343 0 3.90778 0.671306 1.44759 5.16244 4.35645 1.26142 0.472552 2.49739 39.8
500.00 1243.15 25.383192 67.074111 -330766.798616 10.958577 35.015774 4.831 66.1673 0.590538 12.7023 1.21684 0 3.60531 0.709708 1.30853 4.97481 4.38583 1.32624 0.499584 2.51301 39.3
500.00 1233.15 24.101029 63.416213 -315138.392478 10.440008 33.132787 4.970 67.1137 0.564857 12.273 1.14417 0 3.32623 0.747464 1.18567 4.80128 4.40152 1.38912 0.526162 2.52685 38.9
500.00 1223.15 22.961789 60.154040 -301214.923892 9.976816 31.461576 5.104 68.0133 0.541194 11.8538 1.07523 0 3.06844 0.784549 1.07663 4.64018 4.40521 1.45006 0.552267 2.53918 38.5
500.00 1213.15 21.944011 57.228656 -288745.114315 9.560950 29.969939 5.232 68.8688 0.519331 11.4458 1.00987 0 2.8301 0.820937 0.979482 4.49007 4.3984 1.50904 0.577882 2.55023 38.2
500.00 1203.15 21.030324 54.592242 -277524.955797 9.185859 28.631856 5.355 69.6831 0.499081 11.0497 0.947932 0 2.60959 0.856604 0.892629 4.34973 4.38246 1.56605 0.602988 2.56018 37.9
500.00 1193.15 20.206479 52.205492 -267386.622966 8.846139 27.426030 5.473 70.4584 0.480279 10.6657 0.889286 0 2.40549 0.891529 0.814729 4.21813 4.35858 1.6211 0.627573 2.56918 37.6
500.00 1183.15 19.460665 50.035760 -258190.564833 8.537283 26.334837 5.586 71.1971 0.46278 10.2941 0.833802 0 2.21652 0.925696 0.744654 4.09437 4.32781 1.67418 0.651624 2.57738 37.5
500.00 1173.15 18.783003 48.055686 -249819.705139 8.255504 25.343564 5.695 71.9012 0.446455 9.93483 0.781354 0 2.04153 0.959093 0.681451 3.9777 4.29111 1.7253 0.675134 2.58489 37.3
500.00 1163.15 18.165164 46.242171 -242175.083280 7.997592 24.439832 5.801 72.5725 0.431192 9.58792 0.731821 0 1.87948 0.991714 0.624307 3.86745 4.24929 1.77448 0.698097 2.5918 37.2
500.00 1153.15 17.600084 44.575587 -235172.508433 7.760809 23.613154 5.902 73.2128 0.416887 9.25314 0.685081 0 1.72942 1.02356 0.572523 3.76306 4.2031 1.82174 0.72051 2.59819 37.1
500.00 1143.15 17.081731 43.039155 -228739.945743 7.542811 22.854595 6.000 73.8238 0.40345 8.93027 0.641016 0 1.59048 1.05462 0.5255 3.66404 4.15317 1.86711 0.742375 2.60414 37.1
500.00 1133.15 16.604930 41.618461 -222815.444337 7.341574 22.156500 6.095 74.4071 0.390797 8.61902 0.599507 0 1.46187 1.0849 0.482718 3.56997 4.10009 1.9106 0.763691 2.60971 37.1
500.00 1123.15 16.165222 40.301060 -217345.474804 7.155349 21.512278 6.187 74.9641 0.378855 8.3191 0.560439 0 1.34286 1.11441 0.443725 3.48047 4.04436 1.95225 0.784465 2.61494 37.1
500.00 1113.15 15.758740 39.076160 -212283.581564 6.982614 20.916227 6.276 75.4962 0.367555 8.03018 0.523698 0 1.23276 1.14315 0.408127 3.39524 3.98643 1.99209 0.804699 2.61989 37.1
500.00 1103.15 15.382126 37.934362 -207589.280911 6.822040 20.363396 6.363 76.0046 0.356836 7.75192 0.489174 0 1.13096 1.17114 0.375579 3.31397 3.9267 2.03015 0.824401 2.62458 37.2
500.00 1093.15 15.032443 36.867449 -203227.152986 6.672464 19.849463 6.447 76.4905 0.346641 7.48399 0.456758 0 1.03687 1.19839 0.345777 3.23641 3.86554 2.06645 0.843578 2.62906 37.3
500.00 1083.15 14.674195 35.781007 -198769.726319 6.519361 19.325283 6.546 77.0056 0.33819 7.20516 0.425683 0 0.947449 1.1833 0.308538 3.1891 3.79832 2.10471 0.864173 2.62974 36.7
500.00 1073.15 14.337420 34.756019 -194599.932265 6.375864 18.832631 6.644 77.5206 0.316768 6.93554 0.391731 0 0.854233 1.16995 0.275584 3.14738 3.73088 2.14174 0.884472 2.63111 36.5
500.00 1063.15 14.027113 33.803771 -190758.220713 6.243216 18.377882 6.739 78.0093 0.296911 6.67768 0.35963 0 0.768034 1.15715 0.245712 3.10864 3.66383 2.1767 0.904038 2.63237 36.3
500.00 1053.15 13.740730 32.917099 -187213.212993 6.120387 17.957304 6.832 78.4728 0.27848 6.43109 0.329372 0 0.688565 1.14492 0.218615 3.07278 3.59736 2.20961 0.92288 2.63355 36.1
500.00 1043.15 13.476025 32.089689 -183937.348172 6.006464 17.567616 6.924 78.912 0.261354 6.19531 0.300925 0 0.615504 1.13328 0.194029 3.03974 3.53165 2.24053 0.941008 2.63466 36.0
500.00 1033.15 13.184450 31.206752 -180258.122902 5.879682 17.146391 7.011 79.3083 0.245631 5.96927 0.273877 0 0.54739 1.12488 0.171047 3.01464 3.47074 2.27661 0.961818 2.63584 35.8
500.00 1023.15 11.591672 27.308680 -158459.186344 5.168487 15.052974 7.007 79.2459 0.237914 5.75983 0.235437 0 0.451136 1.19799 0.131225 3.03497 3.54396 2.53695 0.983242 2.64142 34.1

clinopyroxene_0 thermodynamic data and composition:
Pressure Temperature mass S H V Cp structure formula SiO2 TiO2 Al2O3 Fe2O3 Cr2O3 FeO MnO MgO CaO Na2O K2O P2O5 H2O
500.00 1393.15 3.229425 7.373288 -41492.597634 0.995628 3.799519 cpx Na0.01Ca0.84Fe''0.15Mg0.85Fe'''0.07Ti0.02Al0.22Si1.84O6 49.9997 0.650653 4.95377 2.56104 0 4.9594 0 15.3815 21.3577 0.136286 0 0 0
500.00 1383.15 4.903225 11.152639 -62816.404344 1.507363 5.752698 cpx Na0.01Ca0.84Fe''0.16Mg0.83Fe'''0.08Ti0.02Al0.23Si1.83O6 49.5286 0.759913 5.32435 2.74532 0 5.23854 0 15.0284 21.2274 0.147499 0 0 0
500.00 1373.15 4.555132 10.321280 -58189.066777 1.396376 5.329382 cpx Na0.01Ca0.84Fe''0.17Mg0.81Fe'''0.08Ti0.02Al0.25Si1.82O6 49.0629 0.873666 5.68684 2.92173 0 5.52137 0 14.6808 21.0936 0.159077 0 0 0
500.00 1363.15 3.357683 7.579520 -42719.451651 1.026338 3.918002 cpx Na0.01Ca0.83Fe''0.19Mg0.80Fe'''0.09Ti0.03Al0.25Si1.81O6 48.7665 0.984799 5.77494 3.05894 0 5.97081 0 14.4433 20.829 0.171702 0 0 0
500.00 1353.15 3.225149 7.256186 -40914.022028 0.984251 3.758945 cpx Na0.01Ca0.81Fe''0.20Mg0.80Fe'''0.08Ti0.03Al0.24Si1.82O6 48.8604 0.97576 5.57045 3.02574 0 6.48027 0 14.4744 20.4306 0.182371 0 0 0
500.00 1343.15 2.779515 6.235528 -35209.767690 0.847867 3.240322 cpx Na0.01Ca0.79Fe''0.22Mg0.82Fe'''0.08Ti0.02Al0.23Si1.83O6 49.2324 0.866794 5.21818 2.85352 0 6.98745 0 14.7324 19.9195 0.189859 0 0 0
500.00 1333.15 1.880061 4.205865 -23775.998550 0.573165 2.192494 cpx Na0.01Ca0.77Fe''0.23Mg0.83Fe'''0.07Ti0.02Al0.21Si1.84O6 49.5853 0.764083 4.88891 2.68234 0 7.53185 0 15.0168 19.3351 0.195636 0 0 0
500.00 1323.15 0.782003 1.741874 -9875.035446 0.238158 0.910425 cpx Na0.01Ca0.77Fe''0.24Mg0.83Fe'''0.07Ti0.02Al0.20Si1.85O6 49.7078 0.735654 4.67917 2.62438 0 7.85604 0 14.9252 19.2655 0.206284 0 0 0
500.00 1313.15 0.425359 0.943091 -5365.131445 0.129410 0.494229 cpx Na0.02Ca0.77Fe''0.25Mg0.82Fe'''0.07Ti0.02Al0.20Si1.85O6 49.7918 0.719927 4.49849 2.58217 0 8.11224 0 14.7714 19.3065 0.217421 0 0 0
500.00 1303.15 0.271985 0.600223 -3427.333005 0.082669 0.315407 cpx Na0.02Ca0.77Fe''0.26Mg0.81Fe'''0.07Ti0.02Al0.19Si1.86O6 49.8735 0.705264 4.32797 2.53809 0 8.34444 0 14.6208 19.3618 0.228183 0 0 0
500.00 1293.15 0.180172 0.395734 -2268.588389 0.054713 0.208536 cpx Na0.02Ca0.78Fe''0.27Mg0.80Fe'''0.07Ti0.02Al0.18Si1.86O6 49.953 0.691569 4.16591 2.49259 0 8.55779 0 14.4735 19.4271 0.238598 0 0 0
500.00 1283.15 0.124273 0.271658 -1563.723631 0.037706 0.143565 cpx Na0.02Ca0.78Fe''0.27Mg0.80Fe'''0.07Ti0.02Al0.18Si1.87O6 50.0304 0.678788 4.01119 2.44601 0 8.75601 0 14.3297 19.4993 0.248683 0 0 0
500.00 1273.15 0.090060 0.195925 -1132.605184 0.027303 0.103847 cpx Na0.02Ca0.78Fe''0.28Mg0.79Fe'''0.07Ti0.02Al0.17Si1.87O6 50.1056 0.666901 3.86311 2.39864 0 8.94182 0 14.1892 19.5762 0.258457 0 0 0
500.00 1263.15 0.069310 0.150055 -871.259908 0.020995 0.079773 cpx Na0.02Ca0.79Fe''0.29Mg0.78Fe'''0.07Ti0.02Al0.16Si1.88O6 50.1787 0.655916 3.72124 2.35069 0 9.1172 0 14.0521 19.6562 0.267938 0 0 0
500.00 1253.15 0.056966 0.122728 -715.816066 0.017243 0.065445 cpx Na0.02Ca0.79Fe''0.29Mg0.78Fe'''0.06Ti0.02Al0.16Si1.88O6 50.2493 0.645856 3.58529 2.30238 0 9.2836 0 13.9182 19.7382 0.277149 0 0 0
500.00 1243.15 0.049859 0.106889 -626.325044 0.015080 0.057177 cpx Na0.02Ca0.80Fe''0.30Mg0.77Fe'''0.06Ti0.02Al0.15Si1.88O6 50.3175 0.636745 3.45506 2.25388 0 9.44213 0 13.7874 19.8212 0.286116 0 0 0
500.00 1233.15 0.045978 0.098081 -577.435178 0.013896 0.052632 cpx Na0.02Ca0.80Fe''0.30Mg0.76Fe'''0.06Ti0.02Al0.15Si1.89O6 50.383 0.628606 3.33033 2.20536 0 9.59364 0 13.6596 19.9046 0.294866 0 0 0
500.00 1223.15 0.044039 0.093474 -552.969671 0.013300 0.050321 cpx Na0.02Ca0.80Fe''0.31Mg0.76Fe'''0.06Ti0.02Al0.14Si1.89O6 50.4459 0.621455 3.21094 2.15695 0 9.73879 0 13.5347 19.9878 0.30343 0 0 0
500.00 1213.15 0.043221 0.091276 -542.628848 0.013044 0.049299 cpx Na0.02Ca0.81Fe''0.31Mg0.75Fe'''0.06Ti0.02Al0.14Si1.90O6 50.5062 0.615303 3.09669 2.10877 0 9.87814 0 13.4124 20.0706 0.311836 0 0 0
500.00 1203.15 0.043009 0.090367 -539.913583 0.012971 0.048970 cpx Na0.02Ca0.81Fe''0.31Mg0.74Fe'''0.06Ti0.02Al0.13Si1.90O6 50.5638 0.610157 2.98738 2.06095 0 10.0122 0 13.2928 20.1526 0.320115 0 0 0
500.00 1193.15 0.043081 0.090054 -540.788760 0.012983 0.048966 cpx Na0.02Ca0.81Fe''0.32Mg0.74Fe'''0.06Ti0.02Al0.13Si1.90O6 50.6187 0.606016 2.88281 2.01358 0 10.1413 0 13.1757 20.2336 0.328299 0 0 0
500.00 1183.15 0.043243 0.089926 -542.812740 0.013023 0.049063 cpx Na0.02Ca0.82Fe''0.32Mg0.73Fe'''0.06Ti0.02Al0.12Si1.91O6 50.6711 0.60288 2.7828 1.96676 0 10.2658 0 13.0609 20.3133 0.336416 0 0 0
500.00 1173.15 0.043382 0.089746 -544.567489 0.013056 0.049135 cpx Na0.03Ca0.82Fe''0.33Mg0.73Fe'''0.05Ti0.02Al0.12Si1.91O6 50.7208 0.600746 2.68713 1.92057 0 10.3862 0 12.9483 20.3917 0.344496 0 0 0
500.00 1163.15 0.043438 0.089388 -545.285350 0.013064 0.049111 cpx Na0.03Ca0.83Fe''0.33Mg0.72Fe'''0.05Ti0.02Al0.12Si1.91O6 50.768 0.599611 2.59562 1.87511 0 10.5027 0 12.8378 20.4686 0.352569 0 0 0
500.00 1153.15 0.043380 0.088797 -544.605255 0.013038 0.048960 cpx Na0.03Ca0.83Fe''0.33Mg0.71Fe'''0.05Ti0.02Al0.11Si1.91O6 50.8127 0.599473 2.5081 1.83044 0 10.6156 0 12.7292 20.5438 0.360664 0 0 0
500.00 1143.15 0.043202 0.087958 -542.414267 0.012976 0.048673 cpx Na0.03Ca0.83Fe''0.34Mg0.71Fe'''0.05Ti0.02Al0.11Si1.92O6 50.8548 0.600333 2.4244 1.78666 0 10.7253 0 12.6224 20.6174 0.368808 0 0 0
500.00 1133.15 0.042905 0.086882 -538.745387 0.012878 0.048253 cpx Na0.03Ca0.84Fe''0.34Mg0.70Fe'''0.05Ti0.02Al0.10Si1.92O6 50.8944 0.602194 2.34434 1.74383 0 10.8321 0 12.517 20.6891 0.377031 0 0 0
500.00 1123.15 0.042499 0.085590 -533.712310 0.012748 0.047711 cpx Na0.03Ca0.84Fe''0.35Mg0.70Fe'''0.05Ti0.02Al0.10Si1.92O6 50.9315 0.605063 2.2678 1.70204 0 10.9362 0 12.413 20.759 0.385362 0 0 0
500.00 1113.15 0.041997 0.084111 -527.468394 0.012589 0.047062 cpx Na0.03Ca0.84Fe''0.35Mg0.69Fe'''0.05Ti0.02Al0.10Si1.92O6 50.9661 0.608952 2.19463 1.66134 0 11.0381 0 12.3101 20.827 0.39383 0 0 0
500.00 1103.15 0.041411 0.082476 -520.181404 0.012405 0.046322 cpx Na0.03Ca0.85Fe''0.35Mg0.69Fe'''0.05Ti0.02Al0.09Si1.93O6 50.998 0.613876 2.1247 1.62182 0 11.1381 0 12.2081 20.8929 0.402465 0 0 0
500.00 1093.15 0.040755 0.080713 -512.018433 0.012200 0.045506 cpx Na0.03Ca0.85Fe''0.36Mg0.68Fe'''0.05Ti0.02Al0.09Si1.93O6 51.0274 0.619858 2.05792 1.58355 0 11.2365 0 12.1067 20.9568 0.411297 0 0 0
500.00 1083.15 0.019281 0.037955 -242.016178 0.005765 0.021471 cpx Na0.03Ca0.85Fe''0.36Mg0.67Fe'''0.05Ti0.02Al0.09Si1.93O6 50.9731 0.64641 2.02103 1.58172 0 11.4049 0 11.8697 21.0798 0.423266 0 0 0
500.00 1073.15 0.017668 0.034569 -221.758858 0.005279 0.019630 cpx Na0.03Ca0.86Fe''0.36Mg0.66Fe'''0.04Ti0.02Al0.09Si1.93O6 50.99 0.641713 1.95936 1.55178 0 11.5044 0 11.703 21.2188 0.430962 0 0 0
500.00 1063.15 0.017568 0.034163 -220.493850 0.005245 0.019475 cpx Na0.03Ca0.87Fe''0.37Mg0.65Fe'''0.04Ti0.02Al0.08Si1.93O6 51.0052 0.638226 1.90052 1.52155 0 11.605 0 11.5399 21.351 0.43865 0 0 0
500.00 1053.15 0.017280 0.033396 -216.871550 0.005155 0.019113 cpx Na0.03Ca0.87Fe''0.37Mg0.64Fe'''0.04Ti0.02Al0.08Si1.94O6 51.0179 0.635978 1.84452 1.49135 0 11.7081 0 11.3792 21.4766 0.44636 0 0 0
500.00 1043.15 0.016838 0.032340 -211.315062 0.005019 0.018582 cpx Na0.03Ca0.88Fe''0.38Mg0.64Fe'''0.04Ti0.02Al0.08Si1.94O6 51.0278 0.635015 1.79135 1.46144 0 11.8152 0 11.2194 21.5958 0.45412 0 0 0
500.00 1033.15 0.017271 0.032963 -216.720483 0.005144 0.019015 cpx Na0.03Ca0.88Fe''0.38Mg0.63Fe'''0.04Ti0.02Al0.08Si1.94O6 51.03 0.637471 1.74233 1.43435 0 11.9257 0 11.0519 21.7156 0.462627 0 0 0
500.00 1023.15 0.042757 0.081018 -536.044055 0.012717 0.046904 cpx Na0.04Ca0.90Fe''0.38Mg0.61Fe'''0.04Ti0.02Al0.08Si1.94O6 50.9022 0.708574 1.73685 1.47326 0 12.0035 0 10.6647 22.0193 0.491629 0 0 0

spinel_0 thermodynamic data and composition:
Pressure Temperature mass S H V Cp formula SiO2 TiO2 Al2O3 Fe2O3 Cr2O3 FeO MnO MgO CaO Na2O K2O P2O5 H2O
500.00 1373.15 0.215209 0.462470 -1434.444539 0.048169 0.211090 Fe''0.70Mg0.44Fe'''1.06Al0.51Cr0.15Ti0.14O4 0 5.6388 12.9999 41.8967 5.5955 25.0181 0 8.85102 0 0 0 0 0
500.00 1363.15 0.233845 0.497350 -1456.609871 0.051604 0.225578 Fe''0.80Mg0.39Fe'''1.16Al0.41Cr0.05Ti0.19O4 0 7.46482 10.1027 44.9125 1.85262 28.0535 0 7.61386 0 0 0 0 0
500.00 1353.15 1.291183 2.719585 -7715.416727 0.282229 1.232817 Fe''0.87Mg0.35Fe'''1.20Al0.34Cr0.00Ti0.23O4 0 8.66685 8.324 46.0675 0.0515398 30.1019 0 6.78827 0 0 0 0 0
500.00 1343.15 1.684258 3.524466 -9865.413161 0.365985 1.598221 Fe''0.91Mg0.33Fe'''1.22Al0.31Cr0.00Ti0.23O4 0 8.88362 7.54904 46.3489 0 30.9187 0 6.29973 0 0 0 0 0
500.00 1333.15 1.204729 2.506085 -6943.888844 0.260494 1.137341 Fe''0.93Mg0.31Fe'''1.23Al0.29Cr0.00Ti0.24O4 0 9.03061 6.93971 46.5622 0 31.5741 0 5.89337 0 0 0 0 0
500.00 1323.15 0.925428 1.912689 -5232.295900 0.198949 0.868566 Fe''0.96Mg0.29Fe'''1.25Al0.26Cr0.00Ti0.25O4 0 9.23744 6.23713 46.7239 0 32.3994 0 5.40216 0 0 0 0 0
500.00 1313.15 0.681551 1.399987 -3789.853231 0.145775 0.636419 Fe''0.99Mg0.26Fe'''1.26Al0.24Cr0.00Ti0.25O4 0 9.42137 5.64141 46.8351 0 33.1337 0 4.96836 0 0 0 0 0
500.00 1303.15 0.519451 1.060793 -2848.380799 0.110616 0.482938 Fe''1.01Mg0.25Fe'''1.27Al0.22Cr0.00Ti0.26O4 0 9.57471 5.14644 46.9205 0 33.7617 0 4.59664 0 0 0 0 0
500.00 1293.15 0.407345 0.827197 -2207.056531 0.086407 0.377268 Fe''1.03Mg0.23Fe'''1.27Al0.20Cr0.00Ti0.26O4 0 9.7054 4.7244 46.9893 0 34.3088 0 4.27216 0 0 0 0 0
500.00 1283.15 0.326484 0.659390 -1750.610733 0.069015 0.301351 Fe''1.05Mg0.21Fe'''1.28Al0.19Cr0.00Ti0.27O4 0 9.819 4.35764 47.0463 0 34.7921 0 3.98504 0 0 0 0 0
500.00 1273.15 0.266177 0.534743 -1414.260580 0.056091 0.244936 Fe''1.07Mg0.20Fe'''1.29Al0.17Cr0.00Ti0.27O4 0 9.91969 4.03431 47.0935 0 35.2242 0 3.72832 0 0 0 0 0
500.00 1263.15 0.219977 0.439635 -1159.393631 0.046223 0.201861 Fe''1.08Mg0.19Fe'''1.29Al0.16Cr0.00Ti0.27O4 0 10.0107 3.74611 47.1318 0 35.6145 0 3.49694 0 0 0 0 0
500.00 1253.15 0.183825 0.365509 -961.943778 0.038525 0.168257 Fe''1.10Mg0.18Fe'''1.30Al0.15Cr0.00Ti0.28O4 0 10.0946 3.48695 47.1613 0 35.9702 0 3.28703 0 0 0 0 0
500.00 1243.15 0.155051 0.306744 -806.219582 0.032417 0.141587 Fe''1.11Mg0.17Fe'''1.30Al0.14Cr0.00Ti0.28O4 0 10.1734 3.2522 47.1817 0 36.297 0 3.0956 0 0 0 0 0
500.00 1233.15 0.131828 0.259504 -681.596977 0.027500 0.120119 Fe''1.12Mg0.16Fe'''1.30Al0.13Cr0.00Ti0.28O4 0 10.2491 3.03827 47.1926 0 36.5998 0 2.92021 0 0 0 0 0
500.00 1223.15 0.112871 0.221091 -580.645512 0.023496 0.102637 Fe''1.13Mg0.15Fe'''1.31Al0.12Cr0.00Ti0.29O4 0 10.3229 2.84228 47.1935 0 36.8825 0 2.75888 0 0 0 0 0
500.00 1213.15 0.097244 0.189550 -498.022775 0.020204 0.088260 Fe''1.14Mg0.14Fe'''1.31Al0.12Cr0.00Ti0.29O4 0 10.3961 2.66189 47.1839 0 37.1482 0 2.60994 0 0 0 0 0
500.00 1203.15 0.084256 0.163436 -429.797313 0.017474 0.076335 Fe''1.15Mg0.14Fe'''1.31Al0.11Cr0.00Ti0.29O4 0 10.4697 2.4952 47.1633 0 37.3998 0 2.472 0 0 0 0 0
500.00 1193.15 0.073382 0.141655 -373.019180 0.015193 0.066372 Fe''1.16Mg0.13Fe'''1.31Al0.10Cr0.00Ti0.29O4 0 10.5446 2.34059 47.1313 0 37.6396 0 2.34386 0 0 0 0 0
500.00 1183.15 0.064220 0.123370 -325.438531 0.013275 0.057992 Fe''1.17Mg0.12Fe'''1.31Al0.10Cr0.00Ti0.30O4 0 10.6215 2.19673 47.0877 0 37.8696 0 2.22449 0 0 0 0 0
500.00 1173.15 0.056454 0.107929 -285.315692 0.011652 0.050902 Fe''1.18Mg0.12Fe'''1.31Al0.09Cr0.00Ti0.30O4 0 10.7008 2.06247 47.0324 0 38.0914 0 2.113 0 0 0 0 0
500.00 1163.15 0.049837 0.094822 -251.289529 0.010272 0.044871 Fe''1.19Mg0.11Fe'''1.31Al0.08Cr0.00Ti0.30O4 0 10.7829 1.93687 46.9651 0 38.3065 0 2.00859 0 0 0 0 0
500.00 1153.15 0.044172 0.083641 -222.284121 0.009092 0.039716 Fe''1.20Mg0.11Fe'''1.31Al0.08Cr0.00Ti0.30O4 0 10.8683 1.81908 46.8858 0 38.5162 0 1.91059 0 0 0 0 0
500.00 1143.15 0.039302 0.074061 -197.441256 0.008079 0.035290 Fe''1.21Mg0.10Fe'''1.31Al0.07Cr0.00Ti0.31O4 0 10.9572 1.70841 46.7947 0 38.7213 0 1.8184 0 0 0 0 0
500.00 1133.15 0.035097 0.065818 -176.070780 0.007206 0.031474 Fe''1.21Mg0.10Fe'''1.31Al0.07Cr0.00Ti0.31O4 0 11.0496 1.60423 46.6919 0 38.9228 0 1.73148 0 0 0 0 0
500.00 1123.15 0.031453 0.058701 -157.613547 0.006451 0.028171 Fe''1.22Mg0.09Fe'''1.31Al0.07Cr0.00Ti0.31O4 0 11.1457 1.50602 46.5775 0 39.1214 0 1.64936 0 0 0 0 0
500.00 1113.15 0.028285 0.052533 -141.613422 0.005795 0.025304 Fe''1.23Mg0.09Fe'''1.31Al0.06Cr0.00Ti0.32O4 0 11.2456 1.41331 46.4519 0 39.3177 0 1.57162 0 0 0 0 0
500.00 1103.15 0.025521 0.047170 -127.695895 0.005224 0.022805 Fe''1.24Mg0.08Fe'''1.30Al0.06Cr0.00Ti0.32O4 0 11.349 1.3257 46.3153 0 39.512 0 1.49789 0 0 0 0 0
500.00 1093.15 0.023104 0.042494 -115.551596 0.004724 0.020622 Fe''1.24Mg0.08Fe'''1.30Al0.05Cr0.00Ti0.32O4 0 11.4561 1.24284 46.1683 0 39.705 0 1.42783 0 0 0 0 0

orthopyroxene_0 thermodynamic data and composition:
Pressure Temperature mass S H V Cp structure formula SiO2 TiO2 Al2O3 Fe2O3 Cr2O3 FeO MnO MgO CaO Na2O K2O P2O5 H2O
500.00 1323.15 1.097662 2.506647 -13513.868623 0.331695 1.342809 opx Na0.00Ca0.07Fe''0.46Mg1.40Fe'''0.03Ti0.00Al0.10Si1.93O6 53.3583 0.103663 2.34695 1.115 0 15.3518 0 25.8481 1.8568 0.0193141 0 0 0
500.00 1313.15 0.905576 2.056857 -11095.210793 0.272942 1.103956 opx Na0.00Ca0.07Fe''0.49Mg1.38Fe'''0.03Ti0.00Al0.09Si1.94O6 53.2959 0.0925357 2.21432 1.06825 0 16.0263 0 25.4067 1.87607 0.0199692 0 0 0
500.00 1303.15 0.697901 1.576645 -8511.766877 0.209821 0.847931 opx Na0.00Ca0.07Fe''0.51Mg1.36Fe'''0.03Ti0.00Al0.09Si1.94O6 53.2325 0.0830253 2.09447 1.02447 0 16.6681 0 24.9904 1.88648 0.020514 0 0 0
500.00 1293.15 0.550271 1.236458 -6682.003394 0.165033 0.666390 opx Na0.00Ca0.07Fe''0.53Mg1.34Fe'''0.03Ti0.00Al0.09Si1.94O6 53.1681 0.0748009 1.98501 0.983231 0 17.2846 0 24.5941 1.88927 0.0209569 0 0 0
500.00 1283.15 0.440923 0.985427 -5331.697508 0.131921 0.532274 opx Na0.00Ca0.07Fe''0.55Mg1.32Fe'''0.03Ti0.00Al0.08Si1.95O6 53.1025 0.067626 1.88426 0.944215 0 17.881 0 24.2138 1.88537 0.0213048 0 0 0
500.00 1273.15 0.357357 0.794358 -4303.605398 0.106666 0.430055 opx Na0.00Ca0.07Fe''0.57Mg1.31Fe'''0.03Ti0.00Al0.08Si1.95O6 53.0356 0.0613244 1.791 0.907166 0 18.4611 0 23.8468 1.87552 0.0215637 0 0 0
500.00 1263.15 0.291895 0.645333 -3501.291311 0.086923 0.350203 opx Na0.00Ca0.07Fe''0.59Mg1.29Fe'''0.02Ti0.00Al0.07Si1.95O6 52.9674 0.0557612 1.70432 0.871885 0 19.0277 0 23.4908 1.86032 0.0217394 0 0 0
500.00 1253.15 0.239692 0.527040 -2863.939667 0.071213 0.286708 opx Na0.00Ca0.07Fe''0.60Mg1.27Fe'''0.02Ti0.00Al0.07Si1.95O6 52.898 0.0508291 1.62352 0.838206 0 19.5829 0 23.1444 1.8403 0.0218375 0 0 0
500.00 1243.15 0.197512 0.431920 -2350.952873 0.058547 0.235553 opx Na0.00Ca0.07Fe''0.62Mg1.26Fe'''0.02Ti0.00Al0.07Si1.95O6 52.8272 0.0464407 1.548 0.805989 0 20.1283 0 22.8063 1.81591 0.0218635 0 0 0
500.00 1233.15 0.163097 0.354698 -1934.017180 0.048235 0.193938 opx Na0.00Ca0.07Fe''0.64Mg1.24Fe'''0.02Ti0.00Al0.06Si1.96O6 52.7553 0.0425235 1.47728 0.775113 0 20.665 0 22.4754 1.78759 0.0218228 0 0 0
500.00 1223.15 0.134807 0.291551 -1592.627033 0.039778 0.159832 opx Na0.00Ca0.07Fe''0.66Mg1.23Fe'''0.02Ti0.00Al0.06Si1.96O6 52.6822 0.0390163 1.41091 0.745472 0 21.194 0 22.151 1.7557 0.0217208 0 0 0
500.00 1213.15 0.111416 0.239619 -1311.464273 0.032802 0.131718 opx Na0.00Ca0.07Fe''0.68Mg1.21Fe'''0.02Ti0.00Al0.06Si1.96O6 52.6079 0.0358669 1.3485 0.716973 0 21.7163 0 21.8323 1.72063 0.0215623 0 0 0
500.00 1203.15 0.091983 0.196715 -1078.805419 0.027020 0.108433 opx Na0.00Ca0.07Fe''0.69Mg1.20Fe'''0.02Ti0.00Al0.06Si1.96O6 52.5327 0.0330308 1.28971 0.689534 0 22.2323 0 21.5187 1.68269 0.0213522 0 0 0
500.00 1193.15 0.075774 0.161133 -885.512853 0.022209 0.089071 opx Na0.00Ca0.07Fe''0.71Mg1.18Fe'''0.02Ti0.00Al0.05Si1.96O6 52.4565 0.0304697 1.23421 0.663084 0 22.7427 0 21.2097 1.6422 0.021095 0 0 0
500.00 1183.15 0.062206 0.131526 -724.367422 0.018191 0.072916 opx Na0.00Ca0.06Fe''0.73Mg1.17Fe'''0.02Ti0.00Al0.05Si1.96O6 52.3794 0.0281506 1.18172 0.637558 0 23.2479 0 20.9049 1.59947 0.0207947 0 0 0
500.00 1173.15 0.050813 0.106818 -589.607949 0.014826 0.059393 opx Na0.00Ca0.06Fe''0.75Mg1.15Fe'''0.02Ti0.00Al0.05Si1.97O6 52.3015 0.0260448 1.13199 0.612903 0 23.7484 0 20.6039 1.55477 0.0204555 0 0 0
500.00 1163.15 0.041218 0.086146 -476.601442 0.012000 0.048044 opx Na0.00Ca0.06Fe''0.76Mg1.14Fe'''0.02Ti0.00Al0.05Si1.97O6 52.2229 0.0241278 1.08477 0.58907 0 24.2445 0 20.3061 1.50836 0.020081 0 0 0
500.00 1153.15 0.033118 0.068810 -381.599593 0.009620 0.038494 opx Na0.00Ca0.06Fe''0.78Mg1.13Fe'''0.02Ti0.00Al0.05Si1.97O6 52.1435 0.0223781 1.03986 0.566016 0 24.7365 0 20.0115 1.4605 0.0196747 0 0 0
500.00 1143.15 0.026262 0.054243 -301.554681 0.007612 0.030441 opx Na0.00Ca0.06Fe''0.80Mg1.11Fe'''0.02Ti0.00Al0.04Si1.97O6 52.0635 0.0207771 0.997061 0.543705 0 25.2247 0 19.7196 1.41144 0.0192399 0 0 0
500.00 1133.15 0.020447 0.041982 -233.977930 0.005914 0.023635 opx Na0.00Ca0.06Fe''0.82Mg1.10Fe'''0.01Ti0.00Al0.04Si1.97O6 51.9829 0.0193087 0.9562 0.522103 0 25.7091 0 19.4302 1.36139 0.0187798 0 0 0
500.00 1123.15 0.015506 0.031645 -176.829129 0.004475 0.017874 opx Na0.00Ca0.05Fe''0.83Mg1.08Fe'''0.01Ti0.00Al0.04Si1.97O6 51.9018 0.0179588 0.917116 0.501181 0 26.1899 0 19.1431 1.3106 0.0182974 0 0 0
500.00 1113.15 0.011301 0.022922 -128.429799 0.003254 0.012991 opx Na0.00Ca0.05Fe''0.85Mg1.07Fe'''0.01Ti0.00Al0.04Si1.97O6 51.8202 0.016715 0.879662 0.480914 0 26.6673 0 18.8581 1.25927 0.0177957 0 0 0
500.00 1103.15 0.007716 0.015555 -87.394403 0.002217 0.008846 opx Na0.00Ca0.05Fe''0.87Mg1.06Fe'''0.01Ti0.00Al0.04Si1.97O6 51.7382 0.0155666 0.843702 0.461276 0 27.1413 0 18.5751 1.20764 0.0172776 0 0 0
500.00 1093.15 0.004658 0.009332 -52.575560 0.001335 0.005325 opx Na0.00Ca0.05Fe''0.88Mg1.04Fe'''0.01Ti0.00Al0.04Si1.98O6 51.6558 0.0145043 0.809112 0.442245 0 27.6118 0 18.2939 1.1559 0.0167458 0 0 0

feldspar_0 thermodynamic data and composition:
Pressure Temperature mass S H V Cp formula SiO2 TiO2 Al2O3 Fe2O3 Cr2O3 FeO MnO MgO CaO Na2O K2O P2O5 H2O
500.00 1363.15 3.310391 7.744448 -46147.727028 1.231744 4.032747 K0.00Na0.15Ca0.84Al1.84Si2.16O8 46.9875 0 34.0856 0 0 0 0 0 17.1571 1.73395 0.0358357 0 0
500.00 1353.15 4.273055 9.976696 -59597.535110 1.592129 5.201736 K0.00Na0.18Ca0.82Al1.82Si2.18O8 47.5196 0 33.7259 0 0 0 0 0 16.7362 1.97663 0.0417065 0 0
500.00 1343.15 3.786201 8.825266 -52829.823600 1.413155 4.606116 K0.00Na0.20Ca0.80Al1.80Si2.20O8 48.1685 0 33.2873 0 0 0 0 0 16.2229 2.2729 0.0483823 0 0
500.00 1333.15 3.095742 7.204117 -43213.145131 1.157554 3.763804 K0.00Na0.23Ca0.77Al1.77Si2.23O8 48.8551 0 32.8232 0 0 0 0 0 15.6798 2.58614 0.0557925 0 0
500.00 1323.15 3.301006 7.669662 -46095.605572 1.236700 4.010971 K0.00Na0.26Ca0.74Al1.74Si2.26O8 49.5846 0 32.3296 0 0 0 0 0 15.1024 2.91784 0.0655674 0 0
500.00 1313.15 2.758131 6.397852 -38528.976899 1.035341 3.349349 K0.00Na0.29Ca0.71Al1.71Si2.29O8 50.3247 0 31.8287 0 0 0 0 0 14.5164 3.2538 0.0764535 0 0
500.00 1303.15 2.290580 5.304184 -32009.354546 0.861514 2.779917 K0.01Na0.32Ca0.68Al1.68Si2.32O8 51.0669 0 31.3261 0 0 0 0 0 13.9286 3.59011 0.0883625 0 0
500.00 1293.15 1.945109 4.495989 -27191.691020 0.732988 2.359213 K0.01Na0.35Ca0.65Al1.65Si2.35O8 51.8024 0 30.8277 0 0 0 0 0 13.3458 3.92274 0.101334 0 0
500.00 1283.15 1.678897 3.873041 -23479.125088 0.633852 2.044673 K0.01Na0.37Ca0.62Al1.62Si2.38O8 52.5235 0 30.3388 0 0 0 0 0 12.7742 4.24803 0.115381 0 0
500.00 1273.15 1.466824 3.376677 -20521.408813 0.554783 1.785954 K0.01Na0.40Ca0.59Al1.59Si2.41O8 53.224 0 29.8637 0 0 0 0 0 12.2187 4.56314 0.1305 0 0
500.00 1263.15 1.293177 2.970211 -18099.425511 0.489946 1.574093 K0.01Na0.43Ca0.57Al1.57Si2.43O8 53.8993 0 29.4051 0 0 0 0 0 11.6829 4.86601 0.146673 0 0
500.00 1253.15 1.148090 2.630606 -16075.592975 0.435686 1.397060 K0.01Na0.45Ca0.54Al1.54Si2.46O8 54.5468 0 28.9651 0 0 0 0 0 11.1688 5.15541 0.16388 0 0
500.00 1243.15 1.025026 2.342603 -14358.761239 0.389583 1.246886 K0.01Na0.47Ca0.52Al1.52Si2.48O8 55.1654 0 28.5444 0 0 0 0 0 10.6773 5.43084 0.182103 0 0
500.00 1233.15 0.919467 2.095650 -12885.940534 0.349971 1.118066 K0.01Na0.50Ca0.49Al1.49Si2.51O8 55.7552 0 28.1428 0 0 0 0 0 10.2084 5.69232 0.201331 0 0
500.00 1223.15 0.828159 1.882140 -11611.745272 0.315647 1.006635 K0.01Na0.52Ca0.47Al1.47Si2.53O8 56.3169 0 27.7599 0 0 0 0 0 9.76141 5.94025 0.221559 0 0
500.00 1213.15 0.748662 1.696364 -10502.167247 0.285714 0.909620 K0.01Na0.54Ca0.45Al1.45Si2.55O8 56.8519 0 27.3947 0 0 0 0 0 9.33531 6.17524 0.242792 0 0
500.00 1203.15 0.679084 1.533890 -9530.842766 0.259474 0.824716 K0.02Na0.56Ca0.43Al1.43Si2.57O8 57.3619 0 27.0462 0 0 0 0 0 8.92881 6.39803 0.265048 0 0
500.00 1193.15 0.617918 1.391181 -8676.765854 0.236372 0.750088 K0.02Na0.57Ca0.41Al1.41Si2.59O8 57.8485 0 26.7132 0 0 0 0 0 8.54052 6.6094 0.288354 0 0
500.00 1183.15 0.563938 1.265357 -7922.845244 0.215956 0.684240 K0.02Na0.59Ca0.39Al1.39Si2.61O8 58.3135 0 26.3945 0 0 0 0 0 8.16907 6.81014 0.312749 0 0
500.00 1173.15 0.516130 1.154034 -7254.959033 0.197849 0.625938 K0.02Na0.61Ca0.37Al1.37Si2.63O8 58.7587 0 26.0889 0 0 0 0 0 7.81311 7.001 0.338285 0 0
500.00 1163.15 0.473646 1.055221 -6661.308309 0.181740 0.574148 K0.02Na0.62Ca0.36Al1.36Si2.64O8 59.1855 0 25.7954 0 0 0 0 0 7.47135 7.18269 0.365026 0 0
500.00 1153.15 0.435775 0.967238 -6131.955417 0.167362 0.528001 K0.02Na0.64Ca0.34Al1.34Si2.66O8 59.5956 0 25.5129 0 0 0 0 0 7.14262 7.35586 0.393051 0 0
500.00 1143.15 0.401911 0.888662 -5658.480536 0.154491 0.486762 K0.02Na0.65Ca0.33Al1.33Si2.67O8 59.9902 0 25.2405 0 0 0 0 0 6.82579 7.52108 0.422454 0 0
500.00 1133.15 0.371540 0.818282 -5233.717435 0.142937 0.449805 K0.03Na0.66Ca0.31Al1.31Si2.69O8 60.3706 0 24.9773 0 0 0 0 0 6.51987 7.67886 0.453346 0 0
500.00 1123.15 0.344223 0.755063 -4851.544724 0.132533 0.416594 K0.03Na0.68Ca0.30Al1.30Si2.70O8 60.738 0 24.7225 0 0 0 0 0 6.22393 7.82966 0.485857 0 0
500.00 1113.15 0.319584 0.698120 -4506.717737 0.123141 0.386673 K0.03Na0.69Ca0.28Al1.28Si2.72O8 61.0935 0 24.4754 0 0 0 0 0 5.93712 7.97387 0.520141 0 0
500.00 1103.15 0.297299 0.646691 -4194.731328 0.114640 0.359652 K0.03Na0.70Ca0.27Al1.27Si2.73O8 61.4378 0 24.2353 0 0 0 0 0 5.65869 8.11181 0.556377 0 0
500.00 1093.15 0.277090 0.600122 -3911.706909 0.106923 0.335193 K0.03Na0.71Ca0.26Al1.26Si2.74O8 61.772 0 24.0016 0 0 0 0 0 5.38793 8.24374 0.594774 0 0
500.00 1083.15 0.284030 0.612365 -4012.000129 0.109662 0.343609 K0.04Na0.72Ca0.25Al1.25Si2.75O8 62.0489 0 23.8067 0 0 0 0 0 5.16253 8.35002 0.631815 0 0
500.00 1073.15 0.266007 0.570844 -3759.593685 0.102756 0.321892 K0.04Na0.73Ca0.24Al1.24Si2.76O8 62.3113 0 23.6212 0 0 0 0 0 4.94827 8.44841 0.670799 0 0
500.00 1063.15 0.245782 0.524941 -3475.755531 0.094991 0.297582 K0.04Na0.73Ca0.23Al1.23Si2.77O8 62.5652 0 23.441 0 0 0 0 0 4.74029 8.54172 0.711787 0 0
500.00 1053.15 0.227554 0.483654 -3219.832593 0.087988 0.275769 K0.04Na0.74Ca0.22Al1.22Si2.78O8 62.8113 0 23.2655 0 0 0 0 0 4.53812 8.63006 0.755027 0 0
500.00 1043.15 0.211075 0.446408 -2988.375188 0.081654 0.256167 K0.05Na0.75Ca0.21Al1.21Si2.79O8 63.05 0 23.0944 0 0 0 0 0 4.3413 8.71347 0.80082 0 0
500.00 1033.15 0.208603 0.438952 -2954.974151 0.080736 0.253703 K0.05Na0.76Ca0.20Al1.20Si2.80O8 63.2894 0 22.9209 0 0 0 0 0 4.14229 8.79205 0.85537 0 0
500.00 1023.15 0.527760 1.105383 -7472.940266 0.204600 0.643728 K0.07Na0.76Ca0.18Al1.18Si2.82O8 63.7828 0 22.5214 0 0 0 0 0 3.69751 8.84416 1.15416 0 0

olivine_0 thermodynamic data and composition:
Pressure Temperature mass S H V Cp formula SiO2 TiO2 Al2O3 Fe2O3 Cr2O3 FeO MnO MgO CaO Na2O K2O P2O5 H2O
500.00 1403.15 0.064112 0.151594 -784.747499 0.019450 0.078935 (Ca0.01Mg0.82Fe''0.18Mn0.00Co0.00Ni0.00)2SiO4 39.4988 0 0 0 0 16.5415 0.291497 43.2351 0.433104 0 0 0 0
500.00 1393.15 0.330001 0.776491 -4013.853766 0.099738 0.404597 (Ca0.01Mg0.81Fe''0.18Mn0.00Co0.00Ni0.00)2SiO4 39.3498 0 0 0 0 17.3248 0.309792 42.5923 0.423315 0 0 0 0
500.00 1383.15 0.018510 0.043326 -223.273156 0.005568 0.022580 (Ca0.01Mg0.80Fe''0.20Mn0.00Co0.00Ni0.00)2SiO4 39.1617 0 0 0 0 18.3143 0.336776 41.7841 0.403147 0 0 0 0
500.00 1363.15 0.754739 1.746545 -8910.910509 0.224471 0.909557 (Ca0.01Mg0.77Fe''0.22Mn0.00Co0.00Ni0.00)2SiO4 38.6947 0 0 0 0 20.746 0.421445 39.7725 0.365362 0 0 0 0
500.00 1353.15 0.801671 1.844226 -9354.246338 0.236973 0.959812 (Ca0.00Mg0.75Fe''0.24Mn0.01Co0.00Ni0.00)2SiO4 38.443 0 0 0 0 22.0152 0.509409 38.6874 0.34502 0 0 0 0
500.00 1343.15 0.536530 1.227701 -6208.377020 0.157867 0.639091 (Ca0.00Mg0.74Fe''0.25Mn0.01Co0.00Ni0.00)2SiO4 38.2591 0 0 0 0 22.8937 0.62716 37.8966 0.323368 0 0 0 0
500.00 1333.15 0.407437 0.927399 -4677.943937 0.119362 0.482953 (Ca0.00Mg0.73Fe''0.26Mn0.01Co0.00Ni0.00)2SiO4 38.0869 0 0 0 0 23.6988 0.755434 37.1549 0.304014 0 0 0 0
500.00 1083.15 0.043799 0.084295 -365.563713 0.011059 0.043463 (Ca0.00Mg0.25Fe''0.56Mn0.19Co0.00Ni0.00)2SiO4 32.008 0 0 0 0 42.6031 14.5704 10.6242 0.194235 0 0 0 0
500.00 1073.15 0.038282 0.073167 -316.665732 0.009626 0.037777 (Ca0.00Mg0.24Fe''0.56Mn0.20Co0.00Ni0.00)2SiO4 31.8481 0 0 0 0 42.8098 15.2297 9.9215 0.190902 0 0 0 0
500.00 1063.15 0.033809 0.064173 -277.362537 0.008469 0.033185 (Ca0.00Mg0.22Fe''0.57Mn0.21Co0.00Ni0.00)2SiO4 31.6983 0 0 0 0 42.9359 15.916 9.26232 0.187537 0 0 0 0
500.00 1053.15 0.029881 0.056331 -243.284199 0.007459 0.029180 (Ca0.00Mg0.21Fe''0.57Mn0.22Co0.00Ni0.00)2SiO4 31.5577 0 0 0 0 42.9833 16.6323 8.64249 0.184181 0 0 0 0
500.00 1043.15 0.026437 0.049498 -213.742783 0.006577 0.025689 (Ca0.00Mg0.19Fe''0.57Mn0.23Co0.00Ni0.00)2SiO4 31.4255 0 0 0 0 42.9535 17.3817 8.0585 0.180869 0 0 0 0
500.00 1033.15 0.024258 0.045109 -194.845554 0.006016 0.023456 (Ca0.00Mg0.18Fe''0.57Mn0.25Co0.00Ni0.00)2SiO4 31.2973 0 0 0 0 42.8133 18.2209 7.49035 0.178181 0 0 0 0
500.00 1023.15 0.044422 0.081950 -353.381374 0.010971 0.042617 (Ca0.00Mg0.16Fe''0.56Mn0.29Co0.00Ni0.00)2SiO4 31.0735 0 0 0 0 41.3279 20.9343 6.47036 0.193959 0 0 0 0

quartz thermodynamic data and composition:
Pressure Temperature mass S H V Cp formula
500.00 1033.15 0.030871 0.060887 -442.741718 0.012169 0.035789 SiO2
500.00 1023.15 0.900700 1.766324 -12928.053611 0.355058 1.042872 SiO2

water thermodynamic data and composition:
Pressure Temperature mass S H V Cp formula
500.00 1523.15 0.459915 5.070449 -4955.803362 6.516349 1.290183 H2O
500.00 1513.15 0.455563 5.014058 -4921.689523 6.407386 1.277314 H2O
500.00 1503.15 0.451130 4.956878 -4886.438961 6.298075 1.264266 H2O
500.00 1493.15 0.446613 4.898891 -4850.022911 6.188413 1.251037 H2O
500.00 1483.15 0.442009 4.840079 -4812.411706 6.078397 1.237621 H2O
500.00 1473.15 0.437318 4.780423 -4773.574584 5.968024 1.224014 H2O
500.00 1463.15 0.432536 4.719905 -4733.479474 5.857291 1.210211 H2O
500.00 1453.15 0.427661 4.658503 -4692.093742 5.746196 1.196206 H2O
500.00 1443.15 0.422690 4.596199 -4649.383759 5.634735 1.181996 H2O
500.00 1433.15 0.417622 4.532971 -4605.314834 5.522907 1.167574 H2O
500.00 1423.15 0.412454 4.468799 -4559.851182 5.410710 1.152934 H2O
500.00 1413.15 0.407183 4.403661 -4512.955889 5.298143 1.138071 H2O
500.00 1403.15 0.402117 4.340892 -4468.046699 5.189218 1.123847 H2O
500.00 1393.15 0.443835 4.782379 -4944.002362 5.679968 1.240446 H2O
500.00 1383.15 0.507782 5.461184 -5670.509976 6.443659 1.419257 H2O
500.00 1373.15 0.568144 6.098852 -6360.464880 7.148277 1.588175 H2O
500.00 1363.15 0.700499 7.505329 -7861.784104 8.737620 1.958549 H2O
500.00 1353.15 0.860057 9.197166 -9676.572143 10.634305 2.405323 H2O
500.00 1343.15 1.003635 10.711726 -11320.061450 12.300038 2.807860 H2O
500.00 1333.15 1.117066 11.899010 -12630.718585 13.567780 3.126570 H2O
500.00 1323.15 1.231245 13.089290 -13956.211928 14.819128 3.447955 H2O
500.00 1313.15 1.323957 14.046768 -15044.192031 15.788754 3.709877 H2O
500.00 1303.15 1.399679 14.820157 -15943.853289 16.536512 3.924873 H2O
500.00 1293.15 1.463122 15.460296 -16707.588412 17.123078 4.106154 H2O
500.00 1283.15 1.517301 15.999716 -17368.868591 17.587367 4.262186 H2O
500.00 1273.15 1.564241 16.460289 -17950.156932 17.955621 4.398671 H2O
500.00 1263.15 1.605354 16.857299 -18467.112717 18.246243 4.519605 H2O
500.00 1253.15 1.641671 17.201892 -18931.131223 18.472699 4.627917 H2O
500.00 1243.15 1.673969 17.502489 -19350.807612 18.645187 4.725831 H2O
500.00 1233.15 1.702854 17.765646 -19732.828271 18.771662 4.815095 H2O
500.00 1223.15 1.728810 17.996597 -20082.529841 18.858478 4.897117 H2O
500.00 1213.15 1.752229 18.199604 -20404.260372 18.910805 4.973062 H2O
500.00 1203.15 1.773438 18.378189 -20701.620358 18.932911 5.043909 H2O
500.00 1193.15 1.792710 18.535300 -20977.629228 18.928358 5.110495 H2O
500.00 1183.15 1.810276 18.673427 -21234.844448 18.900146 5.173545 H2O
500.00 1173.15 1.826332 18.794687 -21475.449543 18.850815 5.233697 H2O
500.00 1163.15 1.841047 18.900893 -21701.321105 18.782527 5.291518 H2O
500.00 1153.15 1.854568 18.993600 -21914.081073 18.697131 5.347519 H2O
500.00 1143.15 1.867019 19.074154 -22115.138359 18.596212 5.402167 H2O
500.00 1133.15 1.878512 19.143718 -22305.722532 18.481131 5.455892 H2O
500.00 1123.15 1.889141 19.203305 -22486.911430 18.353059 5.509100 H2O
500.00 1113.15 1.898990 19.253794 -22659.654037 18.213006 5.562177 H2O
500.00 1103.15 1.908135 19.295955 -22824.789604 18.061838 5.615496 H2O
500.00 1093.15 1.916639 19.330460 -22983.063751 17.900304 5.669425 H2O
500.00 1083.15 1.925958 19.371947 -23151.933212 17.741910 5.728484 H2O
500.00 1073.15 1.934618 19.405528 -23313.753321 17.572822 5.788561 H2O
500.00 1063.15 1.942606 19.431062 -23468.322112 17.393007 5.849854 H2O
500.00 1053.15 1.949983 19.449167 -23616.364291 17.203108 5.912823 H2O
500.00 1043.15 1.956805 19.460385 -23758.533500 17.003672 5.977943 H2O
500.00 1033.15 1.964330 19.477194 -23910.156419 16.805510 6.049440 H2O
500.00 1023.15 2.005124 19.821362 -24468.721007 16.882305 6.228968 H2O

rhm-oxide_0 thermodynamic data and composition:
Pressure Temperature mass S H V Cp formula SiO2 TiO2 Al2O3 Fe2O3 Cr2O3 FeO MnO MgO CaO Na2O K2O P2O5 H2O
500.00 1083.15 0.005240 0.009449 -38.549904 0.001121 0.004732 Mn0.05Fe''0.78Mg0.06Fe'''0.22Ti0.89O3 0 47.2942 0 11.3982 0 37.4049 2.38271 1.52007 0 0 0 0 0
500.00 1073.15 0.009648 0.017308 -71.062606 0.002062 0.008699 Mn0.05Fe''0.79Mg0.05Fe'''0.21Ti0.90O3 0 47.432 0 11.0681 0 37.6006 2.46813 1.43125 0 0 0 0 0
500.00 1063.15 0.008695 0.015515 -64.123073 0.001857 0.007827 Mn0.05Fe''0.79Mg0.05Fe'''0.20Ti0.90O3 0 47.578 0 10.7265 0 37.7886 2.55943 1.34753 0 0 0 0 0
500.00 1053.15 0.007867 0.013964 -58.102906 0.001680 0.007070 Mn0.06Fe''0.80Mg0.05Fe'''0.20Ti0.90O3 0 47.7308 0 10.3754 0 37.9683 2.65733 1.26819 0 0 0 0 0
500.00 1043.15 0.007145 0.012614 -52.853504 0.001525 0.006410 Mn0.06Fe''0.80Mg0.04Fe'''0.19Ti0.91O3 0 47.8893 0 10.0167 0 38.1388 2.76261 1.19269 0 0 0 0 0
500.00 1033.15 0.006680 0.011729 -49.494736 0.001425 0.005983 Mn0.06Fe''0.81Mg0.04Fe'''0.18Ti0.91O3 0 48.0555 0 9.64479 0 38.2937 2.88725 1.1188 0 0 0 0 0
500.00 1023.15 0.010323 0.018026 -76.705603 0.002201 0.009225 Mn0.07Fe''0.80Mg0.04Fe'''0.17Ti0.91O3 0 48.3452 0 9.00536 0 38.23 3.42321 0.996167 0 0 0 0 0

apatite thermodynamic data and composition:
Pressure Temperature mass S H V Cp formula
500.00 1023.15 0.030284 0.059953 -381.310753 0.009889 0.033558 Ca5(PO4)3OH
