Title: Hr

Bulk Composition:
Pressure Temperature mass SiO2 TiO2 Al2O3 Fe2O3 FeO MnO MgO CaO Na2O K2O P2O5 H2O 
500.00 1523.15 98.271532 48.6086 1.37558 15.4532 2.51391 9.99137 0.199549 7.35442 10.7378 2.24053 0.353205 0.154266 1.01759
500.00 1513.15 98.272180 48.6083 1.37557 15.4531 2.52049 9.98537 0.199548 7.35437 10.7377 2.24051 0.353203 0.154265 1.01758
500.00 1503.15 98.272869 48.6079 1.37556 15.453 2.52747 9.97901 0.199546 7.35432 10.7377 2.2405 0.3532 0.154264 1.01757
500.00 1493.15 98.273599 48.6076 1.37555 15.4529 2.53486 9.97226 0.199545 7.35426 10.7376 2.24048 0.353198 0.154263 1.01757
500.00 1483.15 98.274372 48.6072 1.37554 15.4528 2.54269 9.96512 0.199543 7.35421 10.7375 2.24046 0.353195 0.154262 1.01756
500.00 1473.15 98.275188 48.6068 1.37553 15.4526 2.55096 9.95758 0.199542 7.35415 10.7374 2.24044 0.353192 0.154261 1.01755
500.00 1463.15 98.276050 48.6063 1.37551 15.4525 2.55969 9.94962 0.19954 7.35408 10.7373 2.24042 0.353189 0.154259 1.01754
500.00 1453.15 98.276958 48.6059 1.3755 15.4524 2.56889 9.94123 0.199538 7.35401 10.7372 2.2404 0.353186 0.154258 1.01753
500.00 1443.15 98.277914 48.6054 1.37549 15.4522 2.57857 9.93239 0.199536 7.35394 10.7371 2.24038 0.353182 0.154256 1.01752
500.00 1433.15 98.278920 48.6049 1.37547 15.452 2.58876 9.9231 0.199534 7.35387 10.737 2.24036 0.353178 0.154255 1.01751
500.00 1423.15 98.279224 48.6048 1.37547 15.452 2.59184 9.92029 0.199534 7.35384 10.737 2.24035 0.353177 0.154254 1.01751
500.00 1413.15 98.278098 48.6053 1.37548 15.4522 2.58044 9.93069 0.199536 7.35393 10.7371 2.24038 0.353181 0.154256 1.01752
500.00 1403.15 98.275749 48.6065 1.37552 15.4525 2.55664 9.95239 0.199541 7.3541 10.7373 2.24043 0.35319 0.15426 1.01755
500.00 1393.15 98.273251 48.6077 1.37555 15.4529 2.53133 9.97548 0.199546 7.35429 10.7376 2.24049 0.353199 0.154264 1.01757
500.00 1383.15 98.270815 48.6089 1.37559 15.4533 2.50665 9.99799 0.199551 7.35447 10.7379 2.24054 0.353208 0.154268 1.0176
500.00 1373.15 98.268423 48.6101 1.37562 15.4537 2.48242 10.0201 0.199555 7.35465 10.7381 2.2406 0.353216 0.154271 1.01762
500.00 1363.15 98.266046 48.6113 1.37565 15.4541 2.45834 10.0421 0.19956 7.35483 10.7384 2.24065 0.353225 0.154275 1.01765
500.00 1353.15 98.263637 48.6125 1.37569 15.4544 2.43393 10.0643 0.199565 7.35501 10.7387 2.24071 0.353233 0.154279 1.01767
500.00 1343.15 98.434113 48.5283 1.3733 15.4277 4.15833 8.49147 0.19922 7.34227 10.7201 2.23683 0.352622 0.154012 1.01591
500.00 1333.15 98.460186 48.5154 1.37294 15.4236 4.42153 8.2514 0.199167 7.34033 10.7172 2.23623 0.352528 0.153971 1.01564
500.00 1323.15 98.491965 48.4998 1.3725 15.4186 4.74215 7.95895 0.199103 7.33796 10.7138 2.23551 0.352415 0.153921 1.01531
500.00 1313.15 98.510423 48.4907 1.37224 15.4157 4.92828 7.78918 0.199065 7.33658 10.7118 2.23509 0.352348 0.153892 1.01512
500.00 1303.15 98.511280 48.4903 1.37223 15.4156 4.93692 7.7813 0.199063 7.33652 10.7117 2.23507 0.352345 0.153891 1.01511
500.00 1293.15 98.508234 48.4918 1.37227 15.4161 4.90621 7.80931 0.19907 7.33675 10.712 2.23514 0.352356 0.153896 1.01514
500.00 1283.15 98.502485 48.4946 1.37235 15.417 4.84825 7.86218 0.199081 7.33718 10.7126 2.23527 0.352377 0.153905 1.0152
500.00 1273.15 98.494942 48.4983 1.37246 15.4182 4.77217 7.93157 0.199097 7.33774 10.7134 2.23544 0.352404 0.153917 1.01528
500.00 1263.15 98.486293 48.5026 1.37258 15.4195 4.68494 8.01113 0.199114 7.33838 10.7144 2.23564 0.352435 0.15393 1.01537
500.00 1253.15 98.476779 48.5073 1.37271 15.421 4.58896 8.09868 0.199133 7.33909 10.7154 2.23586 0.352469 0.153945 1.01547
500.00 1243.15 98.466578 48.5123 1.37285 15.4226 4.48604 8.19256 0.199154 7.33985 10.7165 2.23609 0.352505 0.153961 1.01557
500.00 1233.15 98.456440 48.5173 1.37299 15.4242 4.38372 8.28588 0.199174 7.34061 10.7176 2.23632 0.352542 0.153977 1.01568
500.00 1223.15 98.443356 48.5237 1.37318 15.4262 4.25165 8.40635 0.199201 7.34158 10.7191 2.23662 0.352589 0.153997 1.01581
500.00 1213.15 98.429225 48.5307 1.37337 15.4284 4.10897 8.53649 0.199229 7.34264 10.7206 2.23694 0.352639 0.154019 1.01596
500.00 1203.15 98.415455 48.5375 1.37356 15.4306 3.96989 8.66335 0.199257 7.34366 10.7221 2.23725 0.352688 0.154041 1.0161
500.00 1193.15 98.402107 48.5441 1.37375 15.4327 3.83503 8.78635 0.199284 7.34466 10.7236 2.23755 0.352736 0.154062 1.01624
500.00 1183.15 98.389206 48.5504 1.37393 15.4347 3.70466 8.90527 0.19931 7.34562 10.725 2.23785 0.352783 0.154082 1.01637
500.00 1173.15 98.376749 48.5566 1.37411 15.4367 3.57874 9.02012 0.199336 7.34655 10.7263 2.23813 0.352827 0.154101 1.0165
500.00 1163.15 98.364716 48.5625 1.37427 15.4386 3.45709 9.13108 0.19936 7.34745 10.7276 2.2384 0.35287 0.15412 1.01662
500.00 1153.15 98.350504 48.5696 1.37447 15.4408 3.31336 9.26218 0.199389 7.34851 10.7292 2.23873 0.352921 0.154143 1.01677
500.00 1143.15 98.336138 48.5766 1.37467 15.4431 3.16802 9.39475 0.199418 7.34959 10.7307 2.23905 0.352973 0.154165 1.01692
500.00 1133.15 98.321982 48.5836 1.37487 15.4453 3.02477 9.52541 0.199447 7.35065 10.7323 2.23938 0.353024 0.154187 1.01707
500.00 1123.15 98.308055 48.5905 1.37507 15.4475 2.8838 9.65399 0.199475 7.35169 10.7338 2.23969 0.353074 0.154209 1.01721
500.00 1113.15 98.294348 48.5973 1.37526 15.4496 2.74501 9.78058 0.199503 7.35271 10.7353 2.24001 0.353123 0.154231 1.01735
500.00 1103.15 98.276555 48.6061 1.37551 15.4524 2.5648 9.94495 0.199539 7.35404 10.7373 2.24041 0.353187 0.154259 1.01754
500.00 1093.15 98.267710 48.6105 1.37563 15.4538 2.4752 10.0267 0.199557 7.3547 10.7382 2.24061 0.353219 0.154272 1.01763
500.00 1083.15 98.268223 48.6102 1.37562 15.4537 2.48039 10.0219 0.199556 7.35467 10.7382 2.2406 0.353217 0.154272 1.01762