Title: Hr

Phase Masses:
Pressure Temperature mass liquid_0 olivine_0 orthopyroxene_0 clinopyroxene_0 feldspar_0 feldspar_1 spinel_0 rhm-oxide_0 apatite water 
500.00 1523.15 98.271532 98.271532 0.000000 0.000000 0.000000 0.000000 0.000000 0.000000 0.000000 0.000000 0.000000 
500.00 1513.15 98.272180 98.272180 0.000000 0.000000 0.000000 0.000000 0.000000 0.000000 0.000000 0.000000 0.000000 
500.00 1503.15 98.272869 98.272869 0.000000 0.000000 0.000000 0.000000 0.000000 0.000000 0.000000 0.000000 0.000000 
500.00 1493.15 98.273599 98.273599 0.000000 0.000000 0.000000 0.000000 0.000000 0.000000 0.000000 0.000000 0.000000 
500.00 1483.15 98.274372 98.274372 0.000000 0.000000 0.000000 0.000000 0.000000 0.000000 0.000000 0.000000 0.000000 
500.00 1473.15 98.275188 98.275188 0.000000 0.000000 0.000000 0.000000 0.000000 0.000000 0.000000 0.000000 0.000000 
500.00 1463.15 98.276050 98.276050 0.000000 0.000000 0.000000 0.000000 0.000000 0.000000 0.000000 0.000000 0.000000 
500.00 1453.15 98.276958 98.276958 0.000000 0.000000 0.000000 0.000000 0.000000 0.000000 0.000000 0.000000 0.000000 
500.00 1443.15 98.277914 98.277914 0.000000 0.000000 0.000000 0.000000 0.000000 0.000000 0.000000 0.000000 0.000000 
500.00 1433.15 98.278920 98.278920 0.000000 0.000000 0.000000 0.000000 0.000000 0.000000 0.000000 0.000000 0.000000 
500.00 1423.15 98.279224 98.006594 0.272630 0.000000 0.000000 0.000000 0.000000 0.000000 0.000000 0.000000 0.000000 
500.00 1413.15 98.278098 96.889072 1.050869 0.000000 0.338157 0.000000 0.000000 0.000000 0.000000 0.000000 0.000000 
500.00 1403.15 98.275749 89.331969 1.973975 0.000000 3.855931 3.113875 0.000000 0.000000 0.000000 0.000000 0.000000 
500.00 1393.15 98.273251 82.608637 2.858880 0.000000 6.828388 5.977346 0.000000 0.000000 0.000000 0.000000 0.000000 
500.00 1383.15 98.270815 76.693881 3.683400 0.000000 9.416372 8.477162 0.000000 0.000000 0.000000 0.000000 0.000000 
500.00 1373.15 98.268423 71.416560 4.472461 0.000000 11.697675 10.681727 0.000000 0.000000 0.000000 0.000000 0.000000 
500.00 1363.15 98.266046 66.646354 5.248329 0.000000 13.728490 12.642872 0.000000 0.000000 0.000000 0.000000 0.000000 
500.00 1353.15 98.263637 62.281913 6.031926 0.000000 15.548621 14.401178 0.000000 0.000000 0.000000 0.000000 0.000000 
500.00 1343.15 98.434113 50.861554 4.725293 0.000000 20.520952 16.890556 0.000000 5.435759 0.000000 0.000000 0.000000 
500.00 1333.15 98.460186 46.341493 4.011457 1.381784 21.757893 18.661007 0.000000 6.306551 0.000000 0.000000 0.000000 
500.00 1323.15 98.491965 39.491681 1.569058 5.805615 22.469416 21.792994 0.000000 7.277042 0.000000 0.000000 0.086159 
500.00 1313.15 98.510423 32.148144 0.000000 9.298192 22.810005 26.016243 0.000000 7.997014 0.000000 0.000000 0.240825 
500.00 1303.15 98.511280 27.143757 0.000000 10.442110 22.907901 29.357967 0.000000 8.308118 0.000000 0.000000 0.351426 
500.00 1293.15 98.508234 23.053789 0.000000 11.400362 22.952428 32.165462 0.000000 8.491519 0.000000 0.000000 0.444675 
500.00 1283.15 98.502485 19.721910 0.000000 12.220908 22.960072 34.495663 0.000000 8.581524 0.000000 0.000000 0.522409 
500.00 1273.15 98.494942 17.016567 0.000000 12.939155 22.937565 36.410823 0.000000 8.604270 0.000000 0.000000 0.586562 
500.00 1263.15 98.486293 14.820874 0.000000 13.580381 22.889281 37.976694 0.000000 8.579866 0.000000 0.000000 0.639197 
500.00 1253.15 98.476779 12.994491 0.000000 14.173138 22.817696 39.271520 0.000000 8.520863 0.000000 0.016160 0.682912 
500.00 1243.15 98.466578 11.442704 0.000000 14.734389 22.725707 40.353006 0.000000 8.435653 0.000000 0.055512 0.719608 
500.00 1233.15 98.456440 10.168608 0.000000 15.251806 22.621669 41.240634 0.000000 8.336814 0.000000 0.087139 0.749769 
500.00 1223.15 98.443356 9.023617 0.146558 15.650286 22.496321 42.046389 0.000000 8.184710 0.000000 0.117836 0.777639 
500.00 1213.15 98.429225 8.007878 0.324510 16.025447 22.360192 42.754524 0.000000 8.007935 0.000000 0.146048 0.802691 
500.00 1203.15 98.415455 7.126311 0.472690 16.413522 22.221832 43.358138 0.000000 7.827995 0.000000 0.170515 0.824452 
500.00 1193.15 98.402107 6.354939 0.595737 16.809553 22.083839 43.875881 0.000000 7.646825 0.000000 0.191852 0.843480 
500.00 1183.15 98.389206 5.674223 0.697772 17.209934 21.948313 44.322729 0.000000 7.465425 0.000000 0.210569 0.860240 
500.00 1173.15 98.376749 5.068243 0.782316 17.612320 21.816942 44.710620 0.000000 7.284103 0.000000 0.227091 0.875113 
500.00 1163.15 98.364716 4.523982 0.852332 18.015458 21.691101 45.049015 0.000000 7.102639 0.000000 0.241773 0.888416 
500.00 1153.15 98.350504 3.757717 0.929646 18.558631 21.558638 45.528812 0.000000 6.626400 0.221285 0.262443 0.906933 
500.00 1143.15 98.336138 3.022930 0.993561 19.111194 21.427699 45.985995 0.000000 6.140392 0.448043 0.281822 0.924503 
500.00 1133.15 98.321982 2.344673 1.044321 19.651427 21.300117 46.405854 0.000000 5.683411 0.652356 0.299310 0.940512 
500.00 1123.15 98.308055 1.711740 1.084515 20.177746 21.176102 46.797292 0.000000 5.253394 0.836728 0.315315 0.955223 
500.00 1113.15 98.294348 1.113929 1.116235 20.689840 21.055752 47.168139 0.000000 4.847896 1.003476 0.330206 0.968875 
500.00 1103.15 98.276555 0.368250 1.147227 21.320830 20.925467 47.492845 0.142856 4.355549 1.189456 0.348599 0.985476 
500.00 1093.15 98.267710 0.000000 1.160267 21.668407 20.830939 47.476684 0.385498 4.104825 1.289843 0.357661 0.993586 
500.00 1083.15 98.268223 0.000000 1.159307 21.724359 20.769259 47.383619 0.474308 4.092276 1.313848 0.357661 0.993586 
