Title: Hr

Solid Composition:
Pressure Temperature mass SiO2 TiO2 Al2O3 Fe2O3 FeO MnO MgO CaO Na2O K2O P2O5 H2O 
500.00 1523.15 0.000000 ---
500.00 1513.15 0.000000 ---
500.00 1503.15 0.000000 ---
500.00 1493.15 0.000000 ---
500.00 1483.15 0.000000 ---
500.00 1473.15 0.000000 ---
500.00 1463.15 0.000000 ---
500.00 1453.15 0.000000 ---
500.00 1443.15 0.000000 ---
500.00 1433.15 0.000000 ---
500.00 1423.15 0.272630 39.4165 0 1.45974e-013 0 16.9402 0.33768 42.8803 0.425286 0 0 0 0
500.00 1413.15 1.389026 41.8781 0.152496 1.27191 0.639736 14.5534 0.262687 35.8552 5.34602 0.0404169 0 0 0
500.00 1403.15 8.943780 46.5978 0.310898 14.0054 1.18672 6.55001 0.0838884 15.7589 14.7128 0.77925 0.0144382 0 0
500.00 1393.15 15.664614 46.8604 0.360037 15.1305 1.2551 6.21945 0.0755371 13.9762 15.2161 0.889525 0.0171948 0 0
500.00 1383.15 21.576934 46.8866 0.41168 15.4906 1.31461 6.33566 0.0764767 13.2318 15.2771 0.956333 0.0191234 0 0
500.00 1373.15 26.851862 46.8328 0.468663 15.6351 1.37365 6.59038 0.0803248 12.7714 15.2167 1.01019 0.0208044 0 0
500.00 1363.15 31.619691 46.7308 0.53251 15.6858 1.4342 6.91746 0.0857259 12.4273 15.1059 1.05785 0.0223587 0 0
500.00 1353.15 35.981725 46.5896 0.604584 15.6857 1.49681 7.29575 0.0922599 12.1408 14.969 1.10169 0.0238221 0 0
500.00 1343.15 47.572559 42.566 1.54873 14.5158 6.27753 9.11892 0.071039 10.9562 13.8757 1.0489 0.0211867 0 0
500.00 1333.15 52.118693 42.706 1.61071 14.5365 6.55205 9.17031 0.062714 10.6156 13.63 1.09346 0.0226506 0 0
500.00 1323.15 59.000284 43.5568 1.61651 14.7385 6.64692 8.88136 0.0292789 10.0187 13.1415 1.19704 0.0273253 0 0.146031
500.00 1313.15 66.362279 44.377 1.57612 15.0528 6.45697 8.66808 0 9.45002 12.6304 1.38904 0.0366394 0 0.362895
500.00 1303.15 71.367523 44.8189 1.54219 15.2589 6.18724 8.67429 0 9.11656 12.3025 1.56095 0.0461171 0 0.492418
500.00 1293.15 75.454446 45.2324 1.5136 15.3876 5.93776 8.68658 0 8.84774 12.0387 1.70987 0.0563962 0 0.589329
500.00 1283.15 78.780576 45.605 1.49 15.4669 5.70773 8.70753 0 8.63131 11.8266 1.83458 0.0671755 0 0.663119
500.00 1273.15 81.478375 45.9326 1.47087 15.5149 5.49612 8.73739 0 8.45731 11.6566 1.93616 0.0781369 0 0.719898
500.00 1263.15 83.665419 46.2167 1.45552 15.5434 5.30168 8.77499 0 8.3172 11.5203 2.01726 0.0890139 0 0.763991
500.00 1253.15 85.482288 46.4563 1.44301 15.5566 5.11829 8.81863 0 8.20144 11.4173 2.08129 0.0998331 0.00801305 0.799231
500.00 1243.15 87.023874 46.6548 1.43269 15.5582 4.94235 8.86709 0 8.10356 11.3443 2.13119 0.11067 0.027038 0.828053
500.00 1233.15 88.287832 46.8276 1.42454 15.5567 4.78119 8.91857 0 8.02329 11.2845 2.16969 0.121102 0.0418351 0.851003
500.00 1223.15 89.419739 46.9736 1.41754 15.5554 4.59484 8.99957 0.0154231 7.95185 11.2321 2.20033 0.13146 0.0558563 0.872013
500.00 1213.15 90.421347 47.1048 1.41173 15.553 4.40442 9.09075 0.036245 7.88832 11.1861 2.2238 0.141771 0.0684627 0.890619
500.00 1203.15 91.289144 47.226 1.40703 15.5492 4.22501 9.17954 0.0556017 7.83274 11.1459 2.24127 0.151973 0.0791721 0.906471
500.00 1193.15 92.047168 47.3387 1.40319 15.5446 4.05584 9.26561 0.0733384 7.78369 11.1104 2.25407 0.162114 0.0883455 0.920094
500.00 1183.15 92.714983 47.4439 1.40004 15.5396 3.89602 9.34881 0.0894374 7.74002 11.0785 2.26321 0.172241 0.096266 0.931905
500.00 1173.15 93.308505 47.5429 1.39741 15.5343 3.74464 9.42918 0.103959 7.70081 11.0495 2.26949 0.182407 0.103159 0.942235
500.00 1163.15 93.840734 47.6366 1.39518 15.5289 3.6008 9.50684 0.117003 7.66527 11.0227 2.27353 0.192661 0.109206 0.951348
500.00 1153.15 94.592788 47.7862 1.39375 15.5162 3.42774 9.58239 0.135443 7.61342 10.9803 2.27355 0.209688 0.117599 0.963751
500.00 1143.15 95.313208 47.937 1.39177 15.5033 3.25597 9.65854 0.151726 7.56329 10.9376 2.27129 0.228995 0.125328 0.975265
500.00 1133.15 95.977308 48.0815 1.38927 15.4913 3.0899 9.73457 0.165286 7.51677 10.8963 2.2674 0.249955 0.132184 0.985524
500.00 1123.15 96.596315 48.2205 1.38634 15.4804 2.92913 9.80984 0.176525 7.47318 10.8561 2.26217 0.272749 0.13836 0.994734
500.00 1113.15 97.180418 48.3549 1.38306 15.4705 2.77309 9.88392 0.185803 7.43188 10.8164 2.25582 0.297558 0.144024 1.00308
500.00 1103.15 97.908305 48.5253 1.37823 15.4594 2.57343 9.97976 0.195351 7.38019 10.7644 2.24596 0.334153 0.150916 1.01291
500.00 1093.15 98.267710 48.6105 1.37563 15.4538 2.4752 10.0267 0.199557 7.3547 10.7382 2.24061 0.353219 0.154272 1.01763
500.00 1083.15 98.268223 48.6102 1.37562 15.4537 2.48039 10.0219 0.199556 7.35467 10.7382 2.2406 0.353217 0.154272 1.01762