Title: Hr

liquid_0 thermodynamic data and composition:
Pressure Temperature mass S H V Cp viscosity SiO2 TiO2 Al2O3 Fe2O3 FeO MnO MgO CaO Na2O K2O P2O5 H2O Mg#
500.00 1523.15 98.149319 274.662583 -1166693.953156 37.825284 146.991174 1.926 50.0729 1.3562 14.7453 2.49857 9.85121 0.194296 6.87901 10.6671 2.23109 0.332453 0.153032 1.01886 55.5
500.00 1513.15 98.149963 273.695608 -1168173.234492 37.789202 146.991055 1.967 50.0726 1.35619 14.7452 2.50509 9.84526 0.194295 6.87896 10.667 2.23108 0.33245 0.153031 1.01885 55.5
500.00 1503.15 98.150645 272.722265 -1169653.126792 37.753180 146.991133 2.007 50.0722 1.35618 14.7451 2.51202 9.83894 0.194293 6.87892 10.667 2.23106 0.332448 0.15303 1.01884 55.5
500.00 1493.15 98.151369 271.742467 -1171133.653855 37.717221 146.991415 2.049 50.0718 1.35617 14.745 2.51936 9.83225 0.194292 6.87886 10.6669 2.23104 0.332446 0.153029 1.01883 55.5
500.00 1483.15 98.152135 270.756125 -1172614.840491 37.681325 146.991907 2.091 50.0715 1.35616 14.7449 2.52713 9.82516 0.19429 6.87881 10.6668 2.23103 0.332443 0.153028 1.01883 55.5
500.00 1473.15 98.152944 269.779440 -1174072.654128 37.645494 143.477620 2.133 50.071 1.35615 14.7447 2.53533 9.81768 0.194289 6.87875 10.6667 2.23101 0.33244 0.153026 1.01882 55.5
500.00 1463.15 98.153798 268.803707 -1175520.038782 37.609730 143.469498 2.176 50.0706 1.35614 14.7446 2.54399 9.80978 0.194287 6.87869 10.6666 2.23099 0.332437 0.153025 1.01881 55.6
500.00 1453.15 98.154698 267.821381 -1176968.065709 37.574034 143.461017 2.220 50.0701 1.35612 14.7445 2.55312 9.80146 0.194285 6.87863 10.6665 2.23097 0.332434 0.153024 1.0188 55.6
500.00 1443.15 98.155645 266.832371 -1178416.757830 37.538408 143.452174 2.264 50.0697 1.35611 14.7443 2.56274 9.79269 0.194283 6.87857 10.6664 2.23095 0.332431 0.153022 1.01879 55.6
500.00 1433.15 98.156643 265.836584 -1179866.139225 37.502854 143.442966 2.309 50.0692 1.3561 14.7442 2.57285 9.78347 0.194281 6.8785 10.6663 2.23092 0.332428 0.153021 1.01878 55.6
500.00 1423.15 98.157691 264.833928 -1181316.235198 37.467373 143.433391 2.355 50.0686 1.35608 14.744 2.58348 9.77377 0.194279 6.87842 10.6662 2.2309 0.332424 0.153019 1.01877 55.6
500.00 1413.15 97.095685 261.077117 -1169607.255104 37.049848 141.771951 2.407 50.0637 1.3653 14.8551 2.59548 9.808 0.196404 6.77761 10.5641 2.25358 0.33606 0.154693 1.02991 55.2
500.00 1403.15 92.663814 248.663249 -1116305.059331 35.425945 134.888844 2.482 50.0623 1.40227 15.3321 2.60733 9.97567 0.205798 6.34716 10.1206 2.35333 0.352133 0.162091 1.07917 53.1
500.00 1393.15 86.792902 232.550664 -1043179.344365 33.246805 125.868488 2.542 50.1792 1.47138 15.3908 2.66573 10.303 0.217438 5.95539 9.66426 2.45255 0.374983 0.173056 1.15217 50.7
500.00 1383.15 81.002183 216.727734 -970643.697591 31.093156 116.994742 2.597 50.3558 1.55316 15.2852 2.73901 10.6669 0.229081 5.56367 9.23951 2.54732 0.400386 0.185427 1.23453 48.2
500.00 1373.15 75.970970 202.965171 -907838.089196 29.222039 109.301409 2.654 50.5355 1.63215 15.1779 2.80776 11.0051 0.240229 5.18907 8.8356 2.63727 0.425488 0.197707 1.31629 45.7
500.00 1363.15 71.553265 190.868220 -852891.985126 27.579255 102.561376 2.710 50.719 1.70855 15.0684 2.87247 11.3182 0.250877 4.83059 8.45148 2.72264 0.45033 0.209914 1.39756 43.2
500.00 1353.15 67.637368 180.134942 -804377.335973 26.123394 96.601002 2.767 50.9073 1.78253 14.9565 2.9335 11.6066 0.261007 4.48723 8.08629 2.80365 0.474953 0.222067 1.47847 40.8
500.00 1343.15 55.860909 150.122656 -690657.439956 22.478535 79.615539 3.298 55.2133 1.2357 15.5687 2.22852 8.1535 0.316042 3.71108 7.71235 3.22953 0.572203 0.268882 1.79016 44.8
500.00 1333.15 51.589535 138.802862 -643222.742322 21.003841 73.344867 3.467 56.4545 1.1437 15.5424 2.07824 7.4472 0.342208 3.35628 7.40018 3.38823 0.617592 0.291144 1.93838 44.5
500.00 1323.15 48.084353 129.463187 -603895.038191 19.780872 68.198601 3.620 57.5908 1.06153 15.4582 1.94659 6.8409 0.367154 3.04462 7.11148 3.52608 0.660574 0.312368 2.07968 44.2
500.00 1313.15 45.119832 121.529062 -570339.655190 18.736043 63.850125 3.761 58.6397 0.99031 15.3332 1.82796 6.30447 0.391277 2.76854 6.84556 3.64783 0.701883 0.332891 2.21632 43.9
500.00 1303.15 42.582193 114.706964 -541420.341489 17.833707 60.131454 3.891 59.6162 0.926995 15.1808 1.71934 5.82386 0.414595 2.52539 6.59472 3.75538 0.741581 0.35273 2.3484 43.6

clinopyroxene_1 thermodynamic data and composition:
Pressure Temperature mass S H V Cp structure formula SiO2 TiO2 Al2O3 Fe2O3 FeO MnO MgO CaO Na2O K2O P2O5 H2O
500.00 1343.15 0.694060 1.594696 -8383.880623 0.209488 0.832039 cpx Na0.00Ca0.22Fe''0.49Mg1.19Fe'''0.05Ti0.01Al0.14Si1.90O6 51.5895 0.221218 3.33456 1.76317 15.7675 0 21.7114 5.54505 0.0675887 0 0 0
500.00 1333.15 0.651724 1.490792 -7858.753191 0.196443 0.779786 cpx Na0.00Ca0.22Fe''0.50Mg1.19Fe'''0.05Ti0.01Al0.14Si1.90O6 51.6127 0.2116 3.23301 1.70888 16.1285 0 21.5883 5.44947 0.0676037 0 0 0

clinopyroxene_0 thermodynamic data and composition:
Pressure Temperature mass S H V Cp structure formula SiO2 TiO2 Al2O3 Fe2O3 FeO MnO MgO CaO Na2O K2O P2O5 H2O
500.00 1413.15 1.062983 2.453369 -13573.244577 0.327841 1.257073 cpx Na0.01Ca0.79Fe''0.18Mg0.88Fe'''0.07Ti0.01Al0.20Si1.86O6 50.4679 0.512598 4.58438 2.40246 5.81257 0 16.0806 19.9818 0.157631 0 0 0
500.00 1403.15 4.433799 10.195564 -56458.088486 1.363893 5.229993 cpx Na0.01Ca0.78Fe''0.19Mg0.87Fe'''0.07Ti0.02Al0.21Si1.85O6 50.0833 0.592152 4.88026 2.55587 6.11301 0 15.7744 19.8332 0.167871 0 0 0
500.00 1393.15 3.349236 7.674081 -42506.955580 1.027696 3.941788 cpx Na0.01Ca0.78Fe''0.20Mg0.86Fe'''0.07Ti0.02Al0.22Si1.84O6 49.8305 0.667421 4.98586 2.66852 6.51407 0 15.5826 19.5752 0.175786 0 0 0
500.00 1383.15 2.533487 5.783162 -32035.962077 0.775379 2.974384 cpx Na0.01Ca0.77Fe''0.22Mg0.85Fe'''0.08Ti0.02Al0.22Si1.84O6 49.596 0.748765 5.03375 2.77973 6.94873 0 15.3787 19.3311 0.183182 0 0 0
500.00 1373.15 2.166647 4.926772 -27290.411770 0.661310 2.537070 cpx Na0.01Ca0.76Fe''0.23Mg0.84Fe'''0.08Ti0.02Al0.22Si1.83O6 49.3426 0.837224 5.0891 2.8972 7.40093 0 15.1557 19.0864 0.190791 0 0 0
500.00 1363.15 1.867041 4.228731 -23419.044557 0.568237 2.180152 cpx Na0.01Ca0.75Fe''0.24Mg0.83Fe'''0.08Ti0.03Al0.23Si1.83O6 49.0667 0.934386 5.15311 3.02271 7.86945 0 14.9094 18.8456 0.198683 0 0 0
500.00 1353.15 1.617697 3.649038 -20201.996434 0.490867 1.883324 cpx Na0.01Ca0.74Fe''0.26Mg0.81Fe'''0.09Ti0.03Al0.23Si1.82O6 48.7624 1.04309 5.22819 3.15906 8.34995 0 14.633 18.6174 0.206985 0 0 0
500.00 1343.15 3.622193 8.137507 -45551.287060 1.102956 4.224990 cpx Na0.01Ca0.75Fe''0.25Mg0.83Fe'''0.08Ti0.02Al0.21Si1.84O6 49.5982 0.7831 4.69767 2.71378 8.07549 0 15.0193 18.9107 0.201721 0 0 0
500.00 1333.15 1.033225 2.311017 -12997.445186 0.314431 1.203363 cpx Na0.01Ca0.76Fe''0.25Mg0.83Fe'''0.07Ti0.02Al0.20Si1.85O6 49.6499 0.783866 4.60203 2.66236 8.16948 0 14.9195 19.0058 0.207027 0 0 0
500.00 1323.15 0.845148 1.881856 -10635.448838 0.257045 0.982770 cpx Na0.02Ca0.76Fe''0.26Mg0.82Fe'''0.07Ti0.02Al0.20Si1.85O6 49.6954 0.785283 4.51174 2.61534 8.24879 0 14.8063 19.1246 0.21262 0 0 0
500.00 1313.15 0.622793 1.380377 -7841.194775 0.189311 0.723023 cpx Na0.02Ca0.77Fe''0.26Mg0.82Fe'''0.07Ti0.02Al0.19Si1.85O6 49.7303 0.791534 4.43012 2.5728 8.30391 0 14.6794 19.2733 0.218625 0 0 0
500.00 1303.15 0.483703 1.067147 -6093.447137 0.146953 0.560653 cpx Na0.02Ca0.78Fe''0.26Mg0.81Fe'''0.07Ti0.02Al0.19Si1.85O6 49.7669 0.798169 4.35038 2.5288 8.35299 0 14.56 19.418 0.224709 0 0 0

orthopyroxene_0 thermodynamic data and composition:
Pressure Temperature mass S H V Cp structure formula SiO2 TiO2 Al2O3 Fe2O3 FeO MnO MgO CaO Na2O K2O P2O5 H2O
500.00 1323.15 0.422758 0.964099 -5173.387994 0.127461 0.515776 opx Na0.00Ca0.07Fe''0.49Mg1.37Fe'''0.03Ti0.00Al0.09Si1.94O6 53.2729 0.10267 2.2126 1.08384 16.0248 0 25.3726 1.91071 0.0198832 0 0 0
500.00 1313.15 0.385354 0.874591 -4705.630099 0.115999 0.469074 opx Na0.00Ca0.07Fe''0.50Mg1.36Fe'''0.03Ti0.00Al0.09Si1.94O6 53.2465 0.0965556 2.1414 1.04529 16.4021 0 25.1464 1.90182 0.0199565 0 0 0
500.00 1303.15 0.332377 0.750724 -4050.392627 0.099894 0.403682 opx Na0.00Ca0.07Fe''0.51Mg1.35Fe'''0.03Ti0.00Al0.09Si1.94O6 53.2201 0.0909412 2.07369 1.00784 16.7695 0 24.9281 1.88985 0.020011 0 0 0

olivine_0 thermodynamic data and composition:
Pressure Temperature mass S H V Cp formula SiO2 TiO2 Al2O3 Fe2O3 FeO MnO MgO CaO Na2O K2O P2O5 H2O
500.00 1393.15 0.473783 1.110043 -5611.749324 0.141502 0.574262 (Ca0.01Mg0.78Fe''0.22Mn0.00Co0.00Ni0.00)2SiO4 38.8175 0 0 0 20.0836 0.417719 40.2985 0.382688 0 0 0 0
500.00 1383.15 0.695390 1.619914 -8146.144425 0.206488 0.837678 (Ca0.01Mg0.76Fe''0.23Mn0.00Co0.00Ni0.00)2SiO4 38.58 0 0 0 21.3226 0.455083 39.2734 0.368899 0 0 0 0
500.00 1373.15 0.619680 1.435006 -7174.010626 0.182890 0.741651 (Ca0.00Mg0.75Fe''0.25Mn0.01Co0.00Ni0.00)2SiO4 38.33 0 0 0 22.626 0.493925 38.1939 0.356263 0 0 0 0
500.00 1363.15 0.561115 1.291434 -6414.155879 0.164545 0.666988 (Ca0.00Mg0.73Fe''0.26Mn0.01Co0.00Ni0.00)2SiO4 38.066 0 0 0 24.0014 0.534352 37.0535 0.34474 0 0 0 0
500.00 1353.15 0.516664 1.181578 -5825.873857 0.150483 0.609735 (Ca0.00Mg0.71Fe''0.28Mn0.01Co0.00Ni0.00)2SiO4 37.7866 0 0 0 25.4571 0.576441 35.8456 0.334299 0 0 0 0

feldspar_0 thermodynamic data and composition:
Pressure Temperature mass S H V Cp formula SiO2 TiO2 Al2O3 Fe2O3 FeO MnO MgO CaO Na2O K2O P2O5 H2O
500.00 1393.15 2.047585 4.863185 -28447.235777 0.764968 2.504158 K0.00Na0.20Ca0.80Al1.80Si2.20O8 48.1188 0 33.3224 0 0 0 0 16.2635 2.2542 0.0410782 0 0
500.00 1383.15 2.562377 6.068237 -35624.468156 0.957787 3.131008 K0.00Na0.21Ca0.79Al1.79Si2.21O8 48.3655 0 33.1555 0 0 0 0 16.0682 2.36636 0.0444114 0 0
500.00 1373.15 2.245598 5.302532 -31242.259890 0.839827 2.741527 K0.00Na0.22Ca0.78Al1.78Si2.22O8 48.6184 0 32.9844 0 0 0 0 15.8681 2.48131 0.0478332 0 0
500.00 1363.15 1.990411 4.686170 -27711.248355 0.744801 2.427845 K0.00Na0.23Ca0.77Al1.77Si2.23O8 48.8783 0 32.8086 0 0 0 0 15.6623 2.59946 0.0513603 0 0
500.00 1353.15 1.782519 4.184331 -24834.058198 0.667391 2.172343 K0.00Na0.24Ca0.76Al1.76Si2.24O8 49.1459 0 32.6275 0 0 0 0 15.4505 2.72112 0.0550088 0 0
500.00 1343.15 2.897791 6.785319 -40396.373497 1.086076 3.528789 K0.00Na0.26Ca0.74Al1.74Si2.26O8 49.5694 0 32.3422 0 0 0 0 15.1163 2.91672 0.0554995 0 0
500.00 1333.15 1.743757 4.071534 -24324.465918 0.654049 2.121654 K0.00Na0.27Ca0.73Al1.73Si2.27O8 49.904 0 32.116 0 0 0 0 14.8516 3.06958 0.0588369 0 0
500.00 1323.15 1.569771 3.654823 -21911.566042 0.589250 1.908329 K0.00Na0.28Ca0.71Al1.71Si2.29O8 50.2456 0 31.8851 0 0 0 0 14.5814 3.22544 0.062456 0 0
500.00 1313.15 1.424435 3.306867 -19895.642577 0.535119 1.730157 K0.00Na0.30Ca0.70Al1.70Si2.30O8 50.592 0 31.6509 0 0 0 0 14.3074 3.38342 0.0663337 0 0
500.00 1303.15 1.287995 2.981402 -18001.347600 0.484253 1.563079 K0.00Na0.31Ca0.68Al1.68Si2.32O8 50.9456 0 31.4118 0 0 0 0 14.0276 3.54456 0.0704661 0 0

spinel_0 thermodynamic data and composition:
Pressure Temperature mass S H V Cp formula SiO2 TiO2 Al2O3 Fe2O3 FeO MnO MgO CaO Na2O K2O P2O5 H2O
500.00 1343.15 4.714743 9.835562 -26932.886666 1.017526 4.439922 Fe''0.97Mg0.30Fe'''1.20Al0.26Cr0.00Ti0.27O4 0 10.2973 6.13415 44.9491 32.9396 0 5.67977 0 0 0 0 0
500.00 1333.15 0.872516 1.811044 -4937.279705 0.187678 0.818778 Fe''0.99Mg0.29Fe'''1.20Al0.24Cr0.00Ti0.28O4 0 10.4155 5.77634 44.9919 33.4142 0 5.40212 0 0 0 0 0
500.00 1323.15 0.691721 1.428572 -3878.964450 0.148312 0.646961 Fe''1.01Mg0.27Fe'''1.21Al0.23Cr0.00Ti0.28O4 0 10.5018 5.45027 45.0644 33.8484 0 5.13502 0 0 0 0 0
500.00 1313.15 0.551693 1.133735 -3068.123250 0.117933 0.514387 Fe''1.02Mg0.26Fe'''1.21Al0.22Cr0.00Ti0.28O4 0 10.5888 5.14817 45.117 34.2604 0 4.88557 0 0 0 0 0
500.00 1303.15 0.450162 0.920574 -2484.742139 0.095960 0.418511 Fe''1.04Mg0.25Fe'''1.22Al0.21Cr0.00Ti0.29O4 0 10.6725 4.87187 45.1565 34.6433 0 4.65583 0 0 0 0 0
