Title: Hr

Liquid Composition:
Pressure Temperature mass SiO2 TiO2 Al2O3 Fe2O3 Cr2O3 FeO MnO MgO CaO Na2O K2O P2O5 H2O 
500.00 1523.15 98.106980 49.1438 1.40612 15.5469 2.55343 0.0206917 9.98827 0.199476 7.27981 11.0594 2.29362 0.349007 0.15952 0
500.00 1513.15 98.107636 49.1435 1.40611 15.5468 2.56008 0.0206916 9.9822 0.199475 7.27976 11.0593 2.2936 0.349004 0.159519 0
500.00 1503.15 98.108333 49.1431 1.4061 15.5467 2.56715 0.0206914 9.97575 0.199473 7.27971 11.0592 2.29359 0.349002 0.159518 0
500.00 1493.15 98.109071 49.1428 1.40609 15.5466 2.57464 0.0206913 9.96892 0.199472 7.27965 11.0591 2.29357 0.348999 0.159516 0
500.00 1483.15 97.878509 49.1437 1.4094 15.5052 2.58799 0.02074 9.98585 0.199942 7.2968 11.0476 2.29315 0.349705 0.159892 0
500.00 1473.15 94.004222 49.1507 1.46749 14.795 2.69071 0.0215948 10.401 0.208182 7.59753 10.8608 2.27875 0.361776 0.166482 0
500.00 1463.15 90.408988 49.1411 1.52584 14.0928 2.7938 0.0224535 10.8181 0.216461 7.89966 10.6863 2.25681 0.373562 0.173102 0
500.00 1453.15 83.870414 49.1744 1.64029 13.3903 2.94021 0.024204 11.4321 0.228464 7.85041 10.4704 2.26422 0.398458 0.186597 0