Title: Hr

liquid_0 thermodynamic data and composition:
Pressure Temperature mass S H V Cp viscosity SiO2 TiO2 Al2O3 Fe2O3 Cr2O3 FeO MnO MgO CaO Na2O K2O P2O5 H2O Mg#
500.00 1523.15 98.106980 265.339388 -1165689.466784 36.156248 146.222786 2.112 49.1438 1.40612 15.5469 2.55343 0.0206917 9.98827 0.199476 7.27981 11.0594 2.29362 0.349007 0.15952 0 56.5
500.00 1513.15 98.107636 264.377468 -1167161.308042 36.132754 146.226152 2.154 49.1435 1.40611 15.5468 2.56008 0.0206916 9.9822 0.199475 7.27976 11.0593 2.2936 0.349004 0.159519 0 56.5
500.00 1503.15 98.108333 263.409192 -1168633.809649 36.109292 146.229724 2.197 49.1431 1.4061 15.5467 2.56715 0.0206914 9.97575 0.199473 7.27971 11.0592 2.29359 0.349002 0.159518 0 56.5
500.00 1493.15 98.109071 262.434471 -1170106.995984 36.085863 146.233510 2.240 49.1428 1.40609 15.5466 2.57464 0.0206913 9.96892 0.199472 7.27965 11.0591 2.29357 0.348999 0.159516 0 56.5
500.00 1483.15 97.878509 260.832842 -1168471.055448 35.971903 145.888615 2.281 49.1437 1.4094 15.5052 2.58799 0.02074 9.98585 0.199942 7.2968 11.0476 2.29315 0.349705 0.159892 0 56.6
500.00 1473.15 94.004222 249.496926 -1117782.977477 34.429486 136.933811 2.275 49.1507 1.46749 14.795 2.69071 0.0215948 10.401 0.208182 7.59753 10.8608 2.27875 0.361776 0.166482 0 56.5
500.00 1463.15 90.408988 238.967381 -1070741.835911 32.995170 131.660950 2.268 49.1411 1.52584 14.0928 2.7938 0.0224535 10.8181 0.216461 7.89966 10.6863 2.25681 0.373562 0.173102 0 56.5
500.00 1453.15 83.870414 220.680989 -986820.674146 30.496516 121.748044 2.283 49.1744 1.64029 13.3903 2.94021 0.024204 11.4321 0.228464 7.85041 10.4704 2.26422 0.398458 0.186597 0 55.0

olivine_0 thermodynamic data and composition:
Pressure Temperature mass S H V Cp formula SiO2 TiO2 Al2O3 Fe2O3 Cr2O3 FeO MnO MgO CaO Na2O K2O P2O5 H2O
500.00 1453.15 0.851858 2.048242 -10270.656374 0.257897 1.049134 (Ca0.01Mg0.81Fe''0.19Mn0.01Co0.00Ni0.00)2SiO4 39.2885 0 0 0 0 17.4677 0.479692 42.3145 0.449622 0 0 0 0

feldspar_0 thermodynamic data and composition:
Pressure Temperature mass S H V Cp formula SiO2 TiO2 Al2O3 Fe2O3 Cr2O3 FeO MnO MgO CaO Na2O K2O P2O5 H2O
500.00 1483.15 0.231275 0.567925 -3186.481124 0.086703 0.285397 K0.00Na0.22Ca0.78Al1.78Si2.22O8 48.5834 0 33.0076 0 0 0 0 0 15.8953 2.46423 0.0494075 0 0
500.00 1473.15 3.874917 9.494826 -53420.697478 1.454081 4.778317 K0.00Na0.23Ca0.76Al1.76Si2.24O8 48.9787 0 32.7397 0 0 0 0 0 15.5821 2.64272 0.0568034 0 0
500.00 1463.15 3.595880 8.792320 -49603.169397 1.350768 4.431109 K0.00Na0.25Ca0.75Al1.75Si2.25O8 49.3962 0 32.4565 0 0 0 0 0 15.251 2.83078 0.0654202 0 0
500.00 1453.15 4.560578 11.129805 -62943.594920 1.715368 5.616138 K0.00Na0.27Ca0.73Al1.73Si2.27O8 49.9006 0 32.114 0 0 0 0 0 14.8507 3.05686 0.0777471 0 0

clinopyroxene_0 thermodynamic data and composition:
Pressure Temperature mass S H V Cp structure formula SiO2 TiO2 Al2O3 Fe2O3 Cr2O3 FeO MnO MgO CaO Na2O K2O P2O5 H2O
500.00 1453.15 1.123578 2.646426 -14250.688791 0.347357 1.343159 cpx Na0.01Ca0.70Fe''0.21Mg0.96Fe'''0.06Ti0.01Al0.18Si1.88O6 51.1997 0.336639 4.13129 2.16717 0 6.72576 0 17.5665 17.6978 0.175117 0 0 0
