Title: Hr

System Thermodynamic Data:
Pressure Temperature mass F phi S H V dVdP*10^6 dVdT*10^6 Cp logfO2(absolute) logfO2-NNO rhol rhos viscosity aH2O chisqr
500.00 1523.15 98.106980 1.0000000000000000 1.000000 265.339388 -1165689.466784 36.156248 -199.844255 2407.593622 146.222786 -7.007 0.000 2.713417 0.000000 2.112 0 0.000
500.00 1513.15 98.107636 1.0000000000000000 1.000000 264.377468 -1167161.308042 36.132754 -200.026928 2407.740601 146.226152 -7.116 0.000 2.715200 0.000000 2.154 0 0.000
500.00 1503.15 98.108333 1.0000000000000000 1.000000 263.409192 -1168633.809649 36.109292 -200.210857 2407.896627 146.229724 -7.225 0.000 2.716983 0.000000 2.197 0 0.000
500.00 1493.15 98.109071 1.0000000000000000 1.000000 262.434471 -1170106.995984 36.085863 -200.396116 2408.061975 146.233510 -7.336 0.000 2.718767 0.000000 2.240 0 0.000
500.00 1483.15 98.109785 0.9976426898644114 0.997596 261.400767 -1171657.536572 36.058606 -200.147146 2405.570105 146.174012 -7.449 0.000 2.720971 2.667446 2.281 0 0.000
500.00 1473.15 97.879138 0.9604112109484073 0.959478 258.991752 -1171203.674955 35.883567 -192.840754 2359.316804 141.712128 -7.563 0.000 2.730341 2.664856 2.275 0 0.000
500.00 1463.15 94.004868 0.9617479378180686 0.960672 247.759701 -1120345.005308 34.345938 -184.049222 2284.529265 136.092059 -7.679 0.000 2.740067 2.662100 2.268 0 0.000
500.00 1453.15 90.406428 0.9277041019980276 0.929286 236.505463 -1074285.614231 32.817139 -171.481610 2169.021879 129.756475 -7.796 0.000 2.750164 2.816492 2.283 0 0.000
