Title: Hr

System Thermodynamic Data:
Pressure Temperature mass F phi S H V dVdP*10^6 dVdT*10^6 Cp logfO2(absolute) logfO2-NNO rhol rhos viscosity aH2O chisqr
500.00 1523.15 98.106980 1.0000000000000000 1.000000 265.339388 -1165689.466784 36.156248 -199.844255 2407.593622 146.222786 -7.007 0.000 2.713417 0.000000 2.112 0 0.000
500.00 1513.15 98.107636 1.0000000000000000 1.000000 264.377468 -1167161.308042 36.132754 -200.026928 2407.740601 146.226152 -7.116 0.000 2.715200 0.000000 2.154 0 0.000
500.00 1503.15 98.108333 1.0000000000000000 1.000000 263.409192 -1168633.809649 36.109292 -200.210857 2407.896627 146.229724 -7.225 0.000 2.716983 0.000000 2.197 0 0.000
500.00 1493.15 98.109071 1.0000000000000000 1.000000 262.434471 -1170106.995984 36.085863 -200.396116 2408.061975 146.233510 -7.336 0.000 2.718767 0.000000 2.240 0 0.000
500.00 1483.15 98.109785 0.9976426898643538 0.997596 261.400767 -1171657.536572 36.058606 -200.147146 2405.570105 146.174012 -7.449 0.000 2.720971 2.667446 2.281 0 0.000
500.00 1473.15 98.109410 0.9581052026954715 0.957120 259.554267 -1174380.688289 35.969725 -192.948367 2361.279923 141.995338 -7.563 0.000 2.730364 2.664860 2.275 0 0.000
500.00 1463.15 98.108994 0.9205300353664130 0.918382 257.761444 -1177005.876214 35.882712 -185.967308 2319.691282 141.135457 -7.679 0.000 2.740553 2.662202 2.266 0 0.000
500.00 1453.15 98.105258 0.8504688566310815 0.849508 255.155381 -1180739.326431 35.690453 -174.626170 2232.650302 139.148968 -7.796 0.000 2.751892 2.731223 2.274 0 0.000
500.00 1443.15 98.099662 0.7044618464133922 0.708486 250.898880 -1186807.729319 35.139499 -150.922939 2066.141507 135.123426 -7.915 0.000 2.775863 2.830260 2.225 0 0.000
500.00 1433.15 98.093271 0.5917807750336274 0.596525 247.396924 -1191735.128413 34.733228 -132.523716 1933.050862 131.995085 -8.035 0.000 2.801728 2.857401 2.174 0 0.000
500.00 1423.15 98.087094 0.4988665043604817 0.502138 244.367492 -1195956.443876 34.395353 -116.969495 1823.408391 129.470938 -8.157 0.000 2.833174 2.870494 2.095 0 0.000
500.00 1413.15 98.080606 0.4187121880663087 0.419078 241.640834 -1199712.862731 34.102283 -103.179106 1728.973380 127.346342 -8.281 0.000 2.873564 2.877880 1.973 0 0.000
500.00 1403.15 98.072849 0.3458113739435949 0.342035 239.080955 -1203185.604961 33.836060 -90.235324 1643.445334 125.469660 -8.407 0.000 2.930476 2.881834 1.780 0 0.000
500.00 1393.15 98.062648 0.2770421037589050 0.268085 236.596056 -1206486.484760 33.585628 -77.686306 1562.674119 123.740335 -8.535 0.000 3.017330 2.884049 1.474 0 0.000
500.00 1383.15 98.054276 0.2251571186909576 0.212555 234.470144 -1209296.168516 33.386986 -68.445047 1497.760222 122.372950 -8.664 0.000 3.111022 2.889901 1.164 0 0.000
500.00 1373.15 98.051445 0.1930930820308634 0.179263 232.806674 -1211541.890913 33.250339 -63.162109 1451.925496 121.427944 -8.795 0.000 3.176397 2.899193 0.973 0 0.000
500.00 1363.15 98.052060 0.1698776498593749 0.155932 231.359276 -1213534.039251 33.142393 -59.615126 1414.029149 120.676502 -8.929 0.000 3.223100 2.909628 0.851 0 0.000
500.00 1353.15 98.235415 0.0929200359140421 0.105563 228.629137 -1220446.262463 33.089646 -58.315607 1142.778910 117.483189 -9.064 0.000 2.613204 3.010730 3.963 0 0.000
500.00 1343.15 98.227016 0.0801493635388968 0.091641 227.448981 -1221894.748298 33.033731 -56.059278 1123.172785 117.070387 -9.201 0.000 2.600647 3.011156 4.132 0 0.000
500.00 1333.15 98.210893 0.0673655535685860 0.077873 226.239821 -1223239.582348 32.981155 -53.890320 1102.344711 116.627694 -9.340 0.000 2.576001 3.011719 4.466 0 0.000
500.00 1323.15 98.196834 0.0575264224983800 0.067065 225.106393 -1224506.927587 32.935407 -52.116635 1086.508979 116.273130 -9.481 0.000 2.557436 3.011982 4.748 0 0.000
500.00 1313.15 98.183497 0.0493958800110746 0.058020 224.012386 -1225723.512807 32.894206 -50.591017 1073.339188 115.964910 -9.625 0.000 2.541165 3.012153 5.018 0 0.000
500.00 1303.15 98.170920 0.0425477162419549 0.050313 222.946613 -1226905.348308 32.856589 -49.257420 1062.106934 115.690343 -9.771 0.000 2.526727 3.012291 5.279 0 0.000
500.00 1293.15 98.159077 0.0366835509403658 0.043642 221.901204 -1228062.761364 32.821834 -48.074856 1052.321712 115.440753 -9.919 0.000 2.513795 3.012425 5.533 0 0.000
500.00 1283.15 98.147918 0.0315886917043933 0.037789 220.868656 -1229204.929660 32.789318 -47.046048 1052.308706 115.500776 -10.069 0.000 2.502129 3.012579 5.781 0 0.000
500.00 1273.15 98.137382 0.0271050984066244 0.032590 219.846038 -1230334.816054 32.758665 -46.081663 1044.600099 115.288069 -10.221 0.000 2.491547 3.012755 6.023 0 0.000
500.00 1263.15 98.124183 0.0197116112885832 0.023851 218.755856 -1231495.538377 32.711011 -44.373902 1036.637237 115.029330 -10.376 0.000 2.479165 3.012449 6.294 0 0.000
500.00 1253.15 98.109418 0.0110960882714228 0.013515 217.640766 -1232650.898689 32.655185 -42.298472 1029.120604 114.756616 -10.534 0.000 2.466667 3.011773 6.572 0 0.000
500.00 1243.15 98.095019 0.0032642808071226 0.004000 216.544721 -1233777.775092 32.602525 -40.350209 1022.395303 114.502127 -10.694 0.000 2.455709 3.011038 6.836 0 0.000
500.00 1233.15 98.088949 0.0000000000000000 0.000000 215.536892 -1234924.225129 32.574632 -39.523447 1017.912837 114.325553 -10.857 0.000 0.000000 3.011207 6.932 0 0.000
500.00 1223.15 98.089323 0.0000000000000000 0.000000 214.585545 -1236098.865402 32.564907 -39.527845 1014.899171 114.202076 -11.022 0.000 0.000000 3.012117 6.932 0 0.000
500.00 1213.15 98.089718 0.0000000000000000 0.000000 213.627428 -1237272.580527 32.555250 -39.532459 1011.900586 114.077653 -11.190 0.000 0.000000 3.013023 6.932 0 0.000
500.00 1203.15 98.090132 0.0000000000000000 0.000000 212.662445 -1238445.320112 32.545662 -39.537290 1008.919244 113.952332 -11.361 0.000 0.000000 3.013923 6.932 0 0.000
500.00 1193.15 98.091090 0.0037218150571234 0.003854 211.633204 -1239707.145541 32.547464 -39.555796 1006.523417 114.031481 -11.534 0.000 2.910231 3.014187 -2.498 0 0.000
500.00 1183.15 98.091519 0.0037139260783280 0.003848 210.652132 -1240879.927509 32.537991 -39.560261 1003.566754 113.906644 -11.711 0.000 2.909465 3.015083 -2.502 0 0.000

Title: Hr

Liquid Composition:
Pressure Temperature mass SiO2 TiO2 Al2O3 Fe2O3 Cr2O3 FeO MnO MgO CaO Na2O K2O P2O5 H2O 
500.00 1523.15 98.106980 49.1438 1.40612 15.5469 2.55343 0.0206917 9.98827 0.199476 7.27981 11.0594 2.29362 0.349007 0.15952 0
500.00 1513.15 98.107636 49.1435 1.40611 15.5468 2.56008 0.0206916 9.9822 0.199475 7.27976 11.0593 2.2936 0.349004 0.159519 0
500.00 1503.15 98.108333 49.1431 1.4061 15.5467 2.56715 0.0206914 9.97575 0.199473 7.27971 11.0592 2.29359 0.349002 0.159518 0
500.00 1493.15 98.109071 49.1428 1.40609 15.5466 2.57464 0.0206913 9.96892 0.199472 7.27965 11.0591 2.29357 0.348999 0.159516 0
500.00 1483.15 97.878509 49.1437 1.4094 15.5052 2.58799 0.02074 9.98585 0.199942 7.2968 11.0476 2.29315 0.349705 0.159892 0
500.00 1473.15 93.999136 49.1498 1.46757 14.7947 2.69082 0.0215959 10.4015 0.208193 7.59794 10.8613 2.27831 0.361775 0.166491 0
500.00 1463.15 90.312276 49.122 1.52748 14.086 2.79607 0.0224776 10.8303 0.216693 7.90812 10.6964 2.2477 0.37348 0.173288 0
500.00 1453.15 83.435467 49.1041 1.64827 13.3762 2.94893 0.0243302 11.486 0.229736 7.87015 10.4896 2.23644 0.398639 0.18757 0
500.00 1443.15 69.107469 48.395 1.95521 12.7593 3.23416 0.0293745 12.8793 0.283182 7.43446 10.026 2.31106 0.466466 0.226459 0
500.00 1433.15 58.049712 47.6785 2.28768 12.0752 3.51152 0.03497 14.2767 0.337125 6.98287 9.7043 2.30976 0.531779 0.269597 0
500.00 1423.15 48.932366 46.7507 2.66407 11.3386 3.7917 0.0414858 15.7776 0.39994 6.61995 9.46873 2.23449 0.592928 0.319829 0
500.00 1413.15 41.067545 45.5112 3.11331 10.4947 4.08839 0.0494308 17.4893 0.476532 6.35239 9.33243 2.06842 0.642819 0.38108 0
500.00 1403.15 33.914707 43.7406 3.69831 9.42193 4.42784 0.059856 19.6436 0.577036 6.20431 9.32698 1.7754 0.662744 0.461452 0
500.00 1393.15 27.167482 41.0872 4.5336 7.93239 4.84056 0.0747217 22.6213 0.720346 6.20388 9.47772 1.32351 0.608742 0.576056 0
500.00 1383.15 22.077618 38.3247 5.448 6.4995 5.19982 0.0919483 25.6067 0.886418 6.21559 9.58267 0.934823 0.500999 0.708863 0
500.00 1373.15 18.933056 36.441 6.13571 5.63484 5.41156 0.10722 27.5569 1.03364 6.14649 9.53229 0.744715 0.42909 0.826597 0
500.00 1363.15 16.656854 35.1085 6.65124 5.09571 5.54643 0.121872 28.8565 1.17489 6.04761 9.42396 0.646687 0.387085 0.939553 0
500.00 1353.15 9.128038 57.4357 2.75067 12.3426 1.96023 2.15965e-005 6.52384 2.14394 2.6409 8.66667 1.93854 2.04035 1.55648 0
500.00 1343.15 7.872833 58.2626 2.78195 12.3825 1.77086 2.18423e-005 5.82123 2.48576 2.417 8.48859 1.77793 2.21433 1.59726 0
500.00 1333.15 6.616031 59.8558 2.7787 12.4166 1.54724 2.22409e-005 5.01154 2.40367 2.12809 8.18092 1.64664 2.45667 1.57412 0
500.00 1323.15 5.648913 61.104 2.77564 12.4233 1.36961 2.28976e-005 4.38338 2.37784 1.90444 7.90486 1.51733 2.67285 1.5668 0
500.00 1313.15 4.849860 62.2275 2.76568 12.4146 1.21762 2.36873e-005 3.85544 2.33539 1.71378 7.63363 1.39619 2.87907 1.5611 0
500.00 1303.15 4.176948 63.2485 2.74892 12.3951 1.0865 2.45678e-005 3.4065 2.2812 1.54927 7.36836 1.28349 3.07532 1.55676 0
500.00 1293.15 3.600824 64.1832 2.72587 12.3676 0.972642 2.55184e-005 3.02121 2.21884 1.40598 7.11023 1.17907 3.26158 1.55376 0
500.00 1283.15 3.100364 65.0435 2.69722 12.3339 0.873221 2.65313e-005 2.688 2.15097 1.28023 6.86039 1.08251 3.4379 1.55218 0
500.00 1273.15 2.660023 65.8387 2.66369 12.2952 0.785989 2.76063e-005 2.39799 2.0796 1.16918 6.61978 0.993301 3.60435 1.55215 0
500.00 1263.15 1.934186 66.6759 2.52019 12.3153 0.707675 3.04302e-005 2.13702 1.95824 1.04718 6.31793 0.90952 3.87073 1.54028 0
500.00 1253.15 1.088631 67.4568 2.33131 12.3768 0.637483 3.50622e-005 1.90272 1.81474 0.929047 5.99712 0.827521 4.20023 1.52624 0
500.00 1243.15 0.320210 68.1227 2.16382 12.4405 0.575226 4.09005e-005 1.69584 1.68129 0.82779 5.70342 0.748668 4.52215 1.51851 0
500.00 1233.15 0.000000 ---
500.00 1223.15 0.000000 ---
500.00 1213.15 0.000000 ---
500.00 1203.15 0.000000 ---
500.00 1193.15 0.365077 2.25991 0.24625 0.0265621 0.112349 0.000100405 0.044215 1.70253 1.86734 50.8498 2.09083e-005 0.0232544 42.8677 0
500.00 1183.15 0.364305 2.19737 0.226626 0.025326 0.106753 0.000101413 0.041231 1.62702 1.8412 50.9536 1.78108e-005 0.0222593 42.9586 0
Title: Hr

liquid_0 thermodynamic data and composition:
Pressure Temperature mass S H V Cp viscosity SiO2 TiO2 Al2O3 Fe2O3 Cr2O3 FeO MnO MgO CaO Na2O K2O P2O5 H2O Mg#
500.00 1523.15 98.106980 265.339388 -1165689.466784 36.156248 146.222786 2.112 49.1438 1.40612 15.5469 2.55343 0.0206917 9.98827 0.199476 7.27981 11.0594 2.29362 0.349007 0.15952 0 56.5
500.00 1513.15 98.107636 264.377468 -1167161.308042 36.132754 146.226152 2.154 49.1435 1.40611 15.5468 2.56008 0.0206916 9.9822 0.199475 7.27976 11.0593 2.2936 0.349004 0.159519 0 56.5
500.00 1503.15 98.108333 263.409192 -1168633.809649 36.109292 146.229724 2.197 49.1431 1.4061 15.5467 2.56715 0.0206914 9.97575 0.199473 7.27971 11.0592 2.29359 0.349002 0.159518 0 56.5
500.00 1493.15 98.109071 262.434471 -1170106.995984 36.085863 146.233510 2.240 49.1428 1.40609 15.5466 2.57464 0.0206913 9.96892 0.199472 7.27965 11.0591 2.29357 0.348999 0.159516 0 56.5
500.00 1483.15 97.878509 260.832842 -1168471.055448 35.971903 145.888615 2.281 49.1437 1.4094 15.5052 2.58799 0.02074 9.98585 0.199942 7.2968 11.0476 2.29315 0.349705 0.159892 0 56.6
500.00 1473.15 93.999136 249.482757 -1117715.266593 34.427328 136.926794 2.275 49.1498 1.46757 14.7947 2.69082 0.0215959 10.4015 0.208193 7.59794 10.8613 2.27831 0.361775 0.166491 0 56.5
500.00 1463.15 90.312276 238.698360 -1069453.593268 32.954039 131.527841 2.266 49.122 1.52748 14.086 2.79607 0.0224776 10.8303 0.216693 7.90812 10.6964 2.2477 0.37348 0.173288 0 56.5
500.00 1453.15 83.435467 219.495916 -981142.934628 30.319309 121.129748 2.274 49.1041 1.64827 13.3762 2.94893 0.0243302 11.486 0.229736 7.87015 10.4896 2.23644 0.398639 0.18757 0 55.0
500.00 1443.15 69.107469 180.897420 -799614.942842 24.895848 99.662739 2.225 48.395 1.95521 12.7593 3.23416 0.0293745 12.8793 0.283182 7.43446 10.026 2.31106 0.466466 0.226459 0 50.7
500.00 1433.15 58.049712 151.101213 -660638.225345 20.719251 83.152943 2.174 47.6785 2.28768 12.0752 3.51152 0.03497 14.2767 0.337125 6.98287 9.7043 2.30976 0.531779 0.269597 0 46.5
500.00 1423.15 48.932366 126.585228 -546918.960718 17.271218 69.668243 2.095 46.7507 2.66407 11.3386 3.7917 0.0414858 15.7776 0.39994 6.61995 9.46873 2.23449 0.592928 0.319829 0 42.7
500.00 1413.15 41.067545 105.498103 -449514.568896 14.291499 58.151011 1.973 45.5112 3.11331 10.4947 4.08839 0.0494308 17.4893 0.476532 6.35239 9.33243 2.06842 0.642819 0.38108 0 39.3
500.00 1403.15 33.914707 86.389815 -361406.954327 11.573104 47.783767 1.780 43.7406 3.69831 9.42193 4.42784 0.059856 19.6436 0.577036 6.20431 9.32698 1.7754 0.662744 0.461452 0 36.0
500.00 1393.15 27.167482 68.447613 -278756.519625 9.003814 38.096044 1.474 41.0872 4.5336 7.93239 4.84056 0.0747217 22.6213 0.720346 6.20388 9.47772 1.32351 0.608742 0.576056 0 32.8
500.00 1383.15 22.077618 54.993490 -217880.708046 7.096580 30.824318 1.164 38.3247 5.448 6.4995 5.19982 0.0919483 25.6067 0.886418 6.21559 9.58267 0.934823 0.500999 0.708863 0 30.1
500.00 1373.15 18.933056 46.739884 -182029.748549 5.960545 26.346230 0.973 36.441 6.13571 5.63484 5.41156 0.10722 27.5569 1.03364 6.14649 9.53229 0.744715 0.42909 0.826597 0 28.4
500.00 1363.15 16.656854 40.814768 -157310.228782 5.167960 23.120252 0.851 35.1085 6.65124 5.09571 5.54643 0.121872 28.8565 1.17489 6.04761 9.42396 0.646687 0.387085 0.939553 0 27.1
500.00 1353.15 9.128038 22.958503 -111958.876058 3.493044 12.605702 3.963 57.4357 2.75067 12.3426 1.96023 2.15965e-005 6.52384 2.14394 2.6409 8.66667 1.93854 2.04035 1.55648 0 41.9
500.00 1343.15 7.872833 19.700971 -97181.993374 3.027259 10.836875 4.132 58.2626 2.78195 12.3825 1.77086 2.18423e-005 5.82123 2.48576 2.417 8.48859 1.77793 2.21433 1.59726 0 42.5
500.00 1333.15 6.616031 16.470946 -82550.623759 2.568334 9.064494 4.466 59.8558 2.7787 12.4166 1.54724 2.22409e-005 5.01154 2.40367 2.12809 8.18092 1.64664 2.45667 1.57412 0 43.1
500.00 1323.15 5.648913 13.989813 -71067.809752 2.208819 7.708763 4.748 61.104 2.77564 12.4233 1.36961 2.28976e-005 4.38338 2.37784 1.90444 7.90486 1.51733 2.67285 1.5668 0 43.6
500.00 1313.15 4.849860 11.947614 -61458.275521 1.908518 6.593917 5.018 62.2275 2.76568 12.4146 1.21762 2.36873e-005 3.85544 2.33539 1.71378 7.63363 1.39619 2.87907 1.5611 0 44.2
500.00 1303.15 4.176948 10.235324 -53272.384430 1.653106 5.659396 5.279 63.2485 2.74892 12.3951 1.0865 2.45678e-005 3.4065 2.2812 1.54927 7.36836 1.28349 3.07532 1.55676 0 44.8
500.00 1293.15 3.600824 8.776555 -46190.329059 1.432425 4.862939 5.533 64.1832 2.72587 12.3676 0.972642 2.55184e-005 3.02121 2.21884 1.40598 7.11023 1.17907 3.26158 1.55376 0 45.3
500.00 1283.15 3.100364 7.516329 -39978.951553 1.239090 4.174217 5.781 65.0435 2.69722 12.3339 0.873221 2.65313e-005 2.688 2.15097 1.28023 6.86039 1.08251 3.4379 1.55218 0 45.9
500.00 1273.15 2.660023 6.414177 -34464.693960 1.067619 3.570956 6.023 65.8387 2.66369 12.2952 0.785989 2.76063e-005 2.39799 2.0796 1.16918 6.61978 0.993301 3.60435 1.55215 0 46.5
500.00 1263.15 1.934186 4.638681 -25179.668571 0.780176 2.588185 6.294 66.6759 2.52019 12.3153 0.707675 3.04302e-005 2.13702 1.95824 1.04718 6.31793 0.90952 3.87073 1.54028 0 46.6
500.00 1253.15 1.088631 2.596578 -14235.554417 0.441337 1.452084 6.572 67.4568 2.33131 12.3768 0.637483 3.50622e-005 1.90272 1.81474 0.929047 5.99712 0.827521 4.20023 1.52624 0 46.5
500.00 1243.15 0.320210 0.759579 -4204.004462 0.130394 0.425894 6.836 68.1227 2.16382 12.4405 0.575226 4.09005e-005 1.69584 1.68129 0.82779 5.70342 0.748668 4.52215 1.51851 0 46.5
500.00 1193.15 0.365077 0.713563 -4543.911898 0.125446 0.670393 -2.498 2.25991 0.24625 0.0265621 0.112349 0.000100405 0.044215 1.70253 1.86734 50.8498 2.09083e-005 0.0232544 42.8677 0 98.7
500.00 1183.15 0.364305 0.706097 -4543.111306 0.125214 0.669296 -2.502 2.19737 0.226626 0.025326 0.106753 0.000101413 0.041231 1.62702 1.8412 50.9536 1.78108e-005 0.0222593 42.9586 0 98.8

feldspar_0 thermodynamic data and composition:
Pressure Temperature mass S H V Cp formula SiO2 TiO2 Al2O3 Fe2O3 Cr2O3 FeO MnO MgO CaO Na2O K2O P2O5 H2O
500.00 1483.15 0.231275 0.567925 -3186.481124 0.086703 0.285397 K0.00Na0.22Ca0.78Al1.78Si2.22O8 48.5834 0 33.0076 0 0 0 0 0 15.8953 2.46423 0.0494075 0 0
500.00 1473.15 4.110274 10.071510 -56665.421696 1.542397 5.068544 K0.00Na0.23Ca0.76Al1.76Si2.24O8 48.9781 0 32.7401 0 0 0 0 0 15.5825 2.64244 0.0568043 0 0
500.00 1463.15 7.796718 19.063084 -107552.282946 2.928673 9.607615 K0.00Na0.25Ca0.75Al1.75Si2.25O8 49.3835 0 32.4651 0 0 0 0 0 15.2611 2.82489 0.0654368 0 0
500.00 1453.15 12.569472 30.671481 -173483.848116 4.727209 15.478336 K0.00Na0.27Ca0.73Al1.73Si2.27O8 49.8627 0 32.1396 0 0 0 0 0 14.8807 3.03919 0.0779157 0 0
500.00 1443.15 19.167981 46.705864 -264652.519669 7.221969 23.589518 K0.01Na0.29Ca0.70Al1.70Si2.30O8 50.5427 0 31.6755 0 0 0 0 0 14.3391 3.3381 0.104536 0 0
500.00 1433.15 24.555847 59.736924 -339169.082661 9.267592 30.202535 K0.01Na0.32Ca0.67Al1.67Si2.33O8 51.1799 0 31.239 0 0 0 0 0 13.8303 3.61355 0.137254 0 0
500.00 1423.15 29.092893 70.650036 -401978.246031 10.997684 35.758490 K0.01Na0.34Ca0.65Al1.65Si2.35O8 51.7947 0 30.8153 0 0 0 0 0 13.3374 3.87297 0.179652 0 0
500.00 1413.15 33.118336 80.276139 -457742.540636 12.539102 40.676317 K0.01Na0.36Ca0.62Al1.62Si2.38O8 52.3947 0 30.3983 0 0 0 0 0 12.8533 4.11689 0.236758 0 0
500.00 1403.15 36.939536 89.364761 -510677.753509 14.007763 45.332837 K0.02Na0.38Ca0.60Al1.60Si2.40O8 52.9887 0 29.9799 0 0 0 0 0 12.3695 4.34348 0.318445 0 0
500.00 1393.15 40.678589 98.199944 -562450.834359 15.448005 49.874617 K0.03Na0.40Ca0.58Al1.58Si2.42O8 53.5374 0 29.584 0 0 0 0 0 11.9149 4.52852 0.435168 0 0
500.00 1383.15 43.174683 103.928983 -597169.635566 16.407950 52.879223 K0.03Na0.40Ca0.56Al1.56Si2.44O8 53.8479 0 29.352 0 0 0 0 0 11.6511 4.61218 0.536869 0 0
500.00 1373.15 44.228668 106.107756 -612128.402150 16.811249 54.113580 K0.03Na0.41Ca0.56Al1.56Si2.44O8 53.976 0 29.2537 0 0 0 0 0 11.54 4.63983 0.590477 0 0
500.00 1363.15 44.659862 106.764587 -618544.581280 16.975248 54.585226 K0.04Na0.41Ca0.56Al1.56Si2.44O8 54.0556 0 29.1929 0 0 0 0 0 11.4713 4.65791 0.622312 0 0
500.00 1353.15 42.770252 101.801147 -593511.865251 16.238202 52.251081 K0.02Na0.41Ca0.57Al1.57Si2.43O8 53.8039 0 29.4203 0 0 0 0 0 11.7176 4.69309 0.365104 0 0
500.00 1343.15 43.415743 102.961860 -602930.456267 16.482443 52.984475 K0.02Na0.41Ca0.56Al1.56Si2.44O8 53.8668 0 29.373 0 0 0 0 0 11.6639 4.70922 0.387117 0 0
500.00 1333.15 44.090625 104.168205 -612786.135296 16.736100 53.750360 K0.02Na0.41Ca0.56Al1.56Si2.44O8 53.8949 0 29.3493 0 0 0 0 0 11.6378 4.70996 0.407946 0 0
500.00 1323.15 44.626012 105.029658 -620717.759305 16.936441 54.343761 K0.02Na0.41Ca0.56Al1.56Si2.44O8 53.9169 0 29.3298 0 0 0 0 0 11.6166 4.70774 0.428927 0 0
500.00 1313.15 45.079267 105.684193 -627519.977200 17.105228 54.834986 K0.03Na0.41Ca0.56Al1.56Si2.44O8 53.9322 0 29.3148 0 0 0 0 0 11.6006 4.70253 0.449806 0 0
500.00 1303.15 45.468795 106.177515 -633445.783099 17.249562 55.246774 K0.03Na0.41Ca0.56Al1.56Si2.44O8 53.9432 0 29.3027 0 0 0 0 0 11.5882 4.69538 0.470533 0 0
500.00 1293.15 45.808017 106.542905 -638679.708351 17.374618 55.595700 K0.03Na0.41Ca0.56Al1.56Si2.44O8 53.9512 0 29.2927 0 0 0 0 0 11.578 4.68696 0.491085 0 0
500.00 1283.15 46.106857 106.803138 -643360.533957 17.484150 56.184772 K0.03Na0.41Ca0.56Al1.56Si2.44O8 53.9572 0 29.2841 0 0 0 0 0 11.5695 4.67775 0.511448 0 0
500.00 1273.15 46.372747 106.977909 -647588.753311 17.581070 56.445255 K0.03Na0.41Ca0.56Al1.56Si2.44O8 53.962 0 29.2763 0 0 0 0 0 11.562 4.66807 0.531613 0 0
500.00 1263.15 46.776716 107.462346 -653705.053981 17.730769 56.869211 K0.03Na0.41Ca0.56Al1.56Si2.44O8 53.9713 0 29.261 0 0 0 0 0 11.5472 4.64859 0.571936 0 0
500.00 1253.15 47.246287 108.086955 -660708.437778 17.905797 57.368999 K0.04Na0.41Ca0.56Al1.56Si2.44O8 53.9866 0 29.2381 0 0 0 0 0 11.5247 4.62267 0.627933 0 0
500.00 1243.15 47.685692 108.631069 -667287.991237 18.069573 57.830103 K0.04Na0.40Ca0.56Al1.56Si2.44O8 54.0051 0 29.2122 0 0 0 0 0 11.499 4.59602 0.687669 0 0
500.00 1233.15 47.882499 108.611165 -670556.730635 18.140378 58.000457 K0.04Na0.40Ca0.56Al1.56Si2.44O8 54.0119 0 29.2015 0 0 0 0 0 11.4886 4.58299 0.715084 0 0
500.00 1223.15 47.900454 108.178414 -671390.381583 18.142487 57.957374 K0.04Na0.40Ca0.56Al1.56Si2.44O8 54.0076 0 29.2044 0 0 0 0 0 11.492 4.58117 0.714816 0 0
500.00 1213.15 47.918938 107.743124 -672231.303979 18.144800 57.914475 K0.04Na0.40Ca0.56Al1.56Si2.44O8 54.0033 0 29.2074 0 0 0 0 0 11.4955 4.57931 0.71454 0 0
500.00 1203.15 47.937957 107.305234 -673079.578119 18.147318 57.871836 K0.04Na0.40Ca0.56Al1.56Si2.44O8 53.9988 0 29.2105 0 0 0 0 0 11.4991 4.57741 0.714257 0 0
500.00 1193.15 47.956196 106.861782 -673917.075021 18.149548 57.827991 K0.04Na0.40Ca0.56Al1.56Si2.44O8 53.9943 0 29.2136 0 0 0 0 0 11.5027 4.5756 0.713808 0 0
500.00 1183.15 47.976410 106.418758 -674781.870134 18.152526 57.786301 K0.04Na0.40Ca0.56Al1.56Si2.44O8 53.9896 0 29.2168 0 0 0 0 0 11.5065 4.57359 0.713515 0 0

spinel_0 thermodynamic data and composition:
Pressure Temperature mass S H V Cp formula SiO2 TiO2 Al2O3 Fe2O3 Cr2O3 FeO MnO MgO CaO Na2O K2O P2O5 H2O
500.00 1353.15 6.699747 13.949834 -36753.872053 1.428579 6.220911 Fe''1.14Mg0.23Fe'''1.09Al0.16Cr0.01Ti0.37O4 0 13.8148 3.66222 40.0415 0.302967 37.8274 0 4.35113 0 0 0 0 0
500.00 1343.15 6.716655 13.931792 -36808.790776 1.430162 6.224597 Fe''1.16Mg0.23Fe'''1.07Al0.15Cr0.01Ti0.38O4 0 14.1673 3.4893 39.4921 0.302208 38.3336 0 4.21557 0 0 0 0 0
500.00 1333.15 6.621255 13.683761 -36304.308754 1.408123 6.123752 Fe''1.18Mg0.22Fe'''1.05Al0.14Cr0.01Ti0.40O4 0 14.771 3.27458 38.4985 0.306566 39.0757 0 4.0738 0 0 0 0 0
500.00 1323.15 6.522580 13.430957 -35796.742108 1.385722 6.021604 Fe''1.20Mg0.21Fe'''1.03Al0.13Cr0.01Ti0.42O4 0 15.288 3.09974 37.6381 0.311207 39.7066 0 3.95641 0 0 0 0 0
500.00 1313.15 6.415875 13.163517 -35257.568700 1.361851 5.913080 Fe''1.22Mg0.21Fe'''1.00Al0.13Cr0.01Ti0.43O4 0 15.7749 2.94521 36.8188 0.316385 40.292 0 3.85276 0 0 0 0 0
500.00 1303.15 6.306503 12.892328 -34710.851474 1.337594 5.802924 Fe''1.24Mg0.20Fe'''0.98Al0.12Cr0.01Ti0.44O4 0 16.2335 2.80691 36.0402 0.321874 40.8381 0 3.75939 0 0 0 0 0
500.00 1293.15 6.197193 12.622845 -34168.110466 1.313488 5.693495 Fe''1.26Mg0.20Fe'''0.97Al0.11Cr0.01Ti0.46O4 0 16.666 2.68183 35.3005 0.327553 41.3502 0 3.67386 0 0 0 0 0
500.00 1283.15 6.089246 12.357611 -33634.255177 1.289780 5.585875 Fe''1.27Mg0.19Fe'''0.95Al0.11Cr0.01Ti0.47O4 0 17.0746 2.56769 34.5974 0.333361 41.8325 0 3.59444 0 0 0 0 0
500.00 1273.15 5.983172 12.097566 -33110.630884 1.266555 5.480445 Fe''1.29Mg0.19Fe'''0.93Al0.11Cr0.01Ti0.48O4 0 17.4612 2.46274 33.9284 0.339273 42.2886 0 3.51985 0 0 0 0 0
500.00 1263.15 5.532241 11.135830 -30498.324006 1.168954 5.057402 Fe''1.29Mg0.18Fe'''0.94Al0.10Cr0.01Ti0.48O4 0 17.3571 2.39453 34.0959 0.366929 42.4236 0 3.36181 0 0 0 0 0
500.00 1253.15 4.914258 9.843540 -26907.379951 1.035833 4.482933 Fe''1.29Mg0.17Fe'''0.96Al0.10Cr0.01Ti0.47O4 0 16.9656 2.35021 34.7534 0.413076 42.3477 0 3.17002 0 0 0 0 0
500.00 1243.15 4.348104 8.667314 -23659.430238 0.914406 3.958737 Fe''1.29Mg0.16Fe'''0.97Al0.10Cr0.01Ti0.46O4 0 16.5812 2.31071 35.3946 0.466867 42.2481 0 2.99857 0 0 0 0 0
500.00 1233.15 4.108913 8.152990 -22262.850257 0.862634 3.735515 Fe''1.29Mg0.16Fe'''0.99Al0.10Cr0.01Ti0.45O4 0 16.2395 2.29052 35.9915 0.494048 42.0946 0 2.88979 0 0 0 0 0
500.00 1223.15 4.102560 8.104230 -22161.395214 0.860156 3.725505 Fe''1.28Mg0.15Fe'''1.01Al0.10Cr0.01Ti0.44O4 0 15.9259 2.28283 36.5679 0.494813 41.9075 0 2.82101 0 0 0 0 0
500.00 1213.15 4.095914 8.054664 -22057.665680 0.857612 3.715312 Fe''1.28Mg0.15Fe'''1.03Al0.10Cr0.01Ti0.43O4 0 15.6087 2.2746 37.152 0.495616 41.7167 0 2.75244 0 0 0 0 0
500.00 1203.15 4.089047 8.004444 -21952.212185 0.855018 3.705004 Fe''1.28Mg0.15Fe'''1.04Al0.10Cr0.01Ti0.42O4 0 15.2884 2.26582 37.7428 0.496448 41.5223 0 2.6842 0 0 0 0 0
500.00 1193.15 4.095273 7.979394 -21914.682022 0.855140 3.706584 Fe''1.27Mg0.14Fe'''1.06Al0.10Cr0.01Ti0.41O4 0 14.9649 2.25545 38.3423 0.495685 41.3275 0 2.61416 0 0 0 0 0
500.00 1183.15 4.087456 7.926792 -21803.392163 0.852343 3.695576 Fe''1.27Mg0.14Fe'''1.08Al0.10Cr0.01Ti0.41O4 0 14.64 2.24557 38.9438 0.496632 41.1271 0 2.54687 0 0 0 0 0

whitlockite thermodynamic data and composition:
Pressure Temperature mass S H V Cp formula
500.00 1353.15 0.031520 0.071985 -379.936829 0.009920 0.044425 Ca3(PO4)2
500.00 1343.15 0.067197 0.152765 -810.940837 0.021148 0.094152 Ca3(PO4)2
500.00 1333.15 0.114409 0.258902 -1382.296480 0.036007 0.159362 Ca3(PO4)2
500.00 1323.15 0.148581 0.334676 -1797.220916 0.046761 0.205751 Ca3(PO4)2
500.00 1313.15 0.176543 0.395812 -2137.891128 0.055561 0.243054 Ca3(PO4)2
500.00 1303.15 0.199894 0.446068 -2423.410498 0.062910 0.273613 Ca3(PO4)2
500.00 1293.15 0.219730 0.488020 -2666.879081 0.069153 0.299035 Ca3(PO4)2
500.00 1283.15 0.236829 0.523504 -2877.631337 0.074534 0.320465 Ca3(PO4)2
500.00 1273.15 0.251767 0.553865 -3062.530715 0.079235 0.338742 Ca3(PO4)2
500.00 1263.15 0.276888 0.606199 -3371.820563 0.087141 0.370436 Ca3(PO4)2
500.00 1253.15 0.305682 0.665998 -3726.542695 0.096203 0.406660 Ca3(PO4)2
500.00 1243.15 0.331364 0.718432 -4044.032679 0.104286 0.438363 Ca3(PO4)2
500.00 1233.15 0.341990 0.737825 -4178.220436 0.107630 0.449906 Ca3(PO4)2
500.00 1223.15 0.341990 0.734172 -4182.707035 0.107630 0.447419 Ca3(PO4)2
500.00 1213.15 0.341990 0.730509 -4187.168909 0.107630 0.444960 Ca3(PO4)2
500.00 1203.15 0.341990 0.726836 -4191.606329 0.107630 0.442528 Ca3(PO4)2

clinopyroxene_0 thermodynamic data and composition:
Pressure Temperature mass S H V Cp structure formula SiO2 TiO2 Al2O3 Fe2O3 Cr2O3 FeO MnO MgO CaO Na2O K2O P2O5 H2O
500.00 1453.15 1.265179 2.979991 -16045.135682 0.391117 1.512416 cpx Na0.01Ca0.70Fe''0.21Mg0.96Fe'''0.06Ti0.01Al0.18Si1.88O6 51.1939 0.336659 4.13564 2.16952 0 6.73657 0 17.566 17.6873 0.174385 0 0 0
500.00 1443.15 5.067766 12.132022 -62534.009614 1.555837 6.200696 cpx Na0.01Ca0.27Fe''0.37Mg1.26Fe'''0.05Ti0.01Al0.14Si1.90O6 52.428 0.183844 3.28083 1.71972 0 12.135 0 23.2857 6.88126 0.0855342 0 0 0
500.00 1433.15 8.280705 19.723404 -101426.739200 2.532145 10.082803 cpx Na0.01Ca0.27Fe''0.40Mg1.23Fe'''0.05Ti0.01Al0.14Si1.90O6 52.1444 0.207387 3.27108 1.82232 0 12.9693 0 22.6592 6.83592 0.0904424 0 0 0
500.00 1423.15 10.943274 25.933733 -133061.802695 3.333312 13.262177 cpx Na0.01Ca0.27Fe''0.42Mg1.21Fe'''0.05Ti0.01Al0.14Si1.90O6 51.8797 0.228525 3.25107 1.91455 0 13.8031 0 22.0695 6.75929 0.0943435 0 0 0
500.00 1413.15 13.240492 31.218629 -159826.584775 4.017626 15.972313 cpx Na0.01Ca0.26Fe''0.45Mg1.18Fe'''0.06Ti0.01Al0.14Si1.90O6 51.6371 0.246028 3.21525 1.99224 0 14.6432 0 21.5069 6.66225 0.0970929 0 0 0
500.00 1403.15 15.316505 35.927331 -183542.948037 4.630072 18.392332 cpx Na0.01Ca0.26Fe''0.48Mg1.15Fe'''0.06Ti0.01Al0.14Si1.90O6 51.4244 0.258033 3.15258 2.04644 0 15.5015 0 20.9603 6.55844 0.0982984 0 0 0
500.00 1393.15 17.277357 40.311485 -205500.610830 5.203162 20.650941 cpx Na0.01Ca0.26Fe''0.51Mg1.13Fe'''0.06Ti0.01Al0.13Si1.90O6 51.2425 0.2642 3.05695 2.0679 0 16.4019 0 20.4115 6.45794 0.097099 0 0 0
500.00 1383.15 18.878506 43.818889 -222936.864837 5.664277 22.465391 cpx Na0.01Ca0.25Fe''0.54Mg1.10Fe'''0.06Ti0.01Al0.13Si1.90O6 51.0387 0.276277 3.00592 2.09727 0 17.2684 0 19.9053 6.31368 0.0945072 0 0 0
500.00 1373.15 20.017189 46.239582 -234934.830766 5.985568 23.730276 cpx Na0.01Ca0.24Fe''0.56Mg1.09Fe'''0.06Ti0.01Al0.13Si1.90O6 50.8049 0.298146 3.03337 2.1623 0 17.9991 0 19.5021 6.10707 0.092939 0 0 0
500.00 1363.15 20.968751 48.215862 -244757.542344 6.250282 24.773414 cpx Na0.01Ca0.24Fe''0.58Mg1.07Fe'''0.06Ti0.01Al0.14Si1.89O6 50.5636 0.323916 3.09654 2.24441 0 18.6458 0 19.1613 5.87226 0.092137 0 0 0
500.00 1353.15 18.080432 41.420358 -212486.447708 5.404273 21.399685 cpx Na0.01Ca0.24Fe''0.58Mg1.09Fe'''0.05Ti0.01Al0.12Si1.91O6 51.1865 0.212551 2.69103 1.82276 0 18.4066 0 19.5631 6.03367 0.0837108 0 0 0
500.00 1343.15 18.538581 42.287040 -217509.208034 5.533640 21.903466 cpx Na0.01Ca0.24Fe''0.59Mg1.09Fe'''0.05Ti0.01Al0.12Si1.91O6 51.1956 0.207756 2.62178 1.75676 0 18.7725 0 19.4693 5.89594 0.0803389 0 0 0
500.00 1333.15 18.750644 42.575859 -219442.118806 5.587318 22.105502 cpx Na0.01Ca0.23Fe''0.60Mg1.08Fe'''0.05Ti0.01Al0.11Si1.92O6 51.1835 0.205044 2.54488 1.68885 0 19.2291 0 19.3103 5.762 0.0763388 0 0 0
500.00 1323.15 19.048219 43.058290 -222486.470372 5.667492 22.412931 cpx Na0.01Ca0.23Fe''0.62Mg1.07Fe'''0.05Ti0.01Al0.11Si1.92O6 51.1827 0.201791 2.47599 1.62199 0 19.626 0 19.1922 5.62661 0.0727197 0 0 0
500.00 1313.15 19.359722 43.567507 -225736.737797 5.752115 22.737804 cpx Na0.01Ca0.22Fe''0.63Mg1.07Fe'''0.04Ti0.01Al0.11Si1.92O6 51.1861 0.198367 2.41145 1.55634 0 19.9951 0 19.0913 5.49195 0.0693185 0 0 0
500.00 1303.15 19.673775 44.077072 -229050.101887 5.837700 23.066162 cpx Na0.00Ca0.22Fe''0.64Mg1.06Fe'''0.04Ti0.01Al0.10Si1.92O6 51.1925 0.194768 2.3506 1.49227 0 20.3416 0 19.0034 5.35875 0.0661243 0 0 0
500.00 1293.15 19.984308 44.572957 -232348.630471 5.922370 23.390481 cpx Na0.00Ca0.21Fe''0.65Mg1.06Fe'''0.04Ti0.01Al0.10Si1.93O6 51.2008 0.191003 2.2929 1.42999 0 20.6694 0 18.9254 5.22741 0.0631234 0 0 0
500.00 1283.15 20.288257 45.048133 -235591.280873 6.005167 23.706887 cpx Na0.00Ca0.21Fe''0.66Mg1.06Fe'''0.04Ti0.01Al0.10Si1.93O6 51.2103 0.187094 2.23795 1.36961 0 20.9816 0 18.855 5.09818 0.0603008 0 0 0
500.00 1273.15 20.584294 45.499584 -238758.398050 6.085659 24.013613 cpx Na0.00Ca0.20Fe''0.67Mg1.06Fe'''0.04Ti0.01Al0.10Si1.93O6 51.2206 0.183063 2.18542 1.3112 0 21.2806 0 18.7903 4.97118 0.0576415 0 0 0
500.00 1263.15 21.168062 46.562468 -244893.124959 6.247166 24.635064 cpx Na0.00Ca0.20Fe''0.69Mg1.05Fe'''0.04Ti0.00Al0.10Si1.93O6 51.1783 0.173326 2.14506 1.27548 0 21.7085 0 18.6004 4.86364 0.0552568 0 0 0
500.00 1253.15 21.899064 47.926870 -252513.592210 6.449563 25.414412 cpx Na0.00Ca0.19Fe''0.70Mg1.03Fe'''0.04Ti0.00Al0.09Si1.93O6 51.1091 0.161132 2.11255 1.2514 0 22.1975 0 18.3499 4.76535 0.0530499 0 0 0
500.00 1243.15 22.588214 49.185625 -259665.978113 6.639471 26.143669 cpx Na0.00Ca0.19Fe''0.72Mg1.02Fe'''0.03Ti0.00Al0.09Si1.93O6 51.0463 0.150037 2.08132 1.22562 0 22.6605 0 18.1196 4.66567 0.0509255 0 0 0
500.00 1233.15 22.848607 49.521997 -262401.100844 6.708412 26.400269 cpx Na0.00Ca0.19Fe''0.73Mg1.02Fe'''0.03Ti0.00Al0.09Si1.93O6 51.0391 0.141695 2.05541 1.19023 0 22.9198 0 18.0468 4.55763 0.0493662 0 0 0
500.00 1223.15 22.792638 49.185626 -261896.816193 6.688483 26.309934 cpx Na0.00Ca0.18Fe''0.73Mg1.02Fe'''0.03Ti0.00Al0.09Si1.94O6 51.0721 0.135168 2.03309 1.14867 0 23.0298 0 18.0877 4.44526 0.0482298 0 0 0
500.00 1213.15 22.737967 48.851273 -261406.391433 6.668951 26.220606 cpx Na0.00Ca0.18Fe''0.73Mg1.02Fe'''0.03Ti0.00Al0.09Si1.94O6 51.1044 0.128868 2.01072 1.10787 0 23.1387 0 18.1271 4.33522 0.0471164 0 0 0
500.00 1203.15 22.684513 48.518730 -260928.793575 6.649792 26.132189 cpx Na0.00Ca0.17Fe''0.74Mg1.03Fe'''0.03Ti0.00Al0.09Si1.94O6 51.136 0.122788 1.98832 1.06783 0 23.2465 0 18.1651 4.22741 0.046025 0 0 0
500.00 1193.15 22.649760 48.224185 -260639.953626 6.635867 26.063566 cpx Na0.00Ca0.17Fe''0.74Mg1.03Fe'''0.03Ti0.00Al0.09Si1.94O6 51.1643 0.116844 1.96572 1.02901 0 23.3627 0 18.1943 4.12207 0.0449468 0 0 0
500.00 1183.15 22.597731 47.892852 -260175.995912 6.617149 25.975760 cpx Na0.00Ca0.16Fe''0.74Mg1.03Fe'''0.03Ti0.00Al0.09Si1.94O6 51.1945 0.111189 1.94322 0.990498 0 23.4687 0 18.2295 4.01849 0.043897 0 0 0

olivine_0 thermodynamic data and composition:
Pressure Temperature mass S H V Cp formula SiO2 TiO2 Al2O3 Fe2O3 Cr2O3 FeO MnO MgO CaO Na2O K2O P2O5 H2O
500.00 1453.15 0.835141 2.007994 -10067.408005 0.252817 1.028469 (Ca0.01Mg0.81Fe''0.19Mn0.01Co0.00Ni0.00)2SiO4 39.285 0 0 0 0 17.4845 0.481208 42.2996 0.449685 0 0 0 0
500.00 1333.15 0.334846 0.741868 -3242.337401 0.091443 0.366394 (Ca0.01Mg0.49Fe''0.38Mn0.13Co0.00Ni0.00)2SiO4 34.7715 0 0 0 0 31.2585 10.952 22.5673 0.450624 0 0 0 0
500.00 1323.15 0.529512 1.166283 -5076.717804 0.143905 0.575959 (Ca0.01Mg0.47Fe''0.38Mn0.14Co0.00Ni0.00)2SiO4 34.5748 0 0 0 0 31.6849 11.5914 21.7084 0.440396 0 0 0 0
500.00 1313.15 0.677864 1.484560 -6442.757532 0.183423 0.733354 (Ca0.01Mg0.46Fe''0.39Mn0.15Co0.00Ni0.00)2SiO4 34.4014 0 0 0 0 32.0567 12.1613 20.9515 0.429073 0 0 0 0
500.00 1303.15 0.792245 1.725459 -7471.904182 0.213528 0.852863 (Ca0.01Mg0.45Fe''0.40Mn0.16Co0.00Ni0.00)2SiO4 34.2463 0 0 0 0 32.3866 12.6748 20.2753 0.416987 0 0 0 0
500.00 1293.15 0.881173 1.908724 -8253.047066 0.236634 0.944242 (Ca0.01Mg0.44Fe''0.40Mn0.16Co0.00Ni0.00)2SiO4 34.1059 0 0 0 0 32.684 13.142 19.6638 0.404385 0 0 0 0
500.00 1283.15 0.950684 2.048291 -8848.062490 0.254441 1.014348 (Ca0.01Mg0.43Fe''0.41Mn0.17Co0.00Ni0.00)2SiO4 33.9775 0 0 0 0 32.9556 13.5705 19.105 0.391453 0 0 0 0
500.00 1273.15 1.005157 2.154221 -9301.097558 0.268172 1.068111 (Ca0.01Mg0.42Fe''0.41Mn0.17Co0.00Ni0.00)2SiO4 33.859 0 0 0 0 33.2068 13.9662 18.5896 0.378333 0 0 0 0
500.00 1263.15 1.057541 2.253625 -9711.073336 0.281062 1.118582 (Ca0.01Mg0.40Fe''0.42Mn0.18Co0.00Ni0.00)2SiO4 33.716 0 0 0 0 33.727 14.22 17.9699 0.367131 0 0 0 0
500.00 1253.15 1.098981 2.328298 -10008.781116 0.290895 1.156932 (Ca0.01Mg0.39Fe''0.43Mn0.18Co0.00Ni0.00)2SiO4 33.5684 0 0 0 0 34.3786 14.3648 17.3315 0.356641 0 0 0 0
500.00 1243.15 1.126878 2.373784 -10187.014788 0.297172 1.181118 (Ca0.01Mg0.38Fe''0.44Mn0.18Co0.00Ni0.00)2SiO4 33.4354 0 0 0 0 34.9847 14.477 16.7572 0.345684 0 0 0 0
500.00 1233.15 1.142192 2.394524 -10298.372126 0.300640 1.194287 (Ca0.01Mg0.37Fe''0.44Mn0.18Co0.00Ni0.00)2SiO4 33.3804 0 0 0 0 35.3328 14.4303 16.5246 0.33196 0 0 0 0
500.00 1223.15 1.153446 2.408069 -10407.535821 0.303414 1.204793 (Ca0.01Mg0.37Fe''0.44Mn0.18Co0.00Ni0.00)2SiO4 33.3796 0 0 0 0 35.4996 14.2749 16.5293 0.316627 0 0 0 0
500.00 1213.15 1.164847 2.421624 -10517.664364 0.306219 1.215381 (Ca0.00Mg0.37Fe''0.45Mn0.18Co0.00Ni0.00)2SiO4 33.378 0 0 0 0 35.6676 14.1225 16.5301 0.301798 0 0 0 0
500.00 1203.15 1.176379 2.435150 -10628.579091 0.309049 1.226030 (Ca0.00Mg0.37Fe''0.45Mn0.18Co0.00Ni0.00)2SiO4 33.3755 0 0 0 0 35.8367 13.9734 16.5269 0.287465 0 0 0 0
500.00 1193.15 1.143718 2.357186 -10337.357200 0.300244 1.190495 (Ca0.00Mg0.37Fe''0.45Mn0.18Co0.00Ni0.00)2SiO4 33.3688 0 0 0 0 36.0195 13.8331 16.5049 0.27373 0 0 0 0
500.00 1183.15 1.156962 2.374007 -10462.560465 0.303512 1.202818 (Ca0.00Mg0.37Fe''0.45Mn0.17Co0.00Ni0.00)2SiO4 33.3643 0 0 0 0 36.1912 13.6913 16.4928 0.260366 0 0 0 0

clinopyroxene_1 thermodynamic data and composition:
Pressure Temperature mass S H V Cp structure formula SiO2 TiO2 Al2O3 Fe2O3 Cr2O3 FeO MnO MgO CaO Na2O K2O P2O5 H2O
500.00 1443.15 4.756447 11.163575 -60006.257194 1.465845 5.670473 cpx Na0.01Ca0.68Fe''0.23Mg0.95Fe'''0.06Ti0.01Al0.18Si1.87O6 50.9616 0.399176 4.14506 2.30938 0 7.3458 0 17.3273 17.3245 0.187199 0 0 0
500.00 1433.15 7.207007 16.835383 -90501.081207 2.214240 8.556804 cpx Na0.01Ca0.69Fe''0.24Mg0.92Fe'''0.07Ti0.01Al0.18Si1.87O6 50.6547 0.476405 4.17792 2.48264 0 7.78149 0 16.8187 17.4061 0.202055 0 0 0
500.00 1423.15 9.118561 21.198495 -113997.434432 2.793139 10.782028 cpx Na0.02Ca0.69Fe''0.25Mg0.90Fe'''0.07Ti0.02Al0.18Si1.86O6 50.3518 0.558219 4.20589 2.65089 0 8.19139 0 16.3138 17.5117 0.216351 0 0 0
500.00 1413.15 10.654233 24.647963 -132629.168425 3.254056 12.546701 cpx Na0.02Ca0.70Fe''0.27Mg0.88Fe'''0.08Ti0.02Al0.18Si1.86O6 50.0638 0.641664 4.21952 2.80697 0 8.58614 0 15.8211 17.6313 0.22948 0 0 0
500.00 1403.15 11.902101 27.399048 -147557.949088 3.625121 13.960725 cpx Na0.02Ca0.71Fe''0.28Mg0.85Fe'''0.08Ti0.02Al0.18Si1.86O6 49.8132 0.72009 4.19999 2.93466 0 8.98488 0 15.354 17.7533 0.239968 0 0 0
500.00 1393.15 12.939220 29.637013 -159778.519947 3.930646 15.118733 cpx Na0.02Ca0.72Fe''0.29Mg0.83Fe'''0.08Ti0.02Al0.18Si1.85O6 49.613 0.789754 4.13515 3.0162 0 9.41232 0 14.9158 17.8726 0.245144 0 0 0
500.00 1383.15 13.923468 31.728783 -171308.960067 4.218179 16.204018 cpx Na0.02Ca0.72Fe''0.31Mg0.81Fe'''0.09Ti0.03Al0.18Si1.85O6 49.3291 0.894568 4.14802 3.125 0 9.76184 0 14.4499 18.0425 0.249072 0 0 0
500.00 1373.15 14.872532 33.719451 -182448.909450 4.492977 17.237858 cpx Na0.02Ca0.74Fe''0.31Mg0.78Fe'''0.09Ti0.03Al0.19Si1.84O6 48.8924 1.06332 4.30352 3.31736 0 9.9357 0 13.9485 18.2805 0.258622 0 0 0
500.00 1363.15 15.766594 35.564058 -192921.686845 4.748904 18.197609 cpx Na0.02Ca0.75Fe''0.32Mg0.75Fe'''0.10Ti0.04Al0.20Si1.82O6 48.3415 1.29192 4.54768 3.56731 0 9.99613 0 13.4257 18.5574 0.272387 0 0 0
500.00 1353.15 21.525427 48.427311 -265355.264565 6.515627 24.961386 cpx Na0.02Ca0.74Fe''0.32Mg0.80Fe'''0.08Ti0.02Al0.17Si1.86O6 49.727 0.763886 3.76727 2.76809 0 10.1641 0 14.273 18.3004 0.236315 0 0 0
500.00 1343.15 21.616006 48.414553 -266653.359010 6.539080 25.026822 cpx Na0.02Ca0.74Fe''0.32Mg0.79Fe'''0.08Ti0.02Al0.16Si1.87O6 49.7269 0.788303 3.7234 2.70882 0 10.2144 0 14.1527 18.4505 0.234971 0 0 0
500.00 1333.15 21.683083 48.340280 -267531.761852 6.553831 25.057831 cpx Na0.02Ca0.75Fe''0.32Mg0.78Fe'''0.07Ti0.02Al0.16Si1.87O6 49.703 0.826409 3.67484 2.64789 0 10.316 0 13.9975 18.6024 0.231949 0 0 0
500.00 1323.15 21.673017 48.096715 -267564.207331 6.546267 25.004361 cpx Na0.02Ca0.76Fe''0.33Mg0.78Fe'''0.07Ti0.02Al0.16Si1.87O6 49.6856 0.863282 3.63714 2.58677 0 10.3747 0 13.8681 18.7548 0.229591 0 0 0
500.00 1313.15 21.624366 47.769182 -267170.304929 6.527508 24.908716 cpx Na0.02Ca0.76Fe''0.33Mg0.77Fe'''0.07Ti0.03Al0.16Si1.87O6 49.669 0.901158 3.60616 2.52592 0 10.4124 0 13.7513 18.9065 0.227516 0 0 0
500.00 1303.15 21.552759 47.392847 -266530.912739 6.502189 24.788612 cpx Na0.02Ca0.77Fe''0.33Mg0.77Fe'''0.07Ti0.03Al0.16Si1.87O6 49.6527 0.939991 3.58094 2.46576 0 10.4332 0 13.645 19.0567 0.225712 0 0 0
500.00 1293.15 21.467834 46.989198 -265756.056870 6.473146 24.654861 cpx Na0.02Ca0.77Fe''0.33Mg0.76Fe'''0.07Ti0.03Al0.16Si1.87O6 49.6359 0.979835 3.56081 2.40659 0 10.4404 0 13.5473 19.205 0.224166 0 0 0
500.00 1283.15 21.375681 46.571651 -264914.214273 6.442157 24.514213 cpx Na0.02Ca0.78Fe''0.33Mg0.75Fe'''0.07Ti0.03Al0.16Si1.87O6 49.6182 1.02081 3.54534 2.34861 0 10.4362 0 13.4567 19.3513 0.222867 0 0 0
500.00 1273.15 21.280222 46.148716 -264048.711577 6.410356 24.370946 cpx Na0.02Ca0.79Fe''0.33Mg0.75Fe'''0.06Ti0.03Al0.16Si1.87O6 49.599 1.0631 3.53427 2.29197 0 10.4224 0 13.372 19.4954 0.221801 0 0 0
500.00 1263.15 21.145495 45.640237 -262423.896118 6.365205 24.175904 cpx Na0.02Ca0.79Fe''0.33Mg0.74Fe'''0.06Ti0.03Al0.16Si1.87O6 49.5985 1.06125 3.50203 2.25208 0 10.5252 0 13.2493 19.5919 0.219677 0 0 0
500.00 1253.15 20.985398 45.078726 -260358.997961 6.311863 23.949361 cpx Na0.02Ca0.79Fe''0.34Mg0.74Fe'''0.06Ti0.03Al0.15Si1.87O6 49.6114 1.03457 3.45873 2.21992 0 10.6839 0 13.1111 19.6634 0.216971 0 0 0
500.00 1243.15 20.826702 44.523714 -258365.235512 6.259463 23.726913 cpx Na0.02Ca0.80Fe''0.34Mg0.73Fe'''0.06Ti0.03Al0.15Si1.87O6 49.6258 1.01106 3.4193 2.18535 0 10.8209 0 12.9848 19.7384 0.21442 0 0 0
500.00 1233.15 20.759827 44.175211 -257854.333659 6.237660 23.622723 cpx Na0.02Ca0.80Fe''0.34Mg0.73Fe'''0.06Ti0.03Al0.15Si1.87O6 49.6549 1.00244 3.40304 2.14177 0 10.8114 0 12.9341 19.8381 0.214218 0 0 0
500.00 1223.15 20.762317 43.980191 -258450.134861 6.238835 23.607051 cpx Na0.02Ca0.81Fe''0.34Mg0.73Fe'''0.06Ti0.03Al0.15Si1.87O6 49.6953 1.00391 3.40288 2.09216 0 10.6972 0 12.9385 19.9542 0.215797 0 0 0
500.00 1213.15 20.762871 43.779760 -259022.667836 6.239456 23.589126 cpx Na0.02Ca0.81Fe''0.33Mg0.73Fe'''0.06Ti0.03Al0.15Si1.87O6 49.7368 1.0051 3.40204 2.04227 0 10.5832 0 12.9449 20.0682 0.217352 0 0 0
500.00 1203.15 20.761580 43.574133 -259573.002020 6.239552 23.569043 cpx Na0.02Ca0.81Fe''0.33Mg0.73Fe'''0.06Ti0.03Al0.15Si1.88O6 49.7794 1.00601 3.40052 1.99215 0 10.4694 0 12.9533 20.1803 0.218884 0 0 0
500.00 1193.15 20.756515 43.358957 -260061.917762 6.238416 23.544024 cpx Na0.02Ca0.82Fe''0.33Mg0.73Fe'''0.06Ti0.03Al0.15Si1.88O6 49.8224 1.00606 3.39736 1.94232 0 10.362 0 12.9603 20.2892 0.220349 0 0 0
500.00 1183.15 20.751967 43.143922 -260573.062451 6.237595 23.520089 cpx Na0.02Ca0.82Fe''0.32Mg0.73Fe'''0.05Ti0.03Al0.15Si1.88O6 49.8671 1.0064 3.39441 1.89184 0 10.2483 0 12.9725 20.3975 0.221834 0 0 0

rhm-oxide_0 thermodynamic data and composition:
Pressure Temperature mass S H V Cp formula SiO2 TiO2 Al2O3 Fe2O3 Cr2O3 FeO MnO MgO CaO Na2O K2O P2O5 H2O
500.00 1263.15 0.233055 0.456471 -1712.576843 0.050537 0.214546 Mn0.07Fe''0.70Mg0.11Fe'''0.25Ti0.88O3 0 46.9502 0 13.1404 0 33.8178 3.1933 2.89828 0 0 0 0 0
500.00 1253.15 0.571118 1.113801 -4191.612562 0.123694 0.525234 Mn0.07Fe''0.71Mg0.10Fe'''0.24Ti0.88O3 0 46.9243 0 13.0816 0 34.0681 3.16523 2.76073 0 0 0 0 0
500.00 1243.15 0.867854 1.685204 -6364.088063 0.187758 0.797331 Mn0.07Fe''0.71Mg0.10Fe'''0.24Ti0.88O3 0 46.9138 0 13.0071 0 34.3068 3.1317 2.64058 0 0 0 0 0
500.00 1233.15 1.004922 1.943178 -7372.617173 0.217276 0.922396 Mn0.06Fe''0.72Mg0.10Fe'''0.24Ti0.88O3 0 46.9444 0 12.9039 0 34.4949 3.0727 2.58402 0 0 0 0 0
500.00 1223.15 1.035919 1.994843 -7609.894695 0.223902 0.950001 Mn0.06Fe''0.72Mg0.10Fe'''0.24Ti0.88O3 0 47.0006 0 12.7845 0 34.649 2.99705 2.5689 0 0 0 0 0
500.00 1213.15 1.067191 2.046474 -7849.718327 0.230583 0.977792 Mn0.06Fe''0.72Mg0.09Fe'''0.24Ti0.88O3 0 47.0573 0 12.6632 0 34.8037 2.92306 2.55274 0 0 0 0 0
500.00 1203.15 1.098665 2.097917 -8091.548793 0.237302 1.005701 Mn0.06Fe''0.73Mg0.09Fe'''0.24Ti0.88O3 0 47.1146 0 12.54 0 34.9591 2.85076 2.53554 0 0 0 0 0
500.00 1193.15 1.124551 2.138137 -8292.248011 0.242803 1.028427 Mn0.06Fe''0.73Mg0.09Fe'''0.23Ti0.88O3 0 47.1708 0 12.4161 0 35.1174 2.78088 2.51482 0 0 0 0 0
500.00 1183.15 1.156688 2.189705 -8539.935077 0.249653 1.056804 Mn0.06Fe''0.73Mg0.09Fe'''0.23Ti0.88O3 0 47.2294 0 12.2887 0 35.2743 2.71201 2.49551 0 0 0 0 0

Title: Hr

Phase Masses:
Pressure Temperature mass liquid_0 olivine_0 clinopyroxene_0 clinopyroxene_1 feldspar_0 spinel_0 rhm-oxide_0 whitlockite 
500.00 1523.15 98.106980 98.106980 0.000000 0.000000 0.000000 0.000000 0.000000 0.000000 0.000000 
500.00 1513.15 98.107636 98.107636 0.000000 0.000000 0.000000 0.000000 0.000000 0.000000 0.000000 
500.00 1503.15 98.108333 98.108333 0.000000 0.000000 0.000000 0.000000 0.000000 0.000000 0.000000 
500.00 1493.15 98.109071 98.109071 0.000000 0.000000 0.000000 0.000000 0.000000 0.000000 0.000000 
500.00 1483.15 98.109785 97.878509 0.000000 0.000000 0.000000 0.231275 0.000000 0.000000 0.000000 
500.00 1473.15 98.109410 93.999136 0.000000 0.000000 0.000000 4.110274 0.000000 0.000000 0.000000 
500.00 1463.15 98.108994 90.312276 0.000000 0.000000 0.000000 7.796718 0.000000 0.000000 0.000000 
500.00 1453.15 98.105258 83.435467 0.835141 1.265179 0.000000 12.569472 0.000000 0.000000 0.000000 
500.00 1443.15 98.099662 69.107469 0.000000 5.067766 4.756447 19.167981 0.000000 0.000000 0.000000 
500.00 1433.15 98.093271 58.049712 0.000000 8.280705 7.207007 24.555847 0.000000 0.000000 0.000000 
500.00 1423.15 98.087094 48.932366 0.000000 10.943274 9.118561 29.092893 0.000000 0.000000 0.000000 
500.00 1413.15 98.080606 41.067545 0.000000 13.240492 10.654233 33.118336 0.000000 0.000000 0.000000 
500.00 1403.15 98.072849 33.914707 0.000000 15.316505 11.902101 36.939536 0.000000 0.000000 0.000000 
500.00 1393.15 98.062648 27.167482 0.000000 17.277357 12.939220 40.678589 0.000000 0.000000 0.000000 
500.00 1383.15 98.054276 22.077618 0.000000 18.878506 13.923468 43.174683 0.000000 0.000000 0.000000 
500.00 1373.15 98.051445 18.933056 0.000000 20.017189 14.872532 44.228668 0.000000 0.000000 0.000000 
500.00 1363.15 98.052060 16.656854 0.000000 20.968751 15.766594 44.659862 0.000000 0.000000 0.000000 
500.00 1353.15 98.235415 9.128038 0.000000 18.080432 21.525427 42.770252 6.699747 0.000000 0.031520 
500.00 1343.15 98.227016 7.872833 0.000000 18.538581 21.616006 43.415743 6.716655 0.000000 0.067197 
500.00 1333.15 98.210893 6.616031 0.334846 18.750644 21.683083 44.090625 6.621255 0.000000 0.114409 
500.00 1323.15 98.196834 5.648913 0.529512 19.048219 21.673017 44.626012 6.522580 0.000000 0.148581 
500.00 1313.15 98.183497 4.849860 0.677864 19.359722 21.624366 45.079267 6.415875 0.000000 0.176543 
500.00 1303.15 98.170920 4.176948 0.792245 19.673775 21.552759 45.468795 6.306503 0.000000 0.199894 
500.00 1293.15 98.159077 3.600824 0.881173 19.984308 21.467834 45.808017 6.197193 0.000000 0.219730 
500.00 1283.15 98.147918 3.100364 0.950684 20.288257 21.375681 46.106857 6.089246 0.000000 0.236829 
500.00 1273.15 98.137382 2.660023 1.005157 20.584294 21.280222 46.372747 5.983172 0.000000 0.251767 
500.00 1263.15 98.124183 1.934186 1.057541 21.168062 21.145495 46.776716 5.532241 0.233055 0.276888 
500.00 1253.15 98.109418 1.088631 1.098981 21.899064 20.985398 47.246287 4.914258 0.571118 0.305682 
500.00 1243.15 98.095019 0.320210 1.126878 22.588214 20.826702 47.685692 4.348104 0.867854 0.331364 
500.00 1233.15 98.088949 0.000000 1.142192 22.848607 20.759827 47.882499 4.108913 1.004922 0.341990 
500.00 1223.15 98.089323 0.000000 1.153446 22.792638 20.762317 47.900454 4.102560 1.035919 0.341990 
500.00 1213.15 98.089718 0.000000 1.164847 22.737967 20.762871 47.918938 4.095914 1.067191 0.341990 
500.00 1203.15 98.090132 0.000000 1.176379 22.684513 20.761580 47.937957 4.089047 1.098665 0.341990 
500.00 1193.15 98.091090 0.365077 1.143718 22.649760 20.756515 47.956196 4.095273 1.124551 0.000000 
500.00 1183.15 98.091519 0.364305 1.156962 22.597731 20.751967 47.976410 4.087456 1.156688 0.000000 

Title: Hr

Phase Volumes:
Pressure Temperature mass V liquid_0 olivine_0 clinopyroxene_0 clinopyroxene_1 feldspar_0 spinel_0 rhm-oxide_0 whitlockite 
500.00 1523.15 98.106980 36.156248 36.156248 0.000000 0.000000 0.000000 0.000000 0.000000 0.000000 0.000000 
500.00 1513.15 98.107636 36.132754 36.132754 0.000000 0.000000 0.000000 0.000000 0.000000 0.000000 0.000000 
500.00 1503.15 98.108333 36.109292 36.109292 0.000000 0.000000 0.000000 0.000000 0.000000 0.000000 0.000000 
500.00 1493.15 98.109071 36.085863 36.085863 0.000000 0.000000 0.000000 0.000000 0.000000 0.000000 0.000000 
500.00 1483.15 98.109785 36.058606 35.971903 0.000000 0.000000 0.000000 0.086703 0.000000 0.000000 0.000000 
500.00 1473.15 98.109410 35.969725 34.427328 0.000000 0.000000 0.000000 1.542397 0.000000 0.000000 0.000000 
500.00 1463.15 98.108994 35.882712 32.954039 0.000000 0.000000 0.000000 2.928673 0.000000 0.000000 0.000000 
500.00 1453.15 98.105258 35.690453 30.319309 0.252817 0.391117 0.000000 4.727209 0.000000 0.000000 0.000000 
500.00 1443.15 98.099662 35.139499 24.895848 0.000000 1.555837 1.465845 7.221969 0.000000 0.000000 0.000000 
500.00 1433.15 98.093271 34.733228 20.719251 0.000000 2.532145 2.214240 9.267592 0.000000 0.000000 0.000000 
500.00 1423.15 98.087094 34.395353 17.271218 0.000000 3.333312 2.793139 10.997684 0.000000 0.000000 0.000000 
500.00 1413.15 98.080606 34.102283 14.291499 0.000000 4.017626 3.254056 12.539102 0.000000 0.000000 0.000000 
500.00 1403.15 98.072849 33.836060 11.573104 0.000000 4.630072 3.625121 14.007763 0.000000 0.000000 0.000000 
500.00 1393.15 98.062648 33.585628 9.003814 0.000000 5.203162 3.930646 15.448005 0.000000 0.000000 0.000000 
500.00 1383.15 98.054276 33.386986 7.096580 0.000000 5.664277 4.218179 16.407950 0.000000 0.000000 0.000000 
500.00 1373.15 98.051445 33.250339 5.960545 0.000000 5.985568 4.492977 16.811249 0.000000 0.000000 0.000000 
500.00 1363.15 98.052060 33.142393 5.167960 0.000000 6.250282 4.748904 16.975248 0.000000 0.000000 0.000000 
500.00 1353.15 98.235415 33.089646 3.493044 0.000000 5.404273 6.515627 16.238202 1.428579 0.000000 0.009920 
500.00 1343.15 98.227016 33.033731 3.027259 0.000000 5.533640 6.539080 16.482443 1.430162 0.000000 0.021148 
500.00 1333.15 98.210893 32.981155 2.568334 0.091443 5.587318 6.553831 16.736100 1.408123 0.000000 0.036007 
500.00 1323.15 98.196834 32.935407 2.208819 0.143905 5.667492 6.546267 16.936441 1.385722 0.000000 0.046761 
500.00 1313.15 98.183497 32.894206 1.908518 0.183423 5.752115 6.527508 17.105228 1.361851 0.000000 0.055561 
500.00 1303.15 98.170920 32.856589 1.653106 0.213528 5.837700 6.502189 17.249562 1.337594 0.000000 0.062910 
500.00 1293.15 98.159077 32.821834 1.432425 0.236634 5.922370 6.473146 17.374618 1.313488 0.000000 0.069153 
500.00 1283.15 98.147918 32.789318 1.239090 0.254441 6.005167 6.442157 17.484150 1.289780 0.000000 0.074534 
500.00 1273.15 98.137382 32.758665 1.067619 0.268172 6.085659 6.410356 17.581070 1.266555 0.000000 0.079235 
500.00 1263.15 98.124183 32.711011 0.780176 0.281062 6.247166 6.365205 17.730769 1.168954 0.050537 0.087141 
500.00 1253.15 98.109418 32.655185 0.441337 0.290895 6.449563 6.311863 17.905797 1.035833 0.123694 0.096203 
500.00 1243.15 98.095019 32.602525 0.130394 0.297172 6.639471 6.259463 18.069573 0.914406 0.187758 0.104286 
500.00 1233.15 98.088949 32.574632 0.000000 0.300640 6.708412 6.237660 18.140378 0.862634 0.217276 0.107630 
500.00 1223.15 98.089323 32.564907 0.000000 0.303414 6.688483 6.238835 18.142487 0.860156 0.223902 0.107630 
500.00 1213.15 98.089718 32.555250 0.000000 0.306219 6.668951 6.239456 18.144800 0.857612 0.230583 0.107630 
500.00 1203.15 98.090132 32.545662 0.000000 0.309049 6.649792 6.239552 18.147318 0.855018 0.237302 0.107630 
500.00 1193.15 98.091090 32.547464 0.125446 0.300244 6.635867 6.238416 18.149548 0.855140 0.242803 0.000000 
500.00 1183.15 98.091519 32.537991 0.125214 0.303512 6.617149 6.237595 18.152526 0.852343 0.249653 0.000000 

Title: Hr

Solid Composition:
Pressure Temperature mass SiO2 TiO2 Al2O3 Fe2O3 Cr2O3 FeO MnO MgO CaO Na2O K2O P2O5 H2O 
500.00 1523.15 0.000000 ---
500.00 1513.15 0.000000 ---
500.00 1503.15 0.000000 ---
500.00 1493.15 0.000000 ---
500.00 1483.15 0.231275 48.5834 0 33.0076 0 0 0 0 0 15.8953 2.46423 0.0494075 0 0
500.00 1473.15 4.110274 48.9781 0 32.7401 0 0 0 0 0 15.5825 2.64244 0.0568043 0 0
500.00 1463.15 7.796718 49.3835 0 32.4651 0 0 0 0 0 15.2611 2.82489 0.0654368 0 0
500.00 1453.15 14.669791 49.3753 0.0290347 27.8947 0.187108 0 1.57637 0.0273948 3.92305 14.3012 2.6191 0.0667603 0 0
500.00 1443.15 28.992193 50.941 0.0976242 22.1955 0.679478 0 3.32633 0 6.913 13.5253 2.25262 0.0691132 0 0
500.00 1433.15 40.043559 51.2848 0.128629 20.585 0.823666 0 4.08245 0 7.71277 13.0275 2.271 0.0841682 0 0
500.00 1423.15 49.154729 51.5459 0.15443 19.7425 0.917995 0 4.59253 0 7.93963 12.6473 2.35341 0.10633 0 0
500.00 1413.15 57.013061 51.7832 0.177047 19.1933 0.987219 0 5.0052 0 7.95121 12.3084 2.45689 0.13753 0 0
500.00 1403.15 64.158142 52.0262 0.195186 18.7929 1.03296 0 5.36748 0 7.8522 11.981 2.56877 0.183347 0 0
500.00 1393.15 70.895166 52.2619 0.208526 18.4746 1.05445 0 5.71506 0 7.69666 11.6724 2.6668 0.249693 0 0
500.00 1383.15 75.976657 52.3218 0.232587 18.1867 1.09381 0 6.07975 0 7.5941 11.4961 2.69005 0.305082 0 0
500.00 1373.15 79.118389 52.2181 0.275312 17.9298 1.17066 0 6.42153 0 7.55612 11.4325 2.66588 0.330088 0 0
500.00 1363.15 81.395207 52.0492 0.333697 17.6961 1.2692 0 6.73976 0 7.53688 11.4015 2.6322 0.34145 0 0
500.00 1353.15 89.107376 48.2236 1.26636 15.8527 4.04914 0.0227793 9.03427 0 7.74452 11.2885 2.32669 0.175245 0.016187 0
500.00 1343.15 90.354183 48.284 1.28437 15.802 3.94422 0.0224652 9.14494 0 7.69385 11.2687 2.3355 0.186012 0.0340333 0
500.00 1333.15 91.594862 48.3143 1.30538 15.7554 3.75555 0.0221612 9.31752 0.0400377 7.64367 11.2547 2.33775 0.196371 0.0571599 0
500.00 1323.15 92.547921 48.3661 1.32116 15.7225 3.59226 0.0219332 9.44871 0.0663202 7.60084 11.2412 2.33877 0.206826 0.0734678 0
500.00 1313.15 93.333637 48.4237 1.33432 15.6969 3.43902 0.0217487 9.56246 0.0883248 7.56307 11.2283 2.33837 0.217252 0.0865594 0
500.00 1303.15 93.993972 48.4836 1.34549 15.6764 3.29585 0.021596 9.66301 0.106832 7.52951 11.2159 2.33695 0.227616 0.0973199 0
500.00 1293.15 94.558254 48.544 1.35509 15.6594 3.16213 0.0214673 9.75326 0.122468 7.49948 11.2036 2.3348 0.237902 0.106338 0
500.00 1283.15 95.047554 48.604 1.3634 15.645 3.03703 0.0213569 9.83527 0.135734 7.47237 11.1916 2.33214 0.248099 0.114024 0
500.00 1273.15 95.477359 48.663 1.37063 15.6325 2.91968 0.0212608 9.91058 0.147032 7.44773 11.1795 2.32912 0.258201 0.12067 0
500.00 1263.15 96.189997 48.7825 1.38346 15.6091 2.76859 0.0211035 9.98374 0.164075 7.40383 11.1527 2.32104 0.27813 0.131727 0
500.00 1253.15 97.020788 48.9371 1.3957 15.5821 2.59994 0.020923 10.0562 0.181347 7.35088 11.1159 2.31001 0.305785 0.14418 0
500.00 1243.15 97.774809 49.0877 1.40381 15.559 2.43811 0.0207619 10.1265 0.194648 7.30183 11.0782 2.29896 0.335383 0.155089 0
500.00 1233.15 98.088949 49.1528 1.40638 15.5498 2.37042 0.0206955 10.1552 0.199513 7.28115 11.0614 2.29404 0.349071 0.159549 0
500.00 1223.15 98.089323 49.1526 1.40637 15.5497 2.37421 0.0206954 10.1517 0.199512 7.28112 11.0613 2.29403 0.34907 0.159548 0
500.00 1213.15 98.089718 49.1525 1.40637 15.5496 2.37822 0.0206953 10.1481 0.199511 7.28109 11.0613 2.29402 0.349068 0.159548 0
500.00 1203.15 98.090132 49.1522 1.40636 15.5496 2.38243 0.0206953 10.1442 0.19951 7.28106 11.0613 2.29401 0.349067 0.159547 0
500.00 1193.15 97.726013 49.3269 1.41068 15.6074 2.40067 0.020772 10.1731 0.193894 7.30121 10.9125 2.30256 0.35028 0 0
500.00 1183.15 97.727214 49.3266 1.41074 15.6072 2.40504 0.0207717 10.169 0.194186 7.30123 10.9124 2.30253 0.35028 0 0
Title: Hr

Bulk Composition:
Pressure Temperature mass SiO2 TiO2 Al2O3 Fe2O3 Cr2O3 FeO MnO MgO CaO Na2O K2O P2O5 H2O 
500.00 1523.15 98.106980 49.1438 1.40612 15.5469 2.55343 0.0206917 9.98827 0.199476 7.27981 11.0594 2.29362 0.349007 0.15952 0
500.00 1513.15 98.107636 49.1435 1.40611 15.5468 2.56008 0.0206916 9.9822 0.199475 7.27976 11.0593 2.2936 0.349004 0.159519 0
500.00 1503.15 98.108333 49.1431 1.4061 15.5467 2.56715 0.0206914 9.97575 0.199473 7.27971 11.0592 2.29359 0.349002 0.159518 0
500.00 1493.15 98.109071 49.1428 1.40609 15.5466 2.57464 0.0206913 9.96892 0.199472 7.27965 11.0591 2.29357 0.348999 0.159516 0
500.00 1483.15 98.109785 49.1424 1.40608 15.5465 2.58188 0.0206911 9.96231 0.19947 7.2796 11.059 2.29355 0.348997 0.159515 0
500.00 1473.15 98.109410 49.1426 1.40608 15.5465 2.57809 0.0206912 9.96578 0.199471 7.27963 11.0591 2.29356 0.348998 0.159516 0
500.00 1463.15 98.108994 49.1428 1.40609 15.5466 2.57386 0.0206913 9.96963 0.199472 7.27966 11.0591 2.29357 0.349 0.159516 0
500.00 1453.15 98.105258 49.1447 1.40614 15.5472 2.53595 0.0206921 10.0042 0.19948 7.27994 11.0596 2.29366 0.349013 0.159523 0
500.00 1443.15 98.099662 49.1475 1.40622 15.5481 2.47916 0.0206932 10.056 0.199491 7.28035 11.0602 2.29379 0.349033 0.159532 0
500.00 1433.15 98.093271 49.1507 1.40631 15.5491 2.41429 0.0206946 10.1152 0.199504 7.28083 11.0609 2.29394 0.349056 0.159542 0
500.00 1423.15 98.087094 49.1538 1.4064 15.5501 2.35159 0.0206959 10.1724 0.199517 7.28128 11.0616 2.29408 0.349078 0.159552 0
500.00 1413.15 98.080606 49.157 1.4065 15.5511 2.28572 0.0206973 10.2325 0.19953 7.28177 11.0623 2.29424 0.349101 0.159563 0
500.00 1403.15 98.072849 49.1609 1.40661 15.5523 2.20695 0.0206989 10.3043 0.199546 7.28234 11.0632 2.29442 0.349128 0.159575 0
500.00 1393.15 98.062648 49.166 1.40675 15.5539 2.10336 0.0207011 10.3988 0.199566 7.2831 11.0644 2.29466 0.349165 0.159592 0
500.00 1383.15 98.054276 49.1702 1.40687 15.5553 2.01831 0.0207028 10.4764 0.199583 7.28372 11.0653 2.29485 0.349194 0.159605 0
500.00 1373.15 98.051445 49.1716 1.40691 15.5557 1.98955 0.0207034 10.5026 0.199589 7.28393 11.0656 2.29492 0.349204 0.15961 0
500.00 1363.15 98.052060 49.1713 1.40691 15.5556 1.99581 0.0207033 10.4969 0.199588 7.28389 11.0656 2.2949 0.349202 0.159609 0
500.00 1353.15 98.235415 49.0796 1.40428 15.5266 3.85504 0.0206646 8.801 0.199215 7.27029 11.0449 2.29062 0.34855 0.159311 0
500.00 1343.15 98.227016 49.0837 1.4044 15.5279 3.77002 0.0206664 8.87855 0.199232 7.27091 11.0458 2.29082 0.34858 0.159325 0
500.00 1333.15 98.210893 49.0918 1.40463 15.5305 3.60679 0.0206698 9.02744 0.199265 7.27211 11.0477 2.29119 0.348638 0.159351 0
500.00 1323.15 98.196834 49.0988 1.40483 15.5327 3.4644 0.0206728 9.15732 0.199294 7.27315 11.0492 2.29152 0.348687 0.159374 0
500.00 1313.15 98.183497 49.1055 1.40502 15.5348 3.32929 0.0206756 9.28056 0.199321 7.27414 11.0507 2.29183 0.348735 0.159395 0
500.00 1303.15 98.170920 49.1118 1.4052 15.5368 3.20185 0.0206782 9.39681 0.199346 7.27507 11.0522 2.29212 0.348779 0.159416 0
500.00 1293.15 98.159077 49.1177 1.40537 15.5387 3.08181 0.0206807 9.5063 0.19937 7.27594 11.0535 2.2924 0.348822 0.159435 0
500.00 1283.15 98.147918 49.1233 1.40553 15.5404 2.96868 0.0206831 9.60949 0.199393 7.27677 11.0547 2.29266 0.348861 0.159453 0
500.00 1273.15 98.137382 49.1286 1.40568 15.5421 2.86184 0.0206853 9.70695 0.199414 7.27755 11.0559 2.29291 0.348899 0.15947 0
500.00 1263.15 98.124183 49.1352 1.40587 15.5442 2.72796 0.0206881 9.82907 0.199441 7.27853 11.0574 2.29322 0.348946 0.159492 0
500.00 1253.15 98.109418 49.1426 1.40608 15.5465 2.57817 0.0206912 9.9657 0.199471 7.27963 11.0591 2.29356 0.348998 0.159516 0
500.00 1243.15 98.095019 49.1498 1.40629 15.5488 2.43203 0.0206942 10.099 0.1995 7.2807 11.0607 2.2939 0.349049 0.159539 0
500.00 1233.15 98.088949 49.1528 1.40638 15.5498 2.37042 0.0206955 10.1552 0.199513 7.28115 11.0614 2.29404 0.349071 0.159549 0
500.00 1223.15 98.089323 49.1526 1.40637 15.5497 2.37421 0.0206954 10.1517 0.199512 7.28112 11.0613 2.29403 0.34907 0.159548 0
500.00 1213.15 98.089718 49.1525 1.40637 15.5496 2.37822 0.0206953 10.1481 0.199511 7.28109 11.0613 2.29402 0.349068 0.159548 0
500.00 1203.15 98.090132 49.1522 1.40636 15.5496 2.38243 0.0206953 10.1442 0.19951 7.28106 11.0613 2.29401 0.349067 0.159547 0
500.00 1193.15 98.091090 49.1518 1.40635 15.5494 2.39215 0.0206951 10.1354 0.199508 7.28099 11.0611 2.29399 0.349063 0.159546 0
500.00 1183.15 98.091519 49.1515 1.40634 15.5494 2.3965 0.020695 10.1314 0.199508 7.28096 11.0611 2.29398 0.349062 0.159545 0
