Title: Hr

Liquid Composition:
Pressure Temperature mass SiO2 TiO2 Al2O3 Fe2O3 Cr2O3 FeO MnO MgO CaO Na2O K2O P2O5 H2O 
500.00 1523.15 98.106980 49.1438 1.40612 15.5469 2.55343 0.0206917 9.98827 0.199476 7.27981 11.0594 2.29362 0.349007 0.15952 0
500.00 1513.15 98.107636 49.1435 1.40611 15.5468 2.56008 0.0206916 9.9822 0.199475 7.27976 11.0593 2.2936 0.349004 0.159519 0
500.00 1503.15 98.108333 49.1431 1.4061 15.5467 2.56715 0.0206914 9.97575 0.199473 7.27971 11.0592 2.29359 0.349002 0.159518 0
500.00 1493.15 98.109071 49.1428 1.40609 15.5466 2.57464 0.0206913 9.96892 0.199472 7.27965 11.0591 2.29357 0.348999 0.159516 0
500.00 1483.15 97.878509 49.1437 1.4094 15.5052 2.58799 0.02074 9.98585 0.199942 7.2968 11.0476 2.29315 0.349705 0.159892 0
500.00 1473.15 93.999136 49.1498 1.46757 14.7947 2.69082 0.0215959 10.4015 0.208193 7.59794 10.8613 2.27831 0.361775 0.166491 0
500.00 1463.15 90.312276 49.122 1.52748 14.086 2.79607 0.0224776 10.8303 0.216693 7.90812 10.6964 2.2477 0.37348 0.173288 0
500.00 1453.15 83.435467 49.1041 1.64827 13.3762 2.94893 0.0243302 11.486 0.229736 7.87015 10.4896 2.23644 0.398639 0.18757 0
500.00 1443.15 69.107469 48.395 1.95521 12.7593 3.23416 0.0293745 12.8793 0.283182 7.43446 10.026 2.31106 0.466466 0.226459 0
500.00 1433.15 58.049712 47.6785 2.28768 12.0752 3.51152 0.03497 14.2767 0.337125 6.98287 9.7043 2.30976 0.531779 0.269597 0
500.00 1423.15 48.932366 46.7507 2.66407 11.3386 3.7917 0.0414858 15.7776 0.39994 6.61995 9.46873 2.23449 0.592928 0.319829 0
500.00 1413.15 41.067545 45.5112 3.11331 10.4947 4.08839 0.0494308 17.4893 0.476532 6.35239 9.33243 2.06842 0.642819 0.38108 0
500.00 1403.15 33.914707 43.7406 3.69831 9.42193 4.42784 0.059856 19.6436 0.577036 6.20431 9.32698 1.7754 0.662744 0.461452 0
500.00 1393.15 27.167482 41.0872 4.5336 7.93239 4.84056 0.0747217 22.6213 0.720346 6.20388 9.47772 1.32351 0.608742 0.576056 0
500.00 1383.15 22.077618 38.3247 5.448 6.4995 5.19982 0.0919483 25.6067 0.886418 6.21559 9.58267 0.934823 0.500999 0.708863 0
500.00 1373.15 18.933056 36.441 6.13571 5.63484 5.41156 0.10722 27.5569 1.03364 6.14649 9.53229 0.744715 0.42909 0.826597 0
500.00 1363.15 16.656854 35.1085 6.65124 5.09571 5.54643 0.121872 28.8565 1.17489 6.04761 9.42396 0.646687 0.387085 0.939553 0
500.00 1353.15 9.128038 57.4357 2.75067 12.3426 1.96023 2.15965e-005 6.52384 2.14394 2.6409 8.66667 1.93854 2.04035 1.55648 0
500.00 1343.15 7.872833 58.2626 2.78195 12.3825 1.77086 2.18423e-005 5.82123 2.48576 2.417 8.48859 1.77793 2.21433 1.59726 0
500.00 1333.15 6.616031 59.8558 2.7787 12.4166 1.54724 2.22409e-005 5.01154 2.40367 2.12809 8.18092 1.64664 2.45667 1.57412 0
500.00 1323.15 5.648913 61.104 2.77564 12.4233 1.36961 2.28976e-005 4.38338 2.37784 1.90444 7.90486 1.51733 2.67285 1.5668 0
500.00 1313.15 4.849860 62.2275 2.76568 12.4146 1.21762 2.36873e-005 3.85544 2.33539 1.71378 7.63363 1.39619 2.87907 1.5611 0
500.00 1303.15 4.176948 63.2485 2.74892 12.3951 1.0865 2.45678e-005 3.4065 2.2812 1.54927 7.36836 1.28349 3.07532 1.55676 0
500.00 1293.15 3.600824 64.1832 2.72587 12.3676 0.972642 2.55184e-005 3.02121 2.21884 1.40598 7.11023 1.17907 3.26158 1.55376 0
500.00 1283.15 3.100364 65.0435 2.69722 12.3339 0.873221 2.65313e-005 2.688 2.15097 1.28023 6.86039 1.08251 3.4379 1.55218 0
500.00 1273.15 2.660023 65.8387 2.66369 12.2952 0.785989 2.76063e-005 2.39799 2.0796 1.16918 6.61978 0.993301 3.60435 1.55215 0
500.00 1263.15 1.934186 66.6759 2.52019 12.3153 0.707675 3.04302e-005 2.13702 1.95824 1.04718 6.31793 0.90952 3.87073 1.54028 0
500.00 1253.15 1.088631 67.4568 2.33131 12.3768 0.637483 3.50622e-005 1.90272 1.81474 0.929047 5.99712 0.827521 4.20023 1.52624 0
500.00 1243.15 0.320210 68.1227 2.16382 12.4405 0.575226 4.09005e-005 1.69584 1.68129 0.82779 5.70342 0.748668 4.52215 1.51851 0
500.00 1233.15 0.000000 ---
500.00 1223.15 0.000000 ---
500.00 1213.15 0.000000 ---
500.00 1203.15 0.000000 ---
500.00 1193.15 0.365077 2.25991 0.24625 0.0265621 0.112349 0.000100405 0.044215 1.70253 1.86734 50.8498 2.09083e-005 0.0232544 42.8677 0
500.00 1183.15 0.364305 2.19737 0.226626 0.025326 0.106753 0.000101413 0.041231 1.62702 1.8412 50.9536 1.78108e-005 0.0222593 42.9586 0