Title: Hr

Solid Composition:
Pressure Temperature mass SiO2 TiO2 Al2O3 Fe2O3 Cr2O3 FeO MnO MgO CaO Na2O K2O P2O5 H2O 
500.00 1523.15 0.000000 ---
500.00 1513.15 0.000000 ---
500.00 1503.15 0.000000 ---
500.00 1493.15 0.000000 ---
500.00 1483.15 0.231275 48.5834 0 33.0076 0 0 0 0 0 15.8953 2.46423 0.0494075 0 0
500.00 1473.15 4.110274 48.9781 0 32.7401 0 0 0 0 0 15.5825 2.64244 0.0568043 0 0
500.00 1463.15 7.796718 49.3835 0 32.4651 0 0 0 0 0 15.2611 2.82489 0.0654368 0 0
500.00 1453.15 14.669791 49.3753 0.0290347 27.8947 0.187108 0 1.57637 0.0273948 3.92305 14.3012 2.6191 0.0667603 0 0
500.00 1443.15 28.992193 50.941 0.0976242 22.1955 0.679478 0 3.32633 0 6.913 13.5253 2.25262 0.0691132 0 0
500.00 1433.15 40.043559 51.2848 0.128629 20.585 0.823666 0 4.08245 0 7.71277 13.0275 2.271 0.0841682 0 0
500.00 1423.15 49.154729 51.5459 0.15443 19.7425 0.917995 0 4.59253 0 7.93963 12.6473 2.35341 0.10633 0 0
500.00 1413.15 57.013061 51.7832 0.177047 19.1933 0.987219 0 5.0052 0 7.95121 12.3084 2.45689 0.13753 0 0
500.00 1403.15 64.158142 52.0262 0.195186 18.7929 1.03296 0 5.36748 0 7.8522 11.981 2.56877 0.183347 0 0
500.00 1393.15 70.895166 52.2619 0.208526 18.4746 1.05445 0 5.71506 0 7.69666 11.6724 2.6668 0.249693 0 0
500.00 1383.15 75.976657 52.3218 0.232587 18.1867 1.09381 0 6.07975 0 7.5941 11.4961 2.69005 0.305082 0 0
500.00 1373.15 79.118389 52.2181 0.275312 17.9298 1.17066 0 6.42153 0 7.55612 11.4325 2.66588 0.330088 0 0
500.00 1363.15 81.395207 52.0492 0.333697 17.6961 1.2692 0 6.73976 0 7.53688 11.4015 2.6322 0.34145 0 0
500.00 1353.15 89.107376 48.2236 1.26636 15.8527 4.04914 0.0227793 9.03427 0 7.74452 11.2885 2.32669 0.175245 0.016187 0
500.00 1343.15 90.354183 48.284 1.28437 15.802 3.94422 0.0224652 9.14494 0 7.69385 11.2687 2.3355 0.186012 0.0340333 0
500.00 1333.15 91.594862 48.3143 1.30538 15.7554 3.75555 0.0221612 9.31752 0.0400377 7.64367 11.2547 2.33775 0.196371 0.0571599 0
500.00 1323.15 92.547921 48.3661 1.32116 15.7225 3.59226 0.0219332 9.44871 0.0663202 7.60084 11.2412 2.33877 0.206826 0.0734678 0
500.00 1313.15 93.333637 48.4237 1.33432 15.6969 3.43902 0.0217487 9.56246 0.0883248 7.56307 11.2283 2.33837 0.217252 0.0865594 0
500.00 1303.15 93.993972 48.4836 1.34549 15.6764 3.29585 0.021596 9.66301 0.106832 7.52951 11.2159 2.33695 0.227616 0.0973199 0
500.00 1293.15 94.558254 48.544 1.35509 15.6594 3.16213 0.0214673 9.75326 0.122468 7.49948 11.2036 2.3348 0.237902 0.106338 0
500.00 1283.15 95.047554 48.604 1.3634 15.645 3.03703 0.0213569 9.83527 0.135734 7.47237 11.1916 2.33214 0.248099 0.114024 0
500.00 1273.15 95.477359 48.663 1.37063 15.6325 2.91968 0.0212608 9.91058 0.147032 7.44773 11.1795 2.32912 0.258201 0.12067 0
500.00 1263.15 96.189997 48.7825 1.38346 15.6091 2.76859 0.0211035 9.98374 0.164075 7.40383 11.1527 2.32104 0.27813 0.131727 0
500.00 1253.15 97.020788 48.9371 1.3957 15.5821 2.59994 0.020923 10.0562 0.181347 7.35088 11.1159 2.31001 0.305785 0.14418 0
500.00 1243.15 97.774809 49.0877 1.40381 15.559 2.43811 0.0207619 10.1265 0.194648 7.30183 11.0782 2.29896 0.335383 0.155089 0
500.00 1233.15 98.088949 49.1528 1.40638 15.5498 2.37042 0.0206955 10.1552 0.199513 7.28115 11.0614 2.29404 0.349071 0.159549 0
500.00 1223.15 98.089323 49.1526 1.40637 15.5497 2.37421 0.0206954 10.1517 0.199512 7.28112 11.0613 2.29403 0.34907 0.159548 0
500.00 1213.15 98.089718 49.1525 1.40637 15.5496 2.37822 0.0206953 10.1481 0.199511 7.28109 11.0613 2.29402 0.349068 0.159548 0
500.00 1203.15 98.090132 49.1522 1.40636 15.5496 2.38243 0.0206953 10.1442 0.19951 7.28106 11.0613 2.29401 0.349067 0.159547 0
500.00 1193.15 97.726013 49.3269 1.41068 15.6074 2.40067 0.020772 10.1731 0.193894 7.30121 10.9125 2.30256 0.35028 0 0
500.00 1183.15 97.727214 49.3266 1.41074 15.6072 2.40504 0.0207717 10.169 0.194186 7.30123 10.9124 2.30253 0.35028 0 0