Title: Nd2

System Thermodynamic Data:
Pressure Temperature mass F phi S H V dVdP*10^6 dVdT*10^6 Cp logfO2(absolute) logfO2-NNO rhol rhos viscosity aH2O chisqr
500.00 1523.15 98.213805 1.0000000000000000 1.000000 266.224817 -1188841.069796 37.172677 -217.992785 2303.860480 145.315250 -7.007 0.000 2.642097 0.000000 2.567 0 0.000
500.00 1513.15 98.214359 1.0000000000000000 1.000000 265.268630 -1190302.320972 37.150129 -218.223320 2303.984582 145.318091 -7.116 0.000 2.643715 0.000000 2.613 0 0.000
500.00 1503.15 98.214947 1.0000000000000000 1.000000 264.306117 -1191764.128338 37.127609 -218.454916 2304.116316 145.321108 -7.225 0.000 2.645335 0.000000 2.660 0 0.000
500.00 1493.15 98.215570 1.0000000000000000 1.000000 263.337193 -1193226.512394 37.105117 -218.687633 2304.255915 145.324304 -7.336 0.000 2.646955 0.000000 2.707 0 0.000
500.00 1483.15 98.216230 1.0000000000000000 1.000000 262.361767 -1194689.494501 37.082654 -218.921536 2304.403623 145.327687 -7.449 0.000 2.648576 0.000000 2.754 0 0.000
500.00 1473.15 98.216926 1.0000000000000000 1.000000 261.398028 -1196126.108147 37.060221 -219.156692 2304.559695 141.388133 -7.563 0.000 2.650198 0.000000 2.803 0 0.000
500.00 1463.15 98.217662 1.0000000000000000 1.000000 260.436221 -1197550.868767 37.037819 -219.393170 2304.724393 141.381856 -7.679 0.000 2.651821 0.000000 2.852 0 0.000
500.00 1453.15 98.218026 0.9792935789089516 0.979324 259.020331 -1199620.853206 36.980594 -215.683284 2281.775543 140.903461 -7.796 0.000 2.655851 2.659864 2.881 0 0.000
500.00 1443.15 96.182695 0.9041899337095657 0.911472 250.941517 -1176043.914791 35.894357 -199.704889 2153.144018 135.757413 -7.915 0.000 2.658197 2.900018 2.947 0 0.000
500.00 1433.15 86.965921 0.8714913261913072 0.882219 225.338930 -1059227.906255 32.315619 -177.973223 1917.960957 121.294768 -8.035 0.000 2.658419 2.936251 3.046 0 0.000
500.00 1423.15 75.791386 0.8855980514218245 0.895526 195.812207 -917088.008021 28.200101 -159.553266 1688.224894 105.205362 -8.157 0.000 2.657833 2.943023 3.147 0 0.000
500.00 1413.15 67.124129 0.8975815228811166 0.906643 172.878659 -807715.409123 25.009990 -144.903019 1508.044656 92.747222 -8.281 0.000 2.657068 2.944398 3.248 0 0.000
500.00 1403.15 60.257042 0.9030630277387374 0.912376 154.593133 -721686.250181 22.473215 -132.674352 1357.713024 82.795336 -8.407 0.000 2.653913 2.966268 3.363 0 0.000
500.00 1393.15 54.476311 0.8471729053600958 0.871221 138.237949 -651842.260723 20.284804 -118.701857 1149.775423 73.333647 -8.535 0.000 2.611443 3.187073 3.762 0 0.000
500.00 1383.15 46.194907 0.8692305795946029 0.890672 117.131778 -560504.364716 17.519974 -107.115447 955.645704 62.066665 -8.664 0.000 2.573224 3.153822 4.147 0 0.000
500.00 1373.15 40.182345 0.8949686322161552 0.912024 101.816709 -493974.433104 15.496993 -98.544439 820.925375 53.979803 -8.795 0.000 2.544425 3.095569 4.473 0 0.000
500.00 1363.15 35.982191 0.9116161301809554 0.925817 90.975039 -446805.481190 14.051714 -91.930869 724.706409 48.263440 -8.929 0.000 2.521420 3.050890 4.761 0 0.000
500.00 1353.15 32.817479 0.9234511560709973 0.935618 82.722670 -410855.305990 12.943864 -86.588681 651.406945 43.926405 -9.064 0.000 2.502399 3.014503 5.023 0 0.000
500.00 1343.15 30.317873 0.9323703172869685 0.943000 76.149621 -382192.417403 12.056438 -82.139316 593.178824 40.485840 -9.201 0.000 2.486316 2.983633 5.263 0 0.000
500.00 1333.15 28.277999 0.9393435721978419 0.948766 70.746072 -358612.969697 11.323420 -78.348696 545.510028 37.669832 -9.340 0.000 2.472500 2.956584 5.488 0 0.000
500.00 1323.15 26.571852 0.9449151104131539 0.953363 66.196681 -338751.737494 10.703695 -75.059767 505.563530 35.309689 -9.481 0.000 2.460497 2.932154 5.701 0 0.000
500.00 1313.15 25.116212 0.9493998943210961 0.957046 62.291790 -321698.513683 10.169712 -72.159643 471.430155 33.293056 -9.625 0.000 2.449976 2.909329 5.902 0 0.000
500.00 1303.15 23.852615 0.9529195540280820 0.959900 58.883294 -306807.137674 9.701770 -69.557345 441.743813 31.540404 -9.771 0.000 2.440706 2.886544 6.095 0 0.000
500.00 1293.15 22.735244 0.9554302870468555 0.961843 55.855031 -293560.649372 9.283986 -67.163999 415.435666 29.989184 -9.919 0.000 2.432539 2.860450 6.281 0 0.000
500.00 1283.15 21.727045 0.9566775458833929 0.962646 53.111072 -281526.755705 8.902726 -64.894505 391.732050 28.593651 -10.069 0.000 2.425361 2.830467 6.459 0 0.000
500.00 1273.15 20.790364 0.9456069809753834 0.951493 50.525127 -270298.842374 8.537782 -62.069402 366.378686 27.261695 -10.221 0.000 2.420037 2.730598 6.628 0 0.000
500.00 1263.15 19.664712 0.9399474463465821 0.945658 47.516836 -256432.426080 8.090527 -58.883685 338.130824 25.708456 -10.376 0.000 2.415907 2.686010 6.789 0 0.000
500.00 1253.15 18.487732 0.9457320248625609 0.950969 44.442700 -241727.373848 7.622332 -56.029949 311.510501 24.126823 -10.534 0.000 2.412112 2.684528 6.945 0 0.000
500.00 1243.15 17.488177 0.9506445386126929 0.955476 41.820876 -229250.979728 7.224022 -53.593460 288.741572 22.781879 -10.694 0.000 2.408597 2.683504 7.099 0 0.000
500.00 1233.15 16.628623 0.9548425608297882 0.959319 39.555975 -218531.182640 6.880984 -51.490442 269.042727 21.623722 -10.857 0.000 2.405328 2.682543 7.249 0 0.000
500.00 1223.15 15.881178 0.9584565336890893 0.962620 37.577025 -209216.542521 6.582270 -49.657386 251.825259 20.615230 -11.022 0.000 2.402285 2.681457 7.396 0 0.000
500.00 1213.15 15.224291 0.9574625526554225 0.962049 35.809321 -201059.419568 6.317824 -47.896605 234.765429 19.712855 -11.190 0.000 2.398249 2.700942 7.555 0 0.000
500.00 1203.15 14.579573 0.9608183450383122 0.965098 34.102955 -193032.009138 6.061933 -46.319343 219.025066 18.843117 -11.361 0.000 2.394439 2.699981 7.711 0 0.000
500.00 1193.15 14.011203 0.9637730957738404 0.967765 32.590839 -185966.218018 5.836107 -44.929913 205.116970 18.075687 -11.534 0.000 2.390875 2.698122 7.864 0 0.000
500.00 1183.15 13.506501 0.9663720475225578 0.970106 31.240494 -179698.714126 5.635307 -43.697636 192.740176 17.393406 -11.711 0.000 2.387539 2.696132 8.013 0 0.000
500.00 1173.15 13.055184 0.9686739142844287 0.972174 30.025817 -174099.985564 5.455508 -42.598146 181.655391 16.782536 -11.890 0.000 2.384414 2.693991 8.158 0 0.000
500.00 1163.15 12.649095 0.9707261980276009 0.974012 28.926085 -169067.403081 5.293512 -41.611933 171.671208 16.232172 -12.073 0.000 2.381485 2.691691 8.301 0 0.000
500.00 1153.15 12.281529 0.8609889036243114 0.870911 27.741354 -164728.016806 5.093032 -36.463750 153.303436 15.609924 -12.259 0.000 2.383965 2.596784 8.229 0 0.000

Title: Nd2

Liquid Composition:
Pressure Temperature mass SiO2 TiO2 Al2O3 Fe2O3 Cr2O3 FeO MnO MgO CaO Na2O K2O P2O5 H2O 
500.00 1523.15 98.213805 52.7542 1.05769 15.6556 2.17016 0.0115055 8.15507 0.16963 6.3261 9.78854 2.52449 1.25726 0.129717 0
500.00 1513.15 98.214359 52.7539 1.05769 15.6556 2.17578 0.0115054 8.14996 0.169629 6.32606 9.78849 2.52448 1.25725 0.129716 0
500.00 1503.15 98.214947 52.7536 1.05768 15.6555 2.18174 0.0115054 8.14453 0.169628 6.32602 9.78843 2.52446 1.25724 0.129715 0
500.00 1493.15 98.215570 52.7532 1.05767 15.6554 2.18806 0.0115053 8.13878 0.169627 6.32598 9.78837 2.52445 1.25723 0.129715 0
500.00 1483.15 98.216230 52.7529 1.05767 15.6553 2.19475 0.0115052 8.1327 0.169626 6.32594 9.7883 2.52443 1.25723 0.129714 0
500.00 1473.15 98.216926 52.7525 1.05766 15.6551 2.20181 0.0115051 8.12627 0.169625 6.3259 9.78823 2.52441 1.25722 0.129713 0
500.00 1463.15 98.217662 52.7521 1.05765 15.655 2.20927 0.0115051 8.11949 0.169623 6.32585 9.78816 2.52439 1.25721 0.129712 0
500.00 1453.15 96.184282 52.8158 1.08001 15.305 2.25975 0.0117483 8.28774 0.173209 6.45958 9.67865 2.51605 1.28 0.132454 0
500.00 1443.15 86.967425 53.0141 1.18414 14.9333 2.37213 0.0129934 8.74284 0.191566 6.16977 9.23212 2.59684 1.40365 0.146492 0
500.00 1433.15 75.790046 53.2706 1.34209 14.6311 2.50624 0.0149096 9.26174 0.219818 5.52911 8.73581 2.72795 1.59258 0.168096 0
500.00 1423.15 67.120704 53.557 1.49413 14.3386 2.62191 0.00775556 9.6956 0.24821 4.9443 8.28149 2.84189 1.77937 0.189807 0
500.00 1413.15 60.249378 53.8425 1.64016 14.0505 2.72508 0.00275617 10.0703 0.276517 4.41583 7.86445 2.93792 1.96241 0.211454 0
500.00 1403.15 54.415907 54.2352 1.76929 13.7814 2.79953 0.000113883 10.3049 0.30616 3.92075 7.47094 3.02639 2.15118 0.234123 0
500.00 1393.15 46.150855 56.5746 1.6803 13.7329 2.52648 2.01234e-009 8.91186 0.36099 3.24293 6.95709 3.23413 2.50269 0.276051 0
500.00 1383.15 40.154026 58.8111 1.58144 13.5796 2.24432 0 7.59623 0.414902 2.72297 6.50935 3.38304 2.83977 0.317278 0
500.00 1373.15 35.961939 60.6253 1.51169 13.3451 2.01777 0 6.60445 0.463268 2.33936 6.13726 3.46787 3.13363 0.354263 0
500.00 1363.15 32.801945 62.1662 1.4587 13.0753 1.82673 0 5.81143 0.507897 2.04023 5.81744 3.51054 3.39715 0.388392 0
500.00 1353.15 30.305339 63.5104 1.41662 12.7911 1.66115 0 5.15502 0.549738 1.79886 5.53664 3.52311 3.63698 0.420388 0
500.00 1343.15 28.267485 64.7038 1.38224 12.5031 1.51523 0 4.59944 0.58937 1.59944 5.28647 3.51319 3.85703 0.450694 0
500.00 1333.15 26.562756 65.7765 1.35363 12.2172 1.38522 0 4.12186 0.627194 1.43179 5.06126 3.48594 4.05977 0.479619 0
500.00 1323.15 25.108145 66.7501 1.32954 11.9364 1.26855 0 3.70669 0.66353 1.28894 4.85698 3.44502 4.24683 0.507405 0
500.00 1313.15 23.845329 67.641 1.30916 11.6619 1.16329 0 3.34271 0.698669 1.16589 4.67081 3.39304 4.41924 0.534277 0
500.00 1303.15 22.729623 68.4618 1.29228 11.3931 1.06805 0 3.02162 0.732964 1.05829 4.50226 3.33167 4.57747 0.560502 0
500.00 1293.15 21.721941 69.2217 1.2799 11.1262 0.981935 0 2.7372 0.766966 0.960885 4.35607 3.26137 4.72128 0.586504 0
500.00 1283.15 20.785776 69.9328 1.27239 10.8571 0.904117 0 2.48521 0.80151 0.871974 4.23296 3.18217 4.84684 0.612919 0
500.00 1273.15 19.659514 70.645 1.28548 10.523 0.841112 0 2.28604 0.847427 0.787978 4.19072 3.09663 4.84866 0.648032 0
500.00 1263.15 18.483796 71.3662 1.31164 10.1392 0.788215 0 2.12185 0.90133 0.710058 4.20172 3.01207 4.75839 0.689252 0
500.00 1253.15 17.484440 72.0478 1.33548 9.77785 0.738527 0 1.969 0.952847 0.638427 4.21431 2.93373 4.6634 0.728648 0
500.00 1243.15 16.625040 72.6937 1.3572 9.43583 0.691679 0 1.82607 1.0021 0.572525 4.22734 2.8601 4.56711 0.766314 0
500.00 1233.15 15.877717 73.3074 1.37712 9.11057 0.647464 0 1.69224 1.04927 0.511894 4.24049 2.79026 4.47096 0.802382 0
500.00 1223.15 15.221419 73.8913 1.39554 8.79995 0.605734 0 1.56692 1.09451 0.456145 4.25373 2.72361 4.37554 0.836978 0
500.00 1213.15 14.576689 74.5653 1.30952 8.48873 0.569332 0 1.45766 1.13349 0.398601 4.27029 2.65856 4.27454 0.873998 0
500.00 1203.15 14.008321 75.208 1.22943 8.19094 0.533653 0 1.35167 1.1705 0.347054 4.28869 2.59725 4.17334 0.909459 0
500.00 1193.15 13.503621 75.8195 1.15484 7.90512 0.499591 0 1.2513 1.20563 0.300794 4.30813 2.53903 4.07264 0.943451 0
500.00 1183.15 13.052305 76.4019 1.08534 7.63008 0.467045 0 1.15624 1.23904 0.259391 4.32859 2.48345 3.97283 0.976073 0
500.00 1173.15 12.646216 76.9573 1.02059 7.36484 0.435923 0 1.0662 1.27087 0.222461 4.35006 2.43019 3.87413 1.00742 0
500.00 1163.15 12.278808 77.4874 0.960257 7.1086 0.406143 0 0.980927 1.30125 0.189653 4.37255 2.37899 3.77665 1.03756 0
500.00 1153.15 10.574260 77.4414 0.93877 6.71659 0.372796 0 0.872052 1.49368 0.132074 4.78735 2.37498 3.66547 1.20481 0
Title: Nd2

liquid_0 thermodynamic data and composition:
Pressure Temperature mass S H V Cp viscosity SiO2 TiO2 Al2O3 Fe2O3 Cr2O3 FeO MnO MgO CaO Na2O K2O P2O5 H2O Mg#
500.00 1523.15 98.213805 266.224817 -1188841.069796 37.172677 145.315250 2.567 52.7542 1.05769 15.6556 2.17016 0.0115055 8.15507 0.16963 6.3261 9.78854 2.52449 1.25726 0.129717 0 58.0
500.00 1513.15 98.214359 265.268630 -1190302.320972 37.150129 145.318091 2.613 52.7539 1.05769 15.6556 2.17578 0.0115054 8.14996 0.169629 6.32606 9.78849 2.52448 1.25725 0.129716 0 58.0
500.00 1503.15 98.214947 264.306117 -1191764.128338 37.127609 145.321108 2.660 52.7536 1.05768 15.6555 2.18174 0.0115054 8.14453 0.169628 6.32602 9.78843 2.52446 1.25724 0.129715 0 58.1
500.00 1493.15 98.215570 263.337193 -1193226.512394 37.105117 145.324304 2.707 52.7532 1.05767 15.6554 2.18806 0.0115053 8.13878 0.169627 6.32598 9.78837 2.52445 1.25723 0.129715 0 58.1
500.00 1483.15 98.216230 262.361767 -1194689.494501 37.082654 145.327687 2.754 52.7529 1.05767 15.6553 2.19475 0.0115052 8.1327 0.169626 6.32594 9.7883 2.52443 1.25723 0.129714 0 58.1
500.00 1473.15 98.216926 261.398028 -1196126.108147 37.060221 141.388133 2.803 52.7525 1.05766 15.6551 2.20181 0.0115051 8.12627 0.169625 6.3259 9.78823 2.52441 1.25722 0.129713 0 58.1
500.00 1463.15 98.217662 260.436221 -1197550.868767 37.037819 141.381856 2.852 52.7521 1.05765 15.655 2.20927 0.0115051 8.11949 0.169623 6.32585 9.78816 2.52439 1.25721 0.129712 0 58.1
500.00 1453.15 96.184282 254.059584 -1171558.574037 36.215989 138.400179 2.881 52.8158 1.08001 15.305 2.25975 0.0117483 8.28774 0.173209 6.45958 9.67865 2.51605 1.28 0.132454 0 58.1
500.00 1443.15 86.967425 228.796773 -1054282.719983 32.716697 124.525001 2.947 53.0141 1.18414 14.9333 2.37213 0.0129934 8.74284 0.191566 6.16977 9.23212 2.59684 1.40365 0.146492 0 55.7
500.00 1433.15 75.790046 198.567053 -913132.875113 28.509448 107.693392 3.046 53.2706 1.34209 14.6311 2.50624 0.0149096 9.26174 0.219818 5.52911 8.73581 2.72795 1.59258 0.168096 0 51.5
500.00 1423.15 67.120704 175.122733 -804484.752531 25.253919 94.697245 3.147 53.557 1.49413 14.3386 2.62191 0.00775556 9.6956 0.24821 4.9443 8.28149 2.84189 1.77937 0.189807 0 47.6
500.00 1413.15 60.249378 156.531605 -718836.712136 22.675132 84.443539 3.248 53.8425 1.64016 14.0505 2.72508 0.00275617 10.0703 0.276517 4.41583 7.86445 2.93792 1.96241 0.211454 0 43.9
500.00 1403.15 54.415907 140.782441 -647264.305444 20.504028 75.793035 3.363 54.2352 1.76929 13.7814 2.79953 0.000113883 10.3049 0.30616 3.92075 7.47094 3.02639 2.15118 0.234123 0 40.4
500.00 1393.15 46.150855 119.048900 -557102.681486 17.672546 63.806291 3.762 56.5746 1.6803 13.7329 2.52648 2.01234e-009 8.91186 0.36099 3.24293 6.95709 3.23413 2.50269 0.276051 0 39.3
500.00 1383.15 40.154026 103.228214 -491558.442146 15.604558 55.158774 4.147 58.8111 1.58144 13.5796 2.24432 0 7.59623 0.414902 2.72297 6.50935 3.38304 2.83977 0.317278 0 39.0
500.00 1373.15 35.961939 92.090066 -444947.528318 14.133623 49.129616 4.473 60.6253 1.51169 13.3451 2.01777 0 6.60445 0.463268 2.33936 6.13726 3.46787 3.13363 0.354263 0 38.7
500.00 1363.15 32.801945 83.642930 -409353.911926 13.009315 44.595794 4.761 62.1662 1.4587 13.0753 1.82673 0 5.81143 0.507897 2.04023 5.81744 3.51054 3.39715 0.388392 0 38.5
500.00 1353.15 30.305339 76.932464 -380936.931332 12.110513 41.021679 5.023 63.5104 1.41662 12.7911 1.66115 0 5.15502 0.549738 1.79886 5.53664 3.52311 3.63698 0.420388 0 38.3
500.00 1343.15 28.267485 71.427151 -357536.150753 11.369226 38.110244 5.263 64.7038 1.38224 12.5031 1.51523 0 4.59944 0.58937 1.59944 5.28647 3.51319 3.85703 0.450694 0 38.3
500.00 1333.15 26.562756 66.799753 -337809.698718 10.743277 35.679373 5.488 65.7765 1.35363 12.2172 1.38522 0 4.12186 0.627194 1.43179 5.06126 3.48594 4.05977 0.479619 0 38.2
500.00 1323.15 25.108145 62.833567 -320860.991393 10.204503 33.608945 5.701 66.7501 1.32954 11.9364 1.26855 0 3.70669 0.66353 1.28894 4.85698 3.44502 4.24683 0.507405 0 38.3
500.00 1313.15 23.845329 59.376156 -306052.501597 9.732882 31.814795 5.902 67.641 1.30916 11.6619 1.16329 0 3.34271 0.698669 1.16589 4.67081 3.39304 4.41924 0.534277 0 38.3
500.00 1303.15 22.729623 56.310864 -292884.915836 9.312726 30.232771 6.095 68.4618 1.29228 11.3931 1.06805 0 3.02162 0.732964 1.05829 4.50226 3.33167 4.57747 0.560502 0 38.4
500.00 1293.15 21.721941 53.536339 -280903.833149 8.929740 28.807359 6.281 69.2217 1.2799 11.1262 0.981935 0 2.7372 0.766966 0.960885 4.35607 3.26137 4.72128 0.586504 0 38.5
500.00 1283.15 20.785776 50.959175 -269677.871798 8.570177 27.487768 6.459 69.9328 1.27239 10.8571 0.904117 0 2.48521 0.80151 0.871974 4.23296 3.18217 4.84684 0.612919 0 38.5
500.00 1273.15 19.659514 47.935803 -255824.973079 8.123642 25.928780 6.628 70.645 1.28548 10.523 0.841112 0 2.28604 0.847427 0.787978 4.19072 3.09663 4.84866 0.648032 0 38.1
500.00 1263.15 18.483796 44.818883 -241199.224649 7.650873 24.315647 6.789 71.3662 1.31164 10.1392 0.788215 0 2.12185 0.90133 0.710058 4.20172 3.01207 4.75839 0.689252 0 37.4
500.00 1253.15 17.484440 42.160812 -228775.278233 7.248601 22.944915 6.945 72.0478 1.33548 9.77785 0.738527 0 1.969 0.952847 0.638427 4.21431 2.93373 4.6634 0.728648 0 36.6
500.00 1243.15 16.625040 39.866415 -218098.089773 6.902376 21.766152 7.099 72.6937 1.3572 9.43583 0.691679 0 1.82607 1.0021 0.572525 4.22734 2.8601 4.56711 0.766314 0 35.9
500.00 1233.15 15.877717 37.863103 -208818.619847 6.601061 20.740929 7.249 73.3074 1.37712 9.11057 0.647464 0 1.69224 1.04927 0.511894 4.24049 2.79026 4.47096 0.802382 0 35.0
500.00 1223.15 15.221419 36.096146 -200673.369565 6.336225 19.840297 7.396 73.8913 1.39554 8.79995 0.605734 0 1.56692 1.09451 0.456145 4.25373 2.72361 4.37554 0.836978 0 34.2
500.00 1213.15 14.576689 34.367947 -192673.153880 6.078055 18.955836 7.555 74.5653 1.30952 8.48873 0.569332 0 1.45766 1.13349 0.398601 4.27029 2.65856 4.27454 0.873998 0 32.8
500.00 1203.15 14.008321 32.837371 -185632.303967 5.850357 18.176141 7.711 75.208 1.22943 8.19094 0.533653 0 1.35167 1.1705 0.347054 4.28869 2.59725 4.17334 0.909459 0 31.4
500.00 1193.15 13.503621 31.471355 -179386.039582 5.647983 17.483598 7.864 75.8195 1.15484 7.90512 0.499591 0 1.2513 1.20563 0.300794 4.30813 2.53903 4.07264 0.943451 0 30.0
500.00 1183.15 13.052305 30.243246 -173805.583524 5.466845 16.864053 8.013 76.4019 1.08534 7.63008 0.467045 0 1.15624 1.23904 0.259391 4.32859 2.48345 3.97283 0.976073 0 28.6
500.00 1173.15 12.646216 29.131907 -168788.864515 5.303700 16.306288 8.158 76.9573 1.02059 7.36484 0.435923 0 1.0662 1.27087 0.222461 4.35006 2.43019 3.87413 1.00742 0 27.1
500.00 1163.15 12.278808 28.120373 -164254.034435 5.155945 15.801305 8.301 77.4874 0.960257 7.1086 0.406143 0 0.980927 1.30125 0.189653 4.37255 2.37899 3.77665 1.03756 0 25.6
500.00 1153.15 10.574260 24.081249 -141482.309935 4.435577 13.608853 8.229 77.4414 0.93877 6.71659 0.372796 0 0.872052 1.49368 0.132074 4.78735 2.37498 3.66547 1.20481 0 21.3

feldspar_0 thermodynamic data and composition:
Pressure Temperature mass S H V Cp formula SiO2 TiO2 Al2O3 Fe2O3 Cr2O3 FeO MnO MgO CaO Na2O K2O P2O5 H2O
500.00 1453.15 2.033744 4.960747 -28062.279169 0.764604 2.503282 K0.01Na0.26Ca0.73Al1.73Si2.27O8 49.7312 0 32.2053 0 0 0 0 0 14.9656 2.91869 0.179189 0 0
500.00 1443.15 4.951279 12.054766 -68349.265458 1.864072 6.090016 K0.01Na0.28Ca0.71Al1.71Si2.29O8 50.2673 0 31.8371 0 0 0 0 0 14.5368 3.148 0.210851 0 0
500.00 1433.15 5.383476 13.085096 -74341.080554 2.030117 6.617814 K0.01Na0.30Ca0.68Al1.68Si2.32O8 50.8865 0 31.4102 0 0 0 0 0 14.04 3.40875 0.254468 0 0
500.00 1423.15 4.197214 10.184232 -57978.835978 1.585399 5.156002 K0.02Na0.32Ca0.66Al1.66Si2.34O8 51.5122 0 30.978 0 0 0 0 0 13.5375 3.66985 0.302513 0 0
500.00 1413.15 3.370994 8.164996 -46580.135958 1.275435 4.138142 K0.02Na0.35Ca0.63Al1.63Si2.37O8 52.1422 0 30.5416 0 0 0 0 0 13.0305 3.92995 0.355719 0 0
500.00 1403.15 2.832661 6.848896 -39152.374838 1.073603 3.474851 K0.02Na0.37Ca0.61Al1.61Si2.39O8 52.7927 0 30.0901 0 0 0 0 0 12.5062 4.19587 0.415081 0 0
500.00 1393.15 3.210172 7.753728 -44372.844637 1.219869 3.935857 K0.03Na0.40Ca0.57Al1.57Si2.43O8 53.7428 0 29.4344 0 0 0 0 0 11.7435 4.59405 0.48519 0 0
500.00 1383.15 2.600853 6.274826 -35951.539967 0.990899 3.187011 K0.03Na0.44Ca0.53Al1.53Si2.47O8 54.6863 0 28.7806 0 0 0 0 0 10.984 4.9825 0.566573 0 0
500.00 1373.15 2.033331 4.898507 -28108.056421 0.776519 2.490005 K0.04Na0.47Ca0.50Al1.50Si2.50O8 55.5502 0 28.1782 0 0 0 0 0 10.2854 5.32844 0.657707 0 0
500.00 1363.15 1.657354 3.985941 -22911.894203 0.634328 2.028163 K0.04Na0.49Ca0.46Al1.46Si2.54O8 56.3512 0 27.6158 0 0 0 0 0 9.6345 5.63893 0.759568 0 0
500.00 1353.15 1.388870 3.333838 -19201.098448 0.532670 1.698312 K0.05Na0.52Ca0.43Al1.43Si2.57O8 57.1018 0 27.0845 0 0 0 0 0 9.02106 5.91865 0.874038 0 0
500.00 1343.15 1.187767 2.845130 -16421.140361 0.456444 1.451203 K0.06Na0.54Ca0.41Al1.41Si2.59O8 57.8124 0 26.5766 0 0 0 0 0 8.43626 6.17079 1.00394 0 0
500.00 1333.15 1.032400 2.467385 -14272.743721 0.397503 1.260251 K0.07Na0.56Ca0.38Al1.38Si2.62O8 58.4929 0 26.0846 0 0 0 0 0 7.87156 6.39744 1.15348 0 0
500.00 1323.15 0.910068 2.169798 -12580.222628 0.351074 1.109845 K0.08Na0.57Ca0.35Al1.35Si2.65O8 59.1535 0 25.6001 0 0 0 0 0 7.31772 6.5995 1.32911 0 0
500.00 1313.15 0.813037 1.933563 -11236.467477 0.314261 0.990465 K0.09Na0.59Ca0.32Al1.32Si2.68O8 59.8064 0 25.1126 0 0 0 0 0 6.76316 6.7763 1.5415 0 0
500.00 1303.15 0.737986 1.750442 -10195.087558 0.285854 0.897974 K0.10Na0.60Ca0.30Al1.30Si2.70O8 60.4672 0 24.6072 0 0 0 0 0 6.19199 6.92387 1.80971 0 0
500.00 1293.15 0.686048 1.622751 -9470.613193 0.266374 0.833624 K0.12Na0.61Ca0.27Al1.27Si2.73O8 61.16 0 24.0589 0 0 0 0 0 5.57799 7.03029 2.17279 0 0
500.00 1283.15 0.657628 1.550990 -9064.558111 0.256162 0.803910 K0.16Na0.61Ca0.23Al1.23Si2.77O8 61.9743 0 23.3793 0 0 0 0 0 4.8273 7.06329 2.75577 0 0
500.00 1273.15 0.610442 1.428817 -8283.332884 0.242180 0.737447 K0.43Na0.49Ca0.08Al1.08Si2.92O8 64.8545 0 20.3774 0 0 0 0 0 1.67866 5.61188 7.47748 0 0
500.00 1263.15 0.940969 2.192080 -12764.339313 0.373709 1.134935 K0.45Na0.48Ca0.07Al1.07Si2.93O8 65.0347 0 20.1739 0 0 0 0 0 1.46872 5.47976 7.84292 0 0
500.00 1253.15 0.799607 1.854502 -10849.478699 0.317724 0.963347 K0.46Na0.47Ca0.06Al1.06Si2.94O8 65.1457 0 20.0561 0 0 0 0 0 1.34562 5.4184 8.03413 0 0
500.00 1243.15 0.688184 1.589118 -9341.908951 0.273526 0.828310 K0.47Na0.47Ca0.06Al1.06Si2.94O8 65.2301 0 19.9706 0 0 0 0 0 1.2554 5.38238 8.16145 0 0
500.00 1233.15 0.599137 1.377470 -8137.655056 0.238173 0.720494 K0.47Na0.47Ca0.06Al1.06Si2.94O8 65.3002 0 19.9016 0 0 0 0 0 1.1821 5.35761 8.25845 0 0
500.00 1223.15 0.527012 1.206342 -7162.389551 0.209524 0.633224 K0.48Na0.47Ca0.05Al1.05Si2.95O8 65.3612 0 19.8423 0 0 0 0 0 1.11898 5.3381 8.3394 0 0
500.00 1213.15 0.506508 1.154019 -6886.438686 0.201415 0.607944 K0.49Na0.46Ca0.05Al1.05Si2.95O8 65.4197 0 19.7685 0 0 0 0 0 1.04443 5.27479 8.49264 0 0
500.00 1203.15 0.447883 1.015736 -6092.481493 0.178121 0.537064 K0.50Na0.46Ca0.05Al1.05Si2.95O8 65.4669 0 19.7106 0 0 0 0 0 0.985634 5.22827 8.60861 0 0
500.00 1193.15 0.399222 0.901195 -5433.687794 0.158776 0.478284 K0.50Na0.45Ca0.05Al1.05Si2.95O8 65.5074 0 19.6619 0 0 0 0 0 0.936057 5.19092 8.70371 0 0
500.00 1183.15 0.358494 0.805494 -4882.364179 0.142578 0.429120 K0.51Na0.45Ca0.04Al1.04Si2.96O8 65.5431 0 19.6196 0 0 0 0 0 0.892753 5.1594 8.78521 0 0
500.00 1173.15 0.324049 0.724690 -4416.105965 0.128874 0.387567 K0.51Na0.45Ca0.04Al1.04Si2.96O8 65.5753 0 19.5816 0 0 0 0 0 0.853941 5.13165 8.85753 0 0
500.00 1163.15 0.294635 0.655795 -4017.930781 0.117171 0.352104 K0.51Na0.45Ca0.04Al1.04Si2.96O8 65.6047 0 19.5469 0 0 0 0 0 0.818468 5.10634 8.92355 0 0
500.00 1153.15 0.823068 1.821634 -11222.592029 0.327434 0.982085 K0.53Na0.43Ca0.04Al1.04Si2.96O8 65.6303 0 19.4539 0 0 0 0 0 0.735706 4.91951 9.26056 0 0

spinel_0 thermodynamic data and composition:
Pressure Temperature mass S H V Cp formula SiO2 TiO2 Al2O3 Fe2O3 Cr2O3 FeO MnO MgO CaO Na2O K2O P2O5 H2O
500.00 1423.15 0.061516 0.132480 -376.749027 0.013479 0.059005 Fe''0.77Mg0.37Fe'''1.08Al0.38Cr0.27Ti0.13O4 0 5.13076 9.44664 41.7528 9.90711 26.6209 0 7.14177 0 0 0 0 0
500.00 1413.15 0.069733 0.149185 -404.284514 0.015132 0.066147 Fe''0.86Mg0.32Fe'''1.18Al0.31Cr0.14Ti0.18O4 0 6.95437 7.51438 44.7318 5.22579 29.4102 0 6.16354 0 0 0 0 0
500.00 1403.15 0.178426 0.378747 -992.207594 0.038445 0.168056 Fe''0.96Mg0.29Fe'''1.24Al0.25Cr0.03Ti0.24O4 0 9.02929 5.97004 46.4935 0.925238 32.1915 0 5.39042 0 0 0 0 0
500.00 1393.15 1.771642 3.733499 -9646.600913 0.379664 1.659661 Fe''1.00Mg0.26Fe'''1.26Al0.22Cr0.00Ti0.26O4 0 9.77733 5.16106 46.6634 0.00402011 33.5098 0 4.88435 0 0 0 0 0
500.00 1383.15 1.303066 2.731293 -7006.146624 0.278086 1.215454 Fe''1.03Mg0.24Fe'''1.26Al0.20Cr0.00Ti0.27O4 0 10.0934 4.64345 46.4764 0 34.254 0 4.53287 0 0 0 0 0
500.00 1373.15 0.825865 1.722486 -4398.200572 0.175649 0.767611 Fe''1.05Mg0.23Fe'''1.26Al0.18Cr0.00Ti0.28O4 0 10.3944 4.22221 46.238 0 34.8952 0 4.25018 0 0 0 0 0
500.00 1363.15 0.574143 1.191857 -3034.816845 0.121761 0.532025 Fe''1.07Mg0.22Fe'''1.25Al0.17Cr0.00Ti0.29O4 0 10.6841 3.8661 45.9692 0 35.4681 0 4.01246 0 0 0 0 0
500.00 1353.15 0.422752 0.873627 -2221.271697 0.089430 0.390693 Fe''1.09Mg0.21Fe'''1.25Al0.15Cr0.00Ti0.30O4 0 10.9654 3.55777 45.6779 0 35.9917 0 3.80717 0 0 0 0 0
500.00 1343.15 0.323778 0.666165 -1693.085997 0.068342 0.298507 Fe''1.11Mg0.20Fe'''1.24Al0.14Cr0.00Ti0.31O4 0 11.241 3.28624 45.368 0 36.4782 0 3.62666 0 0 0 0 0
500.00 1333.15 0.255273 0.522972 -1329.746414 0.053776 0.234836 Fe''1.13Mg0.19Fe'''1.24Al0.13Cr0.00Ti0.32O4 0 11.513 3.04396 45.0408 0 36.9364 0 3.46577 0 0 0 0 0
500.00 1323.15 0.205852 0.419953 -1069.046312 0.043288 0.188991 Fe''1.14Mg0.18Fe'''1.23Al0.12Cr0.00Ti0.32O4 0 11.7837 2.82547 44.697 0 37.3729 0 3.32084 0 0 0 0 0
500.00 1313.15 0.169064 0.343476 -875.925085 0.035495 0.154927 Fe''1.16Mg0.17Fe'''1.22Al0.11Cr0.00Ti0.33O4 0 12.0551 2.62663 44.336 0 37.7932 0 3.18911 0 0 0 0 0
500.00 1303.15 0.140646 0.284572 -727.381869 0.029485 0.128659 Fe''1.17Mg0.17Fe'''1.21Al0.11Cr0.00Ti0.34O4 0 12.3297 2.44365 43.9552 0 38.2042 0 3.0672 0 0 0 0 0
500.00 1293.15 0.117092 0.235946 -604.701293 0.024513 0.106929 Fe''1.19Mg0.16Fe'''1.20Al0.10Cr0.00Ti0.35O4 0 12.6126 2.27199 43.547 0 38.6202 0 2.94833 0 0 0 0 0
500.00 1283.15 0.098424 0.197522 -507.756913 0.020578 0.089732 Fe''1.20Mg0.16Fe'''1.19Al0.09Cr0.00Ti0.36O4 0 12.9105 2.1095 43.0996 0 39.0497 0 2.83075 0 0 0 0 0
500.00 1273.15 0.081401 0.162712 -419.964601 0.016998 0.074083 Fe''1.22Mg0.15Fe'''1.18Al0.08Cr0.00Ti0.37O4 0 13.3461 1.94857 42.3769 0 39.6293 0 2.69913 0 0 0 0 0
500.00 1263.15 0.067508 0.134420 -348.683523 0.014082 0.061332 Fe''1.24Mg0.14Fe'''1.15Al0.08Cr0.00Ti0.39O4 0 13.8834 1.79381 41.4485 0 40.3111 0 2.56319 0 0 0 0 0
500.00 1253.15 0.056319 0.111706 -291.323360 0.011737 0.051080 Fe''1.27Mg0.13Fe'''1.13Al0.07Cr0.00Ti0.40O4 0 14.4079 1.65654 40.5276 0 40.9743 0 2.43367 0 0 0 0 0
500.00 1243.15 0.047609 0.094064 -246.708176 0.009914 0.043109 Fe''1.29Mg0.13Fe'''1.10Al0.07Cr0.00Ti0.42O4 0 14.9207 1.53343 39.6156 0 41.6205 0 2.30974 0 0 0 0 0
500.00 1233.15 0.040641 0.079983 -211.025612 0.008456 0.036740 Fe''1.31Mg0.12Fe'''1.08Al0.06Cr0.00Ti0.43O4 0 15.424 1.42201 38.711 0 42.2523 0 2.19067 0 0 0 0 0
500.00 1223.15 0.034945 0.068505 -181.858603 0.007266 0.031541 Fe''1.33Mg0.11Fe'''1.05Al0.06Cr0.00Ti0.44O4 0 15.9199 1.32046 37.8113 0 42.8724 0 2.0759 0 0 0 0 0

feldspar_1 thermodynamic data and composition:
Pressure Temperature mass S H V Cp formula SiO2 TiO2 Al2O3 Fe2O3 Cr2O3 FeO MnO MgO CaO Na2O K2O P2O5 H2O
500.00 1273.15 0.254136 0.597327 -3497.359801 0.099301 0.310067 K0.19Na0.61Ca0.20Al1.20Si2.80O8 62.688 0 22.7563 0 0 0 0 0 4.14679 7.02039 3.38851 0 0

clinopyroxene_1 thermodynamic data and composition:
Pressure Temperature mass S H V Cp structure formula SiO2 TiO2 Al2O3 Fe2O3 Cr2O3 FeO MnO MgO CaO Na2O K2O P2O5 H2O
500.00 1443.15 1.691924 4.050817 -20916.718182 0.519957 2.071804 cpx Na0.01Ca0.27Fe''0.36Mg1.27Fe'''0.05Ti0.00Al0.14Si1.91O6 52.5696 0.1264 3.225 1.66313 0 11.9808 0 23.3968 6.958 0.0802903 0 0 0
500.00 1433.15 3.368427 8.022133 -41296.954169 1.030625 4.102264 cpx Na0.01Ca0.27Fe''0.39Mg1.23Fe'''0.05Ti0.00Al0.14Si1.90O6 52.2315 0.144969 3.24163 1.79487 0 12.8892 0 22.6589 6.95319 0.0857642 0 0 0
500.00 1423.15 2.590733 6.137272 -31491.003444 0.789143 3.137981 cpx Na0.01Ca0.27Fe''0.42Mg1.20Fe'''0.05Ti0.00Al0.14Si1.90O6 51.8957 0.16297 3.25361 1.92812 0 13.8209 0 21.9384 6.90942 0.0908262 0 0 0
500.00 1413.15 2.044765 4.817969 -24633.832069 0.619998 2.463079 cpx Na0.01Ca0.27Fe''0.46Mg1.17Fe'''0.06Ti0.00Al0.14Si1.90O6 51.558 0.18012 3.26225 2.06488 0 14.7836 0 21.2249 6.83082 0.0954825 0 0 0
500.00 1403.15 1.635002 3.831565 -19516.112386 0.493449 1.958556 cpx Na0.01Ca0.27Fe''0.49Mg1.13Fe'''0.06Ti0.01Al0.14Si1.90O6 51.2255 0.195256 3.26013 2.20028 0 15.7771 0 20.5176 6.72442 0.0997133 0 0 0
500.00 1393.15 0.996888 2.324170 -11825.835411 0.299928 1.189384 cpx Na0.01Ca0.26Fe''0.51Mg1.11Fe'''0.06Ti0.01Al0.14Si1.90O6 51.1435 0.188142 3.1009 2.19047 0 16.5623 0 20.0698 6.64206 0.102744 0 0 0
500.00 1383.15 0.584726 1.356668 -6906.862188 0.175525 0.695539 cpx Na0.01Ca0.26Fe''0.54Mg1.10Fe'''0.06Ti0.00Al0.13Si1.91O6 51.1555 0.176818 2.91523 2.12721 0 17.1914 0 19.7844 6.54497 0.104508 0 0 0
500.00 1373.15 0.381579 0.881163 -4490.784775 0.114311 0.452678 cpx Na0.01Ca0.26Fe''0.55Mg1.09Fe'''0.06Ti0.00Al0.12Si1.91O6 51.1778 0.166753 2.74478 2.05802 0 17.7624 0 19.5526 6.4322 0.105473 0 0 0
500.00 1363.15 0.254903 0.585900 -2990.171306 0.076218 0.301651 cpx Na0.01Ca0.25Fe''0.57Mg1.08Fe'''0.06Ti0.00Al0.11Si1.91O6 51.2051 0.15755 2.5866 1.98584 0 18.2942 0 19.3543 6.3106 0.105832 0 0 0
500.00 1353.15 0.170217 0.389443 -1990.844466 0.050806 0.200965 cpx Na0.01Ca0.25Fe''0.59Mg1.07Fe'''0.05Ti0.00Al0.11Si1.92O6 51.2345 0.149021 2.43879 1.91212 0 18.7966 0 19.1793 6.18392 0.10571 0 0 0
500.00 1343.15 0.111149 0.253128 -1296.431282 0.033119 0.130934 cpx Na0.01Ca0.24Fe''0.60Mg1.06Fe'''0.05Ti0.00Al0.10Si1.92O6 51.2648 0.141056 2.3 1.83778 0 19.2754 0 19.0214 6.05443 0.105194 0 0 0
500.00 1333.15 0.068742 0.155831 -799.756437 0.020450 0.080804 cpx Na0.01Ca0.24Fe''0.62Mg1.06Fe'''0.05Ti0.00Al0.10Si1.93O6 51.2949 0.133582 2.16921 1.76343 0 19.7344 0 18.8765 5.92361 0.104349 0 0 0
500.00 1323.15 0.037638 0.084929 -436.841038 0.011179 0.044150 cpx Na0.01Ca0.23Fe''0.63Mg1.05Fe'''0.05Ti0.00Al0.09Si1.93O6 51.3243 0.126543 2.04553 1.68949 0 20.1767 0 18.7417 5.79249 0.103223 0 0 0
500.00 1313.15 0.014405 0.032353 -166.806109 0.004272 0.016862 cpx Na0.01Ca0.23Fe''0.65Mg1.05Fe'''0.05Ti0.00Al0.09Si1.93O6 51.3525 0.119893 1.92821 1.61627 0 20.6048 0 18.6147 5.66183 0.101851 0 0 0

clinopyroxene_0 thermodynamic data and composition:
Pressure Temperature mass S H V Cp structure formula SiO2 TiO2 Al2O3 Fe2O3 Cr2O3 FeO MnO MgO CaO Na2O K2O P2O5 H2O
500.00 1443.15 2.572067 6.039162 -32495.211167 0.793631 3.070591 cpx Na0.01Ca0.68Fe''0.23Mg0.96Fe'''0.06Ti0.01Al0.17Si1.88O6 51.2297 0.266038 4.0167 2.19995 0 7.33286 0 17.556 17.2262 0.172538 0 0 0
500.00 1433.15 2.423972 5.664647 -30456.996419 0.745428 2.881299 cpx Na0.01Ca0.68Fe''0.24Mg0.93Fe'''0.07Ti0.01Al0.18Si1.88O6 50.9056 0.32046 4.06175 2.39796 0 7.85576 0 17.0109 17.2608 0.186764 0 0 0
500.00 1423.15 1.821220 4.235491 -22756.667040 0.558162 2.155128 cpx Na0.01Ca0.69Fe''0.26Mg0.91Fe'''0.07Ti0.01Al0.18Si1.87O6 50.5681 0.380505 4.10863 2.6067 0 8.36806 0 16.445 17.3212 0.201735 0 0 0
500.00 1413.15 1.389260 3.214904 -17260.444445 0.424293 1.636315 cpx Na0.02Ca0.69Fe''0.28Mg0.88Fe'''0.08Ti0.01Al0.18Si1.86O6 50.2134 0.446845 4.15873 2.83006 0 8.87412 0 15.8573 17.4019 0.217612 0 0 0
500.00 1403.15 1.195047 2.751484 -14761.249919 0.363690 1.400838 cpx Na0.02Ca0.70Fe''0.29Mg0.85Fe'''0.09Ti0.01Al0.18Si1.86O6 49.8535 0.517421 4.20171 3.06177 0 9.37747 0 15.2588 17.495 0.234352 0 0 0
500.00 1393.15 2.346755 5.377652 -28894.298276 0.712797 2.742453 cpx Na0.02Ca0.70Fe''0.31Mg0.83Fe'''0.09Ti0.01Al0.18Si1.86O6 49.8306 0.524209 4.03226 3.08322 0 9.79218 0 14.943 17.5473 0.247265 0 0 0
500.00 1383.15 1.552235 3.540776 -19081.373791 0.470905 1.809888 cpx Na0.02Ca0.71Fe''0.32Mg0.82Fe'''0.09Ti0.01Al0.17Si1.87O6 49.911 0.516141 3.82813 3.02987 0 10.0965 0 14.7471 17.6134 0.257854 0 0 0
500.00 1373.15 0.979631 2.224487 -12029.863017 0.296891 1.139894 cpx Na0.02Ca0.71Fe''0.32Mg0.81Fe'''0.08Ti0.01Al0.16Si1.87O6 49.9921 0.510795 3.64416 2.96984 0 10.3443 0 14.5752 17.6961 0.267538 0 0 0
500.00 1363.15 0.693846 1.568412 -8514.686910 0.210093 0.805807 cpx Na0.02Ca0.71Fe''0.33Mg0.81Fe'''0.08Ti0.01Al0.15Si1.88O6 50.0729 0.507086 3.4752 2.9058 0 10.5535 0 14.4204 17.7886 0.276491 0 0 0
500.00 1353.15 0.530301 1.193299 -6505.160047 0.160444 0.614756 cpx Na0.02Ca0.72Fe''0.34Mg0.80Fe'''0.08Ti0.01Al0.15Si1.88O6 50.1532 0.504509 3.31822 2.83906 0 10.7337 0 14.2792 17.8873 0.284824 0 0 0
500.00 1343.15 0.427695 0.958048 -5245.609010 0.129307 0.494952 cpx Na0.02Ca0.72Fe''0.34Mg0.79Fe'''0.08Ti0.01Al0.14Si1.89O6 50.2327 0.502793 3.17122 2.77043 0 10.8908 0 14.1495 17.99 0.292613 0 0 0
500.00 1333.15 0.358827 0.800130 -4401.024406 0.108415 0.414568 cpx Na0.02Ca0.73Fe''0.35Mg0.79Fe'''0.08Ti0.01Al0.13Si1.89O6 50.3114 0.501775 3.03273 2.70049 0 11.0288 0 14.0297 18.0953 0.299914 0 0 0
500.00 1323.15 0.310150 0.688434 -3804.636123 0.093651 0.357757 cpx Na0.02Ca0.73Fe''0.35Mg0.78Fe'''0.07Ti0.01Al0.13Si1.90O6 50.3891 0.501336 2.90161 2.62964 0 11.1508 0 13.9186 18.2021 0.306758 0 0 0
500.00 1313.15 0.274377 0.606241 -3366.813414 0.082802 0.316006 cpx Na0.02Ca0.74Fe''0.35Mg0.78Fe'''0.07Ti0.01Al0.12Si1.90O6 50.466 0.501386 2.77686 2.55818 0 11.2592 0 13.8153 18.3099 0.31316 0 0 0
500.00 1303.15 0.244360 0.537416 -2999.752412 0.073705 0.281001 cpx Na0.02Ca0.74Fe''0.36Mg0.77Fe'''0.07Ti0.01Al0.12Si1.90O6 50.5387 0.502854 2.65916 2.48861 0 11.3497 0 13.7117 18.4299 0.319318 0 0 0
500.00 1293.15 0.210164 0.459994 -2581.501737 0.063358 0.241272 cpx Na0.02Ca0.75Fe''0.36Mg0.76Fe'''0.07Ti0.01Al0.11Si1.91O6 50.5938 0.50972 2.55385 2.43003 0 11.4017 0 13.5792 18.6056 0.326021 0 0 0
500.00 1283.15 0.185216 0.403385 -2276.568883 0.055808 0.212242 cpx Na0.02Ca0.76Fe''0.36Mg0.75Fe'''0.07Ti0.01Al0.11Si1.91O6 50.6314 0.521754 2.45906 2.38153 0 11.4292 0 13.4197 18.8244 0.333005 0 0 0
500.00 1273.15 0.184871 0.400468 -2273.212009 0.055661 0.211317 cpx Na0.03Ca0.78Fe''0.36Mg0.74Fe'''0.07Ti0.02Al0.11Si1.91O6 50.5926 0.556253 2.40235 2.36908 0 11.4297 0 13.1439 19.1644 0.341688 0 0 0
500.00 1263.15 0.172439 0.371454 -2120.178595 0.051863 0.196541 cpx Na0.03Ca0.79Fe''0.36Mg0.72Fe'''0.07Ti0.02Al0.11Si1.91O6 50.506 0.605434 2.36772 2.37562 0 11.4574 0 12.8133 19.5238 0.35072 0 0 0
500.00 1253.15 0.147366 0.315680 -1811.293556 0.044270 0.167481 cpx Na0.03Ca0.80Fe''0.36Mg0.70Fe'''0.07Ti0.02Al0.10Si1.91O6 50.4056 0.658928 2.34414 2.3871 0 11.5147 0 12.4882 19.8412 0.360075 0 0 0
500.00 1243.15 0.127344 0.271279 -1564.272828 0.038206 0.144307 cpx Na0.03Ca0.82Fe''0.37Mg0.69Fe'''0.07Ti0.02Al0.10Si1.91O6 50.2913 0.717124 2.32998 2.40358 0 11.601 0 12.1657 20.1215 0.369828 0 0 0
500.00 1233.15 0.111128 0.235419 -1363.882125 0.033294 0.125559 cpx Na0.03Ca0.83Fe''0.37Mg0.67Fe'''0.07Ti0.02Al0.10Si1.91O6 50.1619 0.7808 2.32459 2.4256 0 11.7161 0 11.8421 20.3688 0.380095 0 0 0
500.00 1223.15 0.097802 0.206033 -1198.924802 0.029255 0.110169 cpx Na0.03Ca0.84Fe''0.38Mg0.65Fe'''0.07Ti0.02Al0.10Si1.90O6 50.0156 0.851024 2.32793 2.45398 0 11.8604 0 11.5134 20.5867 0.391009 0 0 0
500.00 1213.15 0.096107 0.201295 -1175.020403 0.028693 0.107882 cpx Na0.03Ca0.85Fe''0.39Mg0.63Fe'''0.07Ti0.02Al0.10Si1.90O6 49.9038 0.856454 2.29711 2.48398 0 12.1903 0 11.1262 20.7449 0.397219 0 0 0
500.00 1203.15 0.083771 0.174442 -1021.348833 0.024961 0.093704 cpx Na0.03Ca0.86Fe''0.40Mg0.61Fe'''0.07Ti0.02Al0.10Si1.90O6 49.785 0.864394 2.27147 2.51517 0 12.5356 0 10.7378 20.8868 0.403813 0 0 0
500.00 1193.15 0.073788 0.152755 -896.837731 0.021940 0.082238 cpx Na0.03Ca0.86Fe''0.41Mg0.59Fe'''0.07Ti0.03Al0.10Si1.90O6 49.6536 0.874989 2.25088 2.55144 0 12.912 0 10.338 21.0081 0.410946 0 0 0
500.00 1183.15 0.065336 0.134457 -791.371862 0.019384 0.072546 cpx Na0.03Ca0.87Fe''0.43Mg0.57Fe'''0.07Ti0.03Al0.10Si1.90O6 49.5092 0.888262 2.23478 2.59296 0 13.3208 0 9.92521 21.1102 0.418628 0 0 0
500.00 1173.15 0.058109 0.118866 -701.157318 0.017198 0.064271 cpx Na0.03Ca0.87Fe''0.44Mg0.55Fe'''0.08Ti0.03Al0.10Si1.90O6 49.3517 0.904287 2.22269 2.6398 0 13.7625 0 9.49807 21.1941 0.426865 0 0 0
500.00 1163.15 0.051874 0.105466 -623.326931 0.015314 0.057145 cpx Na0.03Ca0.88Fe''0.46Mg0.52Fe'''0.08Ti0.03Al0.10Si1.90O6 49.1811 0.923155 2.2142 2.69185 0 14.2369 0 9.05598 21.2611 0.435654 0 0 0
500.00 1153.15 0.115752 0.233377 -1373.361995 0.033946 0.126350 cpx Na0.04Ca0.90Fe''0.50Mg0.46Fe'''0.09Ti0.03Al0.11Si1.89O6 48.4534 1.09179 2.35015 3.06237 0 15.2603 0 7.86025 21.4559 0.465878 0 0 0

quartz thermodynamic data and composition:
Pressure Temperature mass S H V Cp formula
500.00 1153.15 0.730554 1.534593 -10375.091799 0.287986 0.858255 SiO2

rhm-oxide_0 thermodynamic data and composition:
Pressure Temperature mass S H V Cp formula SiO2 TiO2 Al2O3 Fe2O3 Cr2O3 FeO MnO MgO CaO Na2O K2O P2O5 H2O
500.00 1213.15 0.044988 0.086060 -324.806600 0.009661 0.041193 Mn0.06Fe''0.75Mg0.06Fe'''0.25Ti0.88O3 0 46.4156 0 13.2283 0 35.5852 3.05544 1.71548 0 0 0 0 0
500.00 1203.15 0.039598 0.075405 -285.874844 0.008494 0.036208 Mn0.07Fe''0.75Mg0.06Fe'''0.24Ti0.88O3 0 46.4948 0 12.9626 0 35.7224 3.25526 1.56488 0 0 0 0 0
500.00 1193.15 0.034572 0.065534 -249.652911 0.007408 0.031567 Mn0.07Fe''0.75Mg0.05Fe'''0.24Ti0.88O3 0 46.5854 0 12.6849 0 35.8433 3.45998 1.42648 0 0 0 0 0
500.00 1183.15 0.030366 0.057297 -219.394561 0.006501 0.027687 Mn0.08Fe''0.76Mg0.05Fe'''0.23Ti0.88O3 0 46.6864 0 12.3959 0 35.9482 3.67062 1.29889 0 0 0 0 0
500.00 1173.15 0.026810 0.050354 -193.857766 0.005735 0.024410 Mn0.08Fe''0.76Mg0.04Fe'''0.23Ti0.89O3 0 46.7972 0 12.096 0 36.0376 3.88825 1.18098 0 0 0 0 0
500.00 1163.15 0.023778 0.044451 -172.110935 0.005082 0.021617 Mn0.09Fe''0.76Mg0.04Fe'''0.22Ti0.89O3 0 46.9172 0 11.7856 0 36.1113 4.11406 1.07184 0 0 0 0 0
500.00 1153.15 0.037894 0.070501 -274.661049 0.008090 0.034381 Mn0.11Fe''0.76Mg0.03Fe'''0.21Ti0.89O3 0 47.1169 0 11.2475 0 35.8368 4.94339 0.85538 0 0 0 0 0

Title: Nd2

Phase Masses:
Pressure Temperature mass liquid_0 clinopyroxene_0 clinopyroxene_1 feldspar_0 feldspar_1 quartz spinel_0 rhm-oxide_0 
500.00 1523.15 98.213805 98.213805 0.000000 0.000000 0.000000 0.000000 0.000000 0.000000 0.000000 
500.00 1513.15 98.214359 98.214359 0.000000 0.000000 0.000000 0.000000 0.000000 0.000000 0.000000 
500.00 1503.15 98.214947 98.214947 0.000000 0.000000 0.000000 0.000000 0.000000 0.000000 0.000000 
500.00 1493.15 98.215570 98.215570 0.000000 0.000000 0.000000 0.000000 0.000000 0.000000 0.000000 
500.00 1483.15 98.216230 98.216230 0.000000 0.000000 0.000000 0.000000 0.000000 0.000000 0.000000 
500.00 1473.15 98.216926 98.216926 0.000000 0.000000 0.000000 0.000000 0.000000 0.000000 0.000000 
500.00 1463.15 98.217662 98.217662 0.000000 0.000000 0.000000 0.000000 0.000000 0.000000 0.000000 
500.00 1453.15 98.218026 96.184282 0.000000 0.000000 2.033744 0.000000 0.000000 0.000000 0.000000 
500.00 1443.15 96.182695 86.967425 2.572067 1.691924 4.951279 0.000000 0.000000 0.000000 0.000000 
500.00 1433.15 86.965921 75.790046 2.423972 3.368427 5.383476 0.000000 0.000000 0.000000 0.000000 
500.00 1423.15 75.791386 67.120704 1.821220 2.590733 4.197214 0.000000 0.000000 0.061516 0.000000 
500.00 1413.15 67.124129 60.249378 1.389260 2.044765 3.370994 0.000000 0.000000 0.069733 0.000000 
500.00 1403.15 60.257042 54.415907 1.195047 1.635002 2.832661 0.000000 0.000000 0.178426 0.000000 
500.00 1393.15 54.476311 46.150855 2.346755 0.996888 3.210172 0.000000 0.000000 1.771642 0.000000 
500.00 1383.15 46.194907 40.154026 1.552235 0.584726 2.600853 0.000000 0.000000 1.303066 0.000000 
500.00 1373.15 40.182345 35.961939 0.979631 0.381579 2.033331 0.000000 0.000000 0.825865 0.000000 
500.00 1363.15 35.982191 32.801945 0.693846 0.254903 1.657354 0.000000 0.000000 0.574143 0.000000 
500.00 1353.15 32.817479 30.305339 0.530301 0.170217 1.388870 0.000000 0.000000 0.422752 0.000000 
500.00 1343.15 30.317873 28.267485 0.427695 0.111149 1.187767 0.000000 0.000000 0.323778 0.000000 
500.00 1333.15 28.277999 26.562756 0.358827 0.068742 1.032400 0.000000 0.000000 0.255273 0.000000 
500.00 1323.15 26.571852 25.108145 0.310150 0.037638 0.910068 0.000000 0.000000 0.205852 0.000000 
500.00 1313.15 25.116212 23.845329 0.274377 0.014405 0.813037 0.000000 0.000000 0.169064 0.000000 
500.00 1303.15 23.852615 22.729623 0.244360 0.000000 0.737986 0.000000 0.000000 0.140646 0.000000 
500.00 1293.15 22.735244 21.721941 0.210164 0.000000 0.686048 0.000000 0.000000 0.117092 0.000000 
500.00 1283.15 21.727045 20.785776 0.185216 0.000000 0.657628 0.000000 0.000000 0.098424 0.000000 
500.00 1273.15 20.790364 19.659514 0.184871 0.000000 0.610442 0.254136 0.000000 0.081401 0.000000 
500.00 1263.15 19.664712 18.483796 0.172439 0.000000 0.940969 0.000000 0.000000 0.067508 0.000000 
500.00 1253.15 18.487732 17.484440 0.147366 0.000000 0.799607 0.000000 0.000000 0.056319 0.000000 
500.00 1243.15 17.488177 16.625040 0.127344 0.000000 0.688184 0.000000 0.000000 0.047609 0.000000 
500.00 1233.15 16.628623 15.877717 0.111128 0.000000 0.599137 0.000000 0.000000 0.040641 0.000000 
500.00 1223.15 15.881178 15.221419 0.097802 0.000000 0.527012 0.000000 0.000000 0.034945 0.000000 
500.00 1213.15 15.224291 14.576689 0.096107 0.000000 0.506508 0.000000 0.000000 0.000000 0.044988 
500.00 1203.15 14.579573 14.008321 0.083771 0.000000 0.447883 0.000000 0.000000 0.000000 0.039598 
500.00 1193.15 14.011203 13.503621 0.073788 0.000000 0.399222 0.000000 0.000000 0.000000 0.034572 
500.00 1183.15 13.506501 13.052305 0.065336 0.000000 0.358494 0.000000 0.000000 0.000000 0.030366 
500.00 1173.15 13.055184 12.646216 0.058109 0.000000 0.324049 0.000000 0.000000 0.000000 0.026810 
500.00 1163.15 12.649095 12.278808 0.051874 0.000000 0.294635 0.000000 0.000000 0.000000 0.023778 
500.00 1153.15 12.281529 10.574260 0.115752 0.000000 0.823068 0.000000 0.730554 0.000000 0.037894 

Title: Nd2

Phase Volumes:
Pressure Temperature mass V liquid_0 clinopyroxene_0 clinopyroxene_1 feldspar_0 feldspar_1 quartz spinel_0 rhm-oxide_0 
500.00 1523.15 98.213805 37.172677 37.172677 0.000000 0.000000 0.000000 0.000000 0.000000 0.000000 0.000000 
500.00 1513.15 98.214359 37.150129 37.150129 0.000000 0.000000 0.000000 0.000000 0.000000 0.000000 0.000000 
500.00 1503.15 98.214947 37.127609 37.127609 0.000000 0.000000 0.000000 0.000000 0.000000 0.000000 0.000000 
500.00 1493.15 98.215570 37.105117 37.105117 0.000000 0.000000 0.000000 0.000000 0.000000 0.000000 0.000000 
500.00 1483.15 98.216230 37.082654 37.082654 0.000000 0.000000 0.000000 0.000000 0.000000 0.000000 0.000000 
500.00 1473.15 98.216926 37.060221 37.060221 0.000000 0.000000 0.000000 0.000000 0.000000 0.000000 0.000000 
500.00 1463.15 98.217662 37.037819 37.037819 0.000000 0.000000 0.000000 0.000000 0.000000 0.000000 0.000000 
500.00 1453.15 98.218026 36.980594 36.215989 0.000000 0.000000 0.764604 0.000000 0.000000 0.000000 0.000000 
500.00 1443.15 96.182695 35.894357 32.716697 0.793631 0.519957 1.864072 0.000000 0.000000 0.000000 0.000000 
500.00 1433.15 86.965921 32.315619 28.509448 0.745428 1.030625 2.030117 0.000000 0.000000 0.000000 0.000000 
500.00 1423.15 75.791386 28.200101 25.253919 0.558162 0.789143 1.585399 0.000000 0.000000 0.013479 0.000000 
500.00 1413.15 67.124129 25.009990 22.675132 0.424293 0.619998 1.275435 0.000000 0.000000 0.015132 0.000000 
500.00 1403.15 60.257042 22.473215 20.504028 0.363690 0.493449 1.073603 0.000000 0.000000 0.038445 0.000000 
500.00 1393.15 54.476311 20.284804 17.672546 0.712797 0.299928 1.219869 0.000000 0.000000 0.379664 0.000000 
500.00 1383.15 46.194907 17.519974 15.604558 0.470905 0.175525 0.990899 0.000000 0.000000 0.278086 0.000000 
500.00 1373.15 40.182345 15.496993 14.133623 0.296891 0.114311 0.776519 0.000000 0.000000 0.175649 0.000000 
500.00 1363.15 35.982191 14.051714 13.009315 0.210093 0.076218 0.634328 0.000000 0.000000 0.121761 0.000000 
500.00 1353.15 32.817479 12.943864 12.110513 0.160444 0.050806 0.532670 0.000000 0.000000 0.089430 0.000000 
500.00 1343.15 30.317873 12.056438 11.369226 0.129307 0.033119 0.456444 0.000000 0.000000 0.068342 0.000000 
500.00 1333.15 28.277999 11.323420 10.743277 0.108415 0.020450 0.397503 0.000000 0.000000 0.053776 0.000000 
500.00 1323.15 26.571852 10.703695 10.204503 0.093651 0.011179 0.351074 0.000000 0.000000 0.043288 0.000000 
500.00 1313.15 25.116212 10.169712 9.732882 0.082802 0.004272 0.314261 0.000000 0.000000 0.035495 0.000000 
500.00 1303.15 23.852615 9.701770 9.312726 0.073705 0.000000 0.285854 0.000000 0.000000 0.029485 0.000000 
500.00 1293.15 22.735244 9.283986 8.929740 0.063358 0.000000 0.266374 0.000000 0.000000 0.024513 0.000000 
500.00 1283.15 21.727045 8.902726 8.570177 0.055808 0.000000 0.256162 0.000000 0.000000 0.020578 0.000000 
500.00 1273.15 20.790364 8.537782 8.123642 0.055661 0.000000 0.242180 0.099301 0.000000 0.016998 0.000000 
500.00 1263.15 19.664712 8.090527 7.650873 0.051863 0.000000 0.373709 0.000000 0.000000 0.014082 0.000000 
500.00 1253.15 18.487732 7.622332 7.248601 0.044270 0.000000 0.317724 0.000000 0.000000 0.011737 0.000000 
500.00 1243.15 17.488177 7.224022 6.902376 0.038206 0.000000 0.273526 0.000000 0.000000 0.009914 0.000000 
500.00 1233.15 16.628623 6.880984 6.601061 0.033294 0.000000 0.238173 0.000000 0.000000 0.008456 0.000000 
500.00 1223.15 15.881178 6.582270 6.336225 0.029255 0.000000 0.209524 0.000000 0.000000 0.007266 0.000000 
500.00 1213.15 15.224291 6.317824 6.078055 0.028693 0.000000 0.201415 0.000000 0.000000 0.000000 0.009661 
500.00 1203.15 14.579573 6.061933 5.850357 0.024961 0.000000 0.178121 0.000000 0.000000 0.000000 0.008494 
500.00 1193.15 14.011203 5.836107 5.647983 0.021940 0.000000 0.158776 0.000000 0.000000 0.000000 0.007408 
500.00 1183.15 13.506501 5.635307 5.466845 0.019384 0.000000 0.142578 0.000000 0.000000 0.000000 0.006501 
500.00 1173.15 13.055184 5.455508 5.303700 0.017198 0.000000 0.128874 0.000000 0.000000 0.000000 0.005735 
500.00 1163.15 12.649095 5.293512 5.155945 0.015314 0.000000 0.117171 0.000000 0.000000 0.000000 0.005082 
500.00 1153.15 12.281529 5.093032 4.435577 0.033946 0.000000 0.327434 0.000000 0.287986 0.000000 0.008090 

Title: Nd2

Solid Composition:
Pressure Temperature mass SiO2 TiO2 Al2O3 Fe2O3 Cr2O3 FeO MnO MgO CaO Na2O K2O P2O5 H2O 
500.00 1523.15 0.000000 ---
500.00 1513.15 0.000000 ---
500.00 1503.15 0.000000 ---
500.00 1493.15 0.000000 ---
500.00 1483.15 0.000000 ---
500.00 1473.15 0.000000 ---
500.00 1463.15 0.000000 ---
500.00 1453.15 2.033744 49.7312 0 32.2053 0 0 0 0 0 14.9656 2.91869 0.179189 0 0
500.00 1443.15 9.215270 50.9586 0.0974606 18.819 0.919377 0 4.24635 0 9.19569 13.896 1.75429 0.113288 0 0
500.00 1433.15 11.175875 51.296 0.1132 16.9884 1.06108 0 5.58869 0 10.519 12.6026 1.70837 0.122578 0 0
500.00 1423.15 8.670682 51.063 0.165018 16.8977 1.41985 0.0702876 6.07609 0 10.0599 12.2558 1.84597 0.146438 0 0
500.00 1413.15 6.874751 51.0498 0.214412 16.8628 1.63979 0.0530067 6.48871 0 9.57993 11.9377 1.9994 0.174425 0 0
500.00 1403.15 5.841135 50.1401 0.436327 16.5468 2.66251 0.0282627 7.31807 0 9.02959 11.5264 2.11065 0.201294 0 0
500.00 1393.15 8.325456 40.8924 2.25089 13.9556 11.0613 0.000855472 11.8742 0 7.65461 10.2696 1.8534 0.187082 0 0
500.00 1383.15 6.040881 41.3212 2.32696 14.6587 11.0098 0 11.6473 0 6.68213 9.88846 2.22155 0.243934 0 0
500.00 1373.15 4.220407 42.9945 2.16766 15.4961 9.92345 0 10.8355 0 5.98265 9.6445 2.6388 0.316874 0 0
500.00 1363.15 3.180245 44.3957 2.05211 16.0552 9.09214 0 10.172 0 5.42182 9.40774 3.00748 0.395841 0 0
500.00 1353.15 2.512140 45.6281 1.9619 16.4384 8.41572 0 9.59625 0 4.95451 9.18235 3.33949 0.483223 0 0
500.00 1343.15 2.050388 46.7472 1.88759 16.7006 7.84159 0 9.0769 0 4.55528 8.9678 3.64141 0.581573 0 0
500.00 1333.15 1.715242 47.7876 1.82377 16.8747 7.33888 0 8.59522 0 4.20731 8.76078 3.91753 0.694276 0 0
500.00 1323.15 1.463708 48.7759 1.76672 16.9818 6.88672 0 8.13764 0 3.89822 8.55568 4.17092 0.826383 0 0
500.00 1313.15 1.270883 49.7381 1.71328 17.0364 6.46859 0 7.69194 0 3.61788 8.34387 4.40385 0.986161 0 0
500.00 1303.15 1.122992 50.7337 1.65362 17.0555 6.04658 0 7.25446 0 3.36778 8.07941 4.61958 1.18927 0 0
500.00 1293.15 1.013303 51.9012 1.56316 17.0811 5.53605 0 6.82751 0 3.15709 7.63542 4.82741 1.47107 0 0
500.00 1283.15 0.941269 53.262 1.45266 17.0387 4.97536 0 6.33221 0 2.93664 7.07678 5.00038 1.92535 0 0
500.00 1273.15 1.130851 57.3677 1.05162 16.6469 3.43769 0 4.72114 0 2.34305 4.97106 4.66289 4.7979 0 0
500.00 1263.15 1.180916 59.1954 0.882065 16.5231 2.71634 0 3.97745 0 2.01754 4.02118 4.41756 6.24934 0 0
500.00 1253.15 1.003292 59.3238 0.905555 16.4217 2.62559 0 3.99135 0 1.97091 3.98676 4.37127 6.40307 0 0
500.00 1243.15 0.863137 59.4282 0.928797 16.351 2.53973 0 4.00727 0 1.9223 3.96959 4.34597 6.50717 0 0
500.00 1233.15 0.750906 59.5257 0.950334 16.3002 2.45409 0 4.02069 0 1.8711 3.9576 4.33101 6.5893 0 0
500.00 1223.15 0.659759 59.6244 0.969386 16.265 2.36652 0 4.029 0 1.81668 3.94559 4.322 6.66146 0 0
500.00 1213.15 0.647602 58.5724 3.35153 15.8024 1.28758 0 4.28114 0.212257 1.77034 3.8955 4.18451 6.64233 0 0
500.00 1203.15 0.571252 58.6292 3.34967 15.7869 1.26737 0 4.31448 0.225647 1.68311 3.83572 4.15837 6.74947 0 0
500.00 1193.15 0.507583 58.7409 3.30017 15.7917 1.23489 0 4.31836 0.235662 1.60002 3.79022 4.14249 6.84562 0 0
500.00 1183.15 0.454196 58.8547 3.24904 15.8071 1.20174 0 4.31955 0.245402 1.51458 3.74135 4.1325 6.93411 0 0
500.00 1173.15 0.408968 58.9713 3.19631 15.8315 1.16804 0 4.31793 0.254897 1.42696 3.68801 4.12675 7.01833 0 0
500.00 1163.15 0.370287 59.0911 3.14215 15.8636 1.13392 0 4.31338 0.264188 1.33748 3.62972 4.12411 7.10041 0 0
500.00 1153.15 1.707269 77.7161 1.11983 9.53798 0.457277 0 1.83008 0.109723 0.551909 1.80938 2.40326 4.46448 0 0
Title: Nd2

Bulk Composition:
Pressure Temperature mass SiO2 TiO2 Al2O3 Fe2O3 Cr2O3 FeO MnO MgO CaO Na2O K2O P2O5 H2O 
500.00 1523.15 98.213805 52.7542 1.05769 15.6556 2.17016 0.0115055 8.15507 0.16963 6.3261 9.78854 2.52449 1.25726 0.129717 0
500.00 1513.15 98.214359 52.7539 1.05769 15.6556 2.17578 0.0115054 8.14996 0.169629 6.32606 9.78849 2.52448 1.25725 0.129716 0
500.00 1503.15 98.214947 52.7536 1.05768 15.6555 2.18174 0.0115054 8.14453 0.169628 6.32602 9.78843 2.52446 1.25724 0.129715 0
500.00 1493.15 98.215570 52.7532 1.05767 15.6554 2.18806 0.0115053 8.13878 0.169627 6.32598 9.78837 2.52445 1.25723 0.129715 0
500.00 1483.15 98.216230 52.7529 1.05767 15.6553 2.19475 0.0115052 8.1327 0.169626 6.32594 9.7883 2.52443 1.25723 0.129714 0
500.00 1473.15 98.216926 52.7525 1.05766 15.6551 2.20181 0.0115051 8.12627 0.169625 6.3259 9.78823 2.52441 1.25722 0.129713 0
500.00 1463.15 98.217662 52.7521 1.05765 15.655 2.20927 0.0115051 8.11949 0.169623 6.32585 9.78816 2.52439 1.25721 0.129712 0
500.00 1453.15 98.218026 52.7519 1.05765 15.655 2.21296 0.011505 8.11613 0.169623 6.32582 9.78812 2.52438 1.2572 0.129711 0
500.00 1443.15 96.182695 52.8172 1.08003 15.3056 2.23294 0.0117485 8.31203 0.173212 6.45969 9.67896 2.51612 1.28002 0.132456 0
500.00 1433.15 86.965921 53.0168 1.18417 14.934 2.32053 0.0129936 8.78972 0.191569 6.17035 9.23273 2.59693 1.40368 0.146494 0
500.00 1423.15 75.791386 53.2716 1.34207 14.6313 2.4844 0.0149093 9.28152 0.219814 5.52953 8.73616 2.72795 1.59256 0.168093 0
500.00 1413.15 67.124129 53.5565 1.49413 14.3386 2.61393 0.00790275 9.70351 0.248197 4.94473 8.28163 2.8418 1.77928 0.189798 0
500.00 1403.15 60.257042 53.8383 1.64007 14.0495 2.78625 0.00284254 10.0153 0.276482 4.41599 7.86407 2.93762 1.96216 0.211428 0
500.00 1393.15 54.476311 54.1779 1.7675 13.767 3.83082 0.000130741 9.36458 0.305821 3.91716 7.46333 3.02312 2.1488 0.233863 0
500.00 1383.15 46.194907 56.524 1.67893 13.7207 3.39057 0 8.12598 0.360646 3.24071 6.95123 3.23115 2.50031 0.275788 0
500.00 1373.15 40.182345 58.7735 1.58059 13.571 2.84811 0 7.04884 0.41461 2.72202 6.50563 3.38079 2.83778 0.317055 0
500.00 1363.15 35.982191 60.5956 1.51115 13.3387 2.46887 0 6.19684 0.463007 2.33911 6.13476 3.46607 3.13188 0.354064 0
500.00 1353.15 32.817479 62.1416 1.45836 13.0703 2.1782 0 5.49499 0.507656 2.04042 5.81571 3.50906 3.39557 0.388208 0
500.00 1343.15 30.317873 63.4894 1.41642 12.787 1.94308 0 4.90225 0.549511 1.79934 5.53544 3.52187 3.63551 0.420214 0
500.00 1333.15 28.277999 64.6854 1.38214 12.4997 1.74635 0 4.3932 0.589151 1.60015 5.28566 3.51212 3.85563 0.450527 0
500.00 1323.15 26.571852 65.76 1.35362 12.2143 1.57802 0 3.95077 0.626979 1.43267 5.06073 3.485 4.05842 0.479455 0
500.00 1313.15 25.116212 66.7351 1.32961 11.9339 1.43174 0 3.56278 0.663317 1.28996 4.85667 3.44419 4.24552 0.507242 0
500.00 1303.15 23.852615 67.6271 1.30929 11.6597 1.30244 0 3.22091 0.698456 1.16702 4.67067 3.39231 4.41795 0.534113 0
500.00 1293.15 22.735244 68.4497 1.29252 11.3916 1.18491 0 2.91951 0.732783 1.05877 4.50223 3.33117 4.57642 0.560363 0
500.00 1283.15 21.727045 69.2106 1.2802 11.1249 1.08049 0 2.65187 0.766786 0.96142 4.35616 3.26094 4.72027 0.586366 0
500.00 1273.15 20.790364 69.9228 1.27276 10.8561 0.982347 0 2.41849 0.801333 0.872563 4.23316 3.18183 4.8459 0.612784 0
500.00 1263.15 19.664712 70.6353 1.28584 10.5226 0.904003 0 2.23328 0.847203 0.788575 4.19088 3.09648 4.84793 0.647861 0
500.00 1253.15 18.487732 71.3573 1.31215 10.1384 0.840934 0 2.07874 0.901138 0.710738 4.20196 3.01175 4.75781 0.689106 0
500.00 1243.15 17.488177 72.039 1.33605 9.77713 0.782891 0 1.93372 0.952644 0.639144 4.21462 2.93344 4.66286 0.728492 0
500.00 1233.15 16.628623 72.685 1.35785 9.43523 0.729047 0 1.79739 1.00189 0.573272 4.22772 2.85983 4.56661 0.766149 0
500.00 1223.15 15.881178 73.2986 1.37784 9.11007 0.678883 0 1.66921 1.04904 0.512666 4.24093 2.79001 4.4705 0.802207 0
500.00 1213.15 15.224291 73.885 1.39638 8.79983 0.599884 0 1.57776 1.0943 0.456951 4.25435 2.72347 4.37526 0.836821 0
500.00 1203.15 14.579573 74.5584 1.3125 8.48856 0.562402 0 1.46775 1.13348 0.399403 4.27094 2.65842 4.27428 0.873825 0
500.00 1193.15 14.011203 75.2008 1.23255 8.19082 0.526229 0 1.36241 1.17049 0.347861 4.28937 2.59712 4.17309 0.909272 0
500.00 1183.15 13.506501 75.8118 1.1581 7.90505 0.491751 0 1.26261 1.20563 0.3016 4.30884 2.53891 4.07241 0.943249 0
500.00 1173.15 13.055184 76.3939 1.08875 7.63007 0.458858 0 1.16806 1.23905 0.260193 4.32932 2.48333 3.97263 0.975858 0
500.00 1163.15 12.649095 76.9489 1.02413 7.36489 0.427448 0 1.07848 1.27089 0.223255 4.35081 2.43007 3.87395 1.00719 0
500.00 1153.15 12.281529 77.4796 0.963939 7.1088 0.38454 0 1.00523 1.3013 0.190436 4.37338 2.37891 3.77654 1.03733 0
