Title: Mk

System Thermodynamic Data:
Pressure Temperature mass F phi S H V dVdP*10^6 dVdT*10^6 Cp logfO2(absolute) logfO2-NNO rhol rhos viscosity aH2O chisqr
500.00 1523.15 98.152314 1.0000000000000000 1.000000 265.360882 -1172931.462116 36.251277 -199.730397 2383.025318 146.525967 -7.007 0.000 2.707555 0.000000 2.151 0 0.000
500.00 1513.15 98.152945 1.0000000000000000 1.000000 264.396914 -1174405.926140 36.228005 -199.931500 2383.166643 146.529203 -7.116 0.000 2.709311 0.000000 2.194 0 0.000
500.00 1503.15 98.153614 1.0000000000000000 1.000000 263.426574 -1175881.022614 36.204765 -200.133811 2383.316664 146.532638 -7.225 0.000 2.711069 0.000000 2.236 0 0.000
500.00 1493.15 98.154324 1.0000000000000000 1.000000 262.449775 -1177356.774889 36.181558 -200.337400 2383.475648 146.536278 -7.336 0.000 2.712827 0.000000 2.280 0 0.000
500.00 1483.15 98.154212 0.9664460396970560 0.965817 260.721143 -1179926.792020 36.103785 -194.353598 2345.574506 145.634395 -7.449 0.000 2.720439 2.668631 2.285 0 0.000
500.00 1473.15 94.861488 0.9613062515864118 0.960424 250.870549 -1137169.568942 34.786089 -185.859700 2274.944600 137.543564 -7.563 0.000 2.729501 2.666185 2.282 0 0.000
500.00 1463.15 91.191703 0.9627226550083389 0.961709 240.214258 -1089020.755570 33.330505 -177.572820 2204.182836 132.218612 -7.679 0.000 2.738866 2.663590 2.276 0 0.000
500.00 1453.15 87.789437 0.8877856191485261 0.893691 228.632205 -1046845.055184 31.704367 -160.511463 2052.742676 125.058167 -7.796 0.000 2.750703 2.922830 2.291 0 0.000
500.00 1443.15 77.935971 0.8417969259561903 0.849792 201.328011 -922009.377191 27.887091 -136.915003 1793.736777 109.477830 -7.915 0.000 2.768404 2.943450 2.288 0 0.000
500.00 1433.15 65.604198 0.8627696239229821 0.869031 168.961224 -764650.624159 23.371037 -117.560297 1547.536012 91.841452 -8.035 0.000 2.786849 2.941264 2.278 0 0.000
500.00 1423.15 56.600023 0.8782859927645982 0.883121 145.238418 -650238.548859 20.059318 -102.707284 1364.202854 78.920990 -8.157 0.000 2.806183 2.938367 2.262 0 0.000
500.00 1413.15 49.710259 0.8900762979446684 0.893697 127.030640 -563029.037186 17.515547 -90.846848 1221.816519 69.017420 -8.281 0.000 2.826568 2.934724 2.239 0 0.000
500.00 1403.15 44.293486 0.8397551552726132 0.859069 111.913077 -495824.317709 15.439631 -79.247338 1035.662272 60.187532 -8.407 0.000 2.804322 3.261962 2.448 0 0.000
500.00 1393.15 37.278712 0.7859008915851841 0.822362 93.245076 -420202.689036 13.061360 -67.821297 792.532161 49.516861 -8.535 0.000 2.727580 3.439937 2.986 0 0.000
500.00 1383.15 29.349324 0.8238831465717372 0.855414 73.641021 -340022.589445 10.616410 -59.317791 601.286544 39.083583 -8.664 0.000 2.662622 3.367412 3.490 0 0.000
500.00 1373.15 24.208304 0.8724000970886481 0.894758 60.954282 -287181.658484 9.005545 -53.662629 487.516921 32.427235 -8.795 0.000 2.620986 3.259220 3.861 0 0.000
500.00 1363.15 21.138028 0.8978423937786531 0.915542 53.201417 -254656.766322 8.004210 -49.615518 415.552791 28.336412 -8.929 0.000 2.589809 3.194305 4.169 0 0.000
500.00 1353.15 18.992623 0.9142821977992600 0.929027 47.706199 -231519.934664 7.287513 -46.494834 364.120004 25.438299 -9.064 0.000 2.564824 3.147623 4.438 0 0.000
500.00 1343.15 17.375856 0.9260380256073356 0.938694 43.520332 -213860.078492 6.737988 -43.984531 324.949245 23.236495 -9.201 0.000 2.544022 3.111145 4.678 0 0.000
500.00 1333.15 16.100165 0.9349706834091438 0.946052 40.187851 -199786.139976 6.298449 -41.907710 293.881917 21.489830 -9.340 0.000 2.526271 3.081249 4.898 0 0.000
500.00 1323.15 15.061432 0.9420403698147880 0.951881 37.452778 -188232.199604 5.936493 -40.154343 268.525154 20.062130 -9.481 0.000 2.510863 3.055968 5.100 0 0.000
500.00 1313.15 14.195835 0.9477052129604957 0.956535 35.156864 -178536.877664 5.631900 -38.646128 247.381133 18.868883 -9.625 0.000 2.497343 3.032698 5.288 0 0.000
500.00 1303.15 13.459149 0.9524527369667383 0.960422 33.189920 -170230.950944 5.370390 -37.329110 229.429156 17.851215 -9.771 0.000 2.485382 3.010805 5.465 0 0.000
500.00 1293.15 12.824376 0.9564627439658684 0.963717 31.483578 -163030.390009 5.143152 -36.169074 213.997520 16.972492 -9.919 0.000 2.474715 2.992052 5.630 0 0.000
500.00 1283.15 12.270243 0.9578477548858549 0.964771 29.979079 -156716.898345 4.943224 -35.089962 200.345980 16.201573 -10.069 0.000 2.464422 2.970047 5.802 0 0.000
500.00 1273.15 11.757634 0.9586680142998645 0.965536 28.585642 -150860.402688 4.756736 -34.086085 187.857930 15.481183 -10.221 0.000 2.454203 2.964396 5.991 0 0.000
500.00 1263.15 11.277080 0.9621387406169125 0.968447 27.286403 -145350.550175 4.582227 -33.188920 176.754928 14.812740 -10.376 0.000 2.445017 2.953094 6.170 0 0.000
500.00 1253.15 10.855375 0.9651105074778578 0.970941 26.137895 -140503.598384 4.428236 -32.391214 167.012561 14.225788 -10.534 0.000 2.436680 2.943220 6.343 0 0.000
500.00 1243.15 10.481779 0.9677744656172406 0.973171 25.113159 -136200.105410 4.291151 -31.678485 158.403524 13.705708 -10.694 0.000 2.429104 2.934004 6.510 0 0.000
500.00 1233.15 10.149052 0.9701765291223083 0.975179 24.193569 -132360.196668 4.168493 -31.039205 150.754514 13.242465 -10.857 0.000 2.422217 2.925348 6.671 0 0.000
500.00 1223.15 9.851358 0.9723541422757862 0.976995 23.364072 -128919.303009 4.058257 -30.463877 143.925643 12.827969 -11.022 0.000 2.415955 2.917168 6.827 0 0.000
500.00 1213.15 9.583942 0.9743380876195649 0.978647 22.612377 -125824.670648 3.958801 -29.944601 137.802771 12.455627 -11.190 0.000 2.410262 2.909387 6.978 0 0.000
500.00 1203.15 9.342608 0.9744460365215056 0.978871 21.921686 -123036.069721 3.868205 -29.442368 131.780077 12.114560 -11.361 0.000 2.404313 2.921039 7.136 0 0.000
500.00 1193.15 9.108539 0.9760682292496372 0.980290 21.257120 -120316.207560 3.781105 -28.980325 126.053671 11.787841 -11.534 0.000 2.398588 2.924923 7.291 0 0.000
500.00 1183.15 8.895252 0.9778867822781435 0.981795 20.647345 -117847.582252 3.701819 -28.564249 120.883942 11.491438 -11.711 0.000 2.393376 2.918792 7.441 0 0.000
500.00 1173.15 8.703268 0.9795586117711219 0.983173 20.091597 -115629.398931 3.630208 -28.189520 116.220908 11.224757 -11.890 0.000 2.388644 2.912343 7.586 0 0.000
500.00 1163.15 8.529578 0.9810135705062508 0.984373 19.582322 -113626.107348 3.565182 -27.851146 111.997967 10.982987 -12.073 0.000 2.384301 2.906809 7.728 0 0.000

Title: Mk

Liquid Composition:
Pressure Temperature mass SiO2 TiO2 Al2O3 Fe2O3 Cr2O3 FeO MnO MgO CaO Na2O K2O P2O5 H2O 
500.00 1523.15 98.152314 49.318 1.26609 15.881 2.45935 0.0209878 9.51094 0.199384 7.22775 11.4846 2.18324 0.30901 0.139579 0
500.00 1513.15 98.152945 49.3177 1.26609 15.8809 2.46575 0.0209877 9.50511 0.199383 7.2277 11.4845 2.18323 0.309008 0.139578 0
500.00 1503.15 98.153614 49.3174 1.26608 15.8808 2.47254 0.0209875 9.49892 0.199381 7.22765 11.4844 2.18321 0.309005 0.139577 0
500.00 1493.15 98.154324 49.317 1.26607 15.8807 2.47974 0.0209874 9.49235 0.19938 7.2276 11.4844 2.18319 0.309003 0.139576 0
500.00 1483.15 94.860750 49.3476 1.31003 15.2827 2.56466 0.021716 9.82299 0.206302 7.47854 11.3272 2.17569 0.318162 0.144422 0
500.00 1473.15 91.190942 49.3692 1.36274 14.5758 2.66501 0.02259 10.2209 0.214605 7.7795 11.1508 2.15982 0.32888 0.150234 0
500.00 1463.15 87.792319 49.3754 1.4155 13.8788 2.76547 0.0234645 10.619 0.222912 8.08066 10.9865 2.13701 0.339308 0.15605 0
500.00 1453.15 77.938200 49.2735 1.57674 13.3748 2.94063 0.0264312 11.5043 0.248894 7.85001 10.4442 2.20711 0.37758 0.17578 0
500.00 1443.15 65.606261 48.9127 1.84725 12.7529 3.20115 0.0313994 12.7287 0.295686 7.25834 10.0068 2.31614 0.440064 0.208822 0
500.00 1433.15 56.601309 48.5196 2.11641 12.1343 3.44624 0.0363949 13.916 0.342728 6.7288 9.6193 2.39752 0.500664 0.242044 0
500.00 1423.15 49.711007 48.0925 2.38597 11.515 3.67952 0.0414395 15.0792 0.390233 6.25144 9.27559 2.45401 0.559435 0.275593 0
500.00 1413.15 44.245924 47.6288 2.65771 10.8916 3.90383 0.046558 16.2298 0.438433 5.81865 8.97126 2.48734 0.616338 0.309633 0
500.00 1403.15 37.195683 48.8872 2.6721 10.8005 3.8694 0.000514894 15.7967 0.521535 5.06094 8.6081 2.69391 0.72078 0.368322 0
500.00 1393.15 29.297373 52.5417 2.30995 11.2155 3.44902 1.51095e-008 13.2163 0.662136 4.01402 8.10514 3.11707 0.901542 0.467619 0
500.00 1383.15 24.180414 55.9525 1.99115 11.3152 3.02404 0 10.9157 0.802255 3.24661 7.66454 3.44486 1.07664 0.566574 0
500.00 1373.15 21.119327 58.3919 1.80045 11.1541 2.72698 0 9.43439 0.918536 2.74413 7.32427 3.63921 1.2173 0.648695 0
500.00 1363.15 18.978618 60.3674 1.66322 10.9016 2.4883 0 8.3185 1.02214 2.37103 7.03983 3.76671 1.33945 0.721865 0
500.00 1353.15 17.364617 62.0529 1.55582 10.6099 2.2851 0 7.41898 1.11715 2.07765 6.79286 3.85183 1.44892 0.788961 0
500.00 1343.15 16.090704 63.5326 1.46761 10.3017 2.10677 0 6.6662 1.20559 1.83897 6.57333 3.90718 1.54865 0.851423 0
500.00 1333.15 15.053182 64.8551 1.39287 9.98863 1.94742 0 6.02116 1.28869 1.64027 6.37492 3.94042 1.64041 0.910107 0
500.00 1323.15 14.188477 66.0518 1.32812 9.67701 1.80338 0 5.45943 1.36723 1.47205 6.1934 3.95666 1.72537 0.965572 0
500.00 1313.15 13.453466 67.1428 1.27186 9.3688 1.67241 0 4.96456 1.44192 1.32615 6.0294 3.95927 1.80452 1.01832 0
500.00 1303.15 12.819203 68.1432 1.22289 9.06542 1.55275 0 4.52462 1.51327 1.19715 5.88265 3.95081 1.87853 1.06871 0
500.00 1293.15 12.266038 69.0656 1.17979 8.76899 1.44282 0 4.13068 1.58151 1.08233 5.75001 3.93355 1.94785 1.11691 0
500.00 1283.15 11.753025 69.9666 1.15481 8.45899 1.33807 0 3.75907 1.60516 0.961301 5.66918 3.90501 2.0162 1.16566 0
500.00 1273.15 11.271668 70.9109 1.14195 8.15877 1.23718 0 3.41552 1.60386 0.842685 5.5621 3.87441 2.085 1.16763 0
500.00 1263.15 10.850116 71.7744 1.13196 7.86923 1.14417 0 3.10492 1.59831 0.737876 5.47249 3.83929 2.14894 1.17837 0
500.00 1253.15 10.476637 72.5748 1.12461 7.5915 1.05809 0 2.82349 1.58924 0.644764 5.39234 3.80118 2.20867 1.19131 0
500.00 1243.15 10.143999 73.3166 1.11953 7.32538 0.9784 0 2.56801 1.57722 0.561931 5.32121 3.76078 2.26441 1.20649 0
500.00 1233.15 9.846372 74.004 1.11643 7.07062 0.90459 0 2.33573 1.56269 0.488185 5.25876 3.71868 2.31635 1.22402 0
500.00 1223.15 9.579009 74.6403 1.11508 6.82692 0.836206 0 2.12427 1.546 0.422521 5.20473 3.67535 2.36467 1.24399 0
500.00 1213.15 9.337999 75.2286 1.11526 6.59395 0.772836 0 1.93155 1.52746 0.364082 5.15892 3.63121 2.40951 1.26657 0
500.00 1203.15 9.103867 75.8431 1.06035 6.36969 0.717957 0 1.76581 1.49472 0.307225 5.11236 3.58806 2.45471 1.28605 0
500.00 1193.15 8.890556 76.4326 0.997295 6.15562 0.662402 0 1.60251 1.46604 0.258653 5.0744 3.54512 2.49688 1.30846 0
500.00 1183.15 8.698549 76.9751 0.939536 5.95168 0.609912 0 1.45097 1.43825 0.216726 5.0458 3.50217 2.53539 1.3345 0
500.00 1173.15 8.525361 77.4723 0.886502 5.75745 0.560396 0 1.31056 1.41147 0.180627 5.02653 3.45938 2.57038 1.3644 0
500.00 1163.15 8.367632 77.9369 0.837696 5.57318 0.513601 0 1.18055 1.38579 0.149587 5.01023 3.41735 2.60233 1.39274 0
Title: Mk

liquid_0 thermodynamic data and composition:
Pressure Temperature mass S H V Cp viscosity SiO2 TiO2 Al2O3 Fe2O3 Cr2O3 FeO MnO MgO CaO Na2O K2O P2O5 H2O Mg#
500.00 1523.15 98.152314 265.360882 -1172931.462116 36.251277 146.525967 2.151 49.318 1.26609 15.881 2.45935 0.0209878 9.51094 0.199384 7.22775 11.4846 2.18324 0.30901 0.139579 0 57.5
500.00 1513.15 98.152945 264.396914 -1174405.926140 36.228005 146.529203 2.194 49.3177 1.26609 15.8809 2.46575 0.0209877 9.50511 0.199383 7.2277 11.4845 2.18323 0.309008 0.139578 0 57.5
500.00 1503.15 98.153614 263.426574 -1175881.022614 36.204765 146.532638 2.236 49.3174 1.26608 15.8808 2.47254 0.0209875 9.49892 0.199381 7.22765 11.4844 2.18321 0.309005 0.139577 0 57.5
500.00 1493.15 98.154324 262.449775 -1177356.774889 36.181558 146.536278 2.280 49.317 1.26607 15.8807 2.47974 0.0209874 9.49235 0.19938 7.2276 11.4844 2.18319 0.309003 0.139576 0 57.6
500.00 1483.15 94.860750 252.637373 -1134544.864983 34.869646 141.570514 2.285 49.3476 1.31003 15.2827 2.56466 0.021716 9.82299 0.206302 7.47854 11.3272 2.17569 0.318162 0.144422 0 57.6
500.00 1473.15 91.190942 241.881120 -1086560.084059 33.409386 133.017638 2.282 49.3692 1.36274 14.5758 2.66501 0.02259 10.2209 0.214605 7.7795 11.1508 2.15982 0.32888 0.150234 0 57.6
500.00 1463.15 87.792319 231.907135 -1042121.563891 32.054263 128.030031 2.276 49.3754 1.4155 13.8788 2.76547 0.0234645 10.619 0.222912 8.08066 10.9865 2.13701 0.339308 0.15605 0 57.5
500.00 1453.15 77.938200 204.977139 -916766.302452 28.333923 113.080550 2.291 49.2735 1.57674 13.3748 2.94063 0.0264312 11.5043 0.248894 7.85001 10.4442 2.20711 0.37758 0.17578 0 54.9
500.00 1443.15 65.606261 171.703717 -760743.687747 23.698227 94.444636 2.288 48.9127 1.84725 12.7529 3.20115 0.0313994 12.7287 0.295686 7.25834 10.0068 2.31614 0.440064 0.208822 0 50.4
500.00 1433.15 56.601309 147.392952 -647185.595520 20.310145 80.890091 2.278 48.5196 2.11641 12.1343 3.44624 0.0363949 13.916 0.342728 6.7288 9.6193 2.39752 0.500664 0.242044 0 46.3
500.00 1423.15 49.711007 128.781871 -560560.507825 17.714813 70.560142 2.262 48.0925 2.38597 11.515 3.67952 0.0414395 15.0792 0.390233 6.25144 9.27559 2.45401 0.559435 0.275593 0 42.5
500.00 1413.15 44.245924 114.014607 -492050.780293 15.653587 62.400401 2.239 47.6288 2.65771 10.8916 3.90383 0.046558 16.2298 0.438433 5.81865 8.97126 2.48734 0.616338 0.309633 0 38.9
500.00 1403.15 37.195683 95.551882 -415571.018466 13.263700 52.071469 2.448 48.8872 2.6721 10.8005 3.8694 0.000514894 15.7967 0.521535 5.06094 8.6081 2.69391 0.72078 0.368322 0 36.3
500.00 1393.15 29.297373 75.203173 -336978.465108 10.741161 40.681053 2.986 52.5417 2.30995 11.2155 3.44902 1.51095e-008 13.2163 0.662136 4.01402 8.10514 3.11707 0.901542 0.467619 0 35.1
500.00 1383.15 24.180414 61.950414 -285345.436332 9.081430 33.342390 3.490 55.9525 1.99115 11.3152 3.02404 0 10.9157 0.802255 3.24661 7.66454 3.44486 1.07664 0.566574 0 34.6
500.00 1373.15 21.119327 53.936307 -253345.394237 8.057779 28.957660 3.861 58.3919 1.80045 11.1541 2.72698 0 9.43439 0.918536 2.74413 7.32427 3.63921 1.2173 0.648695 0 34.1
500.00 1363.15 18.978618 48.287986 -230504.363381 7.328191 25.895989 4.169 60.3674 1.66322 10.9016 2.4883 0 8.3185 1.02214 2.37103 7.03983 3.76671 1.33945 0.721865 0 33.7
500.00 1353.15 17.364617 44.001237 -213033.822404 6.770295 23.590972 4.438 62.0529 1.55582 10.6099 2.2851 0 7.41898 1.11715 2.07765 6.79286 3.85183 1.44892 0.788961 0 33.3
500.00 1343.15 16.090704 40.597362 -199090.791381 6.324908 21.773972 4.678 63.5326 1.46761 10.3017 2.10677 0 6.6662 1.20559 1.83897 6.57333 3.90718 1.54865 0.851423 0 33.0
500.00 1333.15 15.053182 37.809244 -187632.275185 5.958657 20.295753 4.898 64.8551 1.39287 9.98863 1.94742 0 6.02116 1.28869 1.64027 6.37492 3.94042 1.64041 0.910107 0 32.7
500.00 1323.15 14.188477 35.472533 -178009.679997 5.650837 19.064861 5.100 66.0518 1.32812 9.67701 1.80338 0 5.45943 1.36723 1.47205 6.1934 3.95666 1.72537 0.965572 0 32.5
500.00 1313.15 13.453466 33.475474 -169772.332186 5.387112 18.019364 5.288 67.1428 1.27186 9.3688 1.67241 0 4.96456 1.44192 1.32615 6.0294 3.95927 1.80452 1.01832 0 32.3
500.00 1303.15 12.819203 31.742875 -162617.472427 5.157840 17.117716 5.465 68.1432 1.22289 9.06542 1.55275 0 4.52462 1.51327 1.19715 5.88265 3.95081 1.87853 1.06871 0 32.0
500.00 1293.15 12.266038 30.223533 -156342.165380 4.956545 16.331712 5.630 69.0656 1.17979 8.76899 1.44282 0 4.13068 1.58151 1.08233 5.75001 3.93355 1.94785 1.11691 0 31.8
500.00 1283.15 11.753025 28.812716 -150508.967371 4.769079 15.604464 5.802 69.9666 1.15481 8.45899 1.33807 0 3.75907 1.60516 0.961301 5.66918 3.90501 2.0162 1.16566 0 31.3
500.00 1273.15 11.271668 27.493108 -145015.855264 4.592801 14.918001 5.991 70.9109 1.14195 8.15877 1.23718 0 3.41552 1.60386 0.842685 5.5621 3.87441 2.085 1.16763 0 30.5
500.00 1263.15 10.850116 26.329416 -140192.935493 4.437645 14.318129 6.170 71.7744 1.13196 7.86923 1.14417 0 3.10492 1.59831 0.737876 5.47249 3.83929 2.14894 1.17837 0 29.8
500.00 1253.15 10.476637 25.291714 -135909.774203 4.299555 13.787168 6.343 72.5748 1.12461 7.5915 1.05809 0 2.82349 1.58924 0.644764 5.39234 3.80118 2.20867 1.19131 0 28.9
500.00 1243.15 10.143999 24.360975 -132087.216082 4.176024 13.314670 6.510 73.3166 1.11953 7.32538 0.9784 0 2.56801 1.57722 0.561931 5.32121 3.76078 2.26441 1.20649 0 28.1
500.00 1233.15 9.846372 23.521836 -128661.243450 4.065025 12.892230 6.671 74.004 1.11643 7.07062 0.90459 0 2.33573 1.56269 0.488185 5.25876 3.71868 2.31635 1.22402 0 27.1
500.00 1223.15 9.579009 22.761758 -125579.530136 3.964896 12.513012 6.827 74.6403 1.11508 6.82692 0.836206 0 2.12427 1.546 0.422521 5.20473 3.67535 2.36467 1.24399 0 26.2
500.00 1213.15 9.337999 22.070404 -122798.890881 3.874267 12.171401 6.978 75.2286 1.11526 6.59395 0.772836 0 1.93155 1.52746 0.364082 5.15892 3.63121 2.40951 1.26657 0 25.2
500.00 1203.15 9.103867 21.399352 -120085.470924 3.786474 11.839465 7.136 75.8431 1.06035 6.36969 0.717957 0 1.76581 1.49472 0.307225 5.11236 3.58806 2.45471 1.28605 0 23.7
500.00 1193.15 8.890556 20.782654 -117626.357082 3.706579 11.537418 7.291 76.4326 0.997295 6.15562 0.662402 0 1.60251 1.46604 0.258653 5.0744 3.54512 2.49688 1.30846 0 22.3
500.00 1183.15 8.698549 20.220863 -115416.527647 3.634427 11.265756 7.441 76.9751 0.939536 5.95168 0.609912 0 1.45097 1.43825 0.216726 5.0458 3.50217 2.53539 1.3345 0 21.0
500.00 1173.15 8.525361 19.707366 -113427.054136 3.569121 11.020907 7.586 77.4723 0.886502 5.75745 0.560396 0 1.31056 1.41147 0.180627 5.02653 3.45938 2.57038 1.3644 0 19.7
500.00 1163.15 8.367632 19.233976 -111618.341584 3.509469 10.797616 7.728 77.9369 0.837696 5.57318 0.513601 0 1.18055 1.38579 0.149587 5.01023 3.41735 2.60233 1.39274 0 18.4

whitlockite thermodynamic data and composition:
Pressure Temperature mass S H V Cp formula
500.00 1273.15 0.011775 0.025904 -143.234362 0.003706 0.015843 Ca3(PO4)2
500.00 1263.15 0.009210 0.020164 -112.158988 0.002899 0.012322 Ca3(PO4)2
500.00 1253.15 0.007655 0.016678 -93.320527 0.002409 0.010184 Ca3(PO4)2
500.00 1243.15 0.006293 0.013644 -76.800321 0.001981 0.008325 Ca3(PO4)2
500.00 1233.15 0.005077 0.010953 -62.028261 0.001598 0.006679 Ca3(PO4)2
500.00 1223.15 0.003970 0.008524 -48.560606 0.001250 0.005194 Ca3(PO4)2
500.00 1213.15 0.002944 0.006288 -36.043311 0.000926 0.003830 Ca3(PO4)2
500.00 1203.15 0.003605 0.007662 -44.184413 0.001135 0.004665 Ca3(PO4)2
500.00 1193.15 0.002640 0.005583 -32.396712 0.000831 0.003398 Ca3(PO4)2
500.00 1183.15 0.001540 0.003241 -18.920266 0.000485 0.001972 Ca3(PO4)2
500.00 1173.15 0.000480 0.001004 -5.898352 0.000151 0.000611 Ca3(PO4)2

clinopyroxene_1 thermodynamic data and composition:
Pressure Temperature mass S H V Cp structure formula SiO2 TiO2 Al2O3 Fe2O3 Cr2O3 FeO MnO MgO CaO Na2O K2O P2O5 H2O
500.00 1453.15 0.213726 0.514059 -2653.906030 0.065851 0.262617 cpx Na0.01Ca0.27Fe''0.35Mg1.28Fe'''0.04Ti0.00Al0.14Si1.91O6 52.7076 0.149059 3.2559 1.61056 0 11.4209 0 23.8163 6.96061 0.0790297 0 0 0
500.00 1443.15 3.732841 8.932093 -45998.261311 1.145413 4.563300 cpx Na0.01Ca0.27Fe''0.37Mg1.25Fe'''0.05Ti0.00Al0.14Si1.91O6 52.4102 0.171889 3.2442 1.71921 0 12.2757 0 23.1322 6.9614 0.0851873 0 0 0
500.00 1433.15 2.758798 6.567558 -33738.331858 0.843126 3.355874 cpx Na0.01Ca0.27Fe''0.40Mg1.22Fe'''0.05Ti0.01Al0.14Si1.90O6 52.1317 0.19256 3.22215 1.82031 0 13.13 0 22.4899 6.92268 0.0907669 0 0 0
500.00 1423.15 2.130563 5.045977 -25857.219643 0.648529 2.579080 cpx Na0.01Ca0.27Fe''0.43Mg1.20Fe'''0.05Ti0.01Al0.14Si1.90O6 51.8682 0.210739 3.18954 1.91464 0 13.9935 0 21.8753 6.8523 0.0958009 0 0 0
500.00 1413.15 1.700224 4.005968 -20475.002738 0.515467 2.048206 cpx Na0.01Ca0.27Fe''0.46Mg1.17Fe'''0.06Ti0.01Al0.14Si1.90O6 51.6169 0.226104 3.14592 2.00257 0 14.8737 0 21.2775 6.75698 0.100309 0 0 0
500.00 1403.15 1.016469 2.381655 -12130.248507 0.306790 1.217769 cpx Na0.01Ca0.27Fe''0.49Mg1.14Fe'''0.06Ti0.01Al0.13Si1.90O6 51.3477 0.22999 3.08292 2.09207 0 15.8859 0 20.5765 6.68112 0.103826 0 0 0
500.00 1393.15 0.300083 0.699052 -3548.529941 0.090177 0.357510 cpx Na0.01Ca0.26Fe''0.53Mg1.10Fe'''0.06Ti0.01Al0.13Si1.90O6 51.1427 0.213781 2.96086 2.13792 0 16.9315 0 19.8696 6.6375 0.106119 0 0 0
500.00 1383.15 0.134657 0.312009 -1581.924253 0.040336 0.159751 cpx Na0.01Ca0.26Fe''0.55Mg1.08Fe'''0.06Ti0.01Al0.12Si1.91O6 51.0725 0.192544 2.79229 2.10878 0 17.7681 0 19.3862 6.57223 0.107358 0 0 0
500.00 1373.15 0.117660 0.271239 -1374.820438 0.035148 0.139090 cpx Na0.01Ca0.26Fe''0.58Mg1.06Fe'''0.06Ti0.00Al0.12Si1.91O6 51.0324 0.176191 2.63754 2.06429 0 18.4957 0 19.0116 6.47425 0.107989 0 0 0
500.00 1363.15 0.081559 0.187082 -948.448637 0.024303 0.096102 cpx Na0.01Ca0.26Fe''0.60Mg1.05Fe'''0.06Ti0.00Al0.11Si1.92O6 51.0042 0.162425 2.49502 2.01306 0 19.1654 0 18.6917 6.36012 0.108126 0 0 0
500.00 1353.15 0.052440 0.119698 -607.161340 0.015589 0.061604 cpx Na0.01Ca0.25Fe''0.62Mg1.03Fe'''0.06Ti0.00Al0.10Si1.92O6 50.9819 0.150406 2.36284 1.95809 0 19.7958 0 18.4063 6.23681 0.107871 0 0 0
500.00 1343.15 0.030793 0.069944 -355.074194 0.009133 0.036070 cpx Na0.01Ca0.25Fe''0.64Mg1.02Fe'''0.05Ti0.00Al0.10Si1.92O6 50.9628 0.139708 2.23956 1.9009 0 20.3965 0 18.1451 6.10812 0.107302 0 0 0
500.00 1333.15 0.014894 0.033665 -171.079283 0.004408 0.017397 cpx Na0.01Ca0.24Fe''0.66Mg1.01Fe'''0.05Ti0.00Al0.09Si1.93O6 50.9455 0.130076 2.12404 1.84236 0 20.9732 0 17.902 5.97642 0.10648 0 0 0
500.00 1323.15 0.003206 0.007212 -36.696238 0.000947 0.003735 cpx Na0.01Ca0.24Fe''0.68Mg1.00Fe'''0.05Ti0.00Al0.09Si1.93O6 50.9292 0.121332 2.01539 1.78306 0 21.5294 0 17.6729 5.84327 0.105453 0 0 0

feldspar_0 thermodynamic data and composition:
Pressure Temperature mass S H V Cp formula SiO2 TiO2 Al2O3 Fe2O3 Cr2O3 FeO MnO MgO CaO Na2O K2O P2O5 H2O
500.00 1483.15 3.293463 8.083770 -45381.927037 1.234139 4.063881 K0.00Na0.21Ca0.78Al1.78Si2.22O8 48.4382 0 33.1063 0 0 0 0 0 16.0107 2.39953 0.0452036 0 0
500.00 1473.15 3.670547 8.989429 -50609.484883 1.376703 4.525926 K0.00Na0.23Ca0.77Al1.77Si2.23O8 48.8152 0 32.851 0 0 0 0 0 15.712 2.57001 0.051836 0 0
500.00 1463.15 3.399385 8.307123 -46899.191679 1.276242 4.188582 K0.00Na0.24Ca0.75Al1.75Si2.25O8 49.2123 0 32.5817 0 0 0 0 0 15.3972 2.74919 0.0595178 0 0
500.00 1453.15 4.896861 11.948152 -67588.590210 1.841497 6.030101 K0.00Na0.27Ca0.73Al1.73Si2.27O8 49.837 0 32.1578 0 0 0 0 0 14.9017 3.02982 0.0736733 0 0
500.00 1443.15 5.747582 14.005070 -79358.769172 2.165555 7.073610 K0.01Na0.30Ca0.70Al1.70Si2.30O8 50.5477 0 31.6738 0 0 0 0 0 14.3366 3.34491 0.0969166 0 0
500.00 1433.15 4.262120 10.371080 -58868.244376 1.608978 5.242702 K0.01Na0.32Ca0.67Al1.67Si2.33O8 51.2685 0 31.182 0 0 0 0 0 13.7627 3.66178 0.125019 0 0
500.00 1423.15 3.315711 8.056706 -45810.630276 1.254166 4.076187 K0.01Na0.35Ca0.64Al1.64Si2.36O8 52.0022 0 30.6802 0 0 0 0 0 13.1774 3.98093 0.159317 0 0
500.00 1413.15 2.676778 6.494752 -36993.159376 1.014524 3.288764 K0.01Na0.38Ca0.61Al1.61Si2.39O8 52.7509 0 30.1663 0 0 0 0 0 12.5788 4.30236 0.201657 0 0
500.00 1403.15 1.976151 4.786761 -27320.020508 0.750352 2.426512 K0.01Na0.40Ca0.58Al1.58Si2.42O8 53.4451 0 29.6916 0 0 0 0 0 12.0252 4.60492 0.233164 0 0
500.00 1393.15 1.612294 3.898707 -22298.844041 0.613326 1.978679 K0.01Na0.43Ca0.55Al1.55Si2.45O8 54.1509 0 29.2132 0 0 0 0 0 11.4658 4.92361 0.246419 0 0
500.00 1383.15 1.417996 3.423372 -19618.290623 0.540518 1.739341 K0.02Na0.46Ca0.52Al1.52Si2.48O8 54.9245 0 28.6874 0 0 0 0 0 10.8515 5.26895 0.26766 0 0
500.00 1373.15 1.099918 2.650637 -15222.959918 0.420062 1.348418 K0.02Na0.49Ca0.50Al1.50Si2.50O8 55.6448 0 28.1959 0 0 0 0 0 10.278 5.58558 0.295757 0 0
500.00 1363.15 0.881189 2.119226 -12200.348034 0.337106 1.079612 K0.02Na0.51Ca0.47Al1.47Si2.53O8 56.3077 0 27.7425 0 0 0 0 0 9.74919 5.87399 0.326698 0 0
500.00 1353.15 0.726783 1.744009 -10066.611077 0.278471 0.889856 K0.02Na0.53Ca0.45Al1.45Si2.55O8 56.9199 0 27.3227 0 0 0 0 0 9.26001 6.13783 0.359577 0 0
500.00 1343.15 0.612593 1.466488 -8488.569162 0.235055 0.749527 K0.02Na0.55Ca0.42Al1.42Si2.58O8 57.4884 0 26.932 0 0 0 0 0 8.80504 6.38045 0.394118 0 0
500.00 1333.15 0.525004 1.253625 -7278.087559 0.201713 0.641895 K0.02Na0.57Ca0.40Al1.40Si2.60O8 58.0191 0 26.5664 0 0 0 0 0 8.37959 6.60465 0.430252 0 0
500.00 1323.15 0.455912 1.085740 -6323.146987 0.175382 0.557000 K0.03Na0.59Ca0.38Al1.38Si2.62O8 58.5171 0 26.2225 0 0 0 0 0 7.97967 6.81275 0.468009 0 0
500.00 1313.15 0.401751 0.954083 -5574.593135 0.154723 0.490445 K0.03Na0.61Ca0.36Al1.36Si2.64O8 58.9833 0 25.8996 0 0 0 0 0 7.60447 7.00525 0.50736 0 0
500.00 1303.15 0.357870 0.847394 -4968.106282 0.137968 0.436522 K0.03Na0.62Ca0.35Al1.35Si2.65O8 59.4194 0 25.5966 0 0 0 0 0 7.25277 7.18287 0.548291 0 0
500.00 1293.15 0.320595 0.756829 -4452.818133 0.123718 0.390725 K0.03Na0.64Ca0.33Al1.33Si2.67O8 59.8294 0 25.3109 0 0 0 0 0 6.92143 7.34737 0.590905 0 0
500.00 1283.15 0.310898 0.731555 -4320.460103 0.120071 0.381707 K0.04Na0.65Ca0.32Al1.32Si2.68O8 60.1777 0 25.067 0 0 0 0 0 6.63887 7.48415 0.632257 0 0
500.00 1273.15 0.289990 0.680047 -4032.146915 0.112073 0.355783 K0.04Na0.66Ca0.30Al1.30Si2.70O8 60.4904 0 24.8469 0 0 0 0 0 6.38432 7.60387 0.674528 0 0
500.00 1263.15 0.258890 0.605006 -3601.729037 0.100118 0.317393 K0.04Na0.67Ca0.29Al1.29Si2.71O8 60.7872 0 24.6372 0 0 0 0 0 6.14209 7.71547 0.718085 0 0
500.00 1253.15 0.232553 0.541527 -3237.144083 0.089987 0.284889 K0.04Na0.67Ca0.28Al1.28Si2.72O8 61.0699 0 24.4366 0 0 0 0 0 5.91065 7.81963 0.763232 0 0
500.00 1243.15 0.209846 0.486875 -2922.708489 0.081247 0.256873 K0.05Na0.68Ca0.27Al1.27Si2.73O8 61.3401 0 24.244 0 0 0 0 0 5.68871 7.91698 0.810162 0 0
500.00 1233.15 0.190129 0.439492 -2649.587690 0.073654 0.232555 K0.05Na0.69Ca0.26Al1.26Si2.74O8 61.5993 0 24.0585 0 0 0 0 0 5.47513 8.00802 0.859108 0 0
500.00 1223.15 0.172897 0.398146 -2410.792897 0.067013 0.211309 K0.05Na0.70Ca0.25Al1.25Si2.75O8 61.8487 0 23.8789 0 0 0 0 0 5.26882 8.09319 0.910344 0 0
500.00 1213.15 0.157745 0.361851 -2200.734877 0.061171 0.192635 K0.05Na0.70Ca0.24Al1.24Si2.76O8 62.0895 0 23.7046 0 0 0 0 0 5.0688 8.17285 0.964201 0 0
500.00 1203.15 0.149803 0.342273 -2091.066717 0.058118 0.182782 K0.06Na0.71Ca0.23Al1.23Si2.77O8 62.3106 0 23.542 0 0 0 0 0 4.88309 8.23924 1.02505 0 0
500.00 1193.15 0.137291 0.312423 -1917.438611 0.053288 0.167375 K0.06Na0.71Ca0.22Al1.22Si2.78O8 62.5257 0 23.3824 0 0 0 0 0 4.70124 8.30018 1.09045 0 0
500.00 1183.15 0.125395 0.284183 -1752.195130 0.048693 0.152744 K0.07Na0.72Ca0.22Al1.22Si2.78O8 62.7371 0 23.2243 0 0 0 0 0 4.52143 8.35667 1.16052 0 0
500.00 1173.15 0.114886 0.259283 -1606.152882 0.044633 0.139827 K0.07Na0.72Ca0.21Al1.21Si2.79O8 62.9456 0 23.0668 0 0 0 0 0 4.34286 8.40853 1.23617 0 0
500.00 1163.15 0.105614 0.237349 -1477.224868 0.041050 0.128436 K0.07Na0.73Ca0.20Al1.20Si2.80O8 63.1521 0 22.9091 0 0 0 0 0 4.16458 8.4553 1.31886 0 0

spinel_0 thermodynamic data and composition:
Pressure Temperature mass S H V Cp formula SiO2 TiO2 Al2O3 Fe2O3 Cr2O3 FeO MnO MgO CaO Na2O K2O P2O5 H2O
500.00 1403.15 1.473337 3.135194 -8284.347594 0.317872 1.387241 Fe''1.00Mg0.29Fe'''1.15Al0.22Cr0.04Ti0.30O4 0 11.0719 5.25481 43.0066 1.38519 33.7396 0 5.54188 0 0 0 0 0
500.00 1393.15 2.523635 5.324795 -13811.613449 0.540853 2.361140 Fe''1.06Mg0.26Fe'''1.18Al0.19Cr0.00Ti0.31O4 0 11.685 4.50127 43.7325 0.0081377 35.2271 0 4.84612 0 0 0 0 0
500.00 1383.15 1.574612 3.301799 -8473.567388 0.335710 1.465822 Fe''1.08Mg0.24Fe'''1.20Al0.17Cr0.00Ti0.32O4 0 11.6472 4.07485 44.0599 0 35.8443 0 4.37373 0 0 0 0 0
500.00 1373.15 0.815250 1.700176 -4334.729475 0.173125 0.755979 Fe''1.10Mg0.22Fe'''1.20Al0.16Cr0.00Ti0.32O4 0 11.6921 3.72978 44.1905 0 36.3629 0 4.02466 0 0 0 0 0
500.00 1363.15 0.518237 1.075274 -2729.773367 0.109691 0.479002 Fe''1.12Mg0.20Fe'''1.21Al0.15Cr0.00Ti0.32O4 0 11.7637 3.43906 44.2417 0 36.8135 0 3.74206 0 0 0 0 0
500.00 1353.15 0.363175 0.749893 -1898.510728 0.076654 0.334738 Fe''1.13Mg0.19Fe'''1.21Al0.14Cr0.00Ti0.32O4 0 11.8463 3.18792 44.2487 0 37.2136 0 3.50346 0 0 0 0 0
500.00 1343.15 0.269890 0.554670 -1402.012594 0.056823 0.248138 Fe''1.15Mg0.18Fe'''1.22Al0.13Cr0.00Ti0.33O4 0 11.9346 2.96708 44.2265 0 37.575 0 3.29689 0 0 0 0 0
500.00 1333.15 0.208715 0.426993 -1078.531604 0.043846 0.191464 Fe''1.16Mg0.17Fe'''1.22Al0.12Cr0.00Ti0.33O4 0 12.0266 2.7702 44.1822 0 37.9061 0 3.11496 0 0 0 0 0
500.00 1323.15 0.166172 0.338443 -854.894433 0.034839 0.152126 Fe''1.17Mg0.16Fe'''1.22Al0.11Cr0.00Ti0.33O4 0 12.1215 2.59279 44.1198 0 38.2131 0 2.95269 0 0 0 0 0
500.00 1313.15 0.134694 0.273125 -690.326423 0.028187 0.123074 Fe''1.18Mg0.15Fe'''1.22Al0.11Cr0.00Ti0.34O4 0 12.221 2.43038 44.0388 0 38.5055 0 2.80436 0 0 0 0 0
500.00 1303.15 0.110673 0.223438 -565.357571 0.023120 0.100943 Fe''1.20Mg0.15Fe'''1.22Al0.10Cr0.00Ti0.34O4 0 12.3263 2.28001 43.9377 0 38.7898 0 2.66617 0 0 0 0 0
500.00 1293.15 0.092231 0.185400 -469.826431 0.019237 0.083980 Fe''1.21Mg0.14Fe'''1.22Al0.09Cr0.00Ti0.35O4 0 12.4377 2.14032 43.8172 0 39.0679 0 2.53687 0 0 0 0 0
500.00 1283.15 0.068098 0.136303 -346.137010 0.014181 0.061897 Fe''1.22Mg0.13Fe'''1.21Al0.09Cr0.00Ti0.35O4 0 12.647 1.99426 43.5091 0 39.4532 0 2.39645 0 0 0 0 0
500.00 1273.15 0.051927 0.103499 -263.597101 0.010798 0.047117 Fe''1.24Mg0.12Fe'''1.20Al0.08Cr0.00Ti0.36O4 0 12.94 1.84928 43.0382 0 39.9165 0 2.25598 0 0 0 0 0
500.00 1263.15 0.042561 0.084479 -215.890175 0.008839 0.038555 Fe''1.25Mg0.12Fe'''1.19Al0.07Cr0.00Ti0.37O4 0 13.2443 1.71587 42.5365 0 40.3794 0 2.12391 0 0 0 0 0
500.00 1253.15 0.035085 0.069353 -177.925013 0.007278 0.031733 Fe''1.27Mg0.11Fe'''1.17Al0.07Cr0.00Ti0.38O4 0 13.5621 1.59242 42.0009 0 40.8455 0 1.99904 0 0 0 0 0
500.00 1243.15 0.029035 0.057156 -147.270166 0.006016 0.026220 Fe''1.28Mg0.10Fe'''1.16Al0.06Cr0.00Ti0.39O4 0 13.8926 1.47791 41.4335 0 41.3156 0 1.88041 0 0 0 0 0
500.00 1233.15 0.024086 0.047221 -122.246096 0.004986 0.021719 Fe''1.30Mg0.10Fe'''1.14Al0.06Cr0.00Ti0.40O4 0 14.2355 1.37148 40.8358 0 41.79 0 1.76721 0 0 0 0 0
500.00 1223.15 0.020000 0.039050 -101.609061 0.004136 0.018009 Fe''1.32Mg0.09Fe'''1.13Al0.06Cr0.00Ti0.41O4 0 14.5902 1.27239 40.2092 0 42.2695 0 1.65879 0 0 0 0 0
500.00 1213.15 0.016596 0.032270 -84.425352 0.003429 0.014922 Fe''1.33Mg0.09Fe'''1.11Al0.05Cr0.00Ti0.42O4 0 14.9564 1.18003 39.5548 0 42.7543 0 1.55459 0 0 0 0 0

olivine_0 thermodynamic data and composition:
Pressure Temperature mass S H V Cp formula SiO2 TiO2 Al2O3 Fe2O3 Cr2O3 FeO MnO MgO CaO Na2O K2O P2O5 H2O
500.00 1453.15 0.328649 0.790060 -3956.522393 0.099430 0.404481 (Ca0.01Mg0.81Fe''0.19Mn0.01Co0.00Ni0.00)2SiO4 39.2573 0 0 0 0 17.5941 0.522349 42.1795 0.446803 0 0 0 0
500.00 1283.15 0.040529 0.086307 -355.821498 0.010612 0.042323 (Ca0.01Mg0.35Fe''0.48Mn0.17Co0.00Ni0.00)2SiO4 33.0987 0 0 0 0 38.0084 13.1602 15.282 0.450635 0 0 0 0
500.00 1273.15 0.057293 0.121145 -495.868316 0.014909 0.059375 (Ca0.01Mg0.33Fe''0.49Mn0.18Co0.00Ni0.00)2SiO4 32.848 0 0 0 0 38.5467 13.9704 14.1814 0.453489 0 0 0 0
500.00 1263.15 0.050842 0.106753 -434.149389 0.013153 0.052307 (Ca0.01Mg0.31Fe''0.50Mn0.19Co0.00Ni0.00)2SiO4 32.613 0 0 0 0 39.0239 14.7584 13.149 0.455687 0 0 0 0
500.00 1253.15 0.045507 0.094893 -383.696505 0.011708 0.046494 (Ca0.01Mg0.29Fe''0.51Mn0.20Co0.00Ni0.00)2SiO4 32.3919 0 0 0 0 39.444 15.5289 12.1778 0.457366 0 0 0 0
500.00 1243.15 0.040908 0.084720 -340.811024 0.010470 0.041518 (Ca0.01Mg0.27Fe''0.52Mn0.21Co0.00Ni0.00)2SiO4 32.1838 0 0 0 0 39.8109 16.2838 11.2629 0.458593 0 0 0 0
500.00 1233.15 0.036937 0.075977 -304.264124 0.009407 0.037248 (Ca0.01Mg0.25Fe''0.52Mn0.23Co0.00Ni0.00)2SiO4 31.9876 0 0 0 0 40.1282 17.0243 10.4005 0.459428 0 0 0 0
500.00 1223.15 0.033498 0.068441 -273.013976 0.008491 0.033574 (Ca0.01Mg0.23Fe''0.53Mn0.24Co0.00Ni0.00)2SiO4 31.8026 0 0 0 0 40.3991 17.7518 9.58653 0.459923 0 0 0 0
500.00 1213.15 0.030511 0.061924 -246.186937 0.007700 0.030401 (Ca0.01Mg0.22Fe''0.54Mn0.25Co0.00Ni0.00)2SiO4 31.6279 0 0 0 0 40.6269 18.4673 8.81776 0.460122 0 0 0 0
500.00 1203.15 0.032146 0.064786 -256.495963 0.008073 0.031833 (Ca0.01Mg0.20Fe''0.55Mn0.26Co0.00Ni0.00)2SiO4 31.4424 0 0 0 0 41.0147 19.0781 8.00317 0.461584 0 0 0 0
500.00 1193.15 0.026795 0.053637 -211.732589 0.006701 0.026383 (Ca0.01Mg0.18Fe''0.55Mn0.27Co0.00Ni0.00)2SiO4 31.2764 0 0 0 0 41.2377 19.7505 7.27231 0.463059 0 0 0 0
500.00 1183.15 0.023752 0.047230 -186.048059 0.005916 0.023261 (Ca0.01Mg0.17Fe''0.56Mn0.28Co0.00Ni0.00)2SiO4 31.1237 0 0 0 0 41.3802 20.4329 6.59899 0.464266 0 0 0 0
500.00 1173.15 0.021084 0.041651 -163.847679 0.005233 0.020543 (Ca0.01Mg0.15Fe''0.56Mn0.29Co0.00Ni0.00)2SiO4 30.9831 0 0 0 0 41.4443 21.1296 5.97772 0.465288 0 0 0 0
500.00 1163.15 0.018798 0.036895 -145.046620 0.004650 0.018226 (Ca0.01Mg0.14Fe''0.56Mn0.30Co0.00Ni0.00)2SiO4 30.8533 0 0 0 0 41.4283 21.8488 5.40326 0.46626 0 0 0 0

clinopyroxene_0 thermodynamic data and composition:
Pressure Temperature mass S H V Cp structure formula SiO2 TiO2 Al2O3 Fe2O3 Cr2O3 FeO MnO MgO CaO Na2O K2O P2O5 H2O
500.00 1453.15 4.412001 10.402795 -55879.734099 1.363667 5.280418 cpx Na0.01Ca0.68Fe''0.21Mg0.97Fe'''0.06Ti0.01Al0.18Si1.88O6 51.2978 0.305904 4.05926 2.12605 0 7.00454 0 17.8269 17.2109 0.168762 0 0 0
500.00 1443.15 2.849287 6.687131 -35908.658961 0.877896 3.396283 cpx Na0.01Ca0.68Fe''0.23Mg0.95Fe'''0.06Ti0.01Al0.18Si1.88O6 51.0075 0.370611 4.07698 2.2957 0 7.49201 0 17.323 17.25 0.184214 0 0 0
500.00 1433.15 1.981970 4.629634 -24858.452405 0.608787 2.352785 cpx Na0.01Ca0.68Fe''0.25Mg0.93Fe'''0.07Ti0.01Al0.18Si1.87O6 50.7208 0.438344 4.08975 2.46366 0 7.95356 0 16.816 17.3178 0.200052 0 0 0
500.00 1423.15 1.442742 3.353864 -18010.191115 0.441809 1.705581 cpx Na0.02Ca0.69Fe''0.26Mg0.90Fe'''0.07Ti0.01Al0.18Si1.87O6 50.4373 0.508949 4.09622 2.63113 0 8.39759 0 16.3067 17.4057 0.216373 0 0 0
500.00 1413.15 1.087334 2.515313 -13510.094779 0.331968 1.280049 cpx Na0.02Ca0.70Fe''0.27Mg0.87Fe'''0.08Ti0.02Al0.18Si1.86O6 50.1574 0.581953 4.09457 2.79855 0 8.83165 0 15.796 17.5066 0.233221 0 0 0
500.00 1403.15 2.631845 6.057585 -32518.682634 0.800916 3.084541 cpx Na0.02Ca0.70Fe''0.29Mg0.85Fe'''0.08Ti0.02Al0.18Si1.86O6 49.9022 0.629378 4.05247 2.9626 0 9.37596 0 15.2604 17.5693 0.247792 0 0 0
500.00 1393.15 3.545327 8.119348 -43565.236497 1.075843 4.138478 cpx Na0.02Ca0.70Fe''0.31Mg0.83Fe'''0.09Ti0.02Al0.17Si1.86O6 49.8004 0.613346 3.90421 3.04604 0 10.0038 0 14.8066 17.5677 0.257949 0 0 0
500.00 1383.15 2.041646 4.653428 -25003.370849 0.618417 2.376279 cpx Na0.02Ca0.71Fe''0.33Mg0.81Fe'''0.09Ti0.02Al0.16Si1.87O6 49.8494 0.575662 3.6967 3.02371 0 10.4924 0 14.5167 17.5794 0.266102 0 0 0
500.00 1373.15 1.056149 2.395923 -12903.754416 0.319431 1.226089 cpx Na0.02Ca0.71Fe''0.34Mg0.80Fe'''0.08Ti0.02Al0.16Si1.87O6 49.9006 0.551169 3.51652 2.98781 0 10.8736 0 14.2692 17.6266 0.274437 0 0 0
500.00 1363.15 0.678426 1.531848 -8273.832904 0.204919 0.785707 cpx Na0.02Ca0.71Fe''0.35Mg0.79Fe'''0.08Ti0.02Al0.15Si1.88O6 49.9511 0.532922 3.35517 2.94565 0 11.1958 0 14.0454 17.6913 0.282581 0 0 0
500.00 1353.15 0.485608 1.091363 -5913.829115 0.146504 0.561129 cpx Na0.02Ca0.72Fe''0.36Mg0.78Fe'''0.08Ti0.01Al0.14Si1.88O6 50.0006 0.518495 3.2081 2.89962 0 11.4776 0 13.8387 17.7664 0.290485 0 0 0
500.00 1343.15 0.371877 0.831868 -4523.631160 0.112069 0.428787 cpx Na0.02Ca0.72Fe''0.37Mg0.77Fe'''0.08Ti0.01Al0.14Si1.89O6 50.049 0.506741 3.0725 2.85092 0 11.7288 0 13.6457 17.8481 0.298164 0 0 0
500.00 1333.15 0.298370 0.664322 -3626.166345 0.089825 0.343320 cpx Na0.02Ca0.73Fe''0.38Mg0.76Fe'''0.08Ti0.01Al0.13Si1.89O6 50.0967 0.497012 2.94646 2.80024 0 11.9556 0 13.4644 17.934 0.305647 0 0 0
500.00 1323.15 0.247665 0.548850 -3007.781950 0.074488 0.284408 cpx Na0.02Ca0.73Fe''0.38Mg0.75Fe'''0.08Ti0.01Al0.13Si1.90O6 50.1437 0.4889 2.82857 2.74808 0 12.1619 0 13.2934 18.0226 0.312963 0 0 0
500.00 1313.15 0.205923 0.454182 -2499.625920 0.061878 0.236001 cpx Na0.02Ca0.74Fe''0.39Mg0.74Fe'''0.08Ti0.01Al0.12Si1.90O6 50.1832 0.484284 2.72108 2.69998 0 12.3348 0 13.1167 18.1394 0.320635 0 0 0
500.00 1303.15 0.171403 0.376213 -2080.014664 0.051461 0.196034 cpx Na0.02Ca0.74Fe''0.40Mg0.73Fe'''0.08Ti0.01Al0.12Si1.90O6 50.2118 0.484036 2.62463 2.65891 0 12.4713 0 12.9265 18.2938 0.328949 0 0 0
500.00 1293.15 0.145513 0.317816 -1765.580065 0.043652 0.166076 cpx Na0.02Ca0.75Fe''0.40Mg0.72Fe'''0.07Ti0.01Al0.11Si1.90O6 50.2321 0.487101 2.53698 2.62295 0 12.5841 0 12.7289 18.4701 0.337719 0 0 0
500.00 1283.15 0.097693 0.212197 -1185.512363 0.029281 0.111182 cpx Na0.03Ca0.77Fe''0.40Mg0.70Fe'''0.08Ti0.01Al0.11Si1.90O6 50.1733 0.5168 2.48711 2.63963 0 12.5773 0 12.3901 18.8647 0.351003 0 0 0
500.00 1273.15 0.074981 0.161938 -909.700730 0.022449 0.085065 cpx Na0.03Ca0.79Fe''0.40Mg0.68Fe'''0.08Ti0.02Al0.11Si1.90O6 50.0735 0.560361 2.45399 2.67814 0 12.5817 0 12.0052 19.2816 0.365558 0 0 0
500.00 1263.15 0.065462 0.140585 -793.687093 0.019574 0.074034 cpx Na0.03Ca0.80Fe''0.40Mg0.66Fe'''0.08Ti0.02Al0.11Si1.90O6 49.9684 0.605226 2.42315 2.71543 0 12.6461 0 11.6397 19.6224 0.379574 0 0 0
500.00 1253.15 0.057938 0.123730 -701.738053 0.017300 0.065320 cpx Na0.03Ca0.81Fe''0.41Mg0.64Fe'''0.08Ti0.02Al0.11Si1.90O6 49.8539 0.653067 2.39625 2.75459 0 12.7571 0 11.2824 19.9092 0.393526 0 0 0
500.00 1243.15 0.051699 0.109789 -625.299327 0.015413 0.058102 cpx Na0.03Ca0.83Fe''0.41Mg0.62Fe'''0.08Ti0.02Al0.11Si1.90O6 49.727 0.70503 2.3742 2.79772 0 12.9089 0 10.9258 20.1536 0.407719 0 0 0
500.00 1233.15 0.046451 0.098089 -560.827046 0.013824 0.052034 cpx Na0.03Ca0.84Fe''0.42Mg0.60Fe'''0.08Ti0.02Al0.11Si1.90O6 49.5851 0.762214 2.35771 2.84662 0 13.0989 0 10.5643 20.3627 0.422396 0 0 0
500.00 1223.15 0.041983 0.088154 -505.796333 0.012471 0.046871 cpx Na0.03Ca0.84Fe''0.43Mg0.58Fe'''0.08Ti0.02Al0.11Si1.90O6 49.4251 0.825795 2.3474 2.903 0 13.3267 0 10.1931 20.5411 0.43777 0 0 0
500.00 1213.15 0.038147 0.079640 -458.389291 0.011307 0.042439 cpx Na0.03Ca0.85Fe''0.44Mg0.56Fe'''0.09Ti0.03Al0.11Si1.89O6 49.244 0.897113 2.34394 2.96861 0 13.5926 0 9.80773 20.692 0.454041 0 0 0
500.00 1203.15 0.037056 0.076900 -443.355349 0.010955 0.041055 cpx Na0.04Ca0.86Fe''0.45Mg0.54Fe'''0.09Ti0.03Al0.11Si1.89O6 49.0568 0.927451 2.32264 3.05604 0 14.0425 0 9.33813 20.7877 0.468705 0 0 0
500.00 1193.15 0.033886 0.069903 -403.803814 0.009994 0.037396 cpx Na0.04Ca0.87Fe''0.47Mg0.51Fe'''0.09Ti0.03Al0.10Si1.89O6 48.9029 0.944485 2.29129 3.12302 0 14.4813 0 8.90001 20.8749 0.48202 0 0 0
500.00 1183.15 0.030644 0.062833 -363.617059 0.009014 0.033682 cpx Na0.04Ca0.87Fe''0.49Mg0.49Fe'''0.09Ti0.03Al0.10Si1.89O6 48.7424 0.963533 2.26174 3.19171 0 14.9426 0 8.45667 20.9455 0.495761 0 0 0
500.00 1173.15 0.027787 0.056628 -328.244363 0.008153 0.030418 cpx Na0.04Ca0.88Fe''0.50Mg0.46Fe'''0.10Ti0.03Al0.10Si1.89O6 48.5755 0.984671 2.23382 3.26199 0 15.4251 0 8.0078 21.0012 0.509933 0 0 0
500.00 1163.15 0.025299 0.051238 -297.452885 0.007402 0.027580 cpx Na0.04Ca0.88Fe''0.52Mg0.44Fe'''0.10Ti0.03Al0.10Si1.89O6 48.4027 1.00805 2.20736 3.33325 0 15.9264 0 7.55383 21.044 0.524503 0 0 0

rhm-oxide_0 thermodynamic data and composition:
Pressure Temperature mass S H V Cp formula SiO2 TiO2 Al2O3 Fe2O3 Cr2O3 FeO MnO MgO CaO Na2O K2O P2O5 H2O
500.00 1203.15 0.016131 0.030713 -115.496356 0.003450 0.014759 Mn0.08Fe''0.74Mg0.05Fe'''0.26Ti0.87O3 0 46.0329 0 13.5797 0 35.3883 3.77518 1.22394 0 0 0 0 0
500.00 1193.15 0.017370 0.032920 -124.478752 0.003713 0.015871 Mn0.08Fe''0.75Mg0.04Fe'''0.25Ti0.87O3 0 46.1528 0 13.273 0 35.5683 3.88462 1.12122 0 0 0 0 0
500.00 1183.15 0.015371 0.028996 -110.274092 0.003283 0.014023 Mn0.09Fe''0.75Mg0.04Fe'''0.25Ti0.88O3 0 46.2877 0 12.9441 0 35.742 3.99997 1.02626 0 0 0 0 0
500.00 1173.15 0.013669 0.025665 -98.201519 0.002918 0.012452 Mn0.09Fe''0.76Mg0.04Fe'''0.24Ti0.88O3 0 46.4357 0 12.5954 0 35.9085 4.12229 0.938072 0 0 0 0 0
500.00 1163.15 0.012236 0.022865 -88.041391 0.002610 0.011128 Mn0.09Fe''0.76Mg0.03Fe'''0.23Ti0.88O3 0 46.5963 0 12.2277 0 36.0662 4.25386 0.855853 0 0 0 0 0

Title: Mk

Phase Masses:
Pressure Temperature mass liquid_0 olivine_0 clinopyroxene_0 clinopyroxene_1 feldspar_0 spinel_0 rhm-oxide_0 whitlockite 
500.00 1523.15 98.152314 98.152314 0.000000 0.000000 0.000000 0.000000 0.000000 0.000000 0.000000 
500.00 1513.15 98.152945 98.152945 0.000000 0.000000 0.000000 0.000000 0.000000 0.000000 0.000000 
500.00 1503.15 98.153614 98.153614 0.000000 0.000000 0.000000 0.000000 0.000000 0.000000 0.000000 
500.00 1493.15 98.154324 98.154324 0.000000 0.000000 0.000000 0.000000 0.000000 0.000000 0.000000 
500.00 1483.15 98.154212 94.860750 0.000000 0.000000 0.000000 3.293463 0.000000 0.000000 0.000000 
500.00 1473.15 94.861488 91.190942 0.000000 0.000000 0.000000 3.670547 0.000000 0.000000 0.000000 
500.00 1463.15 91.191703 87.792319 0.000000 0.000000 0.000000 3.399385 0.000000 0.000000 0.000000 
500.00 1453.15 87.789437 77.938200 0.328649 4.412001 0.213726 4.896861 0.000000 0.000000 0.000000 
500.00 1443.15 77.935971 65.606261 0.000000 2.849287 3.732841 5.747582 0.000000 0.000000 0.000000 
500.00 1433.15 65.604198 56.601309 0.000000 1.981970 2.758798 4.262120 0.000000 0.000000 0.000000 
500.00 1423.15 56.600023 49.711007 0.000000 1.442742 2.130563 3.315711 0.000000 0.000000 0.000000 
500.00 1413.15 49.710259 44.245924 0.000000 1.087334 1.700224 2.676778 0.000000 0.000000 0.000000 
500.00 1403.15 44.293486 37.195683 0.000000 2.631845 1.016469 1.976151 1.473337 0.000000 0.000000 
500.00 1393.15 37.278712 29.297373 0.000000 3.545327 0.300083 1.612294 2.523635 0.000000 0.000000 
500.00 1383.15 29.349324 24.180414 0.000000 2.041646 0.134657 1.417996 1.574612 0.000000 0.000000 
500.00 1373.15 24.208304 21.119327 0.000000 1.056149 0.117660 1.099918 0.815250 0.000000 0.000000 
500.00 1363.15 21.138028 18.978618 0.000000 0.678426 0.081559 0.881189 0.518237 0.000000 0.000000 
500.00 1353.15 18.992623 17.364617 0.000000 0.485608 0.052440 0.726783 0.363175 0.000000 0.000000 
500.00 1343.15 17.375856 16.090704 0.000000 0.371877 0.030793 0.612593 0.269890 0.000000 0.000000 
500.00 1333.15 16.100165 15.053182 0.000000 0.298370 0.014894 0.525004 0.208715 0.000000 0.000000 
500.00 1323.15 15.061432 14.188477 0.000000 0.247665 0.003206 0.455912 0.166172 0.000000 0.000000 
500.00 1313.15 14.195835 13.453466 0.000000 0.205923 0.000000 0.401751 0.134694 0.000000 0.000000 
500.00 1303.15 13.459149 12.819203 0.000000 0.171403 0.000000 0.357870 0.110673 0.000000 0.000000 
500.00 1293.15 12.824376 12.266038 0.000000 0.145513 0.000000 0.320595 0.092231 0.000000 0.000000 
500.00 1283.15 12.270243 11.753025 0.040529 0.097693 0.000000 0.310898 0.068098 0.000000 0.000000 
500.00 1273.15 11.757634 11.271668 0.057293 0.074981 0.000000 0.289990 0.051927 0.000000 0.011775 
500.00 1263.15 11.277080 10.850116 0.050842 0.065462 0.000000 0.258890 0.042561 0.000000 0.009210 
500.00 1253.15 10.855375 10.476637 0.045507 0.057938 0.000000 0.232553 0.035085 0.000000 0.007655 
500.00 1243.15 10.481779 10.143999 0.040908 0.051699 0.000000 0.209846 0.029035 0.000000 0.006293 
500.00 1233.15 10.149052 9.846372 0.036937 0.046451 0.000000 0.190129 0.024086 0.000000 0.005077 
500.00 1223.15 9.851358 9.579009 0.033498 0.041983 0.000000 0.172897 0.020000 0.000000 0.003970 
500.00 1213.15 9.583942 9.337999 0.030511 0.038147 0.000000 0.157745 0.016596 0.000000 0.002944 
500.00 1203.15 9.342608 9.103867 0.032146 0.037056 0.000000 0.149803 0.000000 0.016131 0.003605 
500.00 1193.15 9.108539 8.890556 0.026795 0.033886 0.000000 0.137291 0.000000 0.017370 0.002640 
500.00 1183.15 8.895252 8.698549 0.023752 0.030644 0.000000 0.125395 0.000000 0.015371 0.001540 
500.00 1173.15 8.703268 8.525361 0.021084 0.027787 0.000000 0.114886 0.000000 0.013669 0.000480 
500.00 1163.15 8.529578 8.367632 0.018798 0.025299 0.000000 0.105614 0.000000 0.012236 0.000000 

Title: Mk

Phase Volumes:
Pressure Temperature mass V liquid_0 olivine_0 clinopyroxene_0 clinopyroxene_1 feldspar_0 spinel_0 rhm-oxide_0 whitlockite 
500.00 1523.15 98.152314 36.251277 36.251277 0.000000 0.000000 0.000000 0.000000 0.000000 0.000000 0.000000 
500.00 1513.15 98.152945 36.228005 36.228005 0.000000 0.000000 0.000000 0.000000 0.000000 0.000000 0.000000 
500.00 1503.15 98.153614 36.204765 36.204765 0.000000 0.000000 0.000000 0.000000 0.000000 0.000000 0.000000 
500.00 1493.15 98.154324 36.181558 36.181558 0.000000 0.000000 0.000000 0.000000 0.000000 0.000000 0.000000 
500.00 1483.15 98.154212 36.103785 34.869646 0.000000 0.000000 0.000000 1.234139 0.000000 0.000000 0.000000 
500.00 1473.15 94.861488 34.786089 33.409386 0.000000 0.000000 0.000000 1.376703 0.000000 0.000000 0.000000 
500.00 1463.15 91.191703 33.330505 32.054263 0.000000 0.000000 0.000000 1.276242 0.000000 0.000000 0.000000 
500.00 1453.15 87.789437 31.704367 28.333923 0.099430 1.363667 0.065851 1.841497 0.000000 0.000000 0.000000 
500.00 1443.15 77.935971 27.887091 23.698227 0.000000 0.877896 1.145413 2.165555 0.000000 0.000000 0.000000 
500.00 1433.15 65.604198 23.371037 20.310145 0.000000 0.608787 0.843126 1.608978 0.000000 0.000000 0.000000 
500.00 1423.15 56.600023 20.059318 17.714813 0.000000 0.441809 0.648529 1.254166 0.000000 0.000000 0.000000 
500.00 1413.15 49.710259 17.515547 15.653587 0.000000 0.331968 0.515467 1.014524 0.000000 0.000000 0.000000 
500.00 1403.15 44.293486 15.439631 13.263700 0.000000 0.800916 0.306790 0.750352 0.317872 0.000000 0.000000 
500.00 1393.15 37.278712 13.061360 10.741161 0.000000 1.075843 0.090177 0.613326 0.540853 0.000000 0.000000 
500.00 1383.15 29.349324 10.616410 9.081430 0.000000 0.618417 0.040336 0.540518 0.335710 0.000000 0.000000 
500.00 1373.15 24.208304 9.005545 8.057779 0.000000 0.319431 0.035148 0.420062 0.173125 0.000000 0.000000 
500.00 1363.15 21.138028 8.004210 7.328191 0.000000 0.204919 0.024303 0.337106 0.109691 0.000000 0.000000 
500.00 1353.15 18.992623 7.287513 6.770295 0.000000 0.146504 0.015589 0.278471 0.076654 0.000000 0.000000 
500.00 1343.15 17.375856 6.737988 6.324908 0.000000 0.112069 0.009133 0.235055 0.056823 0.000000 0.000000 
500.00 1333.15 16.100165 6.298449 5.958657 0.000000 0.089825 0.004408 0.201713 0.043846 0.000000 0.000000 
500.00 1323.15 15.061432 5.936493 5.650837 0.000000 0.074488 0.000947 0.175382 0.034839 0.000000 0.000000 
500.00 1313.15 14.195835 5.631900 5.387112 0.000000 0.061878 0.000000 0.154723 0.028187 0.000000 0.000000 
500.00 1303.15 13.459149 5.370390 5.157840 0.000000 0.051461 0.000000 0.137968 0.023120 0.000000 0.000000 
500.00 1293.15 12.824376 5.143152 4.956545 0.000000 0.043652 0.000000 0.123718 0.019237 0.000000 0.000000 
500.00 1283.15 12.270243 4.943224 4.769079 0.010612 0.029281 0.000000 0.120071 0.014181 0.000000 0.000000 
500.00 1273.15 11.757634 4.756736 4.592801 0.014909 0.022449 0.000000 0.112073 0.010798 0.000000 0.003706 
500.00 1263.15 11.277080 4.582227 4.437645 0.013153 0.019574 0.000000 0.100118 0.008839 0.000000 0.002899 
500.00 1253.15 10.855375 4.428236 4.299555 0.011708 0.017300 0.000000 0.089987 0.007278 0.000000 0.002409 
500.00 1243.15 10.481779 4.291151 4.176024 0.010470 0.015413 0.000000 0.081247 0.006016 0.000000 0.001981 
500.00 1233.15 10.149052 4.168493 4.065025 0.009407 0.013824 0.000000 0.073654 0.004986 0.000000 0.001598 
500.00 1223.15 9.851358 4.058257 3.964896 0.008491 0.012471 0.000000 0.067013 0.004136 0.000000 0.001250 
500.00 1213.15 9.583942 3.958801 3.874267 0.007700 0.011307 0.000000 0.061171 0.003429 0.000000 0.000926 
500.00 1203.15 9.342608 3.868205 3.786474 0.008073 0.010955 0.000000 0.058118 0.000000 0.003450 0.001135 
500.00 1193.15 9.108539 3.781105 3.706579 0.006701 0.009994 0.000000 0.053288 0.000000 0.003713 0.000831 
500.00 1183.15 8.895252 3.701819 3.634427 0.005916 0.009014 0.000000 0.048693 0.000000 0.003283 0.000485 
500.00 1173.15 8.703268 3.630208 3.569121 0.005233 0.008153 0.000000 0.044633 0.000000 0.002918 0.000151 
500.00 1163.15 8.529578 3.565182 3.509469 0.004650 0.007402 0.000000 0.041050 0.000000 0.002610 0.000000 

Title: Mk

Solid Composition:
Pressure Temperature mass SiO2 TiO2 Al2O3 Fe2O3 Cr2O3 FeO MnO MgO CaO Na2O K2O P2O5 H2O 
500.00 1523.15 0.000000 ---
500.00 1513.15 0.000000 ---
500.00 1503.15 0.000000 ---
500.00 1493.15 0.000000 ---
500.00 1483.15 3.293463 48.4382 0 33.1063 0 0 0 0 0 16.0107 2.39953 0.0452036 0 0
500.00 1473.15 3.670547 48.8152 0 32.851 0 0 0 0 0 15.712 2.57001 0.051836 0 0
500.00 1463.15 3.399385 49.2123 0 32.5817 0 0 0 0 0 15.3972 2.74919 0.0595178 0 0
500.00 1453.15 9.851237 50.2005 0.140237 17.8736 0.987119 0 3.97181 0.0174262 9.90785 15.2814 1.58336 0.0366216 0 0
500.00 1443.15 12.329710 51.2179 0.137685 16.6893 1.05101 0 5.44784 0 11.0065 12.777 1.62761 0.0451784 0 0
500.00 1433.15 9.002889 51.4125 0.155508 16.6498 1.10017 0 5.77444 0 10.5937 12.4493 1.8054 0.0591861 0 0
500.00 1423.15 6.889016 51.633 0.171762 16.6108 1.14317 0 6.08645 0 10.1804 12.1068 1.99098 0.0766798 0 0
500.00 1413.15 5.464336 51.882 0.186153 16.571 1.17998 0 6.38533 0 9.76368 11.7479 2.18519 0.0987842 0 0
500.00 1403.15 7.097803 40.7371 2.56458 11.3016 10.3253 0.287532 12.7551 0 9.7556 10.8195 1.38884 0.0649168 0 0
500.00 1393.15 7.981339 34.9832 3.97517 9.17015 15.2613 0.00257308 16.2188 0 8.85646 10.3693 1.11318 0.0497787 0 0
500.00 1383.15 5.168911 36.0878 3.7805 10.6441 14.6713 0 15.5265 0 7.57128 10.0917 1.55334 0.0734277 0 0
500.00 1373.15 3.088977 38.8192 3.28098 12.3271 12.7631 0 14.0193 0 6.66513 9.93305 2.08685 0.105313 0 0
500.00 1363.15 2.159410 40.597 2.99673 13.2945 11.619 0 13.0761 0 6.01671 9.77667 2.48986 0.133315 0 0
500.00 1353.15 1.628006 41.967 2.80217 13.9417 10.799 0 12.3628 0 5.50231 9.63424 2.83021 0.160524 0 0
500.00 1343.15 1.285153 43.1065 2.65631 14.4035 10.1583 0 11.7736 0 5.07571 9.50805 3.13021 0.187864 0 0
500.00 1333.15 1.046983 44.0947 2.54097 14.7437 9.6319 0 11.262 0 4.71271 9.39776 3.40049 0.215748 0 0
500.00 1323.15 0.872955 44.9745 2.44656 14.9985 9.18468 0 10.8036 0 4.39841 9.3021 3.64722 0.244423 0 0
500.00 1313.15 0.742368 45.8405 2.35169 15.212 8.73926 0 10.4079 0 4.14722 9.14697 3.88001 0.274571 0 0
500.00 1303.15 0.639946 46.6772 2.26137 15.4114 8.31077 0 10.0487 0 3.92332 8.95571 4.10491 0.306615 0 0
500.00 1293.15 0.558338 47.4451 2.18151 15.5481 7.92165 0 9.73319 0 3.73644 8.78787 4.30684 0.339294 0 0
500.00 1283.15 0.517218 48.2431 1.76275 15.8 6.22708 0 10.5484 1.03123 3.85328 7.58909 4.565 0.380048 0 0
500.00 1273.15 0.485966 47.695 1.46913 15.4031 5.01196 0 10.7509 1.64705 3.76528 8.15239 4.59385 0.402511 1.10882 0
500.00 1263.15 0.426964 48.4028 1.41302 15.4813 4.65649 0 10.6109 1.75738 3.56205 7.95701 4.73647 0.435411 0.987148 0
500.00 1253.15 0.378739 49.0166 1.35626 15.5187 4.31225 0 10.4748 1.86588 3.37434 7.82608 4.86161 0.468639 0.924916 0
500.00 1243.15 0.337781 49.6162 1.30208 15.552 3.9897 0 10.3486 1.97211 3.19792 7.68473 4.98082 0.503312 0.85255 0
500.00 1233.15 0.302680 50.2069 1.24978 15.5834 3.68643 0 10.2326 2.07751 3.03107 7.53002 5.09509 0.539652 0.767589 0
500.00 1223.15 0.272349 50.7944 1.19874 15.6145 3.4003 0 10.1274 2.18341 2.87222 7.3586 5.20534 0.57792 0.667137 0
500.00 1213.15 0.245942 51.3853 1.14836 15.6471 3.12949 0 10.0333 2.29103 2.72005 7.1668 5.3124 0.618429 0.547754 0
500.00 1203.15 0.238741 50.946 3.25423 15.1324 1.39187 0 10.0933 2.82393 2.60973 7.17169 5.24263 0.643186 0.690998 0
500.00 1193.15 0.217983 50.8269 3.82458 15.083 1.54316 0 10.1545 2.73733 2.36681 6.91994 5.30259 0.686795 0.554312 0
500.00 1183.15 0.196703 51.3458 3.76712 15.1575 1.50871 0 10.1176 2.77989 2.19449 6.62624 5.40448 0.739815 0.358377 0
500.00 1173.15 0.177907 51.9071 3.72164 15.2447 1.47725 0 10.08 2.82088 2.03125 6.28603 5.5096 0.798274 0.123398 0
500.00 1163.15 0.161946 52.3276 3.67798 15.2851 1.44455 0 10.0217 2.85752 1.87188 6.05747 5.5961 0.860104 0 0
Title: Mk

Bulk Composition:
Pressure Temperature mass SiO2 TiO2 Al2O3 Fe2O3 Cr2O3 FeO MnO MgO CaO Na2O K2O P2O5 H2O 
500.00 1523.15 98.152314 49.318 1.26609 15.881 2.45935 0.0209878 9.51094 0.199384 7.22775 11.4846 2.18324 0.30901 0.139579 0
500.00 1513.15 98.152945 49.3177 1.26609 15.8809 2.46575 0.0209877 9.50511 0.199383 7.2277 11.4845 2.18323 0.309008 0.139578 0
500.00 1503.15 98.153614 49.3174 1.26608 15.8808 2.47254 0.0209875 9.49892 0.199381 7.22765 11.4844 2.18321 0.309005 0.139577 0
500.00 1493.15 98.154324 49.317 1.26607 15.8807 2.47974 0.0209874 9.49235 0.19938 7.2276 11.4844 2.18319 0.309003 0.139576 0
500.00 1483.15 98.154212 49.3171 1.26607 15.8807 2.4786 0.0209874 9.49339 0.19938 7.22761 11.4844 2.1832 0.309004 0.139576 0
500.00 1473.15 94.861488 49.3477 1.31002 15.2829 2.56189 0.0217159 9.82539 0.206301 7.47848 11.3273 2.17569 0.31816 0.144421 0
500.00 1463.15 91.191703 49.3693 1.36273 14.576 2.66238 0.0225898 10.2231 0.214603 7.77944 11.1509 2.15983 0.328878 0.150233 0
500.00 1453.15 87.789437 49.3775 1.41555 13.8796 2.72142 0.0234652 10.659 0.22292 8.08093 10.987 2.13711 0.33932 0.156055 0
500.00 1443.15 77.935971 49.2774 1.57679 13.3757 2.86099 0.026432 11.5769 0.248908 7.85131 10.445 2.20721 0.377592 0.175785 0
500.00 1433.15 65.604198 48.9166 1.84732 12.7539 3.12429 0.0314004 12.7987 0.295695 7.25918 10.0077 2.31627 0.440079 0.208828 0
500.00 1423.15 56.600023 48.5235 2.11647 12.1352 3.37081 0.0363957 13.9847 0.342736 6.72965 9.62019 2.39765 0.500677 0.242049 0
500.00 1413.15 49.710259 48.0964 2.38603 11.5159 3.60441 0.0414401 15.1476 0.390238 6.2523 9.27648 2.45413 0.559447 0.275597 0
500.00 1403.15 44.293486 47.5812 2.65487 10.8808 4.90392 0.046508 15.3093 0.437962 5.81324 8.96246 2.48478 0.615681 0.309301 0
500.00 1393.15 37.278712 48.7825 2.66647 10.7776 5.97801 0.000550905 13.8592 0.520373 5.05078 8.58991 2.68804 0.719181 0.367502 0
500.00 1383.15 29.349324 52.454 2.30628 11.197 5.07532 0 11.7277 0.660964 4.00826 8.09201 3.11173 0.899955 0.466791 0
500.00 1373.15 24.208304 55.8945 1.98937 11.3038 4.00759 0 10.0194 0.801331 3.24445 7.65715 3.44113 1.07541 0.565921 0
500.00 1363.15 21.138028 58.3477 1.79945 11.146 3.42107 0 8.80453 0.917723 2.74347 7.31942 3.63627 1.21623 0.648121 0
500.00 1353.15 18.992623 60.3311 1.66265 10.8955 3.01489 0 7.84275 1.02139 2.37121 7.03642 3.76426 1.33848 0.721333 0
500.00 1343.15 17.375856 62.0218 1.55553 10.6051 2.70227 0 7.04395 1.11643 2.07837 6.79038 3.84972 1.448 0.78845 0
500.00 1333.15 16.100165 63.5051 1.46753 10.2978 2.44713 0 6.36197 1.20489 1.84007 6.5715 3.90531 1.54776 0.850923 0
500.00 1323.15 15.061432 64.8301 1.39295 9.98544 2.23119 0 5.76917 1.28798 1.64166 6.37358 3.93873 1.63954 0.909608 0
500.00 1313.15 14.195835 66.0288 1.32833 9.67437 2.04197 0 5.24922 1.36652 1.47368 6.19243 3.95512 1.72451 0.965072 0
500.00 1303.15 13.459149 67.1226 1.27227 9.36715 1.87407 0 4.78727 1.44131 1.32677 6.02876 3.95814 1.80379 1.01789 0
500.00 1293.15 12.824376 68.1243 1.2234 9.06414 1.72489 0 4.3746 1.51265 1.19788 5.88227 3.94981 1.87782 1.06828 0
500.00 1283.15 12.270243 69.0509 1.18044 8.76843 1.54415 0 4.04526 1.58097 1.0832 5.75011 3.93283 1.94723 1.11652 0
500.00 1273.15 11.757634 69.9513 1.15548 8.45819 1.3932 0 3.7187 1.60565 0.963482 5.66916 3.90415 2.01546 1.1652 0
500.00 1263.15 11.277080 70.8896 1.1426 8.15744 1.27715 0 3.3891 1.60433 0.844803 5.56656 3.87326 2.08406 1.17113 0
500.00 1253.15 10.855375 71.7529 1.13269 7.86807 1.17163 0 3.09044 1.5989 0.739998 5.47725 3.83818 2.14796 1.18201 0
500.00 1243.15 10.481779 72.5529 1.12541 7.59048 1.07544 0 2.81875 1.58995 0.646877 5.39737 3.8001 2.20766 1.19509 0
500.00 1233.15 10.149052 73.2942 1.12041 7.3245 0.987554 0 2.57125 1.57804 0.564022 5.32649 3.75973 2.26337 1.2104 0
500.00 1223.15 9.851358 73.981 1.11739 7.06986 0.907093 0 2.34552 1.56362 0.490245 5.26427 3.71765 2.31527 1.22804 0
500.00 1213.15 9.583942 74.6168 1.11611 6.82627 0.833312 0 2.13946 1.54706 0.424541 5.21045 3.67435 2.36354 1.24812 0
500.00 1203.15 9.342608 75.2068 1.11641 6.59361 0.735178 0 1.97861 1.52869 0.366063 5.16499 3.63034 2.40842 1.27084 0
500.00 1193.15 9.108539 75.8198 1.06496 6.36926 0.68348 0 1.80717 1.49646 0.309105 5.11857 3.58718 2.45357 1.29041 0
500.00 1183.15 8.895252 76.4083 1.00206 6.15525 0.629787 0 1.64261 1.46792 0.260461 5.08074 3.54423 2.49569 1.31291 0
500.00 1173.15 8.703268 76.9497 0.944456 5.95138 0.579138 0 1.48982 1.44028 0.218456 5.05227 3.50129 2.53415 1.33903 0
500.00 1163.15 8.529578 77.4507 0.891623 5.75757 0.531276 0 1.34842 1.41373 0.182287 5.03012 3.45871 2.56925 1.3663 0
