Title: Mk

Solid Composition:
Pressure Temperature mass SiO2 TiO2 Al2O3 Fe2O3 Cr2O3 FeO MnO MgO CaO Na2O K2O P2O5 H2O 
500.00 1523.15 0.000000 ---
500.00 1513.15 0.000000 ---
500.00 1503.15 0.000000 ---
500.00 1493.15 0.000000 ---
500.00 1483.15 3.293463 48.4382 0 33.1063 0 0 0 0 0 16.0107 2.39953 0.0452036 0 0
500.00 1473.15 3.670547 48.8152 0 32.851 0 0 0 0 0 15.712 2.57001 0.051836 0 0
500.00 1463.15 3.399385 49.2123 0 32.5817 0 0 0 0 0 15.3972 2.74919 0.0595178 0 0
500.00 1453.15 9.851237 50.2005 0.140237 17.8736 0.987119 0 3.97181 0.0174262 9.90785 15.2814 1.58336 0.0366216 0 0
500.00 1443.15 12.329710 51.2179 0.137685 16.6893 1.05101 0 5.44784 0 11.0065 12.777 1.62761 0.0451784 0 0
500.00 1433.15 9.002889 51.4125 0.155508 16.6498 1.10017 0 5.77444 0 10.5937 12.4493 1.8054 0.0591861 0 0
500.00 1423.15 6.889016 51.633 0.171762 16.6108 1.14317 0 6.08645 0 10.1804 12.1068 1.99098 0.0766798 0 0
500.00 1413.15 5.464336 51.882 0.186153 16.571 1.17998 0 6.38533 0 9.76368 11.7479 2.18519 0.0987842 0 0
500.00 1403.15 7.097803 40.7371 2.56458 11.3016 10.3253 0.287532 12.7551 0 9.7556 10.8195 1.38884 0.0649168 0 0
500.00 1393.15 7.981339 34.9832 3.97517 9.17015 15.2613 0.00257308 16.2188 0 8.85646 10.3693 1.11318 0.0497787 0 0
500.00 1383.15 5.168911 36.0878 3.7805 10.6441 14.6713 0 15.5265 0 7.57128 10.0917 1.55334 0.0734277 0 0
500.00 1373.15 3.088977 38.8192 3.28098 12.3271 12.7631 0 14.0193 0 6.66513 9.93305 2.08685 0.105313 0 0
500.00 1363.15 2.159410 40.597 2.99673 13.2945 11.619 0 13.0761 0 6.01671 9.77667 2.48986 0.133315 0 0
500.00 1353.15 1.628006 41.967 2.80217 13.9417 10.799 0 12.3628 0 5.50231 9.63424 2.83021 0.160524 0 0
500.00 1343.15 1.285153 43.1065 2.65631 14.4035 10.1583 0 11.7736 0 5.07571 9.50805 3.13021 0.187864 0 0
500.00 1333.15 1.046983 44.0947 2.54097 14.7437 9.6319 0 11.262 0 4.71271 9.39776 3.40049 0.215748 0 0
500.00 1323.15 0.872955 44.9745 2.44656 14.9985 9.18468 0 10.8036 0 4.39841 9.3021 3.64722 0.244423 0 0
500.00 1313.15 0.742368 45.8405 2.35169 15.212 8.73926 0 10.4079 0 4.14722 9.14697 3.88001 0.274571 0 0
500.00 1303.15 0.639946 46.6772 2.26137 15.4114 8.31077 0 10.0487 0 3.92332 8.95571 4.10491 0.306615 0 0
500.00 1293.15 0.558338 47.4451 2.18151 15.5481 7.92165 0 9.73319 0 3.73644 8.78787 4.30684 0.339294 0 0
500.00 1283.15 0.517218 48.2431 1.76275 15.8 6.22708 0 10.5484 1.03123 3.85328 7.58909 4.565 0.380048 0 0
500.00 1273.15 0.485966 47.695 1.46913 15.4031 5.01196 0 10.7509 1.64705 3.76528 8.15239 4.59385 0.402511 1.10882 0
500.00 1263.15 0.426964 48.4028 1.41302 15.4813 4.65649 0 10.6109 1.75738 3.56205 7.95701 4.73647 0.435411 0.987148 0
500.00 1253.15 0.378739 49.0166 1.35626 15.5187 4.31225 0 10.4748 1.86588 3.37434 7.82608 4.86161 0.468639 0.924916 0
500.00 1243.15 0.337781 49.6162 1.30208 15.552 3.9897 0 10.3486 1.97211 3.19792 7.68473 4.98082 0.503312 0.85255 0
500.00 1233.15 0.302680 50.2069 1.24978 15.5834 3.68643 0 10.2326 2.07751 3.03107 7.53002 5.09509 0.539652 0.767589 0
500.00 1223.15 0.272349 50.7944 1.19874 15.6145 3.4003 0 10.1274 2.18341 2.87222 7.3586 5.20534 0.57792 0.667137 0
500.00 1213.15 0.245942 51.3853 1.14836 15.6471 3.12949 0 10.0333 2.29103 2.72005 7.1668 5.3124 0.618429 0.547754 0
500.00 1203.15 0.238741 50.946 3.25423 15.1324 1.39187 0 10.0933 2.82393 2.60973 7.17169 5.24263 0.643186 0.690998 0
500.00 1193.15 0.217983 50.8269 3.82458 15.083 1.54316 0 10.1545 2.73733 2.36681 6.91994 5.30259 0.686795 0.554312 0
500.00 1183.15 0.196703 51.3458 3.76712 15.1575 1.50871 0 10.1176 2.77989 2.19449 6.62624 5.40448 0.739815 0.358377 0
500.00 1173.15 0.177907 51.9071 3.72164 15.2447 1.47725 0 10.08 2.82088 2.03125 6.28603 5.5096 0.798274 0.123398 0
500.00 1163.15 0.161946 52.3276 3.67798 15.2851 1.44455 0 10.0217 2.85752 1.87188 6.05747 5.5961 0.860104 0 0