Title: Hr

liquid_0 thermodynamic data and composition:
Pressure Temperature mass S H V Cp viscosity SiO2 TiO2 Al2O3 Fe2O3 FeO MnO MgO CaO Na2O K2O P2O5 H2O Mg#
500.00 1523.15 98.092789 274.723487 -1162666.418490 37.534660 147.621713 1.756 48.173 1.36269 15.7098 2.53825 10.1655 0.194917 7.3509 10.7869 2.19578 0.344164 0.158625 1.01944 56.3
500.00 1513.15 98.093444 273.752413 -1164152.172647 37.497893 147.621654 1.795 48.1726 1.36268 15.7097 2.54489 10.1595 0.194916 7.35085 10.7869 2.19576 0.344162 0.158624 1.01944 56.3
500.00 1503.15 98.094140 272.774946 -1165638.549438 37.461188 147.621796 1.834 48.1723 1.36267 15.7096 2.55195 10.153 0.194915 7.3508 10.7868 2.19575 0.344159 0.158623 1.01943 56.3
500.00 1493.15 98.094876 271.790999 -1167125.573117 37.424546 147.622145 1.874 48.1719 1.36266 15.7095 2.55943 10.1462 0.194913 7.35074 10.7867 2.19573 0.344157 0.158622 1.01942 56.4
500.00 1483.15 98.095656 270.800481 -1168613.268969 37.387967 147.622710 1.914 48.1716 1.36265 15.7094 2.56734 10.139 0.194912 7.35068 10.7866 2.19571 0.344154 0.158621 1.01941 56.4
500.00 1473.15 98.096480 269.818083 -1170079.837076 37.351455 144.434622 1.955 48.1711 1.36264 15.7092 2.5757 10.1314 0.19491 7.35062 10.7865 2.1957 0.344151 0.158619 1.0194 56.4
500.00 1463.15 98.097350 268.835899 -1171537.022727 37.315010 144.427373 1.997 48.1707 1.36263 15.7091 2.58452 10.1233 0.194908 7.35056 10.7864 2.19568 0.344148 0.158618 1.0194 56.4
500.00 1453.15 98.098266 267.847073 -1172994.872914 37.278634 144.419821 2.039 48.1703 1.36261 15.7089 2.59383 10.1148 0.194907 7.35049 10.7863 2.19566 0.344145 0.158616 1.01939 56.4
500.00 1443.15 98.099231 266.851515 -1174453.411646 37.242328 144.411965 2.082 48.1698 1.3626 15.7088 2.60362 10.1059 0.194905 7.35041 10.7862 2.19563 0.344141 0.158615 1.01938 56.5
500.00 1433.15 98.100247 265.849130 -1175912.664126 37.206095 144.403803 2.125 48.1693 1.36259 15.7086 2.61393 10.0965 0.194903 7.35034 10.7861 2.19561 0.344138 0.158613 1.01937 56.5
500.00 1423.15 97.989236 264.542058 -1176052.515996 37.133537 144.199322 2.173 48.1789 1.36413 15.7264 2.62463 10.0816 0.194752 7.30975 10.7978 2.1981 0.344528 0.158793 1.02052 56.4
500.00 1413.15 95.950660 258.167164 -1151783.498276 36.373748 140.902638 2.237 48.286 1.39311 15.7097 2.65753 10.1247 0.195215 7.00516 10.8473 2.22546 0.351461 0.162167 1.0422 55.2
500.00 1403.15 88.554993 237.978661 -1058627.024791 33.628407 129.501122 2.280 48.3906 1.48532 15.5542 2.75301 10.5731 0.206615 6.59211 10.4315 2.32941 0.379212 0.17571 1.12924 52.6
500.00 1393.15 81.873179 219.795587 -975187.489527 31.156908 119.246379 2.325 48.4942 1.57234 15.4703 2.83589 10.99 0.218219 6.17927 9.98346 2.43647 0.408439 0.19005 1.2214 50.1
500.00 1383.15 75.995286 203.814943 -902412.743780 28.989768 110.264130 2.373 48.6214 1.65194 15.3995 2.9078 11.3524 0.229001 5.78196 9.55822 2.53908 0.43814 0.20475 1.31587 47.6
500.00 1373.15 70.749995 189.575400 -838113.329884 27.064042 102.286260 2.424 48.7799 1.72258 15.3438 2.96821 11.6547 0.238887 5.39842 9.15334 2.63828 0.468561 0.219929 1.41343 45.2
500.00 1363.15 66.006355 176.725125 -780631.051373 25.331969 95.108295 2.479 48.9799 1.78208 15.3054 3.01612 11.8894 0.247766 5.02697 8.76638 2.73518 0.499998 0.235735 1.51501 43.0
500.00 1353.15 61.661906 164.989655 -728683.883338 23.756537 88.570756 2.540 49.2345 1.82741 15.287 3.04999 12.0467 0.255481 4.66605 8.39497 2.83103 0.532813 0.252344 1.62175 40.8
500.00 1343.15 49.833169 134.976564 -616848.597429 20.133726 71.618863 3.091 53.828 1.1817 16.3574 2.19331 7.98362 0.313932 3.99897 7.86485 3.3026 0.65666 0.312242 2.0067 47.2
500.00 1333.15 45.828836 124.365589 -572164.174598 18.738594 65.764450 3.236 54.8994 1.0881 16.4713 2.03576 7.28637 0.332573 3.69092 7.52401 3.43935 0.710618 0.339524 2.18203 47.5
500.00 1323.15 37.438841 101.739496 -470410.214259 15.465942 53.605610 3.358 55.8201 0.990584 16.4323 1.90318 6.60754 0.451084 3.33474 7.13321 3.74628 0.854524 0.415611 2.31084 47.4
500.00 1313.15 29.938103 81.229724 -378091.035758 12.456068 42.713590 3.500 56.7991 0.93027 16.2027 1.7782 5.98849 0.638651 2.98801 6.80163 3.95407 1.03845 0.519739 2.36076 47.1
500.00 1303.15 25.110325 67.893100 -318810.566847 10.509403 35.679554 3.671 57.9143 0.906404 15.8802 1.65316 5.4403 0.76144 2.6726 6.5987 3.96361 1.2018 0.619665 2.38782 46.7
500.00 1293.15 21.195807 57.069246 -270399.836198 8.912858 30.007778 3.828 58.876 0.892873 15.5783 1.53185 4.93882 0.902065 2.40978 6.46094 3.89304 1.37587 0.734107 2.40638 46.5
500.00 1283.15 18.034321 48.325994 -231051.962958 7.611213 25.449339 3.971 59.6902 0.887484 15.3034 1.41546 4.48118 1.0602 2.1884 6.37735 3.75802 1.55702 0.862799 2.41845 46.5

spinel_0 thermodynamic data and composition:
Pressure Temperature mass S H V Cp formula SiO2 TiO2 Al2O3 Fe2O3 FeO MnO MgO CaO Na2O K2O P2O5 H2O
500.00 1343.15 5.767737 12.075379 -33774.647075 1.253103 5.467329 Fe''0.93Mg0.33Fe'''1.19Al0.29Cr0.00Ti0.26O4 0 9.93395 6.97163 45.0156 31.7512 0 6.32769 0 0 0 0 0
500.00 1333.15 6.544081 13.637825 -38060.544444 1.418037 6.185206 Fe''0.94Mg0.32Fe'''1.19Al0.28Cr0.00Ti0.27O4 0 10.0297 6.67884 45.0647 32.1035 0 6.12328 0 0 0 0 0
500.00 1323.15 7.652847 15.868691 -44106.644263 1.653179 7.209487 Fe''0.96Mg0.31Fe'''1.20Al0.26Cr0.00Ti0.27O4 0 10.0531 6.33458 45.2971 32.4276 0 5.88764 0 0 0 0 0
500.00 1313.15 8.416149 17.356138 -47926.471120 1.811021 7.896642 Fe''0.98Mg0.29Fe'''1.21Al0.25Cr0.00Ti0.27O4 0 10.1587 5.88107 45.4566 32.9309 0 5.57281 0 0 0 0 0
500.00 1303.15 8.698836 17.838737 -48906.335035 1.863946 8.126111 Fe''1.00Mg0.28Fe'''1.22Al0.23Cr0.00Ti0.28O4 0 10.4016 5.38127 45.3774 33.6335 0 5.20619 0 0 0 0 0
500.00 1293.15 8.858692 18.070077 -49287.475355 1.891300 8.244097 Fe''1.03Mg0.26Fe'''1.22Al0.21Cr0.00Ti0.29O4 0 10.6327 4.96612 45.2485 34.2632 0 4.88944 0 0 0 0 0
500.00 1283.15 8.929888 18.122741 -49261.557906 1.900486 8.282792 Fe''1.05Mg0.25Fe'''1.22Al0.20Cr0.00Ti0.29O4 0 10.8554 4.61711 45.08 34.834 0 4.61343 0 0 0 0 0

water thermodynamic data and composition:
Pressure Temperature mass S H V Cp formula
500.00 1323.15 0.134849 1.433576 -1528.523532 1.623032 0.377630 H2O
500.00 1313.15 0.293234 3.111124 -3332.036504 3.496945 0.821676 H2O
500.00 1303.15 0.400412 4.239661 -4561.121037 4.730665 1.122804 H2O
500.00 1293.15 0.489949 5.177121 -5594.796497 5.733930 1.375010 H2O
500.00 1283.15 0.563849 5.945702 -6454.497163 6.535694 1.583884 H2O

olivine_0 thermodynamic data and composition:
Pressure Temperature mass S H V Cp formula SiO2 TiO2 Al2O3 Fe2O3 FeO MnO MgO CaO Na2O K2O P2O5 H2O
500.00 1423.15 0.111770 0.266075 -1359.989886 0.033879 0.137649 (Ca0.01Mg0.82Fe''0.18Mn0.00Co0.00Ni0.00)2SiO4 39.4183 0 0 0 16.9425 0.325364 42.8883 0.425525 0 0 0 0
500.00 1413.15 1.154802 2.736481 -13982.567988 0.348969 1.417093 (Ca0.01Mg0.81Fe''0.19Mn0.00Co0.00Ni0.00)2SiO4 39.2976 0 0 0 17.5707 0.336863 42.3625 0.432318 0 0 0 0
500.00 1403.15 2.240591 5.281274 -26884.419288 0.673717 2.734798 (Ca0.01Mg0.80Fe''0.20Mn0.00Co0.00Ni0.00)2SiO4 39.0945 0 0 0 18.6328 0.367396 41.487 0.418259 0 0 0 0
500.00 1393.15 3.138651 7.357650 -37294.618996 0.938793 3.809404 (Ca0.01Mg0.78Fe''0.21Mn0.00Co0.00Ni0.00)2SiO4 38.8799 0 0 0 19.7563 0.399456 40.562 0.402405 0 0 0 0
500.00 1383.15 3.977396 9.271684 -46780.331160 1.183210 4.799347 (Ca0.01Mg0.77Fe''0.23Mn0.00Co0.00Ni0.00)2SiO4 38.658 0 0 0 20.9176 0.431696 39.6051 0.387623 0 0 0 0
500.00 1373.15 4.781871 11.083079 -55641.350154 1.414528 5.735358 (Ca0.01Mg0.75Fe''0.24Mn0.01Co0.00Ni0.00)2SiO4 38.4281 0 0 0 22.121 0.463991 38.6132 0.373822 0 0 0 0
500.00 1363.15 5.574557 12.844292 -64135.507811 1.639391 6.644395 (Ca0.01Mg0.74Fe''0.26Mn0.01Co0.00Ni0.00)2SiO4 38.1895 0 0 0 23.3698 0.496159 37.5836 0.360919 0 0 0 0
500.00 1353.15 6.376751 14.603833 -72495.611593 1.863940 7.551353 (Ca0.00Mg0.72Fe''0.27Mn0.01Co0.00Ni0.00)2SiO4 37.942 0 0 0 24.6666 0.527944 36.5147 0.348829 0 0 0 0
500.00 1343.15 5.026877 11.499332 -58046.343528 1.477699 5.982223 (Ca0.00Mg0.74Fe''0.25Mn0.01Co0.00Ni0.00)2SiO4 38.2175 0 0 0 23.0576 0.691441 37.7179 0.315581 0 0 0 0
500.00 1333.15 5.121340 11.663750 -58997.087364 1.502473 6.079127 (Ca0.00Mg0.74Fe''0.26Mn0.01Co0.00Ni0.00)2SiO4 38.1512 0 0 0 23.3564 0.757337 37.4354 0.299593 0 0 0 0
500.00 1323.15 2.036926 4.617968 -23349.552779 0.595750 2.408379 (Ca0.00Mg0.73Fe''0.26Mn0.01Co0.00Ni0.00)2SiO4 38.0276 0 0 0 23.688 1.09573 36.8971 0.29158 0 0 0 0

feldspar_0 thermodynamic data and composition:
Pressure Temperature mass S H V Cp formula SiO2 TiO2 Al2O3 Fe2O3 FeO MnO MgO CaO Na2O K2O P2O5 H2O
500.00 1413.15 0.993347 2.369957 -13784.108581 0.370338 1.216645 K0.00Na0.17Ca0.83Al1.83Si2.17O8 47.28 0 33.8882 0 0 0 0 16.926 1.86842 0.037287 0 0
500.00 1403.15 4.383495 10.427580 -60871.777729 1.634917 5.364134 K0.00Na0.17Ca0.82Al1.82Si2.18O8 47.4886 0 33.747 0 0 0 0 16.7608 1.96283 0.0408037 0 0
500.00 1393.15 7.212802 17.107091 -100234.354056 2.691278 8.818525 K0.00Na0.18Ca0.81Al1.81Si2.19O8 47.6986 0 33.6047 0 0 0 0 16.5944 2.0579 0.0443339 0 0
500.00 1383.15 9.678954 22.887042 -134604.116420 3.612921 11.823026 K0.00Na0.19Ca0.81Al1.81Si2.19O8 47.9065 0 33.4639 0 0 0 0 16.4298 2.15196 0.0478763 0 0
500.00 1373.15 11.849858 27.934699 -164915.159416 4.425025 14.461626 K0.00Na0.20Ca0.80Al1.80Si2.20O8 48.1126 0 33.3243 0 0 0 0 16.2665 2.24523 0.0514182 0 0
500.00 1363.15 13.776901 32.376726 -191874.147167 5.146644 16.797891 K0.00Na0.21Ca0.79Al1.79Si2.21O8 48.3175 0 33.1855 0 0 0 0 16.1042 2.33792 0.0549434 0 0
500.00 1353.15 15.500288 36.312268 -216033.988329 5.792696 18.881559 K0.00Na0.22Ca0.78Al1.78Si2.22O8 48.5216 0 33.0472 0 0 0 0 15.9424 2.43031 0.0584339 0 0
500.00 1343.15 17.889985 41.804442 -249493.413308 6.692337 21.775400 K0.00Na0.23Ca0.76Al1.76Si2.24O8 48.9278 0 32.7737 0 0 0 0 15.622 2.6185 0.0579407 0 0
500.00 1333.15 19.584801 45.623208 -273321.791690 7.330056 23.816386 K0.00Na0.24Ca0.75Al1.75Si2.25O8 49.1742 0 32.6071 0 0 0 0 15.4271 2.73071 0.0609255 0 0
500.00 1323.15 23.535758 54.712115 -328611.557288 8.821766 28.600379 K0.00Na0.26Ca0.73Al1.73Si2.27O8 49.7461 0 32.2187 0 0 0 0 14.9732 2.9869 0.0751039 0 0
500.00 1313.15 27.729162 64.350460 -387294.404900 10.413340 33.674797 K0.01Na0.29Ca0.70Al1.70Si2.30O8 50.4657 0 31.7292 0 0 0 0 14.4015 3.3073 0.0963196 0 0
500.00 1303.15 30.964287 71.698715 -432671.008748 11.645415 37.575897 K0.01Na0.31Ca0.68Al1.68Si2.32O8 51.0436 0 31.3356 0 0 0 0 13.9419 3.56323 0.115696 0 0
500.00 1293.15 33.658998 77.740255 -470556.409755 12.674283 40.812931 K0.01Na0.33Ca0.66Al1.66Si2.34O8 51.5353 0 30.9997 0 0 0 0 13.55 3.77839 0.136586 0 0
500.00 1283.15 35.875577 82.621662 -501818.687805 13.521821 43.653348 K0.01Na0.35Ca0.64Al1.64Si2.36O8 51.9397 0 30.7224 0 0 0 0 13.2269 3.95264 0.158329 0 0

clinopyroxene_0 thermodynamic data and composition:
Pressure Temperature mass S H V Cp structure formula SiO2 TiO2 Al2O3 Fe2O3 FeO MnO MgO CaO Na2O K2O P2O5 H2O
500.00 1403.15 2.916704 6.695244 -37185.999890 0.896468 3.431188 cpx Na0.01Ca0.81Fe''0.17Mg0.84Fe'''0.08Ti0.02Al0.23Si1.83O6 49.5196 0.732896 5.37988 2.80378 5.63165 0 15.2057 20.5532 0.173265 0 0 0
500.00 1393.15 5.868581 13.418880 -74589.319186 1.799245 6.885925 cpx Na0.01Ca0.81Fe''0.18Mg0.83Fe'''0.08Ti0.02Al0.24Si1.82O6 49.2414 0.841335 5.45828 2.93468 5.96275 0 14.9684 20.4116 0.181514 0 0 0
500.00 1383.15 8.439076 19.219442 -106917.505456 2.580603 9.875013 cpx Na0.01Ca0.81Fe''0.20Mg0.81Fe'''0.09Ti0.03Al0.24Si1.82O6 48.937 0.963384 5.54987 3.07262 6.29301 0 14.7105 20.2837 0.189942 0 0 0
500.00 1373.15 10.706541 24.283208 -135196.489738 3.265070 12.492063 cpx Na0.01Ca0.80Fe''0.21Mg0.80Fe'''0.09Ti0.03Al0.25Si1.81O6 48.6018 1.10187 5.65643 3.21921 6.62014 0 14.4294 20.1726 0.198599 0 0 0
500.00 1363.15 12.728035 28.745597 -160173.930685 3.870470 14.805026 cpx Na0.01Ca0.80Fe''0.22Mg0.78Fe'''0.09Ti0.04Al0.25Si1.80O6 48.2306 1.26034 5.78012 3.37613 6.94104 0 14.1221 20.0821 0.20753 0 0 0
500.00 1353.15 14.544470 32.703625 -182388.509357 4.409554 16.862480 cpx Na0.02Ca0.80Fe''0.23Mg0.77Fe'''0.10Ti0.04Al0.26Si1.79O6 47.8176 1.44305 5.92335 3.54493 7.2517 0 13.7858 20.0168 0.216768 0 0 0
500.00 1343.15 19.749717 44.347370 -249871.168614 6.023299 23.048362 cpx Na0.01Ca0.78Fe''0.23Mg0.83Fe'''0.08Ti0.02Al0.22Si1.83O6 49.3965 0.885367 5.03032 2.75509 7.25985 0 14.9718 19.5003 0.200801 0 0 0
500.00 1333.15 21.159623 47.339540 -267850.808453 6.451403 24.683251 cpx Na0.01Ca0.77Fe''0.23Mg0.83Fe'''0.07Ti0.02Al0.21Si1.84O6 49.5437 0.858332 4.90197 2.65157 7.42002 0 15.0669 19.3549 0.202609 0 0 0
500.00 1323.15 21.933444 48.853611 -277984.585415 6.685615 25.553072 cpx Na0.02Ca0.78Fe''0.23Mg0.83Fe'''0.07Ti0.02Al0.21Si1.84O6 49.6086 0.864206 4.81821 2.6064 7.39298 0 14.983 19.5113 0.215332 0 0 0
500.00 1313.15 22.308963 49.467255 -282872.212877 6.796885 25.952929 cpx Na0.02Ca0.78Fe''0.23Mg0.82Fe'''0.07Ti0.02Al0.21Si1.85O6 49.6948 0.861146 4.6878 2.55904 7.46082 0 14.8898 19.6179 0.228732 0 0 0
500.00 1303.15 22.395002 49.428624 -283857.139424 6.817641 26.007009 cpx Na0.02Ca0.78Fe''0.24Mg0.82Fe'''0.07Ti0.02Al0.20Si1.85O6 49.7592 0.861335 4.5451 2.5124 7.62546 0 14.7636 19.6961 0.236764 0 0 0
500.00 1293.15 22.426444 49.266942 -284198.252702 6.821974 25.997978 cpx Na0.02Ca0.79Fe''0.24Mg0.81Fe'''0.07Ti0.02Al0.19Si1.85O6 49.8112 0.865402 4.42062 2.46513 7.76986 0 14.6386 19.7862 0.242986 0 0 0
500.00 1283.15 22.418776 49.018025 -284089.584944 6.814604 25.944129 cpx Na0.02Ca0.79Fe''0.25Mg0.81Fe'''0.07Ti0.02Al0.19Si1.86O6 49.8506 0.873644 4.3142 2.41778 7.89484 0 14.5154 19.886 0.247587 0 0 0

orthopyroxene_0 thermodynamic data and composition:
Pressure Temperature mass S H V Cp structure formula SiO2 TiO2 Al2O3 Fe2O3 FeO MnO MgO CaO Na2O K2O P2O5 H2O
500.00 1333.15 0.049862 0.114517 -617.975986 0.015118 0.061265 opx Na0.00Ca0.07Fe''0.44Mg1.42Fe'''0.03Ti0.00Al0.11Si1.93O6 53.4751 0.13075 2.47161 1.14516 14.4865 0 26.4544 1.81723 0.0191566 0 0 0
500.00 1323.15 5.592817 12.787920 -69272.736275 1.694083 6.860900 opx Na0.00Ca0.07Fe''0.44Mg1.42Fe'''0.03Ti0.00Al0.10Si1.93O6 53.5011 0.124081 2.38971 1.10236 14.7036 0 26.3514 1.80783 0.0199613 0 0 0
500.00 1313.15 9.661775 21.985869 -119430.935759 2.922313 11.826074 opx Na0.00Ca0.07Fe''0.46Mg1.41Fe'''0.03Ti0.00Al0.10Si1.93O6 53.505 0.115033 2.28139 1.05622 15.0729 0 26.1378 1.81097 0.0208116 0 0 0
500.00 1303.15 10.778825 24.401317 -132763.055948 3.253296 13.154573 opx Na0.00Ca0.07Fe''0.47Mg1.39Fe'''0.03Ti0.00Al0.09Si1.94O6 53.4647 0.105623 2.16902 1.01057 15.6127 0 25.7952 1.82113 0.0210935 0 0 0
500.00 1293.15 11.714328 26.382674 -143802.800489 3.528398 14.255763 opx Na0.00Ca0.07Fe''0.49Mg1.38Fe'''0.03Ti0.00Al0.09Si1.94O6 53.4201 0.0977588 2.07221 0.968309 16.125 0 25.472 1.82358 0.0211502 0 0 0
500.00 1283.15 12.515776 28.042882 -153160.629300 3.762288 15.189471 opx Na0.00Ca0.07Fe''0.51Mg1.37Fe'''0.03Ti0.00Al0.09Si1.94O6 53.372 0.0911886 1.98939 0.929117 16.6109 0 25.1674 1.81901 0.0210135 0 0 0
