Title: Hr

System Thermodynamic Data:
Pressure Temperature mass F phi S H V dVdP*10^6 dVdT*10^6 Cp logfO2(absolute) logfO2-NNO rhol rhos viscosity aH2O chisqr
500.00 1523.15 98.097002 1.0000000000000000 1.000000 264.977718 -1166878.212230 36.274223 -202.180393 2354.470873 145.809560 -7.007 0.000 2.704317 0.000000 2.220 0 0.000
500.00 1513.15 98.097654 1.0000000000000000 1.000000 264.018498 -1168345.860831 36.251256 -202.401152 2354.616818 145.812902 -7.116 0.000 2.706048 0.000000 2.263 0 0.000
500.00 1503.15 98.098345 1.0000000000000000 1.000000 263.052937 -1169814.165661 36.228321 -202.623157 2354.771746 145.816449 -7.225 0.000 2.707781 0.000000 2.306 0 0.000
500.00 1493.15 98.099078 1.0000000000000000 1.000000 262.080949 -1171283.150956 36.205419 -202.846483 2354.935932 145.820209 -7.336 0.000 2.709514 0.000000 2.350 0 0.000
500.00 1483.15 98.099854 1.0000000000000000 1.000000 261.102444 -1172752.841977 36.182551 -203.071205 2355.109665 145.824187 -7.449 0.000 2.711248 0.000000 2.395 0 0.000
500.00 1473.15 98.100516 0.9948066868719160 0.994712 260.018852 -1174365.652334 36.151134 -202.328427 2349.446543 142.217722 -7.563 0.000 2.713880 2.665188 2.434 0 0.000
500.00 1463.15 97.591738 0.9631464504805053 0.962350 257.005480 -1169945.369804 35.876449 -195.377409 2304.135075 140.745401 -7.679 0.000 2.722468 2.662685 2.434 0 0.000
500.00 1453.15 93.995313 0.9552281196819099 0.954917 246.338757 -1123064.510326 34.416736 -185.757654 2224.266791 135.283368 -7.796 0.000 2.731983 2.712256 2.433 0 0.000
