Title: Hr

liquid_0 thermodynamic data and composition:
Pressure Temperature mass S H V Cp viscosity SiO2 TiO2 Al2O3 Fe2O3 Cr2O3 FeO MnO MgO CaO Na2O K2O P2O5 H2O Mg#
500.00 1523.15 98.125041 274.875154 -1164980.317128 37.637958 147.554122 1.796 48.6433 1.3918 15.3886 2.51765 0.0204841 9.89543 0.197401 7.2057 10.9467 2.27027 0.345478 0.157962 1.01911 56.5
500.00 1513.15 98.125688 273.904499 -1166465.279752 37.601262 147.554024 1.835 48.643 1.39179 15.3885 2.52422 0.0204839 9.88944 0.1974 7.20566 10.9467 2.27025 0.345475 0.157961 1.0191 56.5
500.00 1503.15 98.126376 272.927453 -1167950.856943 37.564626 147.554126 1.875 48.6427 1.39178 15.3884 2.5312 0.0204838 9.88308 0.197399 7.20561 10.9466 2.27024 0.345473 0.15796 1.01909 56.5
500.00 1493.15 98.127104 271.943930 -1169437.072632 37.528053 147.554433 1.915 48.6423 1.39177 15.3883 2.53859 0.0204836 9.87633 0.197397 7.20555 10.9465 2.27022 0.34547 0.157958 1.01909 56.5
500.00 1483.15 98.127875 270.953838 -1170923.951764 37.491544 147.554953 1.956 48.6419 1.39176 15.3882 2.54641 0.0204835 9.8692 0.197395 7.2055 10.9464 2.2702 0.345468 0.157957 1.01908 56.5
500.00 1473.15 98.128690 269.972143 -1172389.286472 37.455100 144.307267 1.997 48.6415 1.39174 15.3881 2.55467 0.0204833 9.86166 0.197394 7.20544 10.9463 2.27018 0.345465 0.157956 1.01907 56.5
500.00 1463.15 98.129550 268.990795 -1173845.040713 37.418723 144.299826 2.039 48.6411 1.39173 15.3879 2.5634 0.0204831 9.85371 0.197392 7.20537 10.9462 2.27016 0.345462 0.157954 1.01906 56.6
500.00 1453.15 98.130456 268.002811 -1175301.448233 37.382414 144.292070 2.082 48.6407 1.39172 15.3878 2.57259 0.0204829 9.84533 0.19739 7.20531 10.9461 2.27014 0.345458 0.157953 1.01905 56.6
500.00 1443.15 98.131410 267.008100 -1176758.532537 37.346176 144.283998 2.125 48.6402 1.39171 15.3876 2.58227 0.0204827 9.8365 0.197388 7.20524 10.946 2.27012 0.345455 0.157951 1.01904 56.6
500.00 1433.15 98.132414 266.006569 -1178216.318303 37.310009 144.275607 2.169 48.6397 1.39169 15.3875 2.59245 0.0204825 9.82721 0.197386 7.20516 10.9459 2.2701 0.345452 0.15795 1.01903 56.6
500.00 1423.15 98.133469 264.998124 -1179674.831448 37.273917 144.266894 2.213 48.6392 1.39168 15.3873 2.60316 0.0204823 9.81745 0.197384 7.20509 10.9458 2.27007 0.345448 0.157948 1.01902 56.7
500.00 1413.15 96.185435 258.929448 -1157171.489425 36.548458 141.171323 2.275 48.6478 1.40895 15.6098 2.61551 0.0208971 9.86606 0.200264 6.95079 10.8135 2.31319 0.352444 0.161147 1.03966 55.7
500.00 1403.15 89.018414 239.351903 -1067209.921481 33.890914 130.113899 2.324 48.7301 1.49286 15.6001 2.69695 0.0225796 10.2824 0.212879 6.51817 10.3383 2.42863 0.379543 0.174121 1.12336 53.0
500.00 1393.15 82.137688 220.677277 -982255.039422 31.369961 119.557583 2.384 48.9638 1.56795 15.5375 2.76191 0.00658311 10.6042 0.226722 6.08607 9.87654 2.55264 0.409841 0.188708 1.21747 50.6
500.00 1383.15 76.332626 204.887754 -910544.248721 29.237181 110.667249 2.442 49.1754 1.63887 15.4646 2.82619 0.00168174 10.9195 0.239785 5.67759 9.43474 2.66911 0.439498 0.203059 1.31006 48.1
500.00 1373.15 70.150788 188.333034 -838737.386180 27.063510 101.334031 2.551 49.8232 1.63199 15.5129 2.80379 7.62041e-006 10.8057 0.257127 5.23293 8.98519 2.82406 0.47667 0.220953 1.4255 46.3
500.00 1363.15 62.547819 168.426436 -757861.933415 24.551414 90.084810 2.778 51.508 1.45112 15.8094 2.57663 0 9.70875 0.286309 4.71052 8.49495 3.07483 0.532882 0.24781 1.59878 46.4
500.00 1353.15 56.692289 153.017009 -694850.060537 22.593295 81.433499 2.983 53.0243 1.29897 15.993 2.37494 0 8.76243 0.313753 4.27045 8.04142 3.29728 0.586104 0.273406 1.76391 46.5
500.00 1343.15 52.105570 140.874118 -644815.065059 21.038286 74.660877 3.163 54.3597 1.17556 16.0833 2.20278 0 7.97327 0.339076 3.89772 7.62517 3.491 0.635817 0.297473 1.91918 46.6
500.00 1333.15 48.111072 130.273276 -600077.120673 19.653434 68.772859 3.318 55.5264 1.08034 16.0662 2.06161 0 7.30824 0.367244 3.53108 7.30068 3.67121 0.686384 0.322171 2.07852 46.3
500.00 1323.15 44.772664 121.376394 -562268.839014 18.482409 63.856831 3.457 56.5914 1.00029 15.9878 1.93699 0 6.72784 0.394627 3.2023 7.01125 3.83256 0.735228 0.346193 2.23351 45.9
500.00 1313.15 41.504423 112.523742 -524413.500231 17.290556 59.025949 3.604 57.7065 0.932234 15.7916 1.82403 0 6.2022 0.425702 2.88872 6.71791 3.992 0.790053 0.373454 2.3556 45.4
500.00 1303.15 37.657855 101.837063 -478422.779673 15.801209 53.299208 3.799 59.1043 0.87799 15.3419 1.71997 0 5.70288 0.469186 2.55385 6.39372 4.166 0.865372 0.411601 2.39318 44.4
500.00 1293.15 34.516956 93.074028 -440722.508943 14.575220 48.635495 3.981 60.4114 0.829412 14.8786 1.62221 0 5.2504 0.511879 2.27037 6.10409 4.30903 0.938368 0.449055 2.42522 43.5
500.00 1283.15 31.896539 85.734134 -409149.954450 13.544539 44.754143 4.152 61.6393 0.785647 14.4082 1.52996 0 4.83826 0.553932 2.02785 5.84388 4.42492 1.00932 0.485946 2.45278 42.8
500.00 1273.15 29.673835 79.484861 -382271.812242 12.663976 41.469260 4.314 62.7969 0.746012 13.9359 1.44262 0 4.4613 0.595424 1.81852 5.60891 4.51691 1.07838 0.522346 2.47669 42.1
500.00 1263.15 27.764073 74.096061 -359098.724324 11.902278 38.652598 4.468 63.8912 0.70995 13.4659 1.35977 0 4.1154 0.636381 1.6365 5.39571 4.58782 1.1456 0.558275 2.49757 41.5
500.00 1253.15 26.106254 69.401703 -338918.388102 11.236896 36.211973 4.614 64.9273 0.677005 13.0013 1.28106 0 3.7972 0.676793 1.47722 5.20136 4.64015 1.21101 0.593727 2.51593 40.9
500.00 1243.15 24.654980 65.277880 -321199.936981 10.650981 34.078867 4.753 65.9098 0.646798 12.5446 1.20625 0 3.50391 0.716631 1.33705 5.02341 4.67612 1.27457 0.628676 2.53217 40.5
500.00 1233.15 23.375490 61.629462 -305536.060735 10.131573 32.200901 4.885 66.8424 0.619009 12.0978 1.13514 0 3.23319 0.755857 1.2131 4.85978 4.69775 1.33625 0.663088 2.54662 40.1
500.00 1223.15 22.240539 58.381694 -291606.701839 9.668462 30.537098 5.012 67.7283 0.593368 11.6622 1.06758 0 2.98302 0.794429 1.10302 4.70871 4.70682 1.39601 0.696926 2.55955 39.7
500.00 1213.15 21.228369 55.474723 -279155.481502 9.253444 29.054794 5.132 68.5704 0.569643 11.2389 1.00342 0 2.75165 0.832307 1.00486 4.56869 4.70495 1.45383 0.730155 2.57119 39.4
500.00 1203.15 20.321335 52.859900 -267973.848479 8.879826 27.727559 5.247 69.3714 0.547631 10.8283 0.942539 0 2.53754 0.869457 0.917034 4.43845 4.69354 1.50967 0.762745 2.58174 39.2
500.00 1193.15 19.504952 50.497206 -257890.052334 8.542084 26.533736 5.358 70.1335 0.527159 10.4309 0.884821 0 2.33932 0.905848 0.838195 4.31689 4.67386 1.56352 0.79467 2.59136 39.0
500.00 1183.15 18.767206 48.353388 -248761.226080 8.235609 25.455404 5.463 70.859 0.508071 10.0468 0.830151 0 2.15577 0.941457 0.767216 4.2031 4.64702 1.61537 0.825909 2.60017 38.8
500.00 1173.15 18.098052 46.400589 -240467.538900 7.956524 24.477607 5.564 71.5498 0.490231 9.67601 0.77842 0 1.98579 0.976266 0.703143 4.09627 4.61403 1.66524 0.856446 2.60831 38.7
500.00 1163.15 17.474147 44.581081 -232723.785890 7.695982 23.561069 5.669 72.2612 0.473909 9.32351 0.728897 0 1.82869 1.01112 0.644388 3.96162 4.57876 1.71452 0.857344 2.61601 38.6
500.00 1153.15 16.904375 42.912418 -225642.104559 7.457212 22.723751 5.770 72.9435 0.458583 8.98389 0.682157 0 1.68321 1.0452 0.591147 3.83161 4.53896 1.76189 0.856632 2.62319 38.5
500.00 1143.15 16.384014 41.380646 -219166.301053 7.238339 21.959161 5.867 73.592 0.444112 8.65631 0.63815 0 1.54846 1.0784 0.542877 3.70984 4.49495 1.80719 0.857791 2.62992 38.5
500.00 1133.15 15.907438 39.970128 -213228.537761 7.037153 21.258913 5.960 74.2081 0.430414 8.34049 0.596749 0 1.42369 1.11071 0.499021 3.59593 4.44736 1.85044 0.860857 2.63625 38.5
500.00 1123.15 15.469833 38.667466 -207770.695607 6.851758 20.615848 6.050 74.7931 0.417415 8.03611 0.557832 0 1.30818 1.14213 0.459099 3.48956 4.39674 1.89167 0.865892 2.64224 38.5
500.00 1113.15 15.067065 37.461127 -202742.765604 6.680519 20.023832 6.135 75.3483 0.405046 7.74287 0.521277 0 1.20129 1.17266 0.422695 3.3905 4.34355 1.93089 0.872981 2.64794 38.5
500.00 1103.15 14.691501 36.330863 -198031.637013 6.520230 19.471450 6.217 75.8778 0.381716 7.45829 0.491006 0 1.11172 1.20177 0.386779 3.29942 4.28789 1.96854 0.881183 2.65389 38.3
500.00 1093.15 14.321997 35.220218 -193403.125241 6.362639 18.928623 6.307 76.4263 0.35219 7.17413 0.464527 0 1.0327 1.20119 0.347962 3.22016 4.22911 2.00674 0.887447 2.65753 37.5
500.00 1083.15 13.964406 34.146030 -188968.492034 6.210699 18.404651 6.404 76.9928 0.329248 6.89056 0.429044 0 0.935136 1.18725 0.310398 3.16005 4.16772 2.04482 0.893265 2.6597 37.2
500.00 1073.15 13.636996 33.154334 -184909.309986 6.071113 17.924530 6.497 77.5263 0.30804 6.61949 0.39537 0 0.844456 1.1737 0.276378 3.10652 4.10622 2.08057 0.901191 2.66176 36.8
500.00 1063.15 13.336824 32.236834 -181189.071026 5.942685 17.483914 6.588 78.0275 0.288399 6.36042 0.36353 0 0.760474 1.1606 0.24554 3.0596 4.04483 2.11402 0.911338 2.66373 36.5
500.00 1053.15 13.061317 31.386265 -177775.980831 5.824368 17.079015 6.675 78.4971 0.270184 6.11286 0.333516 0 0.682941 1.14801 0.21757 3.01938 3.98375 2.1452 0.923845 2.66565 36.2
500.00 1043.15 12.808226 30.596257 -174642.339378 5.715247 16.706536 6.761 78.9356 0.25327 5.87637 0.305301 0 0.61157 1.13595 0.192201 2.98599 3.92318 2.17413 0.938881 2.66754 35.9
500.00 1033.15 12.575582 29.861215 -171763.989025 5.614520 16.363603 6.844 79.3436 0.237549 5.65051 0.278839 0 0.546047 1.12443 0.169201 2.95962 3.86325 2.20084 0.956644 2.66943 35.6

olivine_0 thermodynamic data and composition:
Pressure Temperature mass S H V Cp formula SiO2 TiO2 Al2O3 Fe2O3 Cr2O3 FeO MnO MgO CaO Na2O K2O P2O5 H2O
500.00 1413.15 0.307172 0.728018 -3722.813525 0.092863 0.377089 (Ca0.01Mg0.81Fe''0.19Mn0.00Co0.00Ni0.00)2SiO4 39.3163 0 0 0 0 17.4578 0.349946 42.4433 0.432623 0 0 0 0
500.00 1403.15 0.816744 1.925472 -9809.074099 0.245682 0.997282 (Ca0.01Mg0.80Fe''0.20Mn0.00Co0.00Ni0.00)2SiO4 39.1129 0 0 0 0 18.5213 0.382922 41.5674 0.415454 0 0 0 0
500.00 1393.15 0.779028 1.826571 -9266.330157 0.233115 0.945918 (Ca0.01Mg0.78Fe''0.21Mn0.00Co0.00Ni0.00)2SiO4 38.9001 0 0 0 0 19.6291 0.421113 40.6506 0.399064 0 0 0 0
500.00 1383.15 0.694026 1.618158 -8170.534599 0.206543 0.837768 (Ca0.01Mg0.77Fe''0.22Mn0.01Co0.00Ni0.00)2SiO4 38.6759 0 0 0 0 20.7959 0.460256 39.6838 0.384056 0 0 0 0
500.00 1373.15 0.519088 1.203628 -6053.096097 0.153691 0.623136 (Ca0.01Mg0.76Fe''0.24Mn0.01Co0.00Ni0.00)2SiO4 38.4689 0 0 0 0 21.8583 0.51286 38.7916 0.368369 0 0 0 0
500.00 1363.15 0.216843 0.500414 -2515.654136 0.063996 0.259345 (Ca0.00Mg0.75Fe''0.24Mn0.01Co0.00Ni0.00)2SiO4 38.348 0 0 0 0 22.4298 0.600346 38.2728 0.349047 0 0 0 0
500.00 1353.15 0.175458 0.403029 -2026.723932 0.051635 0.209141 (Ca0.00Mg0.74Fe''0.25Mn0.01Co0.00Ni0.00)2SiO4 38.2428 0 0 0 0 22.9137 0.690758 37.8219 0.330901 0 0 0 0
500.00 1343.15 0.153824 0.351700 -1769.687407 0.045146 0.182757 (Ca0.00Mg0.74Fe''0.26Mn0.01Co0.00Ni0.00)2SiO4 38.1439 0 0 0 0 23.3617 0.782392 37.398 0.314022 0 0 0 0
500.00 1093.15 0.029712 0.057655 -251.806387 0.007550 0.029704 (Ca0.00Mg0.27Fe''0.54Mn0.19Co0.00Ni0.00)2SiO4 32.2479 0 0 0 0 41.6077 14.2793 11.6671 0.198091 0 0 0 0
500.00 1083.15 0.041195 0.079368 -345.531497 0.010420 0.040936 (Ca0.00Mg0.26Fe''0.55Mn0.20Co0.00Ni0.00)2SiO4 32.0661 0 0 0 0 41.9254 14.9437 10.8695 0.195286 0 0 0 0
500.00 1073.15 0.036319 0.069480 -301.723937 0.009147 0.035881 (Ca0.00Mg0.24Fe''0.55Mn0.21Co0.00Ni0.00)2SiO4 31.8961 0 0 0 0 42.1597 15.6292 10.1226 0.192394 0 0 0 0
500.00 1063.15 0.032034 0.060852 -263.769784 0.008035 0.031471 (Ca0.00Mg0.22Fe''0.56Mn0.22Co0.00Ni0.00)2SiO4 31.7367 0 0 0 0 42.3138 16.339 9.42112 0.189465 0 0 0 0
500.00 1053.15 0.028273 0.053332 -230.895796 0.007065 0.027627 (Ca0.00Mg0.21Fe''0.56Mn0.23Co0.00Ni0.00)2SiO4 31.5868 0 0 0 0 42.3902 17.0756 8.76079 0.186543 0 0 0 0
500.00 1043.15 0.024974 0.046783 -202.416764 0.006219 0.024277 (Ca0.00Mg0.20Fe''0.56Mn0.24Co0.00Ni0.00)2SiO4 31.4458 0 0 0 0 42.391 17.8416 8.13795 0.183667 0 0 0 0
500.00 1033.15 0.022082 0.041080 -177.731980 0.005480 0.021359 (Ca0.00Mg0.18Fe''0.57Mn0.25Co0.00Ni0.00)2SiO4 31.3128 0 0 0 0 42.3173 18.6395 7.54957 0.180868 0 0 0 0

rhm-oxide_0 thermodynamic data and composition:
Pressure Temperature mass S H V Cp formula SiO2 TiO2 Al2O3 Fe2O3 Cr2O3 FeO MnO MgO CaO Na2O K2O P2O5 H2O
500.00 1103.15 0.005515 0.010048 -40.638614 0.001182 0.004994 Mn0.05Fe''0.77Mg0.07Fe'''0.22Ti0.89O3 0 47.2789 0 11.6428 0 36.9809 2.30054 1.7969 0 0 0 0 0
500.00 1093.15 0.012792 0.023191 -94.208110 0.002739 0.011569 Mn0.05Fe''0.78Mg0.06Fe'''0.22Ti0.89O3 0 47.2816 0 11.5367 0 37.1324 2.38276 1.66653 0 0 0 0 0
500.00 1083.15 0.010191 0.018381 -75.110909 0.002181 0.009202 Mn0.05Fe''0.78Mg0.06Fe'''0.21Ti0.89O3 0 47.3996 0 11.2338 0 37.3346 2.46762 1.56439 0 0 0 0 0
500.00 1073.15 0.009129 0.016379 -67.345592 0.001952 0.008230 Mn0.05Fe''0.79Mg0.05Fe'''0.21Ti0.90O3 0 47.5275 0 10.9171 0 37.5294 2.55741 1.46862 0 0 0 0 0
500.00 1063.15 0.008214 0.014660 -60.664658 0.001755 0.007393 Mn0.06Fe''0.79Mg0.05Fe'''0.20Ti0.90O3 0 47.6637 0 10.5888 0 37.7164 2.65278 1.37825 0 0 0 0 0
500.00 1053.15 0.007422 0.013176 -54.885473 0.001585 0.006669 Mn0.06Fe''0.80Mg0.05Fe'''0.19Ti0.90O3 0 47.8069 0 10.2512 0 37.895 2.75442 1.29252 0 0 0 0 0
500.00 1043.15 0.006734 0.011889 -49.860191 0.001437 0.006040 Mn0.06Fe''0.80Mg0.05Fe'''0.19Ti0.91O3 0 47.9557 0 9.9059 0 38.0645 2.86305 1.21083 0 0 0 0 0
500.00 1033.15 0.006131 0.010766 -45.468678 0.001308 0.005491 Mn0.06Fe''0.80Mg0.04Fe'''0.18Ti0.91O3 0 48.1094 0 9.55452 0 38.224 2.97943 1.13274 0 0 0 0 0

orthopyroxene_0 thermodynamic data and composition:
Pressure Temperature mass S H V Cp structure formula SiO2 TiO2 Al2O3 Fe2O3 Cr2O3 FeO MnO MgO CaO Na2O K2O P2O5 H2O
500.00 1333.15 0.479920 1.101507 -5930.790893 0.145358 0.588912 opx Na0.00Ca0.07Fe''0.45Mg1.41Fe'''0.03Ti0.00Al0.10Si1.93O6 53.4528 0.123019 2.38465 1.13141 0 14.8086 0 26.2263 1.85296 0.0202615 0 0 0
500.00 1323.15 0.467823 1.068670 -5769.727290 0.141478 0.572786 opx Na0.00Ca0.07Fe''0.46Mg1.40Fe'''0.03Ti0.00Al0.10Si1.93O6 53.4362 0.115465 2.30466 1.09041 0 15.1753 0 26.007 1.85049 0.020421 0 0 0
500.00 1313.15 0.513920 1.168225 -6321.838972 0.155149 0.627657 opx Na0.00Ca0.07Fe''0.47Mg1.39Fe'''0.03Ti0.00Al0.09Si1.94O6 53.4106 0.107124 2.21315 1.0484 0 15.6058 0 25.7426 1.85159 0.020703 0 0 0
500.00 1303.15 0.695378 1.572284 -8516.773497 0.209425 0.846497 opx Na0.00Ca0.07Fe''0.49Mg1.37Fe'''0.03Ti0.00Al0.09Si1.94O6 53.3584 0.0960291 2.08682 1.00261 0 16.2279 0 25.3413 1.8656 0.0213024 0 0 0
500.00 1293.15 0.547495 1.231315 -6677.680174 0.164501 0.664362 opx Na0.00Ca0.07Fe''0.51Mg1.36Fe'''0.03Ti0.00Al0.08Si1.94O6 53.3043 0.0864191 1.97135 0.959552 0 16.8254 0 24.9592 1.87202 0.0217953 0 0 0
500.00 1283.15 0.437760 0.979265 -5317.898701 0.131227 0.529561 opx Na0.00Ca0.07Fe''0.53Mg1.34Fe'''0.03Ti0.00Al0.08Si1.95O6 53.2484 0.0780263 1.86505 0.918881 0 17.4033 0 24.5925 1.87173 0.0221887 0 0 0
500.00 1273.15 0.353811 0.787236 -4281.420000 0.105822 0.426712 opx Na0.00Ca0.07Fe''0.55Mg1.32Fe'''0.02Ti0.00Al0.08Si1.95O6 53.1907 0.0706506 1.76669 0.880336 0 17.9652 0 24.2386 1.86542 0.0224885 0 0 0
500.00 1263.15 0.288043 0.637455 -3472.390633 0.085958 0.346358 opx Na0.00Ca0.07Fe''0.57Mg1.31Fe'''0.02Ti0.00Al0.07Si1.95O6 53.1312 0.0641376 1.67535 0.843707 0 18.5137 0 23.8955 1.85368 0.0227008 0 0 0
500.00 1253.15 0.235640 0.518669 -2830.175189 0.070164 0.282516 opx Na0.00Ca0.07Fe''0.59Mg1.29Fe'''0.02Ti0.00Al0.07Si1.95O6 53.07 0.0583636 1.59029 0.808819 0 19.051 0 23.5618 1.83699 0.0228314 0 0 0
500.00 1243.15 0.193372 0.423320 -2314.085016 0.057451 0.231167 opx Na0.00Ca0.07Fe''0.60Mg1.28Fe'''0.02Ti0.00Al0.07Si1.96O6 53.0071 0.0532275 1.51092 0.775519 0 19.5784 0 23.2362 1.81581 0.0228861 0 0 0
500.00 1233.15 0.158966 0.346099 -1895.567775 0.047125 0.189493 opx Na0.00Ca0.07Fe''0.62Mg1.26Fe'''0.02Ti0.00Al0.06Si1.96O6 52.9426 0.0486445 1.43669 0.743677 0 20.0971 0 22.9179 1.79054 0.0228705 0 0 0
500.00 1223.15 0.130766 0.283137 -1553.822667 0.038681 0.155435 opx Na0.00Ca0.07Fe''0.64Mg1.25Fe'''0.02Ti0.00Al0.06Si1.96O6 52.8767 0.044543 1.36713 0.713175 0 20.6081 0 22.6059 1.76158 0.0227902 0 0 0
500.00 1213.15 0.107525 0.231527 -1273.237503 0.031737 0.127451 opx Na0.00Ca0.07Fe''0.66Mg1.23Fe'''0.02Ti0.00Al0.06Si1.96O6 52.8094 0.0408617 1.30184 0.683912 0 21.1123 0 22.2997 1.72927 0.0226503 0 0 0
500.00 1203.15 0.088285 0.189038 -1041.827008 0.026002 0.104353 opx Na0.00Ca0.07Fe''0.67Mg1.22Fe'''0.02Ti0.00Al0.05Si1.96O6 52.7409 0.0375483 1.24042 0.655798 0 21.6102 0 21.9987 1.69394 0.0224557 0 0 0
500.00 1193.15 0.072294 0.153929 -850.236458 0.021247 0.085216 opx Na0.00Ca0.07Fe''0.69Mg1.21Fe'''0.02Ti0.00Al0.05Si1.97O6 52.6713 0.0345576 1.18255 0.628752 0 22.1024 0 21.7023 1.65592 0.0222112 0 0 0
500.00 1183.15 0.058959 0.124824 -691.075602 0.017290 0.069306 opx Na0.00Ca0.06Fe''0.71Mg1.19Fe'''0.02Ti0.00Al0.05Si1.97O6 52.6006 0.0318506 1.1279 0.602705 0 22.5895 0 21.4101 1.61549 0.0219209 0 0 0
500.00 1173.15 0.047804 0.100628 -558.453759 0.013989 0.056039 opx Na0.00Ca0.06Fe''0.72Mg1.18Fe'''0.02Ti0.00Al0.05Si1.97O6 52.5289 0.0293938 1.07621 0.577597 0 23.0718 0 21.1216 1.57293 0.0215888 0 0 0
500.00 1163.15 0.040924 0.085648 -476.488149 0.011950 0.047843 opx Na0.00Ca0.06Fe''0.74Mg1.17Fe'''0.02Ti0.00Al0.05Si1.97O6 52.4561 0.0271743 1.02686 0.553232 0 23.5513 0 20.8356 1.52851 0.0212167 0 0 0
500.00 1153.15 0.032810 0.068267 -380.755366 0.009560 0.038253 opx Na0.00Ca0.06Fe''0.76Mg1.15Fe'''0.01Ti0.00Al0.04Si1.97O6 52.3825 0.0251491 0.980025 0.529714 0 24.0265 0 20.5528 1.48246 0.0208098 0 0 0
500.00 1143.15 0.025719 0.053199 -297.490612 0.007478 0.029905 opx Na0.00Ca0.06Fe''0.77Mg1.14Fe'''0.01Ti0.00Al0.04Si1.97O6 52.3082 0.0232945 0.935529 0.507019 0 24.4976 0 20.2729 1.43501 0.0203719 0 0 0
500.00 1133.15 0.019739 0.040588 -227.578872 0.005727 0.022890 opx Na0.00Ca0.06Fe''0.79Mg1.13Fe'''0.01Ti0.00Al0.04Si1.97O6 52.2331 0.0215921 0.89318 0.48511 0 24.9649 0 19.9957 1.3864 0.019906 0 0 0
500.00 1123.15 0.014682 0.030009 -168.725345 0.004251 0.016980 opx Na0.00Ca0.05Fe''0.81Mg1.11Fe'''0.01Ti0.00Al0.04Si1.97O6 52.1574 0.0200256 0.852803 0.463955 0 25.4287 0 19.7209 1.33685 0.0194152 0 0 0
500.00 1113.15 0.010394 0.021116 -119.061133 0.003003 0.011988 opx Na0.00Ca0.05Fe''0.82Mg1.10Fe'''0.01Ti0.00Al0.04Si1.98O6 52.081 0.0185812 0.814243 0.443523 0 25.8891 0 19.4481 1.28655 0.0189024 0 0 0
500.00 1103.15 0.010454 0.021103 -119.208849 0.003012 0.012019 opx Na0.00Ca0.05Fe''0.84Mg1.08Fe'''0.01Ti0.00Al0.04Si1.98O6 51.9659 0.0167414 0.781523 0.428845 0 26.474 0 19.0825 1.23218 0.0183139 0 0 0

water thermodynamic data and composition:
Pressure Temperature mass S H V Cp formula
500.00 1313.15 0.022323 0.236835 -253.651713 0.266205 0.062550 H2O
500.00 1303.15 0.098779 1.045894 -1125.196454 1.167022 0.276988 H2O
500.00 1293.15 0.162888 1.721183 -1860.043366 1.906300 0.457135 H2O
500.00 1283.15 0.217647 2.295053 -2491.449291 2.522791 0.611382 H2O
500.00 1273.15 0.265071 2.789302 -3041.769687 3.042696 0.745383 H2O
500.00 1263.15 0.306572 3.219212 -3526.636042 3.484457 0.863102 H2O
500.00 1253.15 0.343185 3.595988 -3957.478445 3.861645 0.967448 H2O
500.00 1243.15 0.375695 3.928143 -4342.967303 4.184603 1.060634 H2O
500.00 1233.15 0.404716 4.222347 -4689.885512 4.461446 1.144400 H2O
500.00 1223.15 0.430743 4.483951 -5003.673034 4.698694 1.220144 H2O
500.00 1213.15 0.454177 4.717332 -5288.778386 4.901675 1.289016 H2O
500.00 1203.15 0.475355 4.926118 -5548.893949 5.074806 1.351977 H2O
500.00 1193.15 0.494557 5.113352 -5787.119632 5.221785 1.409837 H2O
500.00 1183.15 0.512020 5.281608 -6006.081035 5.345733 1.463290 H2O
500.00 1173.15 0.527947 5.433076 -6208.017715 5.449301 1.512931 H2O
500.00 1163.15 0.542655 5.571104 -6396.539602 5.536215 1.559693 H2O
500.00 1153.15 0.556134 5.695662 -6571.434048 5.606759 1.603575 H2O
500.00 1143.15 0.568502 5.808027 -6733.997908 5.662495 1.644945 H2O
500.00 1133.15 0.579877 5.909464 -6885.540871 5.704930 1.684176 H2O
500.00 1123.15 0.590360 6.001067 -7027.199640 5.735364 1.721604 H2O
500.00 1113.15 0.600040 6.083786 -7159.964578 5.754919 1.757529 H2O
500.00 1103.15 0.609024 6.158735 -7285.041326 5.764839 1.792311 H2O
500.00 1093.15 0.618208 6.235005 -7413.145865 5.773711 1.828663 H2O
500.00 1083.15 0.627308 6.309678 -7540.865909 5.778756 1.865837 H2O
500.00 1073.15 0.635658 6.376076 -7660.201350 5.773903 1.901948 H2O
500.00 1063.15 0.643327 6.434929 -7771.936773 5.759992 1.937279 H2O
500.00 1053.15 0.650378 6.486884 -7876.769905 5.737756 1.972105 H2O
500.00 1043.15 0.656865 6.532509 -7975.321235 5.707833 2.006690 H2O
500.00 1033.15 0.662835 6.572303 -8068.143350 5.670781 2.041298 H2O

spinel_0 thermodynamic data and composition:
Pressure Temperature mass S H V Cp formula SiO2 TiO2 Al2O3 Fe2O3 Cr2O3 FeO MnO MgO CaO Na2O K2O P2O5 H2O
500.00 1393.15 0.232136 0.501846 -1532.264326 0.051899 0.227393 Fe''0.72Mg0.44Fe'''1.03Al0.47Cr0.17Ti0.16O4 0 6.48643 11.9704 40.7285 6.32939 25.6289 0 8.85637 0 0 0 0 0
500.00 1383.15 0.151384 0.324608 -946.731799 0.033478 0.146305 Fe''0.81Mg0.40Fe'''1.11Al0.39Cr0.07Ti0.22O4 0 8.35238 9.56445 43.0506 2.76567 28.383 0 7.88388 0 0 0 0 0
500.00 1373.15 0.786349 1.671752 -4743.095797 0.172589 0.753505 Fe''0.89Mg0.37Fe'''1.15Al0.33Cr0.00Ti0.26O4 0 9.90236 7.9649 44.1979 0.166088 30.5929 0 7.17588 0 0 0 0 0
500.00 1363.15 2.039070 4.309723 -12126.396794 0.445572 1.944731 Fe''0.91Mg0.35Fe'''1.17Al0.31Cr0.00Ti0.26O4 0 10.0383 7.45098 44.505 0 31.2069 0 6.79885 0 0 0 0 0
500.00 1353.15 1.484105 3.120541 -8728.540189 0.323088 1.409791 Fe''0.93Mg0.34Fe'''1.18Al0.29Cr0.00Ti0.27O4 0 10.0804 7.05528 44.721 0 31.6555 0 6.48781 0 0 0 0 0
500.00 1343.15 1.078758 2.256846 -6282.617750 0.234047 1.021041 Fe''0.94Mg0.33Fe'''1.19Al0.28Cr0.00Ti0.27O4 0 10.1255 6.70003 44.9019 0 32.0623 0 6.21031 0 0 0 0 0
500.00 1333.15 0.818748 1.703895 -4715.787347 0.176972 0.771911 Fe''0.96Mg0.31Fe'''1.20Al0.26Cr0.00Ti0.27O4 0 10.2011 6.30404 45.0525 0 32.5451 0 5.89729 0 0 0 0 0
500.00 1323.15 0.636143 1.316984 -3625.868359 0.137011 0.597523 Fe''0.98Mg0.30Fe'''1.20Al0.25Cr0.00Ti0.27O4 0 10.2828 5.93003 45.173 0 33.0162 0 5.59796 0 0 0 0 0
500.00 1313.15 0.541952 1.115979 -3054.781656 0.116288 0.507095 Fe''1.00Mg0.28Fe'''1.21Al0.23Cr0.00Ti0.28O4 0 10.3892 5.5319 45.2652 0 33.5319 0 5.28185 0 0 0 0 0
500.00 1303.15 0.508511 1.040983 -2826.072705 0.108621 0.473647 Fe''1.02Mg0.26Fe'''1.22Al0.21Cr0.00Ti0.28O4 0 10.5585 5.03258 45.3141 0 34.2043 0 4.89045 0 0 0 0 0
500.00 1293.15 0.398734 0.811663 -2189.301561 0.084834 0.369922 Fe''1.05Mg0.24Fe'''1.23Al0.20Cr0.00Ti0.29O4 0 10.7033 4.60748 45.3498 0 34.7911 0 4.54838 0 0 0 0 0
500.00 1283.15 0.319415 0.646656 -1735.422073 0.067718 0.295288 Fe''1.07Mg0.23Fe'''1.23Al0.18Cr0.00Ti0.29O4 0 10.8295 4.23869 45.3762 0 35.3102 0 4.24539 0 0 0 0 0
500.00 1273.15 0.260191 0.523955 -1400.648366 0.054985 0.239773 Fe''1.08Mg0.21Fe'''1.24Al0.17Cr0.00Ti0.30O4 0 10.9415 3.9142 45.3953 0 35.7747 0 3.97429 0 0 0 0 0
500.00 1263.15 0.214794 0.430286 -1146.876405 0.045259 0.197367 Fe''1.10Mg0.20Fe'''1.24Al0.16Cr0.00Ti0.30O4 0 11.0426 3.62554 45.4075 0 36.1945 0 3.72983 0 0 0 0 0
500.00 1253.15 0.179271 0.357286 -950.306470 0.037673 0.164291 Fe''1.11Mg0.19Fe'''1.25Al0.14Cr0.00Ti0.31O4 0 11.1357 3.36653 45.4126 0 36.5771 0 3.50799 0 0 0 0 0
500.00 1243.15 0.151012 0.299447 -795.377191 0.031657 0.138055 Fe''1.13Mg0.18Fe'''1.25Al0.13Cr0.00Ti0.31O4 0 11.2229 3.13244 45.4103 0 36.9287 0 3.30564 0 0 0 0 0
500.00 1233.15 0.128226 0.252997 -671.520721 0.026819 0.116961 Fe''1.14Mg0.17Fe'''1.25Al0.13Cr0.00Ti0.31O4 0 11.3062 2.9196 45.3997 0 37.2542 0 3.12025 0 0 0 0 0
500.00 1223.15 0.109650 0.215276 -571.324652 0.022885 0.099805 Fe''1.15Mg0.16Fe'''1.25Al0.12Cr0.00Ti0.31O4 0 11.3871 2.72504 45.3803 0 37.5579 0 2.94972 0 0 0 0 0
500.00 1213.15 0.094360 0.184350 -489.446625 0.019655 0.085719 Fe''1.16Mg0.15Fe'''1.26Al0.11Cr0.00Ti0.32O4 0 11.467 2.54637 45.3513 0 37.8431 0 2.79233 0 0 0 0 0
500.00 1203.15 0.081672 0.158785 -421.948228 0.016981 0.074056 Fe''1.17Mg0.15Fe'''1.26Al0.10Cr0.00Ti0.32O4 0 11.5468 2.38162 45.3121 0 38.1128 0 2.64659 0 0 0 0 0
500.00 1193.15 0.071067 0.137499 -365.871131 0.014751 0.064328 Fe''1.18Mg0.14Fe'''1.26Al0.10Cr0.00Ti0.32O4 0 11.6276 2.22915 45.2624 0 38.3696 0 2.51124 0 0 0 0 0
500.00 1183.15 0.062146 0.119659 -318.958219 0.012878 0.056160 Fe''1.19Mg0.13Fe'''1.26Al0.09Cr0.00Ti0.33O4 0 11.7101 2.08758 45.2016 0 38.6155 0 2.38519 0 0 0 0 0
500.00 1173.15 0.054598 0.104619 -279.464548 0.011297 0.049261 Fe''1.20Mg0.13Fe'''1.26Al0.09Cr0.00Ti0.33O4 0 11.7948 1.95574 45.1296 0 38.8524 0 2.26748 0 0 0 0 0
500.00 1163.15 0.048268 0.092048 -246.517006 0.009973 0.043485 Fe''1.21Mg0.12Fe'''1.26Al0.08Cr0.00Ti0.33O4 0 11.8933 1.83138 45.0265 0 39.0913 0 2.15759 0 0 0 0 0
500.00 1153.15 0.042727 0.081090 -217.803746 0.008817 0.038438 Fe''1.22Mg0.11Fe'''1.26Al0.08Cr0.00Ti0.33O4 0 11.9949 1.71509 44.9115 0 39.3241 0 2.05452 0 0 0 0 0
500.00 1143.15 0.037970 0.071717 -193.248793 0.007825 0.034111 Fe''1.23Mg0.11Fe'''1.25Al0.07Cr0.00Ti0.34O4 0 12.0985 1.60626 44.787 0 39.5506 0 1.95758 0 0 0 0 0
500.00 1133.15 0.033878 0.063683 -172.204356 0.006974 0.030396 Fe''1.24Mg0.10Fe'''1.25Al0.07Cr0.00Ti0.34O4 0 12.2045 1.50422 44.6531 0 39.772 0 1.86621 0 0 0 0 0
500.00 1123.15 0.030346 0.056769 -154.090273 0.006240 0.027192 Fe''1.25Mg0.10Fe'''1.25Al0.06Cr0.00Ti0.35O4 0 12.3129 1.40838 44.5101 0 39.9888 0 1.77989 0 0 0 0 0
500.00 1113.15 0.027285 0.050796 -138.436858 0.005605 0.024418 Fe''1.25Mg0.09Fe'''1.25Al0.06Cr0.00Ti0.35O4 0 12.4236 1.31823 44.3582 0 40.2018 0 1.69816 0 0 0 0 0
500.00 1103.15 0.018035 0.033395 -91.164656 0.003699 0.016120 Fe''1.26Mg0.09Fe'''1.26Al0.05Cr0.00Ti0.34O4 0 12.2638 1.24459 44.698 0 40.1977 0 1.59592 0 0 0 0 0

feldspar_0 thermodynamic data and composition:
Pressure Temperature mass S H V Cp formula SiO2 TiO2 Al2O3 Fe2O3 Cr2O3 FeO MnO MgO CaO Na2O K2O P2O5 H2O
500.00 1403.15 2.786724 6.632685 -38694.040317 1.039864 3.410509 K0.00Na0.18Ca0.82Al1.82Si2.18O8 47.6473 0 33.6401 0 0 0 0 0 16.6356 2.03626 0.0407798 0 0
500.00 1393.15 2.778747 6.594605 -38610.840411 1.037393 3.397779 K0.00Na0.19Ca0.81Al1.81Si2.19O8 47.8827 0 33.4807 0 0 0 0 0 16.4492 2.14312 0.0442538 0 0
500.00 1383.15 2.413726 5.711659 -33562.672331 0.901571 2.948850 K0.00Na0.20Ca0.80Al1.80Si2.20O8 48.1233 0 33.3179 0 0 0 0 0 16.2587 2.25228 0.0478366 0 0
500.00 1373.15 2.138622 5.046202 -29757.968766 0.799279 2.610491 K0.00Na0.21Ca0.79Al1.79Si2.21O8 48.3915 0 33.1365 0 0 0 0 0 16.0465 2.37443 0.0511093 0 0
500.00 1363.15 2.016542 4.745391 -28077.537518 0.754242 2.459444 K0.00Na0.22Ca0.77Al1.77Si2.23O8 48.728 0 32.9093 0 0 0 0 0 15.7805 2.5286 0.0536403 0 0
500.00 1353.15 1.819856 4.271134 -25355.097995 0.681245 2.217738 K0.00Na0.24Ca0.76Al1.76Si2.24O8 49.084 0 32.6688 0 0 0 0 0 15.4991 2.6915 0.0566476 0 0
500.00 1343.15 1.631362 3.818544 -22743.123939 0.611220 1.986405 K0.00Na0.25Ca0.74Al1.74Si2.26O8 49.455 0 32.4181 0 0 0 0 0 15.2056 2.86112 0.0601013 0 0
500.00 1333.15 1.671064 3.900545 -23311.553840 0.626593 2.033026 K0.00Na0.27Ca0.73Al1.73Si2.27O8 49.7999 0 32.1849 0 0 0 0 0 14.9328 3.01835 0.0640321 0 0
500.00 1323.15 1.531903 3.565597 -21383.865187 0.574873 1.862133 K0.00Na0.28Ca0.72Al1.72Si2.28O8 50.1483 0 31.9493 0 0 0 0 0 14.6571 3.17699 0.0683042 0 0
500.00 1313.15 1.707338 3.963947 -23846.026578 0.641444 2.073769 K0.00Na0.30Ca0.70Al1.70Si2.30O8 50.6153 0 31.6333 0 0 0 0 0 14.2874 3.3893 0.0746605 0 0
500.00 1303.15 2.334311 5.410730 -32614.106464 0.878795 2.833688 K0.01Na0.33Ca0.67Al1.67Si2.33O8 51.391 0 31.1081 0 0 0 0 0 13.6731 3.74096 0.0868442 0 0
500.00 1293.15 1.981635 4.585196 -27696.405635 0.747523 2.404164 K0.01Na0.36Ca0.63Al1.63Si2.37O8 52.1565 0 30.5895 0 0 0 0 0 13.0666 4.08722 0.100179 0 0
500.00 1283.15 1.708905 3.946587 -23893.331926 0.645894 2.082229 K0.01Na0.39Ca0.61Al1.61Si2.39O8 52.9034 0 30.0831 0 0 0 0 0 12.4746 4.4242 0.114676 0 0
500.00 1273.15 1.490931 3.436069 -20853.660239 0.564557 1.816244 K0.01Na0.42Ca0.58Al1.58Si2.42O8 53.6256 0 29.5932 0 0 0 0 0 11.9018 4.74904 0.130332 0 0
500.00 1263.15 1.311999 3.016946 -18358.239976 0.497680 1.597872 K0.01Na0.44Ca0.55Al1.55Si2.45O8 54.3189 0 29.1224 0 0 0 0 0 11.3517 5.05985 0.147132 0 0
500.00 1253.15 1.162265 2.666229 -16269.813382 0.441617 1.415108 K0.01Na0.47Ca0.52Al1.52Si2.48O8 54.9811 0 28.6723 0 0 0 0 0 10.8259 5.35563 0.165058 0 0
500.00 1243.15 1.035191 2.368655 -14497.253521 0.393952 1.259988 K0.01Na0.49Ca0.50Al1.50Si2.50O8 55.6117 0 28.2433 0 0 0 0 0 10.3248 5.63612 0.184096 0 0
500.00 1233.15 0.926235 2.113603 -12977.197451 0.353009 1.126974 K0.01Na0.51Ca0.47Al1.47Si2.53O8 56.2112 0 27.8349 0 0 0 0 0 9.84798 5.90159 0.204237 0 0
500.00 1223.15 0.832092 1.893344 -11663.573850 0.317568 1.012039 K0.01Na0.54Ca0.45Al1.45Si2.55O8 56.781 0 27.4464 0 0 0 0 0 9.3945 6.15262 0.225485 0 0
500.00 1213.15 0.750258 1.702015 -10521.507396 0.286709 0.912134 K0.01Na0.56Ca0.43Al1.43Si2.57O8 57.3226 0 27.0765 0 0 0 0 0 8.96298 6.39 0.247851 0 0
500.00 1203.15 0.678777 1.535022 -9523.703710 0.259710 0.824873 K0.02Na0.57Ca0.41Al1.41Si2.59O8 57.8381 0 26.7241 0 0 0 0 0 8.55192 6.61459 0.271359 0 0
500.00 1193.15 0.616074 1.388672 -8648.246758 0.235991 0.748339 K0.02Na0.59Ca0.39Al1.39Si2.61O8 58.3293 0 26.3877 0 0 0 0 0 8.15976 6.82726 0.296045 0 0
500.00 1183.15 0.560863 1.259938 -7877.206419 0.215076 0.680962 K0.02Na0.61Ca0.37Al1.37Si2.63O8 58.7981 0 26.066 0 0 0 0 0 7.785 7.02888 0.32196 0 0
500.00 1173.15 0.512076 1.146310 -7195.717624 0.196570 0.621443 K0.02Na0.62Ca0.36Al1.36Si2.64O8 59.2465 0 25.7579 0 0 0 0 0 7.42618 7.22025 0.349166 0 0
500.00 1163.15 0.470927 1.050384 -6620.914296 0.180951 0.571245 K0.02Na0.64Ca0.34Al1.34Si2.66O8 59.6784 0 25.4605 0 0 0 0 0 7.08003 7.40295 0.378162 0 0
500.00 1153.15 0.431982 0.959930 -6076.553917 0.166142 0.523774 K0.02Na0.65Ca0.32Al1.32Si2.68O8 60.0928 0 25.1745 0 0 0 0 0 6.74739 7.57666 0.408687 0 0
500.00 1143.15 0.397076 0.878982 -5588.490218 0.152853 0.481252 K0.03Na0.67Ca0.31Al1.31Si2.69O8 60.4909 0 24.8991 0 0 0 0 0 6.4273 7.74189 0.440804 0 0
500.00 1133.15 0.365915 0.806811 -5152.644936 0.140977 0.443318 K0.03Na0.68Ca0.29Al1.29Si2.71O8 60.8741 0 24.6334 0 0 0 0 0 6.11869 7.89919 0.474645 0 0
500.00 1123.15 0.338004 0.742258 -4762.143577 0.130329 0.409371 K0.03Na0.69Ca0.28Al1.28Si2.72O8 61.2435 0 24.3765 0 0 0 0 0 5.82056 8.04904 0.510362 0 0
500.00 1113.15 0.312925 0.684336 -4411.145107 0.120753 0.378904 K0.03Na0.71Ca0.26Al1.26Si2.74O8 61.6003 0 24.1277 0 0 0 0 0 5.53204 8.19182 0.548137 0 0
500.00 1103.15 0.293245 0.638567 -4135.940566 0.113242 0.355018 K0.03Na0.72Ca0.25Al1.25Si2.75O8 61.9379 0 23.8913 0 0 0 0 0 5.25818 8.32422 0.588454 0 0
500.00 1093.15 0.286945 0.622095 -4049.294791 0.110881 0.347369 K0.04Na0.73Ca0.24Al1.24Si2.76O8 62.2439 0 23.6757 0 0 0 0 0 5.00893 8.44116 0.630266 0 0
500.00 1083.15 0.277522 0.598924 -3918.524014 0.107298 0.335984 K0.04Na0.73Ca0.23Al1.23Si2.77O8 62.5163 0 23.4829 0 0 0 0 0 4.78628 8.54266 0.671846 0 0
500.00 1073.15 0.255192 0.548170 -3605.268277 0.098717 0.309040 K0.04Na0.74Ca0.22Al1.22Si2.78O8 62.7789 0 23.2962 0 0 0 0 0 4.57098 8.63835 0.715567 0 0
500.00 1063.15 0.235150 0.502715 -3323.988303 0.091010 0.284934 K0.04Na0.75Ca0.21Al1.21Si2.79O8 63.0323 0 23.1152 0 0 0 0 0 4.36253 8.72836 0.761682 0 0
500.00 1053.15 0.217105 0.461881 -3070.628758 0.084067 0.263321 K0.05Na0.76Ca0.20Al1.20Si2.80O8 63.2769 0 22.9394 0 0 0 0 0 4.16042 8.81276 0.810493 0 0
500.00 1043.15 0.200807 0.425084 -2841.689411 0.077792 0.243912 K0.05Na0.76Ca0.19Al1.19Si2.81O8 63.5134 0 22.7684 0 0 0 0 0 3.9642 8.89158 0.862367 0 0
500.00 1033.15 0.186041 0.391824 -2634.169972 0.072105 0.226465 K0.05Na0.77Ca0.18Al1.18Si2.82O8 63.7423 0 22.6018 0 0 0 0 0 3.77336 8.96478 0.917762 0 0

apatite thermodynamic data and composition:
Pressure Temperature mass S H V Cp formula
500.00 1163.15 0.012236 0.025982 -152.146744 0.003995 0.013862 Ca5(PO4)3OH
500.00 1153.15 0.012809 0.027073 -159.411477 0.004182 0.014490 Ca5(PO4)3OH
500.00 1143.15 0.011069 0.023286 -137.881800 0.003614 0.012503 Ca5(PO4)3OH
500.00 1133.15 0.009494 0.019879 -118.371101 0.003100 0.010709 Ca5(PO4)3OH
500.00 1123.15 0.008050 0.016775 -100.458881 0.002629 0.009066 Ca5(PO4)3OH
500.00 1113.15 0.006708 0.013912 -83.789675 0.002190 0.007544 Ca5(PO4)3OH
500.00 1103.15 0.005892 0.012160 -73.663455 0.001924 0.006616 Ca5(PO4)3OH
500.00 1093.15 0.006565 0.013481 -82.150483 0.002144 0.007360 Ca5(PO4)3OH
500.00 1083.15 0.006570 0.013424 -82.285400 0.002145 0.007354 Ca5(PO4)3OH
500.00 1073.15 0.005350 0.010876 -67.066294 0.001747 0.005979 Ca5(PO4)3OH
500.00 1063.15 0.004189 0.008472 -52.561856 0.001368 0.004674 Ca5(PO4)3OH
500.00 1053.15 0.003069 0.006175 -38.544832 0.001002 0.003419 Ca5(PO4)3OH
500.00 1043.15 0.001973 0.003948 -24.798091 0.000644 0.002194 Ca5(PO4)3OH
500.00 1033.15 0.000883 0.001758 -11.108725 0.000288 0.000980 Ca5(PO4)3OH

clinopyroxene_0 thermodynamic data and composition:
Pressure Temperature mass S H V Cp structure formula SiO2 TiO2 Al2O3 Fe2O3 Cr2O3 FeO MnO MgO CaO Na2O K2O P2O5 H2O
500.00 1413.15 1.641297 3.782447 -20996.451584 0.505825 1.936371 cpx Na0.01Ca0.82Fe''0.16Mg0.85Fe'''0.07Ti0.02Al0.23Si1.84O6 49.8637 0.639587 5.2243 2.63024 0 5.29817 0 15.5106 20.666 0.167482 0 0 0
500.00 1403.15 3.563893 8.182112 -45456.875187 1.095652 4.194170 cpx Na0.01Ca0.81Fe''0.17Mg0.84Fe'''0.08Ti0.02Al0.23Si1.83O6 49.5818 0.737561 5.33076 2.7619 0 5.62036 0 15.2744 20.517 0.176256 0 0 0
500.00 1393.15 3.098979 7.087540 -39407.822093 0.950425 3.638116 cpx Na0.01Ca0.81Fe''0.18Mg0.83Fe'''0.08Ti0.02Al0.24Si1.83O6 49.3309 0.838873 5.3903 2.87874 0 5.95957 0 15.0611 20.3561 0.184523 0 0 0
500.00 1383.15 2.552952 5.815782 -32360.326792 0.780969 2.989232 cpx Na0.01Ca0.80Fe''0.20Mg0.82Fe'''0.08Ti0.03Al0.24Si1.82O6 49.0512 0.952321 5.464 3.00608 0 6.30522 0 14.822 20.206 0.193225 0 0 0
500.00 1373.15 2.765993 6.277050 -34969.200417 0.844385 3.231864 cpx Na0.01Ca0.80Fe''0.21Mg0.81Fe'''0.09Ti0.03Al0.24Si1.82O6 48.8894 1.02541 5.46844 3.07382 0 6.64855 0 14.6691 20.0247 0.200504 0 0 0
500.00 1363.15 3.399848 7.690247 -42965.807616 1.037454 3.971525 cpx Na0.01Ca0.79Fe''0.22Mg0.82Fe'''0.08Ti0.03Al0.23Si1.82O6 49.1135 0.959808 5.26262 2.95334 0 6.95444 0 14.8123 19.741 0.202916 0 0 0
500.00 1353.15 2.426860 5.471279 -30664.348836 0.740302 2.834497 cpx Na0.01Ca0.77Fe''0.22Mg0.83Fe'''0.08Ti0.03Al0.22Si1.83O6 49.3412 0.895784 5.06237 2.82645 0 7.24113 0 14.9684 19.4595 0.205201 0 0 0
500.00 1343.15 1.760125 3.954839 -22236.309824 0.536719 2.055403 cpx Na0.01Ca0.76Fe''0.23Mg0.84Fe'''0.08Ti0.02Al0.21Si1.84O6 49.5534 0.83881 4.87556 2.7045 0 7.52144 0 15.1216 19.1772 0.207502 0 0 0
500.00 1333.15 1.053395 2.356738 -13311.776902 0.321038 1.228449 cpx Na0.02Ca0.77Fe''0.24Mg0.83Fe'''0.07Ti0.02Al0.21Si1.84O6 49.6234 0.831882 4.76986 2.64927 0 7.62832 0 15.0493 19.235 0.21296 0 0 0
500.00 1323.15 0.725201 1.615144 -9168.640447 0.220892 0.844372 cpx Na0.02Ca0.77Fe''0.24Mg0.83Fe'''0.07Ti0.02Al0.21Si1.85O6 49.6635 0.83653 4.68309 2.60733 0 7.68869 0 14.9304 19.3712 0.219287 0 0 0
500.00 1313.15 0.502026 1.113003 -6348.039080 0.152818 0.583566 cpx Na0.02Ca0.78Fe''0.24Mg0.82Fe'''0.07Ti0.02Al0.20Si1.85O6 49.7194 0.835656 4.57225 2.56334 0 7.78908 0 14.8112 19.482 0.227086 0 0 0
500.00 1303.15 0.249320 0.550190 -3150.019418 0.075827 0.289279 cpx Na0.02Ca0.78Fe''0.25Mg0.81Fe'''0.07Ti0.02Al0.19Si1.85O6 49.8141 0.818386 4.39378 2.51651 0 8.01005 0 14.6759 19.5329 0.238474 0 0 0
500.00 1293.15 0.163130 0.358307 -2059.682904 0.049572 0.188931 cpx Na0.02Ca0.78Fe''0.26Mg0.81Fe'''0.07Ti0.02Al0.19Si1.86O6 49.9066 0.801921 4.22365 2.46826 0 8.21353 0 14.5437 19.5929 0.249479 0 0 0
500.00 1283.15 0.111517 0.243786 -1407.251647 0.033861 0.128923 cpx Na0.02Ca0.79Fe''0.26Mg0.80Fe'''0.07Ti0.02Al0.18Si1.86O6 49.9968 0.786289 4.06093 2.41901 0 8.40283 0 14.4146 19.6594 0.260124 0 0 0
500.00 1273.15 0.080631 0.175427 -1017.048050 0.024464 0.093051 cpx Na0.02Ca0.79Fe''0.27Mg0.79Fe'''0.07Ti0.02Al0.17Si1.87O6 50.0845 0.771536 3.90505 2.36905 0 8.58034 0 14.2886 19.7305 0.270431 0 0 0
500.00 1263.15 0.062471 0.135265 -787.713969 0.018941 0.071967 cpx Na0.02Ca0.79Fe''0.27Mg0.79Fe'''0.07Ti0.02Al0.17Si1.87O6 50.1696 0.757722 3.75571 2.31867 0 8.74776 0 14.1654 19.8048 0.280423 0 0 0
500.00 1253.15 0.052130 0.112326 -657.137912 0.015794 0.059950 cpx Na0.02Ca0.80Fe''0.28Mg0.78Fe'''0.06Ti0.02Al0.16Si1.88O6 50.2517 0.744912 3.61268 2.26808 0 8.90638 0 14.0449 19.8812 0.290129 0 0 0
500.00 1243.15 0.046555 0.099822 -586.732518 0.014095 0.053445 cpx Na0.02Ca0.80Fe''0.28Mg0.78Fe'''0.06Ti0.02Al0.15Si1.88O6 50.3309 0.73316 3.47581 2.21749 0 9.05712 0 13.927 19.9589 0.299578 0 0 0
500.00 1233.15 0.043827 0.093511 -552.276663 0.013260 0.050227 cpx Na0.02Ca0.80Fe''0.29Mg0.77Fe'''0.06Ti0.02Al0.15Si1.89O6 50.4069 0.722511 3.34493 2.16706 0 9.20074 0 13.8117 20.0374 0.308803 0 0 0
500.00 1223.15 0.042742 0.090742 -538.549970 0.012923 0.048900 cpx Na0.02Ca0.81Fe''0.29Mg0.76Fe'''0.06Ti0.02Al0.14Si1.89O6 50.4797 0.712995 3.21984 2.11693 0 9.3378 0 13.6987 20.1161 0.317838 0 0 0
500.00 1213.15 0.042546 0.089873 -536.054454 0.012855 0.048593 cpx Na0.02Ca0.81Fe''0.30Mg0.76Fe'''0.06Ti0.02Al0.14Si1.89O6 50.5494 0.704629 3.10036 2.06723 0 9.46881 0 13.5882 20.1947 0.326716 0 0 0
500.00 1203.15 0.042775 0.089901 -538.950254 0.012916 0.048772 cpx Na0.02Ca0.81Fe''0.30Mg0.75Fe'''0.06Ti0.02Al0.13Si1.90O6 50.6159 0.697422 2.98627 2.01806 0 9.59416 0 13.4799 20.2729 0.335471 0 0 0
500.00 1193.15 0.043153 0.090233 -543.733431 0.013022 0.049120 cpx Na0.03Ca0.82Fe''0.30Mg0.75Fe'''0.06Ti0.02Al0.13Si1.90O6 50.6792 0.691375 2.87735 1.96953 0 9.71423 0 13.3738 20.3504 0.344136 0 0 0
500.00 1183.15 0.043518 0.090529 -548.382456 0.013124 0.049452 cpx Na0.03Ca0.82Fe''0.31Mg0.74Fe'''0.05Ti0.02Al0.12Si1.90O6 50.7396 0.686483 2.77338 1.92171 0 9.82935 0 13.2698 20.4269 0.352745 0 0 0
500.00 1173.15 0.043785 0.090611 -551.806343 0.013196 0.049671 cpx Na0.03Ca0.83Fe''0.31Mg0.74Fe'''0.05Ti0.02Al0.12Si1.91O6 50.797 0.682738 2.67415 1.8747 0 9.93984 0 13.1678 20.5025 0.361329 0 0 0
500.00 1163.15 0.041717 0.085879 -525.816105 0.012565 0.047245 cpx Na0.03Ca0.83Fe''0.32Mg0.73Fe'''0.05Ti0.02Al0.11Si1.91O6 50.851 0.680751 2.57916 1.82844 0 10.0466 0 13.0672 20.5769 0.369943 0 0 0
500.00 1153.15 0.041725 0.085441 -526.005164 0.012559 0.047174 cpx Na0.03Ca0.83Fe''0.32Mg0.73Fe'''0.05Ti0.02Al0.11Si1.91O6 50.9021 0.679905 2.48855 1.78314 0 10.1493 0 12.9685 20.65 0.378595 0 0 0
500.00 1143.15 0.041823 0.085185 -527.344790 0.012581 0.047205 cpx Na0.03Ca0.84Fe''0.32Mg0.72Fe'''0.05Ti0.02Al0.11Si1.92O6 50.9505 0.680122 2.40216 1.73889 0 10.248 0 12.8714 20.7217 0.387313 0 0 0
500.00 1133.15 0.041760 0.084599 -526.665801 0.012555 0.047054 cpx Na0.03Ca0.84Fe''0.33Mg0.72Fe'''0.05Ti0.02Al0.10Si1.92O6 50.9961 0.681402 2.31978 1.69575 0 10.343 0 12.776 20.7918 0.396129 0 0 0
500.00 1123.15 0.041557 0.083730 -524.229300 0.012486 0.046745 cpx Na0.03Ca0.84Fe''0.33Mg0.71Fe'''0.05Ti0.02Al0.10Si1.92O6 51.039 0.683749 2.24125 1.65379 0 10.4348 0 12.682 20.8603 0.405073 0 0 0
500.00 1113.15 0.041236 0.082626 -520.306247 0.012382 0.046304 cpx Na0.03Ca0.84Fe''0.33Mg0.71Fe'''0.05Ti0.02Al0.10Si1.92O6 51.0793 0.687168 2.16638 1.61308 0 10.5236 0 12.5893 20.927 0.414177 0 0 0
500.00 1103.15 0.038689 0.077087 -487.916167 0.011607 0.043355 cpx Na0.03Ca0.85Fe''0.34Mg0.70Fe'''0.04Ti0.02Al0.09Si1.93O6 51.1179 0.670023 2.08383 1.58079 0 10.6986 0 12.4573 20.9694 0.422121 0 0 0
500.00 1093.15 0.029879 0.059185 -376.254500 0.008953 0.033397 cpx Na0.03Ca0.85Fe''0.35Mg0.69Fe'''0.04Ti0.02Al0.09Si1.93O6 51.1232 0.646026 2.00635 1.56752 0 10.9669 0 12.2432 21.0165 0.430257 0 0 0
500.00 1083.15 0.017479 0.034414 -220.069952 0.005233 0.019492 cpx Na0.03Ca0.86Fe''0.35Mg0.68Fe'''0.04Ti0.02Al0.09Si1.93O6 51.1374 0.639905 1.94232 1.54211 0 11.0761 0 12.0636 21.16 0.438573 0 0 0
500.00 1073.15 0.017583 0.034409 -221.341511 0.005260 0.019562 cpx Na0.03Ca0.86Fe''0.35Mg0.67Fe'''0.04Ti0.02Al0.08Si1.93O6 51.1489 0.63519 1.88155 1.51668 0 11.1878 0 11.8867 21.2962 0.446925 0 0 0
500.00 1063.15 0.017471 0.033982 -219.898183 0.005223 0.019393 cpx Na0.03Ca0.87Fe''0.36Mg0.66Fe'''0.04Ti0.02Al0.08Si1.94O6 51.1572 0.631892 1.82404 1.49162 0 11.304 0 11.7109 21.425 0.455352 0 0 0
500.00 1053.15 0.017183 0.033214 -216.210967 0.005132 0.019028 cpx Na0.03Ca0.87Fe''0.36Mg0.65Fe'''0.04Ti0.02Al0.08Si1.94O6 51.1614 0.630047 1.76975 1.46728 0 11.4269 0 11.5343 21.5464 0.463896 0 0 0
500.00 1043.15 0.016750 0.032175 -210.693658 0.004998 0.018504 cpx Na0.03Ca0.88Fe''0.37Mg0.64Fe'''0.04Ti0.02Al0.08Si1.94O6 51.1607 0.629711 1.71867 1.44397 0 11.5589 0 11.3552 21.6603 0.472604 0 0 0
500.00 1033.15 0.016202 0.030925 -203.704521 0.004830 0.017854 cpx Na0.04Ca0.89Fe''0.37Mg0.63Fe'''0.04Ti0.02Al0.07Si1.94O6 51.1544 0.630959 1.67078 1.42199 0 11.7024 0 11.1717 21.7663 0.481523 0 0 0
