Title: Hr

liquid_0 thermodynamic data and composition:
Pressure Temperature mass S H V Cp viscosity SiO2 TiO2 Al2O3 Fe2O3 FeO MnO MgO CaO Na2O K2O P2O5 H2O Mg#
500.00 1523.15 98.131533 265.109212 -1167429.397512 36.345441 145.654093 2.257 50.5878 1.3701 14.8969 2.53383 9.94394 0.196369 6.94975 10.7768 2.25402 0.335876 0.154588 0 55.5
500.00 1513.15 98.132185 264.151010 -1168895.497825 36.322567 145.657436 2.300 50.5875 1.37009 14.8968 2.54045 9.93791 0.196368 6.94971 10.7767 2.254 0.335874 0.154587 0 55.5
500.00 1503.15 98.132876 263.186475 -1170362.254743 36.299725 145.660984 2.344 50.5871 1.37008 14.8967 2.54746 9.93151 0.196366 6.94966 10.7766 2.25398 0.335871 0.154586 0 55.5
500.00 1493.15 98.133609 262.215519 -1171829.692508 36.276917 145.664744 2.388 50.5867 1.37007 14.8966 2.5549 9.92473 0.196365 6.94961 10.7765 2.25397 0.335869 0.154585 0 55.5
500.00 1483.15 98.134385 261.238052 -1173297.836387 36.254143 145.668723 2.433 50.5863 1.37006 14.8965 2.56277 9.91755 0.196363 6.94955 10.7764 2.25395 0.335866 0.154584 0 55.5
500.00 1473.15 97.997965 259.903363 -1172895.700958 36.177586 141.920618 2.477 50.5881 1.37197 14.8715 2.57426 9.92422 0.196637 6.95923 10.7697 2.25333 0.336264 0.154799 0 55.6
500.00 1463.15 94.382184 249.289315 -1125619.598591 34.734780 136.617480 2.478 50.6322 1.42453 14.199 2.66978 10.3072 0.20417 7.22583 10.5994 2.23023 0.346971 0.160729 0 55.5
500.00 1453.15 90.157983 237.122488 -1070780.386130 33.070376 130.378678 2.479 50.6524 1.49049 13.5245 2.77656 10.7314 0.213736 7.42797 10.445 2.20914 0.360545 0.16826 0 55.2
500.00 1443.15 76.475592 200.175541 -897812.984926 27.926510 109.721982 2.511 50.5515 1.73578 12.9322 3.00173 11.7298 0.251976 6.80181 10.0681 2.31078 0.417987 0.198364 0 50.8
500.00 1433.15 66.379968 172.909854 -770734.386880 24.132269 94.532535 2.540 50.4318 1.97777 12.3887 3.20808 12.6849 0.290298 6.2304 9.69219 2.39321 0.474141 0.228533 0 46.7
500.00 1423.15 58.668015 152.070089 -674030.592784 21.232766 82.974477 2.565 50.2925 2.21647 11.8595 3.40047 13.5919 0.328458 5.71259 9.35608 2.45488 0.528525 0.258574 0 42.8
500.00 1413.15 52.569014 135.581219 -597847.098305 18.938875 73.869370 2.586 50.1353 2.45286 11.3431 3.5813 14.4582 0.366566 5.23987 9.05437 2.49859 0.581277 0.288573 0 39.2
500.00 1403.15 47.612049 122.175247 -536173.927408 17.073991 66.498229 2.604 49.9615 2.68779 10.8385 3.75238 15.289 0.404729 4.80552 8.78287 2.52659 0.632504 0.318617 0 35.9
500.00 1393.15 43.493029 111.033323 -485137.728934 15.524118 60.397455 2.619 49.7723 2.92207 10.3452 3.91511 16.0881 0.44306 4.40414 8.53819 2.54073 0.682282 0.348792 0 32.8
500.00 1383.15 40.006639 101.602610 -442128.901247 14.212328 55.254527 2.632 49.569 3.15643 9.8629 4.07057 16.8581 0.48167 4.03129 8.31759 2.54262 0.730666 0.379187 0 29.9
500.00 1373.15 37.009027 93.495856 -405323.528034 13.084761 50.850859 2.642 49.3526 3.39163 9.3914 4.2196 17.6008 0.520684 3.68325 8.11877 2.53363 0.777691 0.4099 0 27.2
500.00 1363.15 34.396161 86.433150 -373406.442355 12.102505 47.028693 2.651 49.1242 3.62843 8.93077 4.36291 18.3173 0.560237 3.35689 7.9398 2.51502 0.823375 0.441038 0 24.6
500.00 1353.15 21.930535 55.402543 -269309.437084 8.541144 29.718460 4.560 62.4863 1.83946 10.2962 2.30051 7.4872 0.878684 1.7778 7.52197 3.44964 1.27052 0.69173 0 29.7
500.00 1343.15 20.409734 51.339519 -252966.702694 8.017573 27.550074 4.824 64.0542 1.73886 10.0158 2.10971 6.70336 0.944157 1.56146 7.27249 3.50147 1.35522 0.743273 0 29.3
500.00 1333.15 19.166663 47.997238 -239455.101893 7.584832 25.778605 5.064 65.4475 1.65542 9.72394 1.94193 6.03806 1.00539 1.37924 7.0512 3.53264 1.43317 0.791478 0 28.9
500.00 1323.15 18.126504 45.183335 -228041.181122 7.219238 24.296973 5.287 66.7029 1.58471 9.42824 1.79218 5.4625 1.06308 1.22288 6.85314 3.548 1.50548 0.836896 0 28.5
500.00 1313.15 17.240619 42.772290 -218241.229144 6.905218 23.035551 5.495 67.845 1.52385 9.13337 1.6571 4.95773 1.11771 1.08684 6.67462 3.55098 1.5729 0.879899 0 28.1
500.00 1303.15 16.475603 40.677616 -209718.969427 6.631971 21.946518 5.690 68.8915 1.47089 8.84224 1.53436 4.51054 1.16961 0.967245 6.5128 3.54408 1.63602 0.920755 0 27.7
500.00 1293.15 15.807544 38.837214 -202231.097178 6.391698 20.995646 5.875 69.8556 1.42439 8.5567 1.42218 4.11124 1.21904 0.861247 6.36542 3.52925 1.69525 0.959668 0 27.2
500.00 1283.15 15.218717 37.204932 -195595.472580 6.178566 20.157576 6.050 70.7477 1.38331 8.27791 1.31923 3.75255 1.2662 0.76671 6.23068 3.508 1.75094 0.996799 0 26.7
500.00 1273.15 14.695625 35.745536 -189672.110772 5.988099 19.412999 6.217 71.5759 1.34683 8.00656 1.22442 3.42875 1.31127 0.681984 6.10709 3.48151 1.80337 1.03228 0 26.2
500.00 1263.15 14.227856 34.431782 -184352.407615 5.816828 18.747030 6.377 72.347 1.31432 7.74314 1.13689 3.13532 1.35439 0.605766 5.99343 3.45078 1.85278 1.06622 0 25.6
500.00 1253.15 13.807185 33.242094 -179549.963379 5.661992 18.147912 6.529 73.0663 1.28528 7.48794 1.0559 2.86855 1.39565 0.537014 5.88867 3.41662 1.89937 1.0987 0 25.0
500.00 1243.15 13.427006 32.159108 -175194.969900 5.521363 17.606207 6.676 73.7386 1.25928 7.24109 0.980847 2.6254 1.43517 0.474877 5.79192 3.37972 1.94331 1.12981 0 24.4
500.00 1233.15 13.081942 31.168660 -171230.270644 5.393116 17.114235 6.817 74.3677 1.23599 7.00266 0.911196 2.40331 1.47302 0.418656 5.70243 3.34065 1.98476 1.15961 0 23.7
500.00 1223.15 12.767561 30.259055 -167608.513112 5.275740 16.665671 6.953 74.9572 1.21512 6.77264 0.846488 2.2001 1.50929 0.367766 5.61951 3.29989 2.02383 1.18817 0 23.0
500.00 1213.15 12.477912 29.414772 -164256.661510 5.167131 16.251948 7.085 75.5151 1.18704 6.55105 0.78812 2.0188 1.54324 0.320895 5.54092 3.25805 2.061 1.21575 0 22.1

clinopyroxene_0 thermodynamic data and composition:
Pressure Temperature mass S H V Cp structure formula SiO2 TiO2 Al2O3 Fe2O3 FeO MnO MgO CaO Na2O K2O P2O5 H2O
500.00 1453.15 0.516731 1.242621 -6403.542532 0.159111 0.634707 cpx Na0.01Ca0.26Fe''0.35Mg1.28Fe'''0.04Ti0.00Al0.13Si1.91O6 52.744 0.136944 3.16316 1.576 11.7058 0 23.8021 6.79666 0.0753612 0 0 0
500.00 1443.15 4.453386 10.648022 -54765.461673 1.365500 5.436924 cpx Na0.01Ca0.28Fe''0.38Mg1.24Fe'''0.05Ti0.00Al0.14Si1.91O6 52.4075 0.15853 3.15665 1.6916 12.5038 0 22.908 7.09077 0.0831321 0 0 0
500.00 1433.15 3.069594 7.300738 -37439.825777 0.937175 3.727771 cpx Na0.01Ca0.28Fe''0.41Mg1.21Fe'''0.05Ti0.00Al0.14Si1.91O6 52.1062 0.177584 3.14006 1.79838 13.4177 0 22.212 7.05983 0.0881424 0 0 0
500.00 1423.15 2.366190 5.598044 -28620.018946 0.719310 2.858532 cpx Na0.01Ca0.28Fe''0.44Mg1.18Fe'''0.05Ti0.01Al0.14Si1.90O6 51.812 0.194847 3.1186 1.90257 14.3501 0 21.538 6.99139 0.0925692 0 0 0
500.00 1413.15 1.884265 4.434132 -22595.207629 0.570301 2.264382 cpx Na0.01Ca0.27Fe''0.47Mg1.15Fe'''0.06Ti0.01Al0.13Si1.90O6 51.5206 0.210227 3.09259 2.00539 15.3091 0 20.8738 6.89184 0.0964424 0 0 0
500.00 1403.15 1.539654 3.603602 -18297.897722 0.463912 1.840391 cpx Na0.01Ca0.27Fe''0.51Mg1.12Fe'''0.06Ti0.01Al0.13Si1.90O6 51.2287 0.223672 3.06232 2.108 16.3016 0 20.2093 6.76661 0.0997867 0 0 0
500.00 1393.15 1.285143 2.991351 -15130.315551 0.385437 1.527775 cpx Na0.01Ca0.26Fe''0.54Mg1.09Fe'''0.06Ti0.01Al0.13Si1.90O6 50.9332 0.235168 3.02804 2.21153 17.333 0 19.536 6.62037 0.102623 0 0 0
500.00 1383.15 1.092504 2.528631 -12735.633429 0.326093 1.291439 cpx Na0.01Ca0.26Fe''0.58Mg1.05Fe'''0.07Ti0.01Al0.13Si1.90O6 50.6314 0.244742 2.98998 2.31711 18.4084 0 18.8464 6.45705 0.104972 0 0 0
500.00 1373.15 0.943985 2.172241 -10889.658363 0.280359 1.109334 cpx Na0.01Ca0.25Fe''0.62Mg1.02Fe'''0.07Ti0.01Al0.13Si1.90O6 50.3206 0.252459 2.94828 2.42594 19.5321 0 18.1337 6.28006 0.106849 0 0 0
500.00 1363.15 0.827956 1.893888 -9445.545009 0.244619 0.967023 cpx Na0.01Ca0.25Fe''0.66Mg0.98Fe'''0.07Ti0.01Al0.13Si1.90O6 49.9984 0.258418 2.90306 2.5393 20.7082 0 17.3921 6.09231 0.108271 0 0 0
500.00 1353.15 4.639986 10.365386 -56367.390102 1.395745 5.311213 cpx Na0.02Ca0.80Fe''0.34Mg0.69Fe'''0.10Ti0.02Al0.16Si1.86O6 49.0117 0.79375 3.60572 3.4883 10.8418 0 12.2022 19.7492 0.307307 0 0 0
500.00 1343.15 0.508118 1.129924 -6163.794281 0.152662 0.580405 cpx Na0.02Ca0.80Fe''0.35Mg0.68Fe'''0.10Ti0.02Al0.16Si1.86O6 49.0596 0.782145 3.47139 3.43564 11.1374 0 12.0269 19.7724 0.314634 0 0 0
500.00 1333.15 0.397456 0.879753 -4815.147029 0.119273 0.453037 cpx Na0.02Ca0.81Fe''0.36Mg0.67Fe'''0.10Ti0.02Al0.15Si1.87O6 49.0939 0.776135 3.35122 3.38873 11.4072 0 11.8444 19.8162 0.322151 0 0 0
500.00 1323.15 0.320115 0.705238 -3873.526577 0.095951 0.364093 cpx Na0.02Ca0.81Fe''0.37Mg0.66Fe'''0.10Ti0.02Al0.15Si1.87O6 49.1154 0.775123 3.24337 3.3478 11.6572 0 11.6542 19.8771 0.3299 0 0 0
500.00 1313.15 0.263694 0.578172 -3187.152279 0.078946 0.299259 cpx Na0.02Ca0.81Fe''0.38Mg0.65Fe'''0.10Ti0.02Al0.14Si1.87O6 49.1244 0.778703 3.14642 3.31289 11.8926 0 11.4558 19.9513 0.337917 0 0 0
500.00 1303.15 0.221160 0.482574 -2670.053867 0.066132 0.250423 cpx Na0.03Ca0.82Fe''0.39Mg0.64Fe'''0.09Ti0.02Al0.14Si1.87O6 49.1212 0.78661 3.05924 3.28404 12.1181 0 11.249 20.0355 0.346237 0 0 0
500.00 1293.15 0.188249 0.408752 -2270.102695 0.056221 0.212663 cpx Na0.03Ca0.82Fe''0.39Mg0.63Fe'''0.09Ti0.02Al0.13Si1.88O6 49.106 0.798697 2.98094 3.26131 12.3381 0 11.0335 20.1265 0.354897 0 0 0
500.00 1283.15 0.162232 0.350515 -1953.997508 0.048389 0.182836 cpx Na0.03Ca0.83Fe''0.40Mg0.62Fe'''0.09Ti0.02Al0.13Si1.88O6 49.0785 0.814915 2.9108 3.2448 12.5567 0 10.8088 20.2215 0.363935 0 0 0
500.00 1273.15 0.141292 0.303739 -1699.574137 0.042086 0.158845 cpx Na0.03Ca0.83Fe''0.41Mg0.60Fe'''0.09Ti0.02Al0.13Si1.88O6 49.0384 0.835305 2.84822 3.2347 12.7777 0 10.5743 20.318 0.373391 0 0 0
500.00 1263.15 0.124181 0.265597 -1491.621679 0.036937 0.139255 cpx Na0.03Ca0.84Fe''0.42Mg0.59Fe'''0.09Ti0.02Al0.13Si1.88O6 48.985 0.860019 2.79281 3.23128 13.0048 0 10.329 20.4137 0.383315 0 0 0
500.00 1253.15 0.110016 0.234088 -1319.383744 0.032675 0.123046 cpx Na0.03Ca0.84Fe''0.43Mg0.58Fe'''0.09Ti0.03Al0.12Si1.88O6 48.9177 0.889308 2.74429 3.23495 13.2415 0 10.0718 20.5068 0.393763 0 0 0
500.00 1243.15 0.098159 0.207765 -1175.085528 0.029107 0.109485 cpx Na0.03Ca0.85Fe''0.43Mg0.56Fe'''0.09Ti0.03Al0.12Si1.88O6 48.8353 0.923533 2.70249 3.24619 13.4909 0 9.80134 20.5955 0.404799 0 0 0
500.00 1233.15 0.088138 0.185564 -1053.000128 0.026091 0.098028 cpx Na0.03Ca0.85Fe''0.44Mg0.55Fe'''0.09Ti0.03Al0.12Si1.88O6 48.7365 0.96317 2.66735 3.26561 13.7563 0 9.51622 20.6783 0.416497 0 0 0
500.00 1223.15 0.079601 0.166686 -948.841723 0.023520 0.088269 cpx Na0.03Ca0.86Fe''0.45Mg0.53Fe'''0.10Ti0.03Al0.12Si1.88O6 48.6199 1.00883 2.63891 3.29394 14.0407 0 9.21474 20.7541 0.428937 0 0 0
500.00 1213.15 0.073730 0.153539 -876.293935 0.021740 0.081493 cpx Na0.03Ca0.86Fe''0.47Mg0.51Fe'''0.10Ti0.03Al0.12Si1.88O6 48.4833 1.05263 2.61315 3.3373 14.381 0 8.87886 20.8118 0.441956 0 0 0

feldspar_0 thermodynamic data and composition:
Pressure Temperature mass S H V Cp formula SiO2 TiO2 Al2O3 Fe2O3 FeO MnO MgO CaO Na2O K2O P2O5 H2O
500.00 1473.15 0.137198 0.336256 -1891.407127 0.051495 0.169196 K0.00Na0.24Ca0.76Al1.76Si2.24O8 49.0517 0 32.6921 0 0 0 0 15.5258 2.68055 0.0498904 0 0
500.00 1463.15 3.616487 8.843880 -49887.464796 1.358687 4.456765 K0.00Na0.25Ca0.74Al1.74Si2.26O8 49.4412 0 32.4282 0 0 0 0 15.2172 2.85668 0.0567806 0 0
500.00 1453.15 3.707633 9.046977 -51175.191166 1.394356 4.565855 K0.00Na0.27Ca0.73Al1.73Si2.27O8 49.8568 0 32.1464 0 0 0 0 14.8877 3.04393 0.0652532 0 0
500.00 1443.15 6.482192 15.792922 -89508.491822 2.442000 7.977868 K0.00Na0.29Ca0.70Al1.70Si2.30O8 50.5039 0 31.7064 0 0 0 0 14.3737 3.33264 0.0833407 0 0
500.00 1433.15 4.734022 11.515588 -65395.431410 1.786518 5.823133 K0.01Na0.32Ca0.67Al1.67Si2.33O8 51.1588 0 31.2606 0 0 0 0 13.8531 3.62341 0.104025 0 0
500.00 1423.15 3.651563 8.867760 -50462.547827 1.380377 4.488927 K0.01Na0.34Ca0.65Al1.65Si2.35O8 51.8075 0 30.8184 0 0 0 0 13.3369 3.90958 0.127632 0 0
500.00 1413.15 2.913575 7.063271 -40279.811857 1.103257 3.579490 K0.01Na0.37Ca0.62Al1.62Si2.38O8 52.4502 0 30.3794 0 0 0 0 12.8248 4.19099 0.154599 0 0
500.00 1403.15 2.386288 5.774478 -33002.869318 0.905095 2.929828 K0.01Na0.39Ca0.60Al1.60Si2.40O8 53.0868 0 29.9437 0 0 0 0 12.3168 4.4673 0.185442 0 0
500.00 1393.15 1.995155 4.818845 -27603.800403 0.757983 2.448009 K0.01Na0.42Ca0.57Al1.57Si2.43O8 53.7172 0 29.5111 0 0 0 0 11.8128 4.7381 0.220777 0 0
500.00 1383.15 1.695968 4.088151 -23472.952530 0.645362 2.079518 K0.02Na0.44Ca0.55Al1.55Si2.45O8 54.3416 0 29.0814 0 0 0 0 11.3126 5.00303 0.261352 0 0
500.00 1373.15 1.461173 3.514965 -20230.295820 0.556907 1.790383 K0.02Na0.46Ca0.52Al1.52Si2.48O8 54.9606 0 28.654 0 0 0 0 10.8156 5.26179 0.308088 0 0
500.00 1363.15 1.272884 3.055533 -17629.137748 0.485915 1.558558 K0.02Na0.48Ca0.50Al1.50Si2.50O8 55.575 0 28.228 0 0 0 0 10.3207 5.51416 0.362137 0 0
500.00 1353.15 1.645768 3.939455 -22815.188163 0.628737 2.014099 K0.02Na0.50Ca0.48Al1.48Si2.52O8 55.9406 0 28.0005 0 0 0 0 10.0478 5.73267 0.278412 0 0
500.00 1343.15 0.676610 1.615622 -9384.385280 0.258823 0.827461 K0.02Na0.52Ca0.46Al1.46Si2.54O8 56.4671 0 27.6408 0 0 0 0 9.62811 5.9629 0.301028 0 0
500.00 1333.15 0.588357 1.401239 -8164.481504 0.225331 0.719006 K0.02Na0.54Ca0.44Al1.44Si2.56O8 56.9567 0 27.3058 0 0 0 0 9.2375 6.17553 0.324493 0 0
500.00 1323.15 0.517370 1.228809 -7183.178097 0.198360 0.631775 K0.02Na0.55Ca0.43Al1.43Si2.57O8 57.4132 0 26.9929 0 0 0 0 8.87281 6.37244 0.348697 0 0
500.00 1313.15 0.459086 1.087266 -6377.400082 0.176191 0.560161 K0.02Na0.57Ca0.41Al1.41Si2.59O8 57.8403 0 26.6996 0 0 0 0 8.53122 6.55532 0.373591 0 0
500.00 1303.15 0.410435 0.969162 -5704.723644 0.157665 0.500391 K0.02Na0.58Ca0.39Al1.39Si2.61O8 58.241 0 26.4239 0 0 0 0 8.21025 6.72565 0.399155 0 0
500.00 1293.15 0.369272 0.869283 -5135.479599 0.141974 0.449828 K0.02Na0.60Ca0.38Al1.38Si2.62O8 58.6183 0 26.1639 0 0 0 0 7.90771 6.88471 0.425392 0 0
500.00 1283.15 0.334081 0.783926 -4648.759097 0.128545 0.409775 K0.03Na0.61Ca0.36Al1.36Si2.64O8 58.9746 0 25.9179 0 0 0 0 7.62159 7.03364 0.452328 0 0
500.00 1273.15 0.303739 0.710380 -4229.043503 0.116957 0.372314 K0.03Na0.62Ca0.35Al1.35Si2.65O8 59.3122 0 25.6842 0 0 0 0 7.35005 7.17352 0.480004 0 0
500.00 1263.15 0.277298 0.646341 -3863.184263 0.106848 0.339671 K0.03Na0.63Ca0.34Al1.34Si2.66O8 59.6331 0 25.4617 0 0 0 0 7.0916 7.30517 0.508468 0 0
500.00 1253.15 0.254078 0.590162 -3541.825665 0.097964 0.311011 K0.03Na0.64Ca0.33Al1.33Si2.67O8 59.9388 0 25.2492 0 0 0 0 6.84491 7.42933 0.537778 0 0
500.00 1243.15 0.233550 0.540551 -3257.638202 0.090104 0.285678 K0.03Na0.65Ca0.32Al1.32Si2.68O8 60.231 0 25.0456 0 0 0 0 6.60878 7.54666 0.568007 0 0
500.00 1233.15 0.215291 0.496478 -3004.778446 0.083107 0.263151 K0.03Na0.66Ca0.30Al1.30Si2.70O8 60.5109 0 24.85 0 0 0 0 6.38215 7.65772 0.599238 0 0
500.00 1223.15 0.198959 0.457110 -2778.530244 0.076844 0.243008 K0.04Na0.67Ca0.29Al1.29Si2.71O8 60.7797 0 24.6617 0 0 0 0 6.16402 7.76303 0.631574 0 0
500.00 1213.15 0.184872 0.423132 -2583.369341 0.071439 0.225632 K0.04Na0.68Ca0.28Al1.28Si2.72O8 61.0372 0 24.4806 0 0 0 0 5.95452 7.86211 0.665573 0 0

rhm-oxide_0 thermodynamic data and composition:
Pressure Temperature mass S H V Cp formula SiO2 TiO2 Al2O3 Fe2O3 FeO MnO MgO CaO Na2O K2O P2O5 H2O
500.00 1213.15 0.003870 0.007396 -27.616586 0.000828 0.003545 Mn0.08Fe''0.75Mg0.04Fe'''0.26Ti0.87O3 0 45.9203 0 13.7671 35.5956 3.52266 1.19427 0 0 0 0 0

clinopyroxene_1 thermodynamic data and composition:
Pressure Temperature mass S H V Cp structure formula SiO2 TiO2 Al2O3 Fe2O3 FeO MnO MgO CaO Na2O K2O P2O5 H2O
500.00 1443.15 2.741704 6.433874 -34502.100034 0.844503 3.267395 cpx Na0.01Ca0.68Fe''0.24Mg0.95Fe'''0.06Ti0.01Al0.17Si1.88O6 51.1007 0.338703 3.93868 2.24049 7.72763 0 17.3337 17.1436 0.176534 0 0 0
500.00 1433.15 2.289426 5.346769 -28659.150775 0.702900 2.716682 cpx Na0.01Ca0.68Fe''0.25Mg0.92Fe'''0.07Ti0.01Al0.17Si1.88O6 50.8041 0.400052 3.95152 2.4107 8.24231 0 16.7976 17.2031 0.19058 0 0 0
500.00 1423.15 1.692612 3.933581 -21077.121647 0.517974 1.999657 cpx Na0.01Ca0.69Fe''0.27Mg0.90Fe'''0.07Ti0.01Al0.17Si1.87O6 50.5005 0.465396 3.96541 2.58607 8.74195 0 16.2489 17.2867 0.205077 0 0 0
500.00 1413.15 1.300296 3.006728 -16105.973255 0.396607 1.529241 cpx Na0.02Ca0.69Fe''0.29Mg0.87Fe'''0.08Ti0.01Al0.17Si1.87O6 50.1876 0.53537 3.98013 2.76882 9.23346 0 15.6871 17.3873 0.220128 0 0 0
500.00 1403.15 1.030702 2.371169 -12697.326734 0.313322 1.206552 cpx Na0.02Ca0.70Fe''0.30Mg0.84Fe'''0.08Ti0.02Al0.18Si1.86O6 49.8631 0.610656 3.99548 2.96109 9.72314 0 15.1113 17.4994 0.235818 0 0 0
500.00 1393.15 0.838829 1.919712 -10275.443817 0.254116 0.977242 cpx Na0.02Ca0.71Fe''0.32Mg0.81Fe'''0.09Ti0.02Al0.18Si1.86O6 49.5242 0.692019 4.01135 3.16506 10.2168 0 14.52 17.6183 0.252219 0 0 0
500.00 1383.15 0.698371 1.589777 -8504.421058 0.210811 0.809579 cpx Na0.02Ca0.72Fe''0.34Mg0.78Fe'''0.10Ti0.02Al0.18Si1.85O6 49.1682 0.780342 4.02765 3.38311 10.72 0 13.9115 17.7397 0.269399 0 0 0
500.00 1373.15 0.593195 1.343030 -7178.585044 0.178397 0.684121 cpx Na0.02Ca0.72Fe''0.36Mg0.75Fe'''0.10Ti0.02Al0.18Si1.84O6 48.7919 0.876672 4.04435 3.61787 11.2378 0 13.2835 17.8605 0.287426 0 0 0
500.00 1363.15 0.513008 1.155043 -6166.919373 0.153681 0.588478 cpx Na0.02Ca0.73Fe''0.37Mg0.71Fe'''0.11Ti0.03Al0.18Si1.84O6 48.3915 0.982279 4.06145 3.87232 11.775 0 12.6333 17.9777 0.306363 0 0 0

spinel_0 thermodynamic data and composition:
Pressure Temperature mass S H V Cp formula SiO2 TiO2 Al2O3 Fe2O3 FeO MnO MgO CaO Na2O K2O P2O5 H2O
500.00 1353.15 6.372229 13.144452 -33133.634947 1.341457 5.856055 Fe''1.18Mg0.17Fe'''1.18Al0.13Cr0.00Ti0.35O4 0 12.6772 2.91979 42.7538 38.5281 0 3.12105 0 0 0 0 0
500.00 1343.15 0.348231 0.715137 -1802.363697 0.073153 0.319310 Fe''1.19Mg0.16Fe'''1.18Al0.12Cr0.00Ti0.35O4 0 12.8265 2.72602 42.5951 38.9134 0 2.93894 0 0 0 0 0
500.00 1333.15 0.267063 0.546059 -1376.918351 0.055993 0.244380 Fe''1.21Mg0.15Fe'''1.17Al0.11Cr0.00Ti0.36O4 0 12.9781 2.5505 42.4197 39.2779 0 2.77375 0 0 0 0 0
500.00 1323.15 0.210880 0.429330 -1083.715376 0.044135 0.192599 Fe''1.22Mg0.14Fe'''1.17Al0.10Cr0.00Ti0.36O4 0 13.1323 2.39002 42.2288 39.627 0 2.62186 0 0 0 0 0
500.00 1313.15 0.170177 0.344988 -872.147502 0.035558 0.155144 Fe''1.23Mg0.14Fe'''1.17Al0.10Cr0.00Ti0.37O4 0 13.2898 2.2422 42.0225 39.9647 0 2.48076 0 0 0 0 0
500.00 1303.15 0.139655 0.281917 -714.087680 0.029135 0.127100 Fe''1.24Mg0.13Fe'''1.16Al0.09Cr0.00Ti0.37O4 0 13.4512 2.10527 41.8006 40.2943 0 2.3486 0 0 0 0 0
500.00 1293.15 0.116141 0.233464 -592.735011 0.024195 0.105527 Fe''1.26Mg0.12Fe'''1.16Al0.09Cr0.00Ti0.38O4 0 13.6172 1.9778 41.5628 40.6182 0 2.22397 0 0 0 0 0
500.00 1283.15 0.097629 0.195429 -497.497372 0.020311 0.088568 Fe''1.27Mg0.12Fe'''1.15Al0.08Cr0.00Ti0.38O4 0 13.7885 1.85868 41.3085 40.9385 0 2.1058 0 0 0 0 0
500.00 1273.15 0.082791 0.165036 -421.386793 0.017202 0.074994 Fe''1.28Mg0.11Fe'''1.14Al0.08Cr0.00Ti0.39O4 0 13.9655 1.74699 41.0374 41.2569 0 1.9932 0 0 0 0 0
500.00 1263.15 0.070713 0.140371 -359.592444 0.014675 0.063960 Fe''1.29Mg0.10Fe'''1.14Al0.07Cr0.00Ti0.39O4 0 14.1488 1.64197 40.7489 41.5748 0 1.88548 0 0 0 0 0
500.00 1253.15 0.060751 0.120092 -308.749765 0.012594 0.054871 Fe''1.30Mg0.10Fe'''1.13Al0.07Cr0.00Ti0.40O4 0 14.3389 1.54302 40.4425 41.8935 0 1.78207 0 0 0 0 0
500.00 1243.15 0.052441 0.103232 -266.429289 0.010859 0.047300 Fe''1.31Mg0.09Fe'''1.12Al0.06Cr0.00Ti0.41O4 0 14.5361 1.44962 40.1179 42.2138 0 1.68248 0 0 0 0 0
500.00 1233.15 0.045439 0.089073 -230.837320 0.009400 0.040929 Fe''1.32Mg0.09Fe'''1.11Al0.06Cr0.00Ti0.41O4 0 14.7409 1.36133 39.7747 42.5368 0 1.58632 0 0 0 0 0
500.00 1223.15 0.039484 0.077077 -200.623701 0.008160 0.035518 Fe''1.34Mg0.08Fe'''1.11Al0.06Cr0.00Ti0.42O4 0 14.9535 1.27779 39.4122 42.8632 0 1.49328 0 0 0 0 0
500.00 1213.15 0.030663 0.059597 -155.725581 0.006331 0.027546 Fe''1.35Mg0.08Fe'''1.10Al0.05Cr0.00Ti0.42O4 0 15.0966 1.20159 39.1733 43.132 0 1.39641 0 0 0 0 0
