Title: Hr

Solid Composition:
Pressure Temperature mass SiO2 TiO2 Al2O3 Fe2O3 FeO MnO MgO CaO Na2O K2O P2O5 H2O 
500.00 1523.15 0.000000 ---
500.00 1513.15 0.000000 ---
500.00 1503.15 0.000000 ---
500.00 1493.15 0.000000 ---
500.00 1483.15 0.000000 ---
500.00 1473.15 0.137198 49.0517 0 32.6921 0 0 0 0 15.5258 2.68055 0.0498904 0 0
500.00 1463.15 3.616487 49.4412 0 32.4282 0 0 0 0 15.2172 2.85668 0.0567806 0 0
500.00 1453.15 4.224364 50.2099 0.0167513 28.6011 0.192779 1.43187 0 2.91151 13.898 2.68081 0.0572713 0 0
500.00 1443.15 13.677282 51.2434 0.119513 16.8442 0.999914 5.62034 0 10.9336 12.5576 1.64192 0.0394984 0 0
500.00 1433.15 10.093041 51.3665 0.144753 16.5137 1.09377 5.95035 0 10.5656 12.547 1.76955 0.0487916 0 0
500.00 1423.15 7.710366 51.522 0.161961 16.4229 1.15157 6.32288 0 10.1767 12.2566 1.92497 0.0604453 0 0
500.00 1413.15 6.098136 51.6805 0.179114 16.319 1.21004 6.69921 0 9.79474 11.9644 2.07912 0.0738644 0 0
500.00 1403.15 4.956645 51.8393 0.19646 16.1979 1.27054 7.08552 0 9.41981 11.6705 2.23073 0.0892777 0 0
500.00 1393.15 4.119127 51.9948 0.214295 16.0557 1.33452 7.48837 0 9.05202 11.375 2.37834 0.106936 0 0
500.00 1383.15 3.486844 52.143 0.232976 15.8884 1.40359 7.91482 0 8.69129 11.0785 2.52027 0.127119 0 0
500.00 1373.15 2.998353 52.2793 0.252924 15.6922 1.47953 8.37267 0 8.33713 10.7814 2.65471 0.150139 0 0
500.00 1363.15 2.613849 52.3987 0.274643 15.4631 1.56434 8.87051 0 7.98855 10.4841 2.77969 0.176352 0 0
500.00 1353.15 12.657983 25.2393 6.67286 6.43219 22.8016 23.3699 0 6.04409 8.54578 0.857999 0.0361987 0 0
500.00 1343.15 1.532958 41.1846 3.17296 13.9699 10.8148 12.5313 0 4.65407 10.8034 2.73617 0.132866 0 0
500.00 1333.15 1.252875 42.3215 3.01263 14.4297 10.1172 11.9912 0 4.34872 10.6244 3.00226 0.152384 0 0
500.00 1323.15 1.048365 43.3307 2.87827 14.7921 9.51661 11.5305 0 4.08596 10.4481 3.24554 0.172083 0 0
500.00 1313.15 0.892956 44.2434 2.76268 15.0832 8.98683 11.1283 0 3.85571 10.2778 3.47001 0.19207 0 0
500.00 1303.15 0.771251 45.0798 2.66125 15.3204 8.5108 10.7713 0 3.65099 10.1145 3.67847 0.212418 0 0
500.00 1293.15 0.673662 45.8542 2.57083 15.5159 8.07686 10.4505 0 3.46664 9.95884 3.87307 0.233182 0 0
500.00 1283.15 0.593941 46.5776 2.48906 15.6789 7.67636 10.159 0 3.29851 9.81041 4.0557 0.254426 0 0
500.00 1273.15 0.527822 47.2586 2.41415 15.8166 7.30279 9.89178 0 3.14325 9.66853 4.22801 0.276222 0 0
500.00 1263.15 0.472192 47.9024 2.34503 15.9329 6.95213 9.64616 0 2.99876 9.53317 4.39081 0.298601 0 0
500.00 1253.15 0.424846 48.5138 2.28069 16.0315 6.62082 9.41955 0 2.86297 9.40394 4.54506 0.321617 0 0
500.00 1243.15 0.384150 49.0969 2.22033 16.1153 6.30604 9.20992 0 2.73414 9.28051 4.69155 0.345329 0 0
500.00 1233.15 0.348868 49.6549 2.16327 16.1865 6.00551 9.01565 0 2.6108 9.16269 4.83091 0.369798 0 0
500.00 1223.15 0.318045 50.1907 2.10892 16.2467 5.71731 8.83547 0 2.49168 9.05042 4.96367 0.395093 0 0
500.00 1213.15 0.293135 50.6891 2.45016 16.2222 5.11882 8.59884 0.0465062 2.39507 8.99 5.06958 0.419758 0 0