Title: Hr

Solid Composition:
Pressure Temperature mass SiO2 TiO2 Al2O3 Fe2O3 FeO MnO MgO CaO Na2O K2O P2O5 H2O 
500.00 1523.15 0.032664 -2.22412e-010 3.39464e-011 1.12767e-010 -2.06088e-010 5.09771e-009 7.53475e-013 0 -3.15997e-010 3.94993e-012 -2.5015e-013 4.24038e-012 100
500.00 1513.15 0.028450 1.09909e-012 0 -1.08799e-012 0 0 0 0 -5.12915e-013 0 0 0 100
500.00 1503.15 0.024157 -7.33486e-012 0 -2.74567e-012 0 0 0 0 8.05407e-013 0 0 0 100
500.00 1493.15 0.019784 -1.36976e-011 0 -5.58761e-012 0 0 0 0 3.07323e-012 0 0 0 100
500.00 1483.15 0.015329 -2.0399e-011 0 8.94261e-012 0 0 0 0 -3.96653e-012 0 0 0 100
500.00 1473.15 0.010788 -6.76291e-012 0 8.60734e-012 0 0 0 0 -1.57803e-012 0 0 0 100
500.00 1463.15 0.006161 9.8117e-011 0 1.07652e-011 0 0 0 0 1.18419e-012 0 0 0 100
500.00 1453.15 0.001445 2.74038e-010 0 2.14161e-011 0 0 0 0 2.86061e-011 0 0 0 100
500.00 1443.15 0.000000 ---
500.00 1433.15 0.000000 ---
500.00 1423.15 0.000000 ---
500.00 1413.15 0.389167 39.4895 0 -2.15886e-013 0 16.619 0.285095 43.2066 0.399854 0 0 0 0
500.00 1403.15 0.825559 39.3851 0 1.5533e-013 0 17.164 0.292514 42.7516 0.406803 0 0 0 0
500.00 1393.15 0.800523 39.2763 0 7.18083e-014 0 17.732 0.300189 42.2775 0.413928 0 0 0 0
500.00 1383.15 2.854148 47.5171 0.805212 4.65056 2.44271 7.14939 0.04624 18.7024 18.1633 0.129774 0 0 0.393318
500.00 1373.15 4.773641 47.7657 1.07848 5.71364 2.99858 5.61982 0.00484171 14.5878 20.585 0.160296 0 0 1.48589
500.00 1363.15 6.085906 45.7398 0.795515 13.3312 2.02615 5.25143 0.0299352 11.7694 17.7623 0.588386 0.00938994 0 2.69644