Title: Mr1

liquid_0 thermodynamic data and composition:
Pressure Temperature mass S H V Cp viscosity SiO2 TiO2 Al2O3 Fe2O3 Cr2O3 FeO MnO MgO CaO Na2O K2O P2O5 H2O Mg#
500.00 1523.15 97.788809 264.371592 -1173023.376850 36.264987 145.905286 2.225 50.0357 1.14717 15.6611 2.39914 0.0173844 9.12325 0.199512 7.12229 11.6212 2.17458 0.369061 0.129667 0 58.2
500.00 1513.15 97.789420 263.411663 -1174491.329199 36.242062 145.908421 2.268 50.0354 1.14716 15.661 2.40536 0.0173843 9.11758 0.19951 7.12224 11.6211 2.17457 0.369058 0.129666 0 58.2
500.00 1503.15 97.790069 262.445388 -1175959.893036 36.219167 145.911749 2.312 50.035 1.14715 15.6609 2.41197 0.0173842 9.11157 0.199509 7.1222 11.621 2.17456 0.369056 0.129666 0 58.2
500.00 1493.15 97.790756 261.472679 -1177429.090921 36.196303 145.915276 2.356 50.0347 1.14714 15.6608 2.41897 0.0173841 9.10519 0.199508 7.12215 11.6209 2.17454 0.369053 0.129665 0 58.2
500.00 1483.15 95.568201 254.536684 -1149007.126383 35.303973 142.565152 2.376 50.0729 1.17382 15.2542 2.47771 0.0177883 9.3147 0.204147 7.28778 11.5179 2.16996 0.376431 0.13268 0 58.2
500.00 1473.15 91.933686 243.868132 -1101507.721265 33.856808 133.942936 2.376 50.1173 1.22023 14.5623 2.57442 0.0184916 9.68407 0.212218 7.5759 11.3565 2.1519 0.388805 0.137926 0 58.2
500.00 1463.15 88.506895 233.804684 -1056710.473486 32.487682 128.922927 2.372 50.1332 1.26747 13.8778 2.67263 0.0192075 10.0603 0.220435 7.86922 11.2153 2.12042 0.400706 0.143266 0 58.2
500.00 1453.15 76.616132 201.516573 -905777.821787 28.001093 110.929711 2.394 49.9889 1.43885 13.543 2.8538 0.0221885 11.0622 0.254646 7.56186 10.4555 2.19852 0.455143 0.1655 0 54.9
500.00 1443.15 64.347400 168.407340 -751055.351753 23.380695 92.478361 2.401 49.6863 1.68203 13.0209 3.0862 0.0264191 12.1976 0.303198 7.02535 9.99209 2.2559 0.526964 0.197055 0 50.6
500.00 1433.15 54.239135 141.200112 -624752.338741 19.577690 77.407157 2.394 49.2755 1.95564 12.4595 3.31628 0.0313427 13.3274 0.359703 6.51133 9.6627 2.26465 0.602162 0.23378 0 46.5
500.00 1423.15 45.989214 119.056836 -522768.393552 16.478538 65.221423 2.372 48.7602 2.25586 11.9055 3.53288 0.0369652 14.438 0.42423 6.0669 9.40515 2.22193 0.676693 0.275717 0 42.8
500.00 1413.15 39.030681 100.450410 -437755.621882 13.870974 55.041740 2.334 48.1242 2.59373 11.3516 3.73889 0.0435555 15.542 0.499863 5.68465 9.21964 2.1281 0.748878 0.324873 0 39.4
500.00 1403.15 31.223560 80.024909 -351143.945409 11.143766 43.772570 2.489 48.8544 2.79227 11.2826 3.70439 0.00073562 15.2295 0.624849 5.06126 9.03758 2.12493 0.881371 0.406104 0 37.2
500.00 1393.15 22.749874 58.213366 -264420.508195 8.350605 31.692059 3.036 52.3339 2.62272 11.9772 3.16583 7.39286e-005 12.2083 0.857587 4.08679 8.75597 2.26781 1.16643 0.557366 0 37.4
500.00 1383.15 17.714470 45.173634 -210783.617298 6.630271 24.558753 3.465 54.9145 2.54157 12.3084 2.71974 3.93229e-005 10.0024 1.10136 3.44893 8.57332 2.24242 1.43159 0.715799 0 38.1
500.00 1373.15 14.575601 37.004465 -176129.888276 5.523996 20.131959 3.779 56.6587 2.52799 12.4341 2.39177 3.12065e-005 8.5135 1.33854 3.02064 8.45397 2.13165 1.6592 0.869947 0 38.7
500.00 1363.15 12.402694 31.334471 -151578.050917 4.742581 17.078324 4.027 57.9484 2.53835 12.476 2.13078 2.83547e-005 7.39564 1.57305 2.69992 8.3636 1.99089 1.86094 1.02236 0 39.4
500.00 1353.15 10.800660 27.147924 -133163.563885 4.157881 14.833642 4.234 58.947 2.55705 12.4752 1.91463 2.73944e-005 6.50828 1.80637 2.44504 8.28847 1.84194 2.04201 1.174 0 40.1
500.00 1343.15 9.566970 23.921289 -118787.573009 3.702320 13.109582 4.409 59.7399 2.57741 12.4492 1.7314 2.73321e-005 5.77982 2.03931 2.23481 8.2227 1.6946 2.20541 1.32539 0 40.8
500.00 1333.15 8.585423 21.353098 -107217.974243 3.336326 11.741158 4.560 60.3782 2.59632 12.4069 1.57363 2.77777e-005 5.16817 2.27246 2.05696 8.16384 1.55343 2.35314 1.47692 0 41.5
500.00 1323.15 7.760092 19.199460 -97389.220585 3.026470 10.587301 4.708 60.9991 2.61176 12.3767 1.43309 2.85215e-005 4.64844 2.51415 1.89845 8.03754 1.42372 2.49147 1.56554 0 42.1
500.00 1313.15 6.875414 16.922097 -87012.272602 2.701382 9.343710 5.012 62.3038 2.60687 12.3518 1.26861 2.96791e-005 4.0669 2.40186 1.69759 7.75046 1.31793 2.68517 1.54899 0 42.7
500.00 1303.15 6.164485 15.092816 -78538.383342 2.436236 8.348831 5.276 63.3637 2.5982 12.3157 1.13388 3.0989e-005 3.59791 2.34733 1.53579 7.48948 1.21653 2.85714 1.54424 0 43.2
500.00 1293.15 5.557462 13.534864 -71230.626285 2.207906 7.502388 5.533 64.3352 2.58316 12.2715 1.01664 3.24469e-005 3.19503 2.285 1.39508 7.23525 1.12217 3.01994 1.54097 0 43.8
500.00 1283.15 5.032079 12.190364 -64847.999119 2.008724 6.772360 5.784 65.2311 2.56223 12.2213 0.914033 3.40343e-005 2.84615 2.21728 1.27167 6.98861 1.03456 3.17391 1.5392 0 44.3
500.00 1273.15 4.571875 11.016514 -59210.089720 1.832964 6.135132 6.029 66.0609 2.53602 12.1666 0.823787 3.57461e-005 2.54201 2.146 1.16267 6.75037 0.953282 3.31936 1.53901 0 44.9
500.00 1263.15 4.164478 9.981142 -54179.935452 1.676291 5.572990 6.270 66.8323 2.50513 12.1085 0.744073 3.75868e-005 2.27539 2.07254 1.06583 6.52117 0.877945 3.45659 1.54053 0 45.5
500.00 1253.15 3.306399 7.881528 -43218.582808 1.337807 4.410081 6.554 67.6978 2.31837 12.1258 0.672943 4.65218e-005 2.03556 1.93108 0.947562 6.20629 0.806515 3.73326 1.5247 0 45.3
500.00 1243.15 2.510092 5.950742 -32949.633668 1.020386 3.337840 6.829 68.4562 2.14434 12.1523 0.609247 5.97499e-005 1.82144 1.79467 0.844284 5.91052 0.736784 4.01591 1.51421 0 45.2
500.00 1233.15 1.793772 4.229297 -23637.098262 0.732232 2.378769 7.091 69.1133 1.98955 12.1809 0.552134 7.91666e-005 1.6304 1.66829 0.755509 5.63929 0.66992 4.291 1.50961 0 45.2
500.00 1223.15 1.146836 2.689144 -15164.896595 0.469878 1.517063 7.341 69.686 1.85072 12.2083 0.500891 0.000108699 1.46006 1.55227 0.679036 5.39208 0.606847 4.55343 1.51029 0 45.3
500.00 1213.15 0.563924 1.315032 -7480.657888 0.231806 0.744276 7.582 70.1911 1.72529 12.23 0.454903 0.000155251 1.30835 1.44698 0.613148 5.16879 0.548269 4.79715 1.51584 0 45.5
500.00 1203.15 0.044947 0.104234 -597.989049 0.018529 0.059197 7.814 70.646 1.61126 12.2407 0.413618 0.00023067 1.17339 1.35279 0.556492 4.96958 0.494697 5.01529 1.52596 0 45.8
500.00 1183.15 0.294609 0.570695 -3669.023677 0.101223 0.540772 -2.515 2.09459 0.233455 0.0246642 0.105469 0.000604515 0.0403707 1.76865 1.61966 51.0507 1.26408e-005 0.0217058 43.0402 0 98.6
500.00 1173.15 0.294002 0.564683 -3668.637566 0.101042 0.539922 -2.520 2.03395 0.214667 0.0235125 0.100324 0.000594286 0.0376751 1.69083 1.59658 51.1522 1.07449e-005 0.0207673 43.1289 0 98.7
500.00 1163.15 0.293433 0.558730 -3668.584936 0.100872 0.539123 -2.524 1.97664 0.19746 0.0224225 0.0955878 0.00058576 0.0352114 1.6169 1.57457 51.2481 9.11917e-006 0.0198704 43.2126 0 98.8
500.00 1153.15 0.292897 0.552828 -3668.841182 0.100712 0.538372 -2.528 1.92244 0.181682 0.0213884 0.0912233 0.000578846 0.0329552 1.54662 1.55358 51.3389 7.72619e-006 0.0190119 43.2916 0 98.8
500.00 1143.15 0.292389 0.546960 -3669.333964 0.100560 0.537659 -2.532 1.87064 0.167157 0.0199634 0.0871989 0.000573999 0.0308853 1.4798 1.53361 51.4255 6.56547e-006 0.0177807 43.3669 0 98.9
500.00 1133.15 0.291909 0.541129 -3670.094553 0.100417 0.536986 -2.536 1.82158 0.153811 0.0185772 0.0834849 0.00057065 0.0289835 1.4162 1.51462 51.5074 5.5712e-006 0.0165754 43.4381 0 98.9
500.00 1123.15 0.291458 0.535331 -3671.111844 0.100282 0.536353 -2.539 1.77515 0.141541 0.0172771 0.0800559 0.000568702 0.0272336 1.35564 1.49658 51.5851 4.71727e-006 0.0154408 43.5055 0 99.0
500.00 1113.15 0.291032 0.529561 -3672.370497 0.100155 0.535756 -2.542 1.73121 0.130252 0.0160573 0.0768897 0.000568137 0.0256214 1.29795 1.47947 51.6585 3.98512e-006 0.0143728 43.5691 0 99.0
500.00 1103.15 0.290631 0.523812 -3673.856895 0.100035 0.535193 -2.545 1.68964 0.119859 0.0149127 0.0739665 0.000568949 0.0241343 1.24296 1.46328 51.728 3.35849e-006 0.0133675 43.6293 0 99.1

olivine_0 thermodynamic data and composition:
Pressure Temperature mass S H V Cp formula SiO2 TiO2 Al2O3 Fe2O3 Cr2O3 FeO MnO MgO CaO Na2O K2O P2O5 H2O
500.00 1313.15 0.242720 0.530418 -2281.419512 0.065396 0.261414 (Ca0.01Mg0.45Fe''0.40Mn0.15Co0.00Ni0.00)2SiO4 34.2189 0 0 0 0 32.844 12.3443 20.154 0.438762 0 0 0 0
500.00 1303.15 0.392169 0.852279 -3658.231220 0.105252 0.420316 (Ca0.01Mg0.43Fe''0.41Mn0.16Co0.00Ni0.00)2SiO4 34.0674 0 0 0 0 33.1613 12.8513 19.4938 0.426152 0 0 0 0
500.00 1293.15 0.511607 1.105836 -4740.000978 0.136819 0.545852 (Ca0.01Mg0.42Fe''0.41Mn0.17Co0.00Ni0.00)2SiO4 33.9307 0 0 0 0 33.4445 13.3133 18.8984 0.413037 0 0 0 0
500.00 1283.15 0.607999 1.307195 -5598.479151 0.162061 0.645956 (Ca0.01Mg0.41Fe''0.42Mn0.17Co0.00Ni0.00)2SiO4 33.8059 0 0 0 0 33.7013 13.7377 18.3556 0.399609 0 0 0 0
500.00 1273.15 0.686397 1.467997 -6284.930816 0.182394 0.726343 (Ca0.01Mg0.40Fe''0.42Mn0.18Co0.00Ni0.00)2SiO4 33.691 0 0 0 0 33.9371 14.13 17.8559 0.386012 0 0 0 0
500.00 1263.15 0.750547 1.596837 -6836.815270 0.198862 0.791216 (Ca0.01Mg0.39Fe''0.43Mn0.18Co0.00Ni0.00)2SiO4 33.5842 0 0 0 0 34.1565 14.4947 17.3923 0.372356 0 0 0 0
500.00 1253.15 0.823673 1.742072 -7438.718660 0.217329 0.864082 (Ca0.01Mg0.38Fe''0.44Mn0.19Co0.00Ni0.00)2SiO4 33.4315 0 0 0 0 34.8091 14.6663 16.7314 0.36182 0 0 0 0
500.00 1243.15 0.879424 1.849178 -7879.639800 0.231138 0.918368 (Ca0.01Mg0.37Fe''0.45Mn0.19Co0.00Ni0.00)2SiO4 33.2916 0 0 0 0 35.4367 14.794 16.1268 0.35094 0 0 0 0
500.00 1233.15 0.920934 1.925441 -8193.316079 0.241186 0.957659 (Ca0.01Mg0.36Fe''0.45Mn0.19Co0.00Ni0.00)2SiO4 33.1657 0 0 0 0 36.013 14.8979 15.5838 0.339657 0 0 0 0
500.00 1223.15 0.951449 1.978117 -8411.127541 0.248362 0.985496 (Ca0.01Mg0.35Fe''0.46Mn0.19Co0.00Ni0.00)2SiO4 33.0519 0 0 0 0 36.5394 14.9875 15.0931 0.328101 0 0 0 0
500.00 1213.15 0.973047 2.011879 -8553.039133 0.253231 1.004142 (Ca0.01Mg0.34Fe''0.47Mn0.19Co0.00Ni0.00)2SiO4 32.9483 0 0 0 0 37.0151 15.0729 14.6473 0.316374 0 0 0 0
500.00 1203.15 0.986936 2.029506 -8630.791130 0.256127 1.014919 (Ca0.00Mg0.33Fe''0.48Mn0.20Co0.00Ni0.00)2SiO4 32.8539 0 0 0 0 37.4361 15.1648 14.2407 0.304553 0 0 0 0
500.00 1193.15 1.002759 2.052816 -8766.973557 0.259978 1.029668 (Ca0.00Mg0.33Fe''0.48Mn0.19Co0.00Ni0.00)2SiO4 32.8376 0 0 0 0 37.6566 15.0378 14.1774 0.29054 0 0 0 0
500.00 1183.15 0.984988 2.007429 -8611.845205 0.255148 1.010032 (Ca0.00Mg0.33Fe''0.48Mn0.19Co0.00Ni0.00)2SiO4 32.8261 0 0 0 0 37.8719 14.8906 14.1346 0.276818 0 0 0 0
500.00 1173.15 1.002387 2.033693 -8764.901964 0.259436 1.026469 (Ca0.00Mg0.32Fe''0.49Mn0.19Co0.00Ni0.00)2SiO4 32.8156 0 0 0 0 38.0776 14.7472 14.0961 0.263495 0 0 0 0
500.00 1163.15 1.019609 2.059194 -8915.930535 0.263667 1.042633 (Ca0.00Mg0.32Fe''0.49Mn0.19Co0.00Ni0.00)2SiO4 32.8041 0 0 0 0 38.2847 14.6074 14.0532 0.250629 0 0 0 0
500.00 1153.15 1.036641 2.083903 -9064.758402 0.267836 1.058505 (Ca0.00Mg0.32Fe''0.49Mn0.19Co0.00Ni0.00)2SiO4 32.7916 0 0 0 0 38.4931 14.4713 14.0058 0.238212 0 0 0 0
500.00 1143.15 1.053426 2.107702 -9210.789365 0.271927 1.074023 (Ca0.00Mg0.32Fe''0.49Mn0.19Co0.00Ni0.00)2SiO4 32.778 0 0 0 0 38.7031 14.3395 13.9532 0.226227 0 0 0 0
500.00 1133.15 1.069987 2.130644 -9354.243046 0.275948 1.089213 (Ca0.00Mg0.32Fe''0.50Mn0.18Co0.00Ni0.00)2SiO4 32.7633 0 0 0 0 38.9146 14.2116 13.8959 0.214676 0 0 0 0
500.00 1123.15 1.086312 2.152704 -9494.962312 0.279894 1.104058 (Ca0.00Mg0.32Fe''0.50Mn0.18Co0.00Ni0.00)2SiO4 32.7475 0 0 0 0 39.1275 14.0877 13.8337 0.203551 0 0 0 0
500.00 1113.15 1.102381 2.173845 -9632.731258 0.283760 1.118537 (Ca0.00Mg0.32Fe''0.50Mn0.18Co0.00Ni0.00)2SiO4 32.7307 0 0 0 0 39.342 13.968 13.7664 0.192844 0 0 0 0
500.00 1103.15 1.118174 2.194029 -9767.327398 0.287542 1.132627 (Ca0.00Mg0.32Fe''0.51Mn0.18Co0.00Ni0.00)2SiO4 32.7127 0 0 0 0 39.5581 13.8526 13.694 0.182547 0 0 0 0

rhm-oxide_0 thermodynamic data and composition:
Pressure Temperature mass S H V Cp formula SiO2 TiO2 Al2O3 Fe2O3 Cr2O3 FeO MnO MgO CaO Na2O K2O P2O5 H2O
500.00 1253.15 0.324719 0.633093 -2378.178187 0.070276 0.298583 Mn0.07Fe''0.71Mg0.10Fe'''0.25Ti0.88O3 0 46.8633 0 13.1141 0 34.1515 3.2178 2.6533 0 0 0 0 0
500.00 1243.15 0.626087 1.215383 -4581.535446 0.135351 0.575111 Mn0.07Fe''0.72Mg0.09Fe'''0.24Ti0.88O3 0 46.8565 0 13.0316 0 34.3937 3.18651 2.53176 0 0 0 0 0
500.00 1233.15 0.887415 1.715206 -6490.916592 0.191661 0.814321 Mn0.07Fe''0.72Mg0.09Fe'''0.24Ti0.88O3 0 46.8659 0 12.9302 0 34.6257 3.15238 2.42581 0 0 0 0 0
500.00 1223.15 1.113026 2.141890 -8140.162305 0.240182 1.020276 Mn0.07Fe''0.73Mg0.09Fe'''0.24Ti0.88O3 0 46.8909 0 12.8095 0 34.8492 3.11755 2.3328 0 0 0 0 0
500.00 1213.15 1.305787 2.501813 -9551.768752 0.281563 1.195684 Mn0.07Fe''0.73Mg0.08Fe'''0.24Ti0.88O3 0 46.9317 0 12.6675 0 35.0657 3.08428 2.25082 0 0 0 0 0
500.00 1203.15 1.467274 2.798789 -10738.365346 0.316169 1.342058 Mn0.06Fe''0.74Mg0.08Fe'''0.23Ti0.88O3 0 46.9894 0 12.501 0 35.2761 3.055 2.1785 0 0 0 0 0
500.00 1193.15 1.484372 2.819231 -10876.818064 0.319735 1.356383 Mn0.06Fe''0.74Mg0.08Fe'''0.23Ti0.88O3 0 47.0478 0 12.3723 0 35.438 2.98487 2.15701 0 0 0 0 0
500.00 1183.15 1.484489 2.807219 -10891.109507 0.319646 1.355180 Mn0.06Fe''0.74Mg0.08Fe'''0.23Ti0.88O3 0 47.104 0 12.2496 0 35.5971 2.91138 2.13786 0 0 0 0 0
500.00 1173.15 1.489550 2.804426 -10942.171286 0.320624 1.358461 Mn0.06Fe''0.75Mg0.08Fe'''0.23Ti0.89O3 0 47.1634 0 12.1215 0 35.7555 2.84011 2.11946 0 0 0 0 0
500.00 1163.15 1.494920 2.802030 -10995.569381 0.321667 1.361993 Mn0.06Fe''0.75Mg0.08Fe'''0.23Ti0.89O3 0 47.2237 0 11.9911 0 35.9145 2.7705 2.10022 0 0 0 0 0
500.00 1153.15 1.500581 2.799984 -11051.158104 0.322771 1.365755 Mn0.06Fe''0.75Mg0.08Fe'''0.22Ti0.89O3 0 47.2849 0 11.8583 0 36.0741 2.70256 2.08015 0 0 0 0 0
500.00 1143.15 1.506529 2.798273 -11108.934106 0.323935 1.369745 Mn0.06Fe''0.76Mg0.08Fe'''0.22Ti0.89O3 0 47.3469 0 11.7232 0 36.2343 2.63636 2.05919 0 0 0 0 0
500.00 1133.15 1.512713 2.796791 -11168.512557 0.325147 1.373913 Mn0.05Fe''0.76Mg0.08Fe'''0.22Ti0.89O3 0 47.4099 0 11.5857 0 36.3952 2.5718 2.03741 0 0 0 0 0
500.00 1123.15 1.519108 2.795487 -11229.731553 0.326404 1.378237 Mn0.05Fe''0.76Mg0.08Fe'''0.22Ti0.89O3 0 47.4737 0 11.446 0 36.5566 2.50886 2.01482 0 0 0 0 0
500.00 1113.15 1.525697 2.794318 -11292.455960 0.327700 1.382699 Mn0.05Fe''0.77Mg0.07Fe'''0.21Ti0.89O3 0 47.5384 0 11.3041 0 36.7185 2.44752 1.99143 0 0 0 0 0
500.00 1103.15 1.532461 2.793243 -11356.555928 0.329031 1.387281 Mn0.05Fe''0.77Mg0.07Fe'''0.21Ti0.90O3 0 47.6039 0 11.1601 0 36.8811 2.38776 1.96724 0 0 0 0 0

spinel_0 thermodynamic data and composition:
Pressure Temperature mass S H V Cp formula SiO2 TiO2 Al2O3 Fe2O3 Cr2O3 FeO MnO MgO CaO Na2O K2O P2O5 H2O
500.00 1403.15 1.032239 2.195933 -5796.871539 0.222531 0.971521 Fe''1.00Mg0.29Fe'''1.16Al0.23Cr0.05Ti0.28O4 0 10.581 5.50662 43.3538 1.62465 33.5052 0 5.42873 0 0 0 0 0
500.00 1393.15 3.119545 6.593891 -17204.235758 0.669230 2.921336 Fe''1.05Mg0.26Fe'''1.16Al0.20Cr0.02Ti0.31O4 0 11.4771 4.81282 43.2594 0.544412 34.992 0 4.91422 0 0 0 0 0
500.00 1383.15 4.088594 8.600960 -22367.961271 0.874290 3.815136 Fe''1.08Mg0.25Fe'''1.15Al0.19Cr0.01Ti0.32O4 0 11.9996 4.40726 42.6905 0.415621 35.8844 0 4.60271 0 0 0 0 0
500.00 1373.15 4.507904 9.443175 -24555.095381 0.961699 4.194771 Fe''1.10Mg0.24Fe'''1.14Al0.17Cr0.01Ti0.34O4 0 12.4774 4.10274 42.0449 0.377015 36.6187 0 4.37926 0 0 0 0 0
500.00 1363.15 4.704630 9.816376 -25563.732892 1.001815 4.367708 Fe''1.12Mg0.23Fe'''1.12Al0.16Cr0.01Ti0.35O4 0 12.9202 3.85754 41.3994 0.361271 37.2584 0 4.20321 0 0 0 0 0
500.00 1353.15 4.794204 9.965130 -26015.495965 1.019324 4.441842 Fe''1.14Mg0.22Fe'''1.11Al0.16Cr0.01Ti0.36O4 0 13.3308 3.65228 40.7762 0.354533 37.8292 0 4.05701 0 0 0 0 0
500.00 1343.15 4.826945 9.995637 -26176.572826 1.024929 4.463965 Fe''1.16Mg0.21Fe'''1.09Al0.15Cr0.01Ti0.37O4 0 13.7117 3.47578 40.1831 0.352135 38.3462 0 3.93117 0 0 0 0 0
500.00 1333.15 4.827701 9.960131 -26176.319584 1.023890 4.457065 Fe''1.18Mg0.21Fe'''1.08Al0.14Cr0.01Ti0.38O4 0 14.0655 3.32093 39.6223 0.352085 38.8193 0 3.81988 0 0 0 0 0
500.00 1323.15 4.808895 9.884756 -26080.212220 1.018830 4.432561 Fe''1.19Mg0.20Fe'''1.07Al0.14Cr0.01Ti0.39O4 0 14.4067 3.1807 39.073 0.353466 39.2668 0 3.71939 0 0 0 0 0
500.00 1313.15 4.713920 9.655715 -25616.481739 0.997934 4.337870 Fe''1.21Mg0.20Fe'''1.04Al0.13Cr0.01Ti0.41O4 0 14.9845 3.00728 38.1021 0.360591 39.923 0 3.62255 0 0 0 0 0
500.00 1303.15 4.625990 9.442146 -25189.042447 0.978637 4.250397 Fe''1.23Mg0.19Fe'''1.02Al0.12Cr0.01Ti0.42O4 0 15.4843 2.86095 37.2566 0.367448 40.4935 0 3.53729 0 0 0 0 0
500.00 1293.15 4.536069 9.225740 -24753.065228 0.959022 4.161589 Fe''1.25Mg0.19Fe'''1.00Al0.12Cr0.01Ti0.44O4 0 15.957 2.72882 36.4501 0.374734 41.0296 0 3.45967 0 0 0 0 0
500.00 1283.15 4.445956 9.010110 -24316.425404 0.939447 4.073019 Fe''1.27Mg0.18Fe'''0.98Al0.11Cr0.01Ti0.45O4 0 16.4046 2.6085 35.6814 0.382331 41.5353 0 3.38792 0 0 0 0 0
500.00 1273.15 4.356501 8.796934 -23882.511172 0.920073 3.985406 Fe''1.28Mg0.18Fe'''0.96Al0.11Cr0.01Ti0.46O4 0 16.8285 2.49812 34.9487 0.390184 42.0138 0 3.32073 0 0 0 0 0
500.00 1263.15 4.268013 8.586794 -23452.185720 0.900954 3.898985 Fe''1.30Mg0.18Fe'''0.94Al0.10Cr0.01Ti0.47O4 0 17.2305 2.39623 34.2501 0.398275 42.4678 0 3.25715 0 0 0 0 0
500.00 1253.15 3.669181 7.346454 -20034.646502 0.772717 3.344879 Fe''1.30Mg0.17Fe'''0.96Al0.10Cr0.01Ti0.46O4 0 16.8805 2.34655 34.8179 0.463277 42.4201 0 3.07168 0 0 0 0 0
500.00 1243.15 3.092255 6.161446 -16779.593527 0.649716 2.813359 Fe''1.30Mg0.16Fe'''0.98Al0.10Cr0.02Ti0.45O4 0 16.4871 2.30581 35.4446 0.549712 42.313 0 2.89986 0 0 0 0 0
500.00 1233.15 2.569402 5.095209 -13864.023082 0.538692 2.333349 Fe''1.29Mg0.15Fe'''0.99Al0.10Cr0.02Ti0.44O4 0 16.0941 2.27076 36.0482 0.661577 42.1784 0 2.74703 0 0 0 0 0
500.00 1223.15 2.099246 4.143213 -11269.591756 0.439223 1.903059 Fe''1.29Mg0.14Fe'''1.01Al0.10Cr0.02Ti0.43O4 0 15.6961 2.24148 36.6265 0.809755 42.0155 0 2.61062 0 0 0 0 0
500.00 1213.15 1.682367 3.304900 -8990.479951 0.351316 1.522575 Fe''1.29Mg0.14Fe'''1.03Al0.10Cr0.03Ti0.42O4 0 15.2866 2.21848 37.1745 1.01043 41.8211 0 2.48888 0 0 0 0 0
500.00 1203.15 1.321615 2.584196 -7034.328259 0.275468 1.194108 Fe''1.28Mg0.13Fe'''1.04Al0.10Cr0.04Ti0.41O4 0 14.8567 2.20285 37.684 1.2863 41.5894 0 2.38071 0 0 0 0 0
500.00 1193.15 1.307450 2.544701 -6937.582112 0.272152 1.180056 Fe''1.28Mg0.13Fe'''1.06Al0.10Cr0.04Ti0.40O4 0 14.5346 2.19206 38.2692 1.30024 41.3878 0 2.31603 0 0 0 0 0
500.00 1183.15 1.334915 2.585964 -7061.304064 0.277507 1.203659 Fe''1.27Mg0.12Fe'''1.08Al0.09Cr0.04Ti0.39O4 0 14.2255 2.17958 38.8743 1.27336 41.1934 0 2.2539 0 0 0 0 0
500.00 1173.15 1.352114 2.606870 -7130.487938 0.280717 1.217987 Fe''1.27Mg0.12Fe'''1.10Al0.09Cr0.04Ti0.39O4 0 13.9121 2.16784 39.4771 1.25716 40.9917 0 2.19408 0 0 0 0 0
500.00 1163.15 1.369149 2.627037 -7198.221952 0.283884 1.232159 Fe''1.26Mg0.12Fe'''1.11Al0.09Cr0.04Ti0.38O4 0 13.5976 2.15559 40.0825 1.24152 40.7879 0 2.13491 0 0 0 0 0
500.00 1153.15 1.386032 2.646492 -7264.625677 0.287010 1.246187 Fe''1.25Mg0.11Fe'''1.13Al0.09Cr0.04Ti0.37O4 0 13.2825 2.14283 40.6895 1.2264 40.5823 0 2.07646 0 0 0 0 0
500.00 1143.15 1.402150 2.664067 -7326.549646 0.289969 1.259515 Fe''1.25Mg0.11Fe'''1.15Al0.09Cr0.04Ti0.36O4 0 12.9671 2.12966 41.2969 1.2123 40.3753 0 2.01876 0 0 0 0 0
500.00 1133.15 1.418101 2.680918 -7387.194728 0.292885 1.272685 Fe''1.24Mg0.11Fe'''1.17Al0.09Cr0.04Ti0.35O4 0 12.6521 2.11598 41.9041 1.19867 40.1673 0 1.96187 0 0 0 0 0
500.00 1123.15 1.433972 2.697207 -7447.060827 0.295777 1.285772 Fe''1.24Mg0.11Fe'''1.19Al0.09Cr0.03Ti0.34O4 0 12.338 2.10179 42.5103 1.1854 39.9587 0 1.90584 0 0 0 0 0
500.00 1113.15 1.449775 2.712955 -7506.252971 0.298648 1.298786 Fe''1.23Mg0.10Fe'''1.20Al0.09Cr0.03Ti0.34O4 0 12.0253 2.08711 43.1145 1.17248 39.7499 0 1.85072 0 0 0 0 0
500.00 1103.15 1.465517 2.728181 -7564.870137 0.301500 1.311731 Fe''1.23Mg0.10Fe'''1.22Al0.09Cr0.03Ti0.33O4 0 11.7143 2.07195 43.716 1.15989 39.5413 0 1.79654 0 0 0 0 0

clinopyroxene_0 thermodynamic data and composition:
Pressure Temperature mass S H V Cp structure formula SiO2 TiO2 Al2O3 Fe2O3 Cr2O3 FeO MnO MgO CaO Na2O K2O P2O5 H2O
500.00 1453.15 6.689745 15.752527 -84752.356580 2.067667 7.993582 cpx Na0.01Ca0.70Fe''0.21Mg0.96Fe'''0.06Ti0.01Al0.18Si1.88O6 51.2411 0.290176 4.06355 2.16177 0 6.87049 0 17.5073 17.6971 0.168496 0 0 0
500.00 1443.15 10.592987 24.860418 -133369.615512 3.263107 12.624704 cpx Na0.01Ca0.68Fe''0.23Mg0.95Fe'''0.06Ti0.01Al0.18Si1.88O6 51.0374 0.333371 4.03798 2.28834 0 7.63055 0 17.3152 17.1799 0.177198 0 0 0
500.00 1433.15 12.809406 29.918569 -160448.609537 3.933110 15.201002 cpx Na0.01Ca0.68Fe''0.25Mg0.92Fe'''0.07Ti0.01Al0.18Si1.87O6 50.7253 0.397492 4.07023 2.46623 0 8.12356 0 16.7802 17.2471 0.189912 0 0 0
500.00 1423.15 14.516052 33.739485 -180919.665113 4.442880 17.151615 cpx Na0.01Ca0.69Fe''0.27Mg0.90Fe'''0.07Ti0.01Al0.18Si1.87O6 50.406 0.467812 4.10644 2.64558 0 8.58958 0 16.2387 17.3436 0.202215 0 0 0
500.00 1413.15 15.878483 36.723077 -196939.217853 4.844480 18.679265 cpx Na0.02Ca0.70Fe''0.28Mg0.87Fe'''0.08Ti0.02Al0.18Si1.86O6 50.0808 0.544952 4.14501 2.82522 0 9.03233 0 15.695 17.4627 0.213962 0 0 0
500.00 1403.15 18.257079 42.010428 -225293.818963 5.552399 21.381832 cpx Na0.02Ca0.70Fe''0.30Mg0.84Fe'''0.08Ti0.02Al0.18Si1.86O6 49.773 0.615308 4.16077 2.99202 0 9.50869 0 15.1507 17.5762 0.223389 0 0 0
500.00 1393.15 21.513611 49.261335 -264492.155668 6.527521 25.107186 cpx Na0.02Ca0.71Fe''0.31Mg0.82Fe'''0.09Ti0.02Al0.18Si1.86O6 49.6512 0.636597 4.07155 3.03625 0 9.959 0 14.7604 17.6587 0.226236 0 0 0
500.00 1383.15 22.992726 52.402929 -282246.008257 6.966554 26.766287 cpx Na0.02Ca0.71Fe''0.32Mg0.81Fe'''0.08Ti0.02Al0.18Si1.86O6 49.6304 0.651856 3.96612 2.99946 0 10.236 0 14.5161 17.7739 0.226167 0 0 0
500.00 1373.15 23.658270 53.673796 -290253.595920 7.160670 27.482760 cpx Na0.02Ca0.72Fe''0.33Mg0.80Fe'''0.08Ti0.02Al0.17Si1.86O6 49.6217 0.671959 3.88299 2.948 0 10.4166 0 14.3225 17.9108 0.225471 0 0 0
500.00 1363.15 23.983181 54.165529 -294240.049981 7.252815 27.807566 cpx Na0.02Ca0.73Fe''0.33Mg0.79Fe'''0.08Ti0.02Al0.17Si1.86O6 49.6172 0.694693 3.81642 2.89102 0 10.5394 0 14.1592 18.0575 0.224494 0 0 0
500.00 1353.15 24.137577 54.269986 -296246.314459 7.294257 27.938196 cpx Na0.02Ca0.73Fe''0.33Mg0.79Fe'''0.08Ti0.02Al0.17Si1.86O6 49.6154 0.718979 3.76185 2.83142 0 10.6227 0 14.0179 18.2084 0.223414 0 0 0
500.00 1343.15 24.197919 54.162737 -297180.197389 7.307952 27.962985 cpx Na0.02Ca0.74Fe''0.34Mg0.78Fe'''0.08Ti0.02Al0.16Si1.87O6 49.6153 0.744284 3.71631 2.77058 0 10.6769 0 13.8934 18.3608 0.222329 0 0 0
500.00 1333.15 24.203309 53.933174 -297500.602381 7.305584 27.926835 cpx Na0.02Ca0.75Fe''0.34Mg0.77Fe'''0.08Ti0.02Al0.16Si1.87O6 49.6165 0.770336 3.67783 2.7093 0 10.7092 0 13.7825 18.513 0.221296 0 0 0
500.00 1323.15 24.178131 53.636301 -297487.592497 7.294358 27.857306 cpx Na0.02Ca0.75Fe''0.34Mg0.77Fe'''0.07Ti0.02Al0.16Si1.87O6 49.6176 0.797667 3.64473 2.64786 0 10.7259 0 13.6816 18.6643 0.220289 0 0 0
500.00 1313.15 24.144815 53.315590 -297284.345821 7.279474 27.773176 cpx Na0.02Ca0.76Fe''0.34Mg0.76Fe'''0.07Ti0.02Al0.16Si1.87O6 49.5988 0.839392 3.6095 2.58373 0 10.7733 0 13.5571 18.8199 0.218191 0 0 0
500.00 1303.15 24.078453 52.925241 -296747.579851 7.255387 27.654826 cpx Na0.02Ca0.77Fe''0.34Mg0.76Fe'''0.07Ti0.02Al0.16Si1.87O6 49.5846 0.879493 3.58162 2.52065 0 10.7932 0 13.4508 18.9731 0.216584 0 0 0
500.00 1293.15 23.995063 52.499526 -296036.417444 7.226519 27.518884 cpx Na0.02Ca0.77Fe''0.34Mg0.75Fe'''0.07Ti0.03Al0.16Si1.87O6 49.5703 0.920536 3.5589 2.45849 0 10.7986 0 13.3538 19.1243 0.215216 0 0 0
500.00 1283.15 23.901782 52.054196 -295230.328712 7.194950 27.373236 cpx Na0.02Ca0.78Fe''0.34Mg0.75Fe'''0.07Ti0.03Al0.16Si1.87O6 49.5552 0.962615 3.54091 2.39754 0 10.792 0 13.2644 19.2733 0.214079 0 0 0
500.00 1273.15 23.803239 51.599327 -294379.979959 7.162015 27.222924 cpx Na0.02Ca0.78Fe''0.34Mg0.74Fe'''0.07Ti0.03Al0.16Si1.87O6 49.5388 1.00588 3.52735 2.33796 0 10.7755 0 13.1814 19.42 0.213162 0 0 0
500.00 1263.15 23.702503 51.141487 -293518.344650 7.128587 27.071231 cpx Na0.02Ca0.79Fe''0.34Mg0.74Fe'''0.06Ti0.03Al0.16Si1.87O6 49.5205 1.05051 3.51807 2.27992 0 10.7505 0 13.1037 19.5644 0.21246 0 0 0
500.00 1253.15 23.551784 50.572616 -291529.613397 7.077104 26.848659 cpx Na0.02Ca0.79Fe''0.34Mg0.73Fe'''0.06Ti0.03Al0.15Si1.87O6 49.5303 1.0262 3.47221 2.24687 0 10.9222 0 12.9572 19.635 0.210064 0 0 0
500.00 1243.15 23.395491 49.995078 -289508.031354 7.024405 26.621887 cpx Na0.02Ca0.80Fe''0.35Mg0.72Fe'''0.06Ti0.03Al0.15Si1.87O6 49.5446 1.00068 3.42753 2.2122 0 11.0825 0 12.8198 19.7049 0.207727 0 0 0
500.00 1233.15 23.240702 49.424406 -287573.025486 6.972830 26.399949 cpx Na0.02Ca0.80Fe''0.35Mg0.72Fe'''0.06Ti0.03Al0.15Si1.87O6 49.5628 0.977843 3.38559 2.174 0 11.219 0 12.6969 19.7784 0.205511 0 0 0
500.00 1223.15 23.090026 48.865999 -285754.302284 6.923159 26.185764 cpx Na0.01Ca0.80Fe''0.36Mg0.71Fe'''0.06Ti0.03Al0.15Si1.88O6 49.586 0.957027 3.34528 2.13187 0 11.3328 0 12.5887 19.8549 0.203362 0 0 0
500.00 1213.15 22.945273 48.323494 -284073.878851 6.875952 25.981414 cpx Na0.01Ca0.81Fe''0.36Mg0.70Fe'''0.06Ti0.03Al0.15Si1.88O6 49.6158 0.937627 3.30543 2.08521 0 11.4243 0 12.4961 19.9342 0.201231 0 0 0
500.00 1203.15 22.807898 47.799739 -282551.907695 6.831684 25.788663 cpx Na0.01Ca0.81Fe''0.36Mg0.70Fe'''0.06Ti0.03Al0.15Si1.88O6 49.6541 0.919073 3.26474 2.0332 0 11.4931 0 12.4205 20.0162 0.199076 0 0 0
500.00 1193.15 22.784839 47.527301 -282850.068434 6.825055 25.740682 cpx Na0.01Ca0.82Fe''0.36Mg0.70Fe'''0.06Ti0.03Al0.15Si1.88O6 49.6982 0.91758 3.2581 1.98264 0 11.3949 0 12.4235 20.1249 0.200185 0 0 0
500.00 1183.15 22.770852 47.273404 -283283.862732 6.821343 25.703688 cpx Na0.01Ca0.82Fe''0.36Mg0.70Fe'''0.06Ti0.03Al0.15Si1.88O6 49.7421 0.917325 3.25416 1.93314 0 11.286 0 12.4321 20.2336 0.20161 0 0 0
500.00 1173.15 22.756400 47.017647 -283728.369778 6.817680 25.666749 cpx Na0.01Ca0.82Fe''0.35Mg0.70Fe'''0.05Ti0.03Al0.14Si1.88O6 49.7887 0.916993 3.24959 1.88252 0 11.1715 0 12.4462 20.3414 0.203008 0 0 0
500.00 1163.15 22.740581 46.757806 -284156.949826 6.813649 25.628193 cpx Na0.01Ca0.83Fe''0.35Mg0.70Fe'''0.05Ti0.03Al0.14Si1.88O6 49.8364 0.916389 3.24426 1.83175 0 11.0567 0 12.4625 20.4476 0.204382 0 0 0
500.00 1153.15 22.723440 46.493976 -284570.099493 6.809263 25.588053 cpx Na0.02Ca0.83Fe''0.35Mg0.70Fe'''0.05Ti0.03Al0.14Si1.88O6 49.8853 0.915516 3.23817 1.78086 0 10.9414 0 12.4807 20.5522 0.205734 0 0 0
500.00 1143.15 22.705901 46.228188 -284978.365158 6.804778 25.547334 cpx Na0.02Ca0.84Fe''0.34Mg0.70Fe'''0.05Ti0.03Al0.14Si1.89O6 49.9349 0.914657 3.23202 1.73038 0 10.8256 0 12.5003 20.6546 0.207568 0 0 0
500.00 1133.15 22.687201 45.958749 -285373.081254 6.799986 25.505181 cpx Na0.02Ca0.84Fe''0.34Mg0.70Fe'''0.05Ti0.03Al0.14Si1.89O6 49.9856 0.913563 3.22517 1.67994 0 10.7091 0 12.5218 20.7553 0.209441 0 0 0
500.00 1123.15 22.667273 45.685511 -285753.491087 6.794869 25.461505 cpx Na0.02Ca0.84Fe''0.33Mg0.71Fe'''0.05Ti0.03Al0.14Si1.89O6 50.0374 0.912206 3.21753 1.62952 0 10.592 0 12.5453 20.8547 0.211295 0 0 0
500.00 1113.15 22.646155 45.408551 -286120.003487 6.789440 25.416332 cpx Na0.02Ca0.85Fe''0.33Mg0.71Fe'''0.04Ti0.03Al0.14Si1.89O6 50.0903 0.910587 3.2091 1.5792 0 10.4742 0 12.5708 20.9527 0.21313 0 0 0
500.00 1103.15 22.623882 45.127944 -286473.015690 6.783708 25.369684 cpx Na0.02Ca0.85Fe''0.33Mg0.71Fe'''0.04Ti0.03Al0.14Si1.89O6 50.1442 0.908709 3.19988 1.52901 0 10.3555 0 12.5984 21.0493 0.214947 0 0 0

clinopyroxene_1 thermodynamic data and composition:
Pressure Temperature mass S H V Cp structure formula SiO2 TiO2 Al2O3 Fe2O3 Cr2O3 FeO MnO MgO CaO Na2O K2O P2O5 H2O
500.00 1443.15 2.654303 6.348595 -32666.502416 0.814059 3.242078 cpx Na0.01Ca0.27Fe''0.38Mg1.25Fe'''0.05Ti0.00Al0.14Si1.91O6 52.3767 0.156107 3.23605 1.72634 0 12.4007 0 22.9805 7.04058 0.0829488 0 0 0
500.00 1433.15 5.757232 13.698541 -70287.664396 1.758241 6.995649 cpx Na0.01Ca0.27Fe''0.41Mg1.22Fe'''0.05Ti0.00Al0.14Si1.90O6 52.0676 0.176498 3.23483 1.83846 0 13.2926 0 22.2966 7.00616 0.0872681 0 0 0
500.00 1423.15 8.395842 19.873101 -101681.241351 2.553303 10.150159 cpx Na0.01Ca0.27Fe''0.44Mg1.19Fe'''0.05Ti0.01Al0.14Si1.90O6 51.7693 0.19582 3.23005 1.94483 0 14.1894 0 21.6471 6.93286 0.090614 0 0 0
500.00 1413.15 10.720641 25.244129 -128793.143690 3.246686 12.896149 cpx Na0.01Ca0.27Fe''0.47Mg1.16Fe'''0.06Ti0.01Al0.14Si1.90O6 51.4811 0.213801 3.22077 2.04436 0 15.0946 0 21.0241 6.82833 0.0929666 0 0 0
500.00 1403.15 12.575277 29.452315 -149785.672030 3.791868 15.048592 cpx Na0.01Ca0.27Fe''0.50Mg1.13Fe'''0.06Ti0.01Al0.14Si1.90O6 51.1991 0.225802 3.19516 2.13268 0 16.0571 0 20.3764 6.71986 0.0939825 0 0 0
500.00 1393.15 13.636187 31.768154 -161272.934745 4.097035 16.245075 cpx Na0.01Ca0.26Fe''0.53Mg1.10Fe'''0.06Ti0.01Al0.14Si1.90O6 51.039 0.221082 3.10152 2.14188 0 16.9264 0 19.8461 6.63132 0.092627 0 0 0
500.00 1383.15 14.473949 33.558191 -170420.504669 4.338055 17.189602 cpx Na0.01Ca0.26Fe''0.55Mg1.09Fe'''0.06Ti0.01Al0.13Si1.90O6 50.9894 0.214737 2.99036 2.09089 0 17.5697 0 19.5386 6.51652 0.0898186 0 0 0
500.00 1373.15 15.204763 35.091970 -178438.409706 4.547999 18.012345 cpx Na0.01Ca0.26Fe''0.57Mg1.08Fe'''0.06Ti0.01Al0.13Si1.91O6 50.9694 0.209729 2.89283 2.02762 0 18.1023 0 19.3272 6.38432 0.0866018 0 0 0
500.00 1363.15 15.839997 36.395977 -185410.171894 4.729810 18.724195 cpx Na0.01Ca0.25Fe''0.58Mg1.07Fe'''0.06Ti0.01Al0.12Si1.91O6 50.9633 0.205296 2.80665 1.96031 0 18.5675 0 19.1689 6.24474 0.0832714 0 0 0
500.00 1353.15 16.396064 37.509234 -191509.442530 4.888260 19.343706 cpx Na0.01Ca0.25Fe''0.60Mg1.06Fe'''0.05Ti0.01Al0.12Si1.91O6 50.9657 0.201094 2.72906 1.89178 0 18.985 0 19.0451 6.10237 0.0799642 0 0 0
500.00 1343.15 16.887132 38.465483 -196891.550663 5.027521 19.887193 cpx Na0.01Ca0.24Fe''0.61Mg1.06Fe'''0.05Ti0.01Al0.12Si1.91O6 50.9736 0.196967 2.6581 1.82334 0 19.3663 0 18.9453 5.95965 0.076748 0 0 0
500.00 1333.15 17.324624 39.291918 -201682.830402 5.150967 20.367880 cpx Na0.01Ca0.23Fe''0.62Mg1.06Fe'''0.05Ti0.01Al0.11Si1.92O6 50.9852 0.19284 2.5924 1.75575 0 19.7191 0 18.8631 5.81791 0.0736547 0 0 0
500.00 1323.15 17.723780 40.023782 -206049.899767 5.263051 20.803261 cpx Na0.01Ca0.23Fe''0.63Mg1.05Fe'''0.05Ti0.01Al0.11Si1.92O6 50.9991 0.188792 2.53045 1.68915 0 20.052 0 18.792 5.67784 0.07067 0 0 0
500.00 1313.15 17.961243 40.377506 -208407.254775 5.325656 21.041594 cpx Na0.00Ca0.22Fe''0.64Mg1.05Fe'''0.05Ti0.01Al0.11Si1.92O6 51.0006 0.186731 2.4612 1.61934 0 20.4463 0 18.6794 5.53907 0.0672618 0 0 0
500.00 1303.15 18.241104 40.823774 -211323.454716 5.401401 21.331837 cpx Na0.00Ca0.22Fe''0.66Mg1.04Fe'''0.04Ti0.01Al0.11Si1.92O6 51.0086 0.184011 2.39781 1.55186 0 20.7998 0 18.5915 5.40217 0.0641668 0 0 0
500.00 1293.15 18.523088 41.269695 -214291.241338 5.477930 21.624792 cpx Na0.00Ca0.21Fe''0.67Mg1.04Fe'''0.04Ti0.01Al0.10Si1.92O6 51.0189 0.18105 2.33767 1.48619 0 21.1332 0 18.5142 5.26748 0.0612587 0 0 0
500.00 1283.15 18.802692 41.704884 -217252.644565 5.553849 21.914875 cpx Na0.00Ca0.21Fe''0.68Mg1.04Fe'''0.04Ti0.01Al0.10Si1.93O6 51.0306 0.177874 2.28037 1.42251 0 21.45 0 18.445 5.13521 0.0585236 0 0 0
500.00 1273.15 19.077603 42.124033 -220176.461254 5.628433 22.199152 cpx Na0.00Ca0.20Fe''0.69Mg1.04Fe'''0.04Ti0.00Al0.10Si1.93O6 51.0431 0.174506 2.22559 1.36091 0 21.7527 0 18.3818 5.00546 0.0559474 0 0 0
500.00 1263.15 19.346797 42.524806 -223047.347991 5.701348 22.476253 cpx Na0.00Ca0.20Fe''0.70Mg1.03Fe'''0.04Ti0.00Al0.10Si1.93O6 51.0559 0.170976 2.1731 1.30143 0 22.0436 0 18.3232 4.87825 0.0535176 0 0 0
500.00 1253.15 20.059898 43.867127 -230455.285587 5.898808 23.237218 cpx Na0.00Ca0.19Fe''0.71Mg1.02Fe'''0.04Ti0.00Al0.10Si1.93O6 50.9837 0.159064 2.13744 1.27609 0 22.5546 0 18.0594 4.7784 0.0513887 0 0 0
500.00 1243.15 20.762898 45.171908 -237724.526226 6.092755 23.983088 cpx Na0.00Ca0.19Fe''0.73Mg1.01Fe'''0.04Ti0.00Al0.09Si1.93O6 50.9139 0.147746 2.10376 1.25061 0 23.0502 0 17.8058 4.67866 0.0493551 0 0 0
500.00 1233.15 21.420901 46.365501 -244500.585336 6.273434 24.675888 cpx Na0.00Ca0.19Fe''0.75Mg1.00Fe'''0.03Ti0.00Al0.09Si1.93O6 50.8523 0.137425 2.07066 1.2228 0 23.5161 0 17.5753 4.57807 0.0473963 0 0 0
500.00 1223.15 22.029930 47.440833 -250747.904264 6.439819 25.311645 cpx Na0.00Ca0.18Fe''0.76Mg0.99Fe'''0.03Ti0.00Al0.09Si1.94O6 50.7989 0.127955 2.03767 1.19259 0 23.9532 0 17.3669 4.47728 0.0455044 0 0 0
500.00 1213.15 22.585262 48.389466 -256424.436042 6.590688 25.885659 cpx Na0.00Ca0.18Fe''0.78Mg0.98Fe'''0.03Ti0.00Al0.09Si1.94O6 50.7544 0.119216 2.00421 1.15977 0 24.3614 0 17.1806 4.37678 0.0436727 0 0 0
500.00 1203.15 23.080363 49.199396 -261470.532790 6.724329 26.391339 cpx Na0.00Ca0.18Fe''0.79Mg0.97Fe'''0.03Ti0.00Al0.09Si1.94O6 50.7196 0.111105 1.9696 1.124 0 24.7393 0 17.0176 4.27697 0.0418957 0 0 0
500.00 1193.15 23.081876 48.976512 -261520.085341 6.720133 26.360470 cpx Na0.00Ca0.17Fe''0.80Mg0.97Fe'''0.03Ti0.00Al0.09Si1.94O6 50.7402 0.105422 1.94686 1.0844 0 24.8867 0 17.0249 4.1707 0.0408437 0 0 0
500.00 1183.15 23.051229 48.685466 -261239.599501 6.706928 26.293996 cpx Na0.00Ca0.17Fe''0.80Mg0.97Fe'''0.03Ti0.00Al0.09Si1.94O6 50.7627 0.100111 1.9255 1.04583 0 25.0194 0 17.0407 4.06585 0.0398798 0 0 0
500.00 1173.15 23.006622 48.364672 -260821.828743 6.689903 26.212139 cpx Na0.00Ca0.16Fe''0.80Mg0.97Fe'''0.03Ti0.00Al0.09Si1.94O6 50.7871 0.0950324 1.90389 1.00736 0 25.1434 0 17.0614 3.96293 0.0389337 0 0 0
500.00 1163.15 22.962816 48.044557 -260411.708140 6.673122 26.130662 cpx Na0.00Ca0.16Fe''0.81Mg0.97Fe'''0.03Ti0.00Al0.08Si1.94O6 50.8108 0.0901451 1.88221 0.969599 0 25.2665 0 17.0808 3.86198 0.038005 0 0 0
500.00 1153.15 22.919798 47.725067 -260008.994928 6.656580 26.049543 cpx Na0.00Ca0.15Fe''0.81Mg0.97Fe'''0.03Ti0.00Al0.08Si1.94O6 50.8339 0.0854443 1.86045 0.932568 0 25.3888 0 17.0988 3.76292 0.0370931 0 0 0
500.00 1143.15 22.878505 47.408131 -259623.529590 6.640539 25.969809 cpx Na0.00Ca0.15Fe''0.82Mg0.98Fe'''0.03Ti0.00Al0.08Si1.94O6 50.8562 0.080934 1.83883 0.896354 0 25.5107 0 17.1152 3.66552 0.036288 0 0 0
500.00 1133.15 22.838056 47.091864 -259245.895590 6.624750 25.890473 cpx Na0.00Ca0.15Fe''0.82Mg0.98Fe'''0.02Ti0.00Al0.08Si1.95O6 50.8778 0.0766004 1.81715 0.860884 0 25.632 0 17.1303 3.5699 0.0355043 0 0 0
500.00 1123.15 22.798341 46.776002 -258874.825442 6.609181 25.811402 cpx Na0.00Ca0.14Fe''0.82Mg0.98Fe'''0.02Ti0.00Al0.08Si1.95O6 50.8987 0.0724382 1.7954 0.826157 0 25.7526 0 17.144 3.47602 0.034731 0 0 0
500.00 1113.15 22.759362 46.460524 -258510.279111 6.593832 25.732589 cpx Na0.00Ca0.14Fe''0.83Mg0.98Fe'''0.02Ti0.00Al0.08Si1.95O6 50.9189 0.0684433 1.77358 0.792183 0 25.8726 0 17.1565 3.38385 0.0339679 0 0 0
500.00 1103.15 22.721125 46.145411 -258152.252160 6.578703 25.654028 cpx Na0.00Ca0.14Fe''0.83Mg0.98Fe'''0.02Ti0.00Al0.08Si1.95O6 50.9385 0.0646116 1.7517 0.758969 0 25.992 0 17.1677 3.29333 0.0332148 0 0 0

feldspar_0 thermodynamic data and composition:
Pressure Temperature mass S H V Cp formula SiO2 TiO2 Al2O3 Fe2O3 Cr2O3 FeO MnO MgO CaO Na2O K2O P2O5 H2O
500.00 1483.15 2.222793 5.454939 -30629.107137 0.832805 2.742604 K0.00Na0.21Ca0.79Al1.79Si2.21O8 48.3859 0 33.1401 0 0 0 0 0 16.0507 2.37144 0.0518068 0 0
500.00 1473.15 5.857194 14.341253 -80761.070518 2.196337 7.221615 K0.00Na0.22Ca0.77Al1.77Si2.23O8 48.7377 0 32.9016 0 0 0 0 0 15.7719 2.5299 0.0590288 0 0
500.00 1463.15 9.283854 22.678954 -128089.860189 3.484250 11.438031 K0.00Na0.24Ca0.76Al1.76Si2.24O8 49.0954 0 32.6587 0 0 0 0 0 15.488 2.69053 0.0672972 0 0
500.00 1453.15 14.481429 35.322992 -199885.272080 5.444138 17.830893 K0.00Na0.26Ca0.73Al1.73Si2.27O8 49.7316 0 32.2264 0 0 0 0 0 14.9829 2.9749 0.084154 0 0
500.00 1443.15 20.186908 49.158060 -278754.749674 7.601111 24.839860 K0.01Na0.29Ca0.71Al1.71Si2.29O8 50.3336 0 31.8155 0 0 0 0 0 14.5035 3.23929 0.108052 0 0
500.00 1433.15 24.970451 60.693952 -344959.004424 9.415890 30.706730 K0.01Na0.31Ca0.69Al1.69Si2.31O8 50.89 0 31.4342 0 0 0 0 0 14.0591 3.47939 0.137333 0 0
500.00 1423.15 28.870266 70.031016 -399009.883646 10.900870 35.476692 K0.01Na0.33Ca0.66Al1.66Si2.34O8 51.4074 0 31.0779 0 0 0 0 0 13.6444 3.69824 0.17213 0 0
500.00 1413.15 32.137061 77.785043 -444356.810353 12.149033 39.460603 K0.01Na0.34Ca0.64Al1.64Si2.36O8 51.8868 0 30.7456 0 0 0 0 0 13.2584 3.89565 0.213485 0 0
500.00 1403.15 34.707919 83.802326 -480152.567376 13.133799 42.583308 K0.01Na0.36Ca0.63Al1.63Si2.37O8 52.2927 0 30.4648 0 0 0 0 0 12.9319 4.06368 0.246931 0 0
500.00 1393.15 36.836609 88.700131 -509928.516744 13.949360 45.159012 K0.01Na0.37Ca0.62Al1.62Si2.38O8 52.6157 0 30.2444 0 0 0 0 0 12.6747 4.2058 0.259357 0 0
500.00 1383.15 38.606579 92.686729 -534785.936573 14.627031 47.287706 K0.02Na0.38Ca0.61Al1.61Si2.39O8 52.8665 0 30.0713 0 0 0 0 0 12.4735 4.31083 0.277937 0 0
500.00 1373.15 39.932803 95.563253 -553547.031509 15.133846 48.866525 K0.02Na0.38Ca0.60Al1.60Si2.40O8 53.043 0 29.9478 0 0 0 0 0 12.3304 4.38058 0.298155 0 0
500.00 1363.15 40.945446 97.654557 -568003.158625 15.519682 50.056838 K0.02Na0.39Ca0.59Al1.59Si2.41O8 53.1677 0 29.8594 0 0 0 0 0 12.2284 4.42673 0.317723 0 0
500.00 1353.15 41.741379 99.202035 -579485.702376 15.821816 50.978505 K0.02Na0.39Ca0.59Al1.59Si2.41O8 53.2573 0 29.7949 0 0 0 0 0 12.1543 4.45726 0.336235 0 0
500.00 1343.15 42.383732 100.363095 -588861.690379 16.064601 51.709607 K0.02Na0.39Ca0.59Al1.59Si2.41O8 53.3227 0 29.7469 0 0 0 0 0 12.0994 4.47723 0.353696 0 0
500.00 1333.15 42.914054 101.241370 -596701.422805 16.264088 52.301514 K0.02Na0.39Ca0.58Al1.58Si2.42O8 53.3712 0 29.7106 0 0 0 0 0 12.0581 4.48993 0.370212 0 0
500.00 1323.15 43.364780 101.917186 -603449.742661 16.432799 52.794178 K0.02Na0.39Ca0.58Al1.58Si2.42O8 53.4077 0 29.6823 0 0 0 0 0 12.0263 4.49727 0.386396 0 0
500.00 1313.15 43.851614 102.660596 -610719.582577 16.614103 53.328218 K0.02Na0.39Ca0.58Al1.58Si2.42O8 53.4227 0 29.6688 0 0 0 0 0 12.0116 4.49499 0.402 0 0
500.00 1303.15 44.251337 103.188634 -616786.559501 16.762243 53.754427 K0.02Na0.39Ca0.58Al1.58Si2.42O8 53.4355 0 29.6567 0 0 0 0 0 11.9986 4.49173 0.417551 0 0
500.00 1293.15 44.598517 103.583512 -622130.714795 16.890266 54.115037 K0.02Na0.39Ca0.58Al1.58Si2.42O8 53.4448 0 29.6469 0 0 0 0 0 11.9884 4.48703 0.432902 0 0
500.00 1283.15 44.903171 103.868369 -626891.910248 17.001962 54.693689 K0.03Na0.39Ca0.58Al1.58Si2.42O8 53.4519 0 29.6387 0 0 0 0 0 11.98 4.48135 0.448045 0 0
500.00 1273.15 45.172893 104.063227 -631172.934241 17.100298 54.960815 K0.03Na0.39Ca0.58Al1.58Si2.42O8 53.4573 0 29.6317 0 0 0 0 0 11.973 4.47504 0.462984 0 0
500.00 1263.15 45.413454 104.182793 -635052.566260 17.187508 55.191207 K0.03Na0.39Ca0.58Al1.58Si2.42O8 53.4616 0 29.6255 0 0 0 0 0 11.9668 4.46834 0.477724 0 0
500.00 1253.15 45.864333 104.775197 -641823.654988 17.354695 55.671686 K0.03Na0.39Ca0.58Al1.58Si2.42O8 53.4686 0 29.6118 0 0 0 0 0 11.9538 4.44801 0.517752 0 0
500.00 1243.15 46.290864 105.301027 -648251.950889 17.512828 56.120494 K0.03Na0.39Ca0.58Al1.58Si2.42O8 53.4788 0 29.595 0 0 0 0 0 11.9376 4.4267 0.561875 0 0
500.00 1233.15 46.684866 105.742171 -654226.353928 17.658764 56.528147 K0.04Na0.39Ca0.58Al1.58Si2.42O8 53.4914 0 29.5761 0 0 0 0 0 11.9191 4.40521 0.608183 0 0
500.00 1223.15 47.051539 106.111009 -659820.336118 17.794443 56.901185 K0.04Na0.38Ca0.58Al1.58Si2.42O8 53.5057 0 29.5557 0 0 0 0 0 11.8989 4.38362 0.656046 0 0
500.00 1213.15 47.393355 106.413581 -665070.387206 17.920751 57.242883 K0.04Na0.38Ca0.58Al1.58Si2.42O8 53.5209 0 29.5346 0 0 0 0 0 11.8779 4.36215 0.704419 0 0
500.00 1203.15 47.709880 106.649302 -669973.703076 18.037453 57.553067 K0.04Na0.38Ca0.58Al1.58Si2.42O8 53.536 0 29.5138 0 0 0 0 0 11.8572 4.34125 0.751722 0 0
500.00 1193.15 47.754238 106.266918 -671164.069357 18.049789 57.540002 K0.04Na0.38Ca0.58Al1.58Si2.42O8 53.5336 0 29.5145 0 0 0 0 0 11.8584 4.33775 0.755744 0 0
500.00 1183.15 47.771173 105.819169 -671979.897534 18.051621 57.494231 K0.04Na0.38Ca0.58Al1.58Si2.42O8 53.5295 0 29.5173 0 0 0 0 0 11.8617 4.33609 0.755343 0 0
500.00 1173.15 47.790420 105.372535 -672827.897564 18.054323 57.451102 K0.04Na0.38Ca0.58Al1.58Si2.42O8 53.5251 0 29.5204 0 0 0 0 0 11.8653 4.33423 0.755045 0 0
500.00 1163.15 47.810258 104.923162 -673684.092403 18.057251 57.408722 K0.04Na0.38Ca0.58Al1.58Si2.42O8 53.5206 0 29.5235 0 0 0 0 0 11.8689 4.33232 0.754737 0 0
500.00 1153.15 47.830683 104.470954 -674548.441972 18.060403 57.367271 K0.04Na0.38Ca0.58Al1.58Si2.42O8 53.516 0 29.5267 0 0 0 0 0 11.8726 4.33038 0.75442 0 0
500.00 1143.15 47.754741 103.799324 -674118.553102 18.025666 57.212667 K0.04Na0.38Ca0.58Al1.58Si2.42O8 53.488 0 29.5511 0 0 0 0 0 11.8993 4.33223 0.729344 0 0
500.00 1133.15 47.672314 103.110871 -673600.268272 17.988389 57.051360 K0.04Na0.38Ca0.58Al1.58Si2.42O8 53.4581 0 29.5774 0 0 0 0 0 11.928 4.33446 0.702064 0 0
500.00 1123.15 47.594693 102.430717 -673145.272186 17.953009 56.897025 K0.04Na0.38Ca0.58Al1.58Si2.42O8 53.4289 0 29.6031 0 0 0 0 0 11.956 4.33662 0.675476 0 0
500.00 1113.15 47.521697 101.758261 -672751.265376 17.919455 56.749903 K0.04Na0.38Ca0.58Al1.58Si2.42O8 53.4004 0 29.6281 0 0 0 0 0 11.9832 4.33872 0.649568 0 0
500.00 1103.15 47.453155 101.092918 -672416.059998 17.887657 56.610377 K0.04Na0.38Ca0.58Al1.58Si2.42O8 53.3726 0 29.6525 0 0 0 0 0 12.0098 4.34075 0.624328 0 0

feldspar_1 thermodynamic data and composition:
Pressure Temperature mass S H V Cp formula SiO2 TiO2 Al2O3 Fe2O3 Cr2O3 FeO MnO MgO CaO Na2O K2O P2O5 H2O
500.00 1143.15 0.095761 0.207569 -1292.806215 0.038117 0.112850 K0.77Na0.21Ca0.03Al1.03Si2.97O8 64.92 0 19.0672 0 0 0 0 0 0.582459 2.32293 13.1074 0 0
500.00 1133.15 0.198479 0.428032 -2681.281551 0.078990 0.233716 K0.77Na0.20Ca0.03Al1.03Si2.97O8 64.9362 0 19.0398 0 0 0 0 0 0.556018 2.28699 13.181 0 0
500.00 1123.15 0.296994 0.637194 -4014.776534 0.118178 0.349452 K0.77Na0.20Ca0.03Al1.03Si2.97O8 64.9514 0 19.0131 0 0 0 0 0 0.530448 2.25084 13.2543 0 0
500.00 1113.15 0.391478 0.835530 -5295.485301 0.155748 0.460271 K0.78Na0.20Ca0.02Al1.02Si2.98O8 64.9656 0 18.9871 0 0 0 0 0 0.505729 2.21447 13.3271 0 0
500.00 1103.15 0.482090 1.023492 -6525.477336 0.191764 0.566378 K0.78Na0.19Ca0.02Al1.02Si2.98O8 64.9788 0 18.9619 0 0 0 0 0 0.481844 2.1779 13.3995 0 0

whitlockite thermodynamic data and composition:
Pressure Temperature mass S H V Cp formula
500.00 1323.15 0.011610 0.026151 -140.431837 0.003654 0.016077 Ca3(PO4)2
500.00 1313.15 0.044361 0.099458 -537.198135 0.013961 0.061073 Ca3(PO4)2
500.00 1303.15 0.069065 0.154121 -837.311734 0.021736 0.094536 Ca3(PO4)2
500.00 1293.15 0.089946 0.199772 -1091.689613 0.028308 0.122410 Ca3(PO4)2
500.00 1283.15 0.107833 0.238362 -1310.246520 0.033937 0.145914 Ca3(PO4)2
500.00 1273.15 0.123331 0.271318 -1500.222510 0.038815 0.165937 Ca3(PO4)2
500.00 1263.15 0.136894 0.299708 -1667.042404 0.043083 0.183145 Ca3(PO4)2
500.00 1253.15 0.166925 0.363684 -2034.968900 0.052534 0.222067 Ca3(PO4)2
500.00 1243.15 0.194032 0.420681 -2367.999940 0.061065 0.256685 Ca3(PO4)2
500.00 1233.15 0.217914 0.470139 -2662.342352 0.068582 0.286678 Ca3(PO4)2
500.00 1223.15 0.239239 0.513589 -2926.008304 0.075293 0.312992 Ca3(PO4)2
500.00 1213.15 0.258408 0.551975 -3163.835406 0.081326 0.336213 Ca3(PO4)2
500.00 1203.15 0.275590 0.585714 -3377.768567 0.086733 0.356608 Ca3(PO4)2
500.00 1193.15 0.277088 0.585916 -3399.714344 0.087205 0.356599 Ca3(PO4)2
