Title: Hr

System Thermodynamic Data:
Pressure Temperature mass F phi S H V dVdP*10^6 dVdT*10^6 Cp logfO2(absolute) logfO2-NNO rhol rhos viscosity aH2O chisqr
500.00 1523.15 98.271532 1.0000000000000000 1.000000 275.288069 -1166505.158250 37.675974 -370.239983 3731.436756 147.841742 -7.007 0.000 2.608334 0.000000 1.789 0.386812 0.000
500.00 1513.15 98.272180 1.0000000000000000 1.000000 274.315525 -1167993.025915 37.639248 -369.143582 3728.765387 147.841652 -7.116 0.000 2.610896 0.000000 1.828 0.385875 0.000
500.00 1503.15 98.272869 1.0000000000000000 1.000000 273.336578 -1169481.510173 37.602584 -368.050178 3726.036674 147.841761 -7.225 0.000 2.613461 0.000000 1.867 0.384928 0.000
500.00 1493.15 98.273599 1.0000000000000000 1.000000 272.351141 -1170970.635046 37.565982 -366.959843 3723.250894 147.842076 -7.336 0.000 2.616026 0.000000 1.908 0.383972 0.000
500.00 1483.15 98.274372 1.0000000000000000 1.000000 271.359123 -1172460.425570 37.529443 -365.872653 3720.408333 147.842604 -7.449 0.000 2.618594 0.000000 1.948 0.383007 0.000
500.00 1473.15 98.275188 1.0000000000000000 1.000000 270.375540 -1173928.598335 37.492970 -364.788685 3717.509291 144.583875 -7.563 0.000 2.621163 0.000000 1.990 0.382032 0.000
500.00 1463.15 98.276050 1.0000000000000000 1.000000 269.392315 -1175387.158022 37.456565 -363.708022 3714.554080 144.576415 -7.679 0.000 2.623734 0.000000 2.031 0.381047 0.000
500.00 1453.15 98.276958 1.0000000000000000 1.000000 268.402441 -1176846.373215 37.420227 -362.630749 3711.543025 144.568640 -7.796 0.000 2.626306 0.000000 2.074 0.380052 0.000
500.00 1443.15 98.277914 1.0000000000000000 1.000000 267.405828 -1178306.267519 37.383961 -361.556955 3708.476468 144.560546 -7.915 0.000 2.628879 0.000000 2.117 0.379048 0.000
500.00 1433.15 98.278920 1.0000000000000000 1.000000 266.402383 -1179766.865717 37.347766 -360.486732 3705.354763 144.552132 -8.035 0.000 2.631454 0.000000 2.160 0.378034 0.000
500.00 1423.15 98.279224 0.9972259677836981 0.997785 265.314555 -1181325.620378 37.305496 -359.250177 3696.396663 144.401039 -8.157 0.000 2.632968 3.299199 2.214 0.377509 0.000
500.00 1413.15 98.006507 0.9886544026103292 0.990901 263.342228 -1179881.988143 37.152644 -357.258026 3668.400191 143.528604 -8.281 0.000 2.631962 3.289112 2.286 0.379512 0.000
500.00 1403.15 96.894483 0.9226121394971137 0.931491 257.810385 -1170291.594081 36.534894 -345.365249 3546.327556 139.628822 -8.407 0.000 2.626829 2.995815 2.334 0.428179 0.000
500.00 1393.15 89.396902 0.9270794760151703 0.935471 237.698501 -1075452.588639 33.792607 -332.320084 3368.945869 128.414575 -8.535 0.000 2.621726 2.989499 2.380 0.478896 0.000
500.00 1383.15 82.879081 0.9325640328762894 0.940531 220.225467 -993111.894965 31.405428 -320.877050 3215.554186 118.704056 -8.664 0.000 2.616652 2.992529 2.427 0.52978 0.000
500.00 1373.15 77.291254 0.9372555263497012 0.944859 205.212906 -922779.153382 29.357330 -310.788958 3082.437970 110.375363 -8.795 0.000 2.611590 2.995787 2.475 0.58064 0.000
500.00 1363.15 72.442996 0.9412897397511921 0.948585 192.160420 -861991.374630 27.579308 -301.793069 2965.510797 103.148017 -8.929 0.000 2.606516 2.999393 2.524 0.631331 0.000
500.00 1353.15 68.191311 0.9447658845264532 0.951805 180.691671 -808903.795580 26.019527 -293.689412 2861.655381 96.810677 -9.064 0.000 2.601392 3.003563 2.574 0.68174 0.000
500.00 1343.15 64.603036 0.8064708188140379 0.857084 168.234774 -768221.833101 24.538533 -278.640220 2523.605005 88.076787 -9.201 0.000 2.477250 3.565074 3.176 0.80918 0.000
500.00 1333.15 52.129847 0.9295074087305323 0.945616 139.293324 -646727.875377 20.923256 -269.796864 2322.628708 73.377724 -9.340 0.000 2.449037 3.229432 3.339 0.872745 0.000
500.00 1323.15 48.477038 0.9306052502074962 0.945478 129.738709 -606521.398016 19.688154 -262.740739 2222.620126 68.171473 -9.481 0.000 2.423511 3.133928 3.481 0.943058 0.000
500.00 1313.15 45.132248 0.9306496769382795 0.936768 120.942294 -568548.543085 18.673251 -595.343306 2271.571514 63.355702 -9.625 0.000 2.401161 2.650806 3.624 0.999965 0.000
500.00 1303.15 42.034091 0.9074118678086115 0.872102 112.615944 -532983.579757 18.346308 -2401.806223 2931.517384 58.669341 -9.771 0.000 2.383911 1.658614 3.821 0.999998 0.000
500.00 1293.15 38.247231 0.9148881797872533 0.837843 102.906132 -487431.310096 17.630823 -3888.131495 3482.395900 53.350808 -9.919 0.000 2.368824 1.138627 4.006 1.00003 0.000
500.00 1283.15 35.158719 0.9205248228050993 0.805981 94.945008 -450156.504953 17.047365 -5132.354563 3962.749274 49.018159 -10.069 0.000 2.355520 0.844816 4.181 1.00006 0.000
500.00 1273.15 32.584286 0.9248620771754892 0.776608 88.276741 -418983.044619 16.556916 -6186.667832 4387.196529 45.396100 -10.221 0.000 2.343710 0.661943 4.346 1.00008 0.000
500.00 1263.15 30.401904 0.9282639080804049 0.749672 82.598203 -392471.369591 16.134452 -7087.759840 4766.799080 42.325585 -10.376 0.000 2.333172 0.539976 4.503 1.0001 0.000
500.00 1253.15 28.527426 0.9309687901625029 0.725042 77.699443 -369629.957407 15.763354 -7862.557644 5109.486806 39.689003 -10.534 0.000 2.323731 0.454353 4.652 1.00011 0.000
500.00 1243.15 26.900424 0.9331385553687832 0.702559 73.429068 -349746.836717 15.432115 -8531.532612 5421.330208 37.401536 -10.694 0.000 2.315244 0.391840 4.794 1.00012 0.000
500.00 1233.15 25.476023 0.9348858033670888 0.682056 69.674221 -332292.933831 15.132488 -9110.710832 5707.124883 35.400003 -10.857 0.000 2.307597 0.344783 4.930 1.00012 0.000
500.00 1223.15 24.219939 0.9362912108982074 0.663367 66.348391 -316863.507824 14.858376 -9612.937670 5970.758670 33.636029 -11.022 0.000 2.300693 0.308492 5.060 1.00013 0.000
500.00 1213.15 23.105365 0.9374145214124795 0.646338 63.383720 -303141.396037 14.605158 -10048.700881 6215.449439 32.071737 -11.190 0.000 2.294450 0.279957 5.184 1.00013 0.000
500.00 1203.15 22.110930 0.9383015007410638 0.630823 60.725973 -290873.154802 14.369245 -10426.686305 6443.904632 30.676917 -11.361 0.000 2.288800 0.257166 5.303 1.00013 0.000
500.00 1193.15 21.219334 0.9389883387208750 0.616690 58.331139 -279853.039121 14.147802 -10754.167232 6658.432476 29.427110 -11.534 0.000 2.283683 0.238729 5.417 1.00012 0.000
500.00 1183.15 20.416392 0.9395044493478550 0.603819 56.163066 -269911.885582 13.938550 -11037.287066 6861.022545 28.302271 -11.711 0.000 2.279048 0.223661 5.526 1.00012 0.000
500.00 1173.15 19.690353 0.9398742745028020 0.592100 54.191749 -260909.155847 13.739635 -11281.271128 7053.406280 27.285809 -11.890 0.000 2.274850 0.211244 5.631 1.00011 0.000
500.00 1163.15 19.031395 0.9401184699990217 0.581437 52.392075 -252727.081761 13.549531 -11490.589662 7237.103914 26.363872 -12.073 0.000 2.271049 0.200945 5.733 1.0001 0.000
500.00 1153.15 18.431240 0.9398317777586611 0.571506 50.742288 -245266.737274 13.367344 -11670.584296 7414.077144 25.519804 -12.259 0.000 2.267455 0.193612 5.834 1.0001 0.000
500.00 1143.15 17.876163 0.9395591943883949 0.562437 49.210596 -238359.379489 13.189546 -11823.740862 7585.196587 24.738337 -12.448 0.000 2.264094 0.187212 5.935 1.00009 0.000
500.00 1133.15 17.362015 0.9395849811175084 0.554319 47.786199 -231955.109305 13.015562 -11951.764443 7751.076247 24.017236 -12.641 0.000 2.261066 0.180825 6.032 1.00008 0.000
500.00 1123.15 16.890818 0.9395390819418301 0.546981 46.471005 -226081.040257 12.847018 -12057.258425 7912.749669 23.357359 -12.837 0.000 2.258347 0.175472 6.125 1.00007 0.000

Title: Hr

Liquid Composition:
Pressure Temperature mass SiO2 TiO2 Al2O3 Fe2O3 FeO MnO MgO CaO Na2O K2O P2O5 H2O 
500.00 1523.15 98.271532 48.6086 1.37558 15.4532 2.51391 9.99137 0.199549 7.35442 10.7378 2.24053 0.353205 0.154266 1.01759
500.00 1513.15 98.272180 48.6083 1.37557 15.4531 2.52049 9.98537 0.199548 7.35437 10.7377 2.24051 0.353203 0.154265 1.01758
500.00 1503.15 98.272869 48.6079 1.37556 15.453 2.52747 9.97901 0.199546 7.35432 10.7377 2.2405 0.3532 0.154264 1.01757
500.00 1493.15 98.273599 48.6076 1.37555 15.4529 2.53486 9.97226 0.199545 7.35426 10.7376 2.24048 0.353198 0.154263 1.01757
500.00 1483.15 98.274372 48.6072 1.37554 15.4528 2.54269 9.96512 0.199543 7.35421 10.7375 2.24046 0.353195 0.154262 1.01756
500.00 1473.15 98.275188 48.6068 1.37553 15.4526 2.55096 9.95758 0.199542 7.35415 10.7374 2.24044 0.353192 0.154261 1.01755
500.00 1463.15 98.276050 48.6063 1.37551 15.4525 2.55969 9.94962 0.19954 7.35408 10.7373 2.24042 0.353189 0.154259 1.01754
500.00 1453.15 98.276958 48.6059 1.3755 15.4524 2.56889 9.94123 0.199538 7.35401 10.7372 2.2404 0.353186 0.154258 1.01753
500.00 1443.15 98.277914 48.6054 1.37549 15.4522 2.57857 9.93239 0.199536 7.35394 10.7371 2.24038 0.353182 0.154256 1.01752
500.00 1433.15 98.278920 48.6049 1.37547 15.452 2.58876 9.9231 0.199534 7.35387 10.737 2.24036 0.353178 0.154255 1.01751
500.00 1423.15 98.006594 48.6303 1.37929 15.495 2.59905 9.90076 0.199149 7.25502 10.7656 2.24658 0.35416 0.154683 1.02034
500.00 1413.15 96.894565 48.7011 1.39295 15.6547 2.60856 9.86584 0.198658 6.9454 10.8142 2.27179 0.358224 0.156459 1.03205
500.00 1403.15 89.396026 48.8004 1.4816 15.5922 2.69636 10.3058 0.211506 6.51338 10.3384 2.38535 0.386833 0.169582 1.11862
500.00 1393.15 82.878033 48.9138 1.56948 15.493 2.78276 10.7343 0.224012 6.10032 9.88274 2.49435 0.415722 0.182919 1.20659
500.00 1383.15 77.290050 49.0336 1.65331 15.3928 2.86372 11.1359 0.235963 5.70454 9.44752 2.59849 0.444241 0.196144 1.29383
500.00 1373.15 72.441655 49.1604 1.7331 15.2914 2.93981 11.5112 0.247359 5.32504 9.03146 2.69806 0.472429 0.209272 1.38042
500.00 1363.15 68.189849 49.2952 1.80884 15.1889 3.01148 11.8606 0.25819 4.96085 8.63343 2.79335 0.500329 0.22232 1.46649
500.00 1353.15 64.424824 49.4392 1.88036 15.0853 3.07904 12.1843 0.268438 4.61095 8.25228 2.88465 0.527992 0.235313 1.5522
500.00 1343.15 52.100463 54.4418 1.19365 15.9668 2.22 8.02646 0.331948 3.79009 7.75629 3.41262 0.649942 0.290976 1.91937
500.00 1333.15 48.455079 55.6373 1.08214 16.0303 2.06179 7.33458 0.356921 3.50814 7.33396 3.58116 0.697074 0.312867 2.06377
500.00 1323.15 45.112986 56.7137 1.0025 15.9563 1.93533 6.74777 0.383363 3.18299 7.04208 3.73684 0.746401 0.336045 2.21666
500.00 1313.15 42.002312 57.7915 0.93444 15.7919 1.82092 6.22061 0.411754 2.88001 6.75693 3.88502 0.798879 0.360933 2.34707
500.00 1303.15 38.142233 59.198 0.881039 15.3502 1.71529 5.7164 0.453425 2.54566 6.43233 4.05168 0.874462 0.39746 2.38411
500.00 1293.15 34.991940 60.5125 0.833212 14.895 1.6162 5.25991 0.494246 2.26271 6.14171 4.18807 0.947588 0.433243 2.41562
500.00 1283.15 32.364473 61.7469 0.790123 14.433 1.52284 4.84446 0.534371 2.02071 5.88002 4.29797 1.01856 0.468415 2.44268
500.00 1273.15 30.135971 62.9103 0.7511 13.9691 1.4346 4.46478 0.573887 1.81188 5.64318 4.38454 1.08754 0.503053 2.4661
500.00 1263.15 28.220990 64.0096 0.715598 13.5073 1.351 4.11663 0.612829 1.63034 5.42778 4.45055 1.15464 0.537189 2.48652
500.00 1253.15 26.558143 65.0505 0.683167 13.0508 1.27171 3.79657 0.651199 1.4715 5.23098 4.49845 1.21986 0.570823 2.50443
500.00 1243.15 25.101823 66.0374 0.653435 12.6021 1.19645 3.50175 0.688979 1.33174 5.05038 4.53042 1.28322 0.60394 2.52024
500.00 1233.15 23.817172 66.9741 0.626085 12.1629 1.12501 3.22977 0.726141 1.20818 4.88393 4.54841 1.34468 0.636516 2.53426
500.00 1223.15 22.676916 67.864 0.600852 11.7347 1.05721 2.97857 0.762653 1.09845 4.72991 4.55417 1.40423 0.668521 2.54678
500.00 1213.15 21.659305 68.71 0.577505 11.3183 0.992911 2.74636 0.798485 1.00062 4.58685 4.54925 1.46184 0.69993 2.55802
500.00 1203.15 20.746719 69.5147 0.555848 10.9143 0.931965 2.53157 0.833608 0.913103 4.45351 4.53505 1.5175 0.730718 2.56817
500.00 1193.15 19.924707 70.2806 0.535705 10.5231 0.874246 2.33282 0.867999 0.83455 4.32882 4.51279 1.57121 0.760864 2.57738
500.00 1183.15 19.181291 71.0098 0.516927 10.1448 0.819631 2.14885 0.90164 0.763837 4.21187 4.48355 1.62295 0.790353 2.58579
500.00 1173.15 18.506456 71.7045 0.499377 9.77945 0.768 1.97854 0.934519 0.700012 4.10188 4.44831 1.67276 0.819174 2.59351
500.00 1163.15 17.891766 72.3665 0.482936 9.42692 0.719234 1.82087 0.966625 0.642262 3.9982 4.4079 1.72062 0.847317 2.60065
500.00 1153.15 17.322265 73.0266 0.467717 9.08976 0.672899 1.67508 0.998404 0.589513 3.88168 4.36462 1.76735 0.859042 2.60736
500.00 1143.15 16.795713 73.6761 0.453527 8.76653 0.629049 1.54021 1.0297 0.541392 3.75854 4.31851 1.81267 0.860046 2.61367
500.00 1133.15 16.313089 74.2935 0.440095 8.4547 0.587825 1.41538 1.06017 0.497676 3.64325 4.2689 1.85601 0.862967 2.61958
Title: Hr

liquid_0 thermodynamic data and composition:
Pressure Temperature mass S H V Cp viscosity SiO2 TiO2 Al2O3 Fe2O3 FeO MnO MgO CaO Na2O K2O P2O5 H2O Mg#
500.00 1523.15 98.271532 275.288069 -1166505.158250 37.675974 147.841742 1.789 48.6086 1.37558 15.4532 2.51391 9.99137 0.199549 7.35442 10.7378 2.24053 0.353205 0.154266 1.01759 56.7
500.00 1513.15 98.272180 274.315525 -1167993.025915 37.639248 147.841652 1.828 48.6083 1.37557 15.4531 2.52049 9.98537 0.199548 7.35437 10.7377 2.24051 0.353203 0.154265 1.01758 56.8
500.00 1503.15 98.272869 273.336578 -1169481.510173 37.602584 147.841761 1.867 48.6079 1.37556 15.453 2.52747 9.97901 0.199546 7.35432 10.7377 2.2405 0.3532 0.154264 1.01757 56.8
500.00 1493.15 98.273599 272.351141 -1170970.635046 37.565982 147.842076 1.908 48.6076 1.37555 15.4529 2.53486 9.97226 0.199545 7.35426 10.7376 2.24048 0.353198 0.154263 1.01757 56.8
500.00 1483.15 98.274372 271.359123 -1172460.425570 37.529443 147.842604 1.948 48.6072 1.37554 15.4528 2.54269 9.96512 0.199543 7.35421 10.7375 2.24046 0.353195 0.154262 1.01756 56.8
500.00 1473.15 98.275188 270.375540 -1173928.598335 37.492970 144.583875 1.990 48.6068 1.37553 15.4526 2.55096 9.95758 0.199542 7.35415 10.7374 2.24044 0.353192 0.154261 1.01755 56.8
500.00 1463.15 98.276050 269.392315 -1175387.158022 37.456565 144.576415 2.031 48.6063 1.37551 15.4525 2.55969 9.94962 0.19954 7.35408 10.7373 2.24042 0.353189 0.154259 1.01754 56.9
500.00 1453.15 98.276958 268.402441 -1176846.373215 37.420227 144.568640 2.074 48.6059 1.3755 15.4524 2.56889 9.94123 0.199538 7.35401 10.7372 2.2404 0.353186 0.154258 1.01753 56.9
500.00 1443.15 98.277914 267.405828 -1178306.267519 37.383961 144.560546 2.117 48.6054 1.37549 15.4522 2.57857 9.93239 0.199536 7.35394 10.7371 2.24038 0.353182 0.154256 1.01752 56.9
500.00 1433.15 98.278920 266.402383 -1179766.865717 37.347766 144.552132 2.160 48.6049 1.37547 15.452 2.58876 9.9231 0.199534 7.35387 10.737 2.24036 0.353178 0.154255 1.01751 56.9
500.00 1423.15 98.006594 264.665544 -1178008.582791 37.222861 144.065302 2.214 48.6303 1.37929 15.495 2.59905 9.90076 0.199149 7.25502 10.7656 2.24658 0.35416 0.154683 1.02034 56.6
500.00 1413.15 96.894565 260.728963 -1166185.658524 36.814577 142.179834 2.286 48.7011 1.39295 15.6547 2.60856 9.86584 0.198658 6.9454 10.8142 2.27179 0.358224 0.156459 1.03205 55.7
500.00 1403.15 89.396026 240.278520 -1071832.679798 34.031917 130.618847 2.334 48.8004 1.4816 15.5922 2.69636 10.3058 0.211506 6.51338 10.3384 2.38535 0.386833 0.169582 1.11862 53.0
500.00 1393.15 82.878033 222.499855 -989939.295315 31.612017 120.591563 2.380 48.9138 1.56948 15.493 2.78276 10.7343 0.224012 6.10032 9.88274 2.49435 0.415722 0.182919 1.20659 50.3
500.00 1383.15 77.290050 207.240860 -919966.485435 29.537767 112.011085 2.427 49.0336 1.65331 15.3928 2.86372 11.1359 0.235963 5.70454 9.44752 2.59849 0.444241 0.196144 1.29383 47.7
500.00 1373.15 72.441655 193.986847 -859472.581997 27.738523 104.580813 2.475 49.1604 1.7331 15.2914 2.93981 11.5112 0.247359 5.32504 9.03146 2.69806 0.472429 0.209272 1.38042 45.2
500.00 1363.15 68.189849 182.351428 -806627.798411 26.161305 98.078171 2.524 49.2952 1.80884 15.1889 3.01148 11.8606 0.25819 4.96085 8.63343 2.79335 0.500329 0.22232 1.46649 42.7
500.00 1353.15 64.424824 172.038093 -760031.445510 24.765521 92.332387 2.574 49.4392 1.88036 15.0853 3.07904 12.1843 0.268438 4.61095 8.25228 2.88465 0.527992 0.235313 1.5522 40.3
500.00 1343.15 52.100463 140.775950 -644255.059407 21.031573 74.574020 3.176 54.4418 1.19365 15.9668 2.22 8.02646 0.331948 3.79009 7.75629 3.41262 0.649942 0.290976 1.91937 45.7
500.00 1333.15 48.455079 131.076969 -604381.663060 19.785357 69.215015 3.339 55.6373 1.08214 16.0303 2.06179 7.33458 0.356921 3.50814 7.33396 3.58116 0.697074 0.312867 2.06377 46.0
500.00 1323.15 45.112986 122.170636 -566615.141574 18.614724 64.295252 3.481 56.7137 1.0025 15.9563 1.93533 6.74777 0.383363 3.18299 7.04208 3.73684 0.746401 0.336045 2.21666 45.7
500.00 1313.15 42.002312 113.778525 -530818.982429 17.492503 59.705801 3.624 57.7915 0.93444 15.7919 1.82092 6.22061 0.411754 2.88001 6.75693 3.88502 0.798879 0.360933 2.34707 45.2
500.00 1303.15 38.142233 103.055952 -484727.818048 15.999856 53.958407 3.821 59.198 0.881039 15.3502 1.71529 5.7164 0.453425 2.54566 6.43233 4.05168 0.874462 0.39746 2.38411 44.3
500.00 1293.15 34.991940 94.267395 -446965.217528 14.771861 49.279955 4.006 60.5125 0.833212 14.895 1.6162 5.25991 0.494246 2.26271 6.14171 4.18807 0.947588 0.433243 2.41562 43.4
500.00 1283.15 32.364473 86.907720 -415349.995966 13.739845 45.387225 4.181 61.7469 0.790123 14.433 1.52284 4.84446 0.534371 2.02071 5.88002 4.29797 1.01856 0.468415 2.44268 42.6
500.00 1273.15 30.135971 80.641562 -388437.482812 12.858235 42.092759 4.346 62.9103 0.7511 13.9691 1.4346 4.46478 0.573887 1.81188 5.64318 4.38454 1.08754 0.503053 2.4661 42.0
500.00 1263.15 28.220990 75.237046 -365231.476573 12.095546 39.267354 4.503 64.0096 0.715598 13.5073 1.351 4.11663 0.612829 1.63034 5.42778 4.45055 1.15464 0.537189 2.48652 41.4
500.00 1253.15 26.558143 70.527157 -345015.874203 11.429097 36.818280 4.652 65.0505 0.683167 13.0508 1.27171 3.79657 0.651199 1.4715 5.23098 4.49845 1.21986 0.570823 2.50443 40.9
500.00 1243.15 25.101823 66.387483 -327257.985642 10.841975 34.676725 4.794 66.0374 0.653435 12.6021 1.19645 3.50175 0.688979 1.33174 5.05038 4.53042 1.28322 0.60394 2.52024 40.4
500.00 1233.15 23.817172 62.722681 -311549.906545 10.321199 32.790179 4.930 66.9741 0.626085 12.1629 1.12501 3.22977 0.726141 1.20818 4.88393 4.54841 1.34468 0.636516 2.53426 40.0
500.00 1223.15 22.676916 59.457959 -297571.702081 9.856559 31.117626 5.060 67.864 0.600852 11.7347 1.05721 2.97857 0.762653 1.09845 4.72991 4.55417 1.40423 0.668521 2.54678 39.7
500.00 1213.15 21.659305 56.533522 -285067.494326 9.439867 29.626417 5.184 68.71 0.577505 11.3183 0.992911 2.74636 0.798485 1.00062 4.58685 4.54925 1.46184 0.69993 2.55802 39.4
500.00 1203.15 20.746719 53.900824 -273829.397210 9.064452 28.290158 5.303 69.5147 0.555848 10.9143 0.931965 2.53157 0.833608 0.913103 4.45351 4.53505 1.5175 0.730718 2.56817 39.1
500.00 1193.15 19.924707 51.519960 -263686.361761 8.724813 27.087242 5.417 70.2806 0.535705 10.5231 0.874246 2.33282 0.867999 0.83455 4.32882 4.51279 1.57121 0.760864 2.57738 38.9
500.00 1183.15 19.181291 49.357790 -254496.187419 8.416361 25.999794 5.526 71.0098 0.516927 10.1448 0.819631 2.14885 0.90164 0.763837 4.21187 4.48355 1.62295 0.790353 2.58579 38.8
500.00 1173.15 18.506456 47.386561 -246139.639294 8.135243 25.012901 5.631 71.7045 0.499377 9.77945 0.768 1.97854 0.934519 0.700012 4.10188 4.44831 1.67276 0.819174 2.59351 38.7
500.00 1163.15 17.891766 45.582855 -238516.010453 7.878194 24.114022 5.733 72.3665 0.482936 9.42692 0.719234 1.82087 0.966625 0.642262 3.9982 4.4079 1.72062 0.847317 2.60065 38.6
500.00 1153.15 17.322265 43.909011 -231443.118584 7.639520 23.278473 5.834 73.0266 0.467717 9.08976 0.672899 1.67508 0.998404 0.589513 3.88168 4.36462 1.76735 0.859042 2.60736 38.6
500.00 1143.15 16.795713 42.357233 -224895.291990 7.418293 22.504041 5.935 73.6761 0.453527 8.76653 0.629049 1.54021 1.0297 0.541392 3.75854 4.31851 1.81267 0.860046 2.61367 38.5
500.00 1133.15 16.313089 40.927073 -218886.439148 7.214776 21.794197 6.032 74.2935 0.440095 8.4547 0.587825 1.41538 1.06017 0.497676 3.64325 4.2689 1.85601 0.862967 2.61958 38.5

water thermodynamic data and composition:
Pressure Temperature mass S H V Cp formula
500.00 1313.15 0.014174 0.150386 -161.065037 0.169036 0.039718 H2O
500.00 1303.15 0.090648 0.959804 -1032.577984 1.070961 0.254188 H2O
500.00 1293.15 0.154729 1.634963 -1766.867547 1.810807 0.434236 H2O
500.00 1283.15 0.209440 2.208512 -2397.502609 2.427663 0.588329 H2O
500.00 1273.15 0.256816 2.702434 -2947.039287 2.947936 0.722169 H2O
500.00 1263.15 0.298279 3.132126 -3431.232931 3.390195 0.839753 H2O
500.00 1253.15 0.334869 3.508851 -3861.581703 3.768071 0.944005 H2O
500.00 1243.15 0.367374 3.841148 -4246.785816 4.091928 1.037145 H2O
500.00 1233.15 0.396410 4.135690 -4593.633229 4.369882 1.120913 H2O
500.00 1223.15 0.422468 4.397816 -4907.554178 4.608434 1.196705 H2O
500.00 1213.15 0.445951 4.631884 -5192.979601 4.812888 1.265668 H2O
500.00 1203.15 0.467190 4.841502 -5453.581003 4.987637 1.328754 H2O
500.00 1193.15 0.486465 5.029693 -5692.436964 5.136352 1.386771 H2O
500.00 1183.15 0.504013 5.199009 -5912.152927 5.262132 1.440406 H2O
500.00 1173.15 0.520032 5.351626 -6114.950304 5.367608 1.490250 H2O
500.00 1163.15 0.534697 5.489404 -6302.734668 5.455027 1.536820 H2O
500.00 1153.15 0.548227 5.614683 -6478.003608 5.527044 1.580776 H2O
500.00 1143.15 0.560713 5.728447 -6641.730449 5.584909 1.622406 H2O
500.00 1133.15 0.572208 5.831314 -6794.482810 5.629485 1.661904 H2O

orthopyroxene_0 thermodynamic data and composition:
Pressure Temperature mass S H V Cp structure formula SiO2 TiO2 Al2O3 Fe2O3 FeO MnO MgO CaO Na2O K2O P2O5 H2O
500.00 1323.15 0.451034 1.030039 -5555.476061 0.136330 0.551901 opx Na0.00Ca0.07Fe''0.46Mg1.40Fe'''0.03Ti0.00Al0.10Si1.93O6 53.4039 0.112383 2.29726 1.09222 15.3148 0 25.8994 1.85992 0.0201655 0 0 0
500.00 1313.15 0.470314 1.068864 -5779.194650 0.141921 0.574115 opx Na0.00Ca0.07Fe''0.48Mg1.39Fe'''0.03Ti0.00Al0.09Si1.94O6 53.3796 0.104845 2.21261 1.05121 15.7213 0 25.6522 1.85787 0.0203816 0 0 0
500.00 1303.15 0.697393 1.576476 -8531.885322 0.209934 0.848513 opx Na0.00Ca0.07Fe''0.50Mg1.37Fe'''0.03Ti0.00Al0.09Si1.94O6 53.3246 0.094127 2.08848 1.00592 16.3472 0 25.248 1.87077 0.0209533 0 0 0
500.00 1293.15 0.549113 1.234663 -6689.687894 0.164907 0.665975 opx Na0.00Ca0.07Fe''0.52Mg1.35Fe'''0.03Ti0.00Al0.08Si1.94O6 53.268 0.0848482 1.97512 0.963313 16.9479 0 24.8633 1.87607 0.0214207 0 0 0
500.00 1283.15 0.439233 0.982323 -5329.464910 0.131603 0.531057 opx Na0.00Ca0.07Fe''0.54Mg1.34Fe'''0.03Ti0.00Al0.08Si1.95O6 53.2098 0.0767456 1.87082 0.923057 17.5285 0 24.4946 1.87467 0.0217908 0 0 0
500.00 1273.15 0.355261 0.790268 -4293.749665 0.106200 0.428225 opx Na0.00Ca0.07Fe''0.55Mg1.32Fe'''0.02Ti0.00Al0.08Si1.95O6 53.1501 0.0696234 1.77433 0.884886 18.0928 0 24.139 1.86728 0.0220698 0 0 0
500.00 1263.15 0.289518 0.640559 -3485.854164 0.086352 0.347938 opx Na0.00Ca0.07Fe''0.57Mg1.30Fe'''0.02Ti0.00Al0.07Si1.95O6 53.0888 0.063331 1.68473 0.848588 18.6433 0 23.7945 1.85451 0.0222637 0 0 0
500.00 1253.15 0.237147 0.521853 -2844.686027 0.070574 0.284162 opx Na0.00Ca0.07Fe''0.59Mg1.29Fe'''0.02Ti0.00Al0.07Si1.95O6 53.0259 0.0577486 1.60129 0.81399 19.1822 0 23.4596 1.83686 0.0223782 0 0 0
500.00 1243.15 0.194895 0.426546 -2329.342784 0.057871 0.232856 opx Na0.00Ca0.07Fe''0.61Mg1.27Fe'''0.02Ti0.00Al0.07Si1.96O6 52.9616 0.0527782 1.52338 0.780942 19.711 0 23.1331 1.81478 0.022419 0 0 0
500.00 1233.15 0.160484 0.349315 -1911.205386 0.047549 0.191193 opx Na0.00Ca0.07Fe''0.63Mg1.26Fe'''0.02Ti0.00Al0.06Si1.96O6 52.896 0.0483382 1.45049 0.749315 20.2308 0 22.814 1.78868 0.0223919 0 0 0
500.00 1223.15 0.132256 0.286290 -1569.487584 0.039099 0.157116 opx Na0.00Ca0.07Fe''0.64Mg1.24Fe'''0.02Ti0.00Al0.06Si1.96O6 52.829 0.0443599 1.38215 0.718994 20.7426 0 22.5016 1.75897 0.0223021 0 0 0
500.00 1213.15 0.108968 0.234572 -1288.630193 0.032145 0.129087 opx Na0.00Ca0.07Fe''0.66Mg1.23Fe'''0.02Ti0.00Al0.06Si1.96O6 52.7609 0.0407845 1.31796 0.689882 21.2473 0 22.195 1.72598 0.0221547 0 0 0
500.00 1203.15 0.089665 0.191942 -1056.713631 0.026393 0.105923 opx Na0.00Ca0.07Fe''0.68Mg1.22Fe'''0.02Ti0.00Al0.06Si1.96O6 52.6917 0.0375618 1.25754 0.661889 21.7455 0 21.8939 1.69005 0.0219547 0 0 0
500.00 1193.15 0.073600 0.156668 -864.447511 0.021618 0.086705 opx Na0.00Ca0.07Fe''0.69Mg1.20Fe'''0.02Ti0.00Al0.05Si1.96O6 52.6214 0.0346487 1.20056 0.634939 22.2378 0 21.5975 1.65149 0.0217066 0 0 0
500.00 1183.15 0.060184 0.127384 -704.497932 0.017639 0.070705 opx Na0.00Ca0.06Fe''0.71Mg1.19Fe'''0.02Ti0.00Al0.05Si1.97O6 52.5503 0.032008 1.14672 0.608964 22.7246 0 21.3054 1.6106 0.0214145 0 0 0
500.00 1173.15 0.048944 0.103003 -571.020306 0.014314 0.057344 opx Na0.00Ca0.06Fe''0.73Mg1.17Fe'''0.02Ti0.00Al0.05Si1.97O6 52.4782 0.0296076 1.09575 0.583908 23.2065 0 21.0173 1.56765 0.0210823 0 0 0
500.00 1163.15 0.039501 0.082650 -459.322943 0.011528 0.046154 opx Na0.00Ca0.06Fe''0.74Mg1.16Fe'''0.02Ti0.00Al0.05Si1.97O6 52.4054 0.0274196 1.04741 0.559718 23.6837 0 20.7328 1.52289 0.0207139 0 0 0
500.00 1153.15 0.032836 0.068304 -380.563969 0.009562 0.038262 opx Na0.00Ca0.06Fe''0.76Mg1.15Fe'''0.02Ti0.00Al0.04Si1.97O6 52.3318 0.0254292 1.00129 0.536271 24.1573 0 20.451 1.47658 0.0203113 0 0 0
500.00 1143.15 0.026744 0.055305 -308.945284 0.007771 0.031079 opx Na0.00Ca0.06Fe''0.78Mg1.13Fe'''0.01Ti0.00Al0.04Si1.97O6 52.2575 0.0236107 0.957284 0.513561 24.627 0 20.1722 1.42894 0.0198782 0 0 0
500.00 1133.15 0.020666 0.042483 -237.959200 0.005993 0.023952 opx Na0.00Ca0.06Fe''0.79Mg1.12Fe'''0.01Ti0.00Al0.04Si1.97O6 52.1827 0.0219385 0.915364 0.491622 25.0927 0 19.8961 1.38019 0.0194187 0 0 0

spinel_0 thermodynamic data and composition:
Pressure Temperature mass S H V Cp formula SiO2 TiO2 Al2O3 Fe2O3 FeO MnO MgO CaO Na2O K2O P2O5 H2O
500.00 1343.15 5.435380 11.357417 -31401.395352 1.176695 5.134175 Fe''0.95Mg0.31Fe'''1.19Al0.27Cr0.00Ti0.27O4 0 10.1054 6.50687 45.0492 32.3482 0 5.99046 0 0 0 0 0
500.00 1333.15 0.843719 1.754853 -4842.208262 0.182195 0.794807 Fe''0.96Mg0.31Fe'''1.20Al0.26Cr0.00Ti0.27O4 0 10.1193 6.25785 45.2112 32.6135 0 5.79818 0 0 0 0 0
500.00 1323.15 0.642408 1.329255 -3649.656826 0.138240 0.602975 Fe''0.98Mg0.29Fe'''1.21Al0.25Cr0.00Ti0.27O4 0 10.2037 5.89219 45.3215 33.0747 0 5.50791 0 0 0 0 0
500.00 1313.15 0.534204 1.099580 -3003.805842 0.114551 0.499595 Fe''1.00Mg0.28Fe'''1.22Al0.23Cr0.00Ti0.28O4 0 10.3044 5.52032 45.4053 33.557 0 5.213 0 0 0 0 0
500.00 1303.15 0.513303 1.050408 -2846.476575 0.109581 0.477902 Fe''1.02Mg0.26Fe'''1.22Al0.21Cr0.00Ti0.28O4 0 10.4792 5.02583 45.4415 34.2256 0 4.82794 0 0 0 0 0
500.00 1293.15 0.402396 0.818847 -2205.089170 0.085569 0.373177 Fe''1.05Mg0.24Fe'''1.23Al0.20Cr0.00Ti0.29O4 0 10.6301 4.60469 45.4637 34.8099 0 4.49157 0 0 0 0 0
500.00 1283.15 0.322335 0.652375 -1748.243816 0.068305 0.297889 Fe''1.07Mg0.23Fe'''1.24Al0.18Cr0.00Ti0.29O4 0 10.763 4.23919 45.4761 35.3279 0 4.19375 0 0 0 0 0
500.00 1273.15 0.262601 0.528672 -1411.463412 0.055471 0.241924 Fe''1.08Mg0.21Fe'''1.24Al0.17Cr0.00Ti0.30O4 0 10.8822 3.91741 45.4805 35.7925 0 3.92736 0 0 0 0 0
500.00 1263.15 0.216839 0.434283 -1156.256336 0.045673 0.199196 Fe''1.10Mg0.20Fe'''1.24Al0.16Cr0.00Ti0.30O4 0 10.9911 3.63103 45.4774 36.2132 0 3.68718 0 0 0 0 0
500.00 1253.15 0.181040 0.360742 -958.597598 0.038033 0.165876 Fe''1.12Mg0.19Fe'''1.25Al0.14Cr0.00Ti0.30O4 0 11.0924 3.3739 45.4667 36.5977 0 3.46926 0 0 0 0 0
500.00 1243.15 0.152564 0.302476 -802.795037 0.031973 0.139449 Fe''1.13Mg0.18Fe'''1.25Al0.14Cr0.00Ti0.31O4 0 11.1881 3.14136 45.448 36.952 0 3.27049 0 0 0 0 0
500.00 1233.15 0.129602 0.255677 -678.205141 0.027100 0.118196 Fe''1.14Mg0.17Fe'''1.25Al0.13Cr0.00Ti0.31O4 0 11.2803 2.92978 45.4206 37.281 0 3.08836 0 0 0 0 0
500.00 1223.15 0.110875 0.217660 -577.371922 0.023136 0.100908 Fe''1.15Mg0.16Fe'''1.25Al0.12Cr0.00Ti0.31O4 0 11.3703 2.73626 45.3839 37.5887 0 2.92083 0 0 0 0 0
500.00 1213.15 0.095456 0.186479 -494.927879 0.019880 0.086706 Fe''1.17Mg0.15Fe'''1.26Al0.11Cr0.00Ti0.32O4 0 11.4595 2.55843 45.3373 37.8785 0 2.76619 0 0 0 0 0
500.00 1203.15 0.082655 0.160690 -426.919869 0.017183 0.074940 Fe''1.18Mg0.14Fe'''1.26Al0.10Cr0.00Ti0.32O4 0 11.549 2.39435 45.2803 38.1534 0 2.62297 0 0 0 0 0
500.00 1193.15 0.071950 0.139204 -370.380597 0.014932 0.065122 Fe''1.19Mg0.14Fe'''1.26Al0.10Cr0.00Ti0.32O4 0 11.6396 2.2424 45.2123 38.4158 0 2.48994 0 0 0 0 0
500.00 1183.15 0.062939 0.121186 -323.047111 0.013042 0.056872 Fe''1.20Mg0.13Fe'''1.26Al0.09Cr0.00Ti0.33O4 0 11.732 2.10123 45.133 38.6677 0 2.36603 0 0 0 0 0
500.00 1173.15 0.055309 0.105987 -283.170304 0.011444 0.049901 Fe''1.21Mg0.12Fe'''1.26Al0.09Cr0.00Ti0.33O4 0 11.8268 1.96969 45.0422 38.911 0 2.25031 0 0 0 0 0
500.00 1163.15 0.048816 0.093097 -249.382590 0.010086 0.043977 Fe''1.21Mg0.12Fe'''1.25Al0.08Cr0.00Ti0.33O4 0 11.9245 1.84681 44.9397 39.1471 0 2.14196 0 0 0 0 0
500.00 1153.15 0.043292 0.082168 -220.768373 0.008933 0.038945 Fe''1.22Mg0.11Fe'''1.25Al0.08Cr0.00Ti0.34O4 0 12.0315 1.73111 44.8143 39.3826 0 2.04046 0 0 0 0 0
500.00 1143.15 0.038505 0.072735 -196.079728 0.007936 0.034592 Fe''1.23Mg0.11Fe'''1.25Al0.07Cr0.00Ti0.34O4 0 12.1459 1.62223 44.6701 39.6166 0 1.94514 0 0 0 0 0
500.00 1133.15 0.034358 0.064591 -174.758732 0.007073 0.030825 Fe''1.24Mg0.10Fe'''1.25Al0.07Cr0.00Ti0.34O4 0 12.2628 1.52009 44.5161 39.8458 0 1.85528 0 0 0 0 0

clinopyroxene_0 thermodynamic data and composition:
Pressure Temperature mass S H V Cp structure formula SiO2 TiO2 Al2O3 Fe2O3 FeO MnO MgO CaO Na2O K2O P2O5 H2O
500.00 1413.15 0.336088 0.774613 -4298.398201 0.103573 0.396539 cpx Na0.01Ca0.81Fe''0.16Mg0.85Fe'''0.07Ti0.02Al0.23Si1.84O6 49.8727 0.626316 5.22439 2.62789 5.33902 0 15.5246 20.619 0.166016 0 0 0
500.00 1403.15 3.499740 8.035787 -44625.094298 1.075911 4.119136 cpx Na0.01Ca0.81Fe''0.18Mg0.84Fe'''0.08Ti0.02Al0.23Si1.83O6 49.6125 0.720429 5.30298 2.75359 5.67453 0 15.3025 20.4592 0.17435 0 0 0
500.00 1393.15 2.877537 6.581644 -36574.151211 0.882404 3.378110 cpx Na0.01Ca0.81Fe''0.19Mg0.83Fe'''0.08Ti0.02Al0.23Si1.83O6 49.3407 0.824944 5.37545 2.88314 6.02207 0 15.0687 20.3022 0.182812 0 0 0
500.00 1383.15 2.431530 5.539470 -30800.970786 0.743659 2.846704 cpx Na0.01Ca0.80Fe''0.20Mg0.82Fe'''0.08Ti0.03Al0.24Si1.82O6 49.0411 0.942801 5.46045 3.02173 6.37595 0 14.812 20.1543 0.191658 0 0 0
500.00 1373.15 2.075109 4.708162 -26192.124387 0.632871 2.422295 cpx Na0.01Ca0.80Fe''0.21Mg0.81Fe'''0.09Ti0.03Al0.24Si1.81O6 48.7072 1.07763 5.56077 3.17205 6.73401 0 14.5274 20.02 0.200994 0 0 0
500.00 1363.15 1.785581 4.034110 -22452.247462 0.542939 2.077707 cpx Na0.02Ca0.79Fe''0.22Mg0.79Fe'''0.09Ti0.03Al0.25Si1.80O6 48.329 1.23507 5.68081 3.33788 7.09234 0 14.2084 19.9055 0.210955 0 0 0
500.00 1353.15 1.547240 3.480189 -19376.916055 0.468945 1.794110 cpx Na0.02Ca0.79Fe''0.23Mg0.77Fe'''0.10Ti0.04Al0.26Si1.79O6 47.8906 1.42442 5.82797 3.52482 7.44418 0 13.8453 19.8209 0.221724 0 0 0
500.00 1343.15 4.538047 10.183603 -57303.546205 1.383001 5.289275 cpx Na0.02Ca0.78Fe''0.23Mg0.82Fe'''0.08Ti0.02Al0.22Si1.84O6 49.3648 0.88743 4.95183 2.80496 7.41153 0 14.7825 19.5881 0.208824 0 0 0
500.00 1333.15 1.504790 3.366460 -19001.752164 0.458503 1.754451 cpx Na0.02Ca0.76Fe''0.24Mg0.83Fe'''0.07Ti0.02Al0.21Si1.84O6 49.626 0.815816 4.74946 2.65523 7.71674 0 15.0233 19.2033 0.210243 0 0 0
500.00 1323.15 0.750677 1.671847 -9483.407592 0.228601 0.873864 cpx Na0.02Ca0.77Fe''0.24Mg0.83Fe'''0.07Ti0.02Al0.20Si1.85O6 49.6703 0.81897 4.66064 2.6105 7.78396 0 14.9118 19.3275 0.216312 0 0 0
500.00 1313.15 0.528920 1.172596 -6683.851035 0.160973 0.614718 cpx Na0.02Ca0.78Fe''0.24Mg0.82Fe'''0.07Ti0.02Al0.20Si1.85O6 49.7188 0.821 4.56071 2.56686 7.86715 0 14.7923 19.4497 0.223475 0 0 0
500.00 1303.15 0.261359 0.576735 -3299.942959 0.079471 0.303185 cpx Na0.02Ca0.78Fe''0.25Mg0.81Fe'''0.07Ti0.02Al0.19Si1.85O6 49.8088 0.80516 4.38559 2.52061 8.08968 0 14.6529 19.5026 0.234578 0 0 0
500.00 1293.15 0.172564 0.379009 -2177.314394 0.052427 0.199811 cpx Na0.02Ca0.78Fe''0.26Mg0.81Fe'''0.07Ti0.02Al0.19Si1.86O6 49.8966 0.790207 4.21896 2.47296 8.29418 0 14.5168 19.5649 0.245311 0 0 0
500.00 1283.15 0.118936 0.259989 -1499.828151 0.036105 0.137465 cpx Na0.02Ca0.78Fe''0.26Mg0.80Fe'''0.07Ti0.02Al0.18Si1.86O6 49.9821 0.776137 4.0598 2.4243 8.48406 0 14.3841 19.6338 0.255697 0 0 0
500.00 1273.15 0.086455 0.188086 -1089.745995 0.026225 0.099745 cpx Na0.02Ca0.79Fe''0.27Mg0.79Fe'''0.07Ti0.02Al0.17Si1.87O6 50.0653 0.762969 3.90748 2.37493 8.6618 0 14.2545 19.7073 0.265757 0 0 0
500.00 1263.15 0.067025 0.145114 -844.532058 0.020316 0.077191 cpx Na0.02Ca0.79Fe''0.28Mg0.79Fe'''0.07Ti0.02Al0.17Si1.87O6 50.1459 0.750746 3.76163 2.32509 8.8292 0 14.1281 19.7839 0.275514 0 0 0
500.00 1253.15 0.055674 0.119952 -701.301690 0.016863 0.064005 cpx Na0.02Ca0.80Fe''0.28Mg0.78Fe'''0.06Ti0.02Al0.16Si1.88O6 50.2238 0.739517 3.62199 2.275 8.98758 0 14.0046 19.8625 0.284994 0 0 0
500.00 1243.15 0.049300 0.105700 -620.882943 0.014922 0.056579 cpx Na0.02Ca0.80Fe''0.29Mg0.77Fe'''0.06Ti0.02Al0.15Si1.88O6 50.2988 0.729327 3.48837 2.22485 9.13791 0 13.8841 19.9424 0.294227 0 0 0
500.00 1233.15 0.045947 0.098026 -578.572758 0.013897 0.052640 cpx Na0.02Ca0.80Fe''0.29Mg0.77Fe'''0.06Ti0.02Al0.15Si1.89O6 50.371 0.720212 3.36058 2.1748 9.28098 0 13.7663 20.0229 0.303245 0 0 0
500.00 1223.15 0.044377 0.094204 -558.740863 0.013413 0.050752 cpx Na0.02Ca0.81Fe''0.30Mg0.76Fe'''0.06Ti0.02Al0.14Si1.89O6 50.4402 0.712202 3.23843 2.125 9.41738 0 13.6512 20.1036 0.312079 0 0 0
500.00 1213.15 0.043807 0.092528 -551.541200 0.013232 0.050015 cpx Na0.02Ca0.81Fe''0.30Mg0.76Fe'''0.06Ti0.02Al0.14Si1.89O6 50.5064 0.705312 3.12172 2.07556 9.54762 0 13.5387 20.184 0.320763 0 0 0
500.00 1203.15 0.043751 0.091943 -550.842698 0.013206 0.049866 cpx Na0.02Ca0.81Fe''0.30Mg0.75Fe'''0.06Ti0.02Al0.13Si1.90O6 50.5696 0.699553 3.01024 2.02659 9.67212 0 13.4286 20.2639 0.32933 0 0 0
500.00 1193.15 0.043913 0.091812 -552.902114 0.013246 0.049965 cpx Na0.02Ca0.82Fe''0.31Mg0.75Fe'''0.06Ti0.02Al0.13Si1.90O6 50.63 0.694929 2.90378 1.97819 9.79127 0 13.321 20.343 0.337812 0 0 0
500.00 1183.15 0.044116 0.091761 -555.504532 0.013299 0.050111 cpx Na0.03Ca0.82Fe''0.31Mg0.74Fe'''0.05Ti0.02Al0.12Si1.90O6 50.6875 0.691438 2.80212 1.93045 9.90538 0 13.2157 20.4212 0.346243 0 0 0
500.00 1173.15 0.044261 0.091586 -557.404904 0.013335 0.050191 cpx Na0.03Ca0.83Fe''0.31Mg0.73Fe'''0.05Ti0.02Al0.12Si1.91O6 50.7422 0.689079 2.70506 1.88346 10.0148 0 13.1126 20.4981 0.354652 0 0 0
500.00 1163.15 0.044299 0.091184 -557.965491 0.013338 0.050149 cpx Na0.03Ca0.83Fe''0.32Mg0.73Fe'''0.05Ti0.02Al0.12Si1.91O6 50.7941 0.687847 2.61239 1.83728 10.1198 0 13.0116 20.5739 0.363073 0 0 0
500.00 1153.15 0.043023 0.088090 -541.994288 0.012945 0.048622 cpx Na0.03Ca0.83Fe''0.32Mg0.72Fe'''0.05Ti0.02Al0.11Si1.91O6 50.8431 0.688101 2.5238 1.79193 10.2209 0 12.9123 20.6483 0.371548 0 0 0
500.00 1143.15 0.042112 0.085764 -530.620526 0.012663 0.047511 cpx Na0.03Ca0.84Fe''0.32Mg0.72Fe'''0.05Ti0.02Al0.11Si1.92O6 50.8892 0.689717 2.43922 1.7475 10.3182 0 12.8148 20.7213 0.380105 0 0 0
500.00 1133.15 0.042020 0.085116 -529.580580 0.012628 0.047327 cpx Na0.03Ca0.84Fe''0.33Mg0.71Fe'''0.05Ti0.02Al0.10Si1.92O6 50.9327 0.692402 2.35855 1.70413 10.4118 0 12.719 20.7927 0.388763 0 0 0

feldspar_0 thermodynamic data and composition:
Pressure Temperature mass S H V Cp formula SiO2 TiO2 Al2O3 Fe2O3 FeO MnO MgO CaO Na2O K2O P2O5 H2O
500.00 1403.15 3.102210 7.382855 -43075.331933 1.157487 3.796533 K0.00Na0.18Ca0.82Al1.82Si2.18O8 47.6182 0 33.6596 0 0 0 0 16.6584 2.02236 0.0414821 0 0
500.00 1393.15 2.818091 6.687162 -39158.362116 1.051966 3.445794 K0.00Na0.19Ca0.81Al1.81Si2.19O8 47.846 0 33.5053 0 0 0 0 16.478 2.12559 0.0451264 0 0
500.00 1383.15 2.431447 5.752762 -33809.922290 0.908072 2.970402 K0.00Na0.20Ca0.80Al1.80Si2.20O8 48.0795 0 33.3472 0 0 0 0 16.293 2.23143 0.0488604 0 0
500.00 1373.15 2.123715 5.009857 -29551.746483 0.793539 2.592155 K0.00Na0.21Ca0.79Al1.79Si2.21O8 48.3201 0 33.1843 0 0 0 0 16.1025 2.34045 0.0527036 0 0
500.00 1363.15 1.875004 4.410043 -26109.231550 0.700972 2.286546 K0.00Na0.22Ca0.78Al1.78Si2.22O8 48.5688 0 33.0158 0 0 0 0 15.9055 2.45317 0.0566767 0 0
500.00 1353.15 1.671115 3.918802 -23286.267846 0.625089 2.036083 K0.00Na0.23Ca0.77Al1.77Si2.23O8 48.8268 0 32.8411 0 0 0 0 15.7012 2.57007 0.0608008 0 0
500.00 1343.15 2.529145 5.917805 -35261.832137 0.947264 3.079317 K0.00Na0.25Ca0.75Al1.75Si2.25O8 49.3386 0 32.4964 0 0 0 0 15.2974 2.80689 0.0607101 0 0
500.00 1333.15 1.326259 3.095041 -18502.251891 0.497201 1.613451 K0.00Na0.26Ca0.73Al1.73Si2.27O8 49.731 0 32.2313 0 0 0 0 14.9871 2.98616 0.0645339 0 0
500.00 1323.15 1.519933 3.536932 -21217.715963 0.570258 1.847481 K0.00Na0.28Ca0.72Al1.72Si2.28O8 50.0752 0 31.9984 0 0 0 0 14.7147 3.14292 0.0687405 0 0
500.00 1313.15 1.582323 3.672344 -22101.644093 0.594267 1.921755 K0.00Na0.29Ca0.70Al1.70Si2.30O8 50.4955 0 31.7141 0 0 0 0 14.382 3.33406 0.0743688 0 0
500.00 1303.15 2.329155 5.396569 -32544.878869 0.876504 2.827146 K0.00Na0.32Ca0.67Al1.67Si2.33O8 51.2549 0 31.1999 0 0 0 0 13.7806 3.67834 0.0862457 0 0
500.00 1293.15 1.976489 4.571254 -27627.133563 0.745253 2.397653 K0.01Na0.35Ca0.64Al1.64Si2.36O8 52.0053 0 30.6915 0 0 0 0 13.1861 4.01784 0.0992061 0 0
500.00 1283.15 1.704302 3.934089 -23831.469501 0.643846 2.076194 K0.01Na0.38Ca0.61Al1.61Si2.39O8 52.7387 0 30.1944 0 0 0 0 12.6048 4.34882 0.11326 0 0
500.00 1273.15 1.487182 3.425720 -20803.563448 0.562849 1.811277 K0.01Na0.41Ca0.58Al1.58Si2.42O8 53.449 0 29.7126 0 0 0 0 12.0416 4.66848 0.128401 0 0
500.00 1263.15 1.309253 3.009075 -18322.017528 0.496370 1.594153 K0.01Na0.44Ca0.56Al1.56Si2.44O8 54.132 0 29.2489 0 0 0 0 11.4997 4.97487 0.144612 0 0
500.00 1253.15 1.160553 2.660888 -16247.916186 0.440718 1.412676 K0.01Na0.46Ca0.53Al1.53Si2.47O8 54.7854 0 28.8049 0 0 0 0 10.9809 5.26694 0.161873 0 0
500.00 1243.15 1.034467 2.365714 -14489.044495 0.393446 1.258783 K0.01Na0.48Ca0.51Al1.51Si2.49O8 55.4083 0 28.3812 0 0 0 0 10.486 5.54435 0.180166 0 0
500.00 1233.15 0.926407 2.112831 -12981.410771 0.352860 1.126882 K0.01Na0.51Ca0.48Al1.48Si2.52O8 56.0013 0 27.9774 0 0 0 0 10.0145 5.80727 0.19948 0 0
500.00 1223.15 0.833047 1.894461 -11678.651195 0.317735 1.012921 K0.01Na0.53Ca0.46Al1.46Si2.54O8 56.5654 0 27.5929 0 0 0 0 9.56569 6.05622 0.219814 0 0
500.00 1213.15 0.751879 1.704735 -10545.822838 0.287146 0.913846 K0.01Na0.55Ca0.44Al1.44Si2.56O8 57.1021 0 27.2266 0 0 0 0 9.13825 6.2919 0.241174 0 0
500.00 1203.15 0.680951 1.539072 -9555.700392 0.260373 0.827275 K0.02Na0.57Ca0.42Al1.42Si2.58O8 57.6132 0 26.8773 0 0 0 0 8.7308 6.51514 0.26358 0 0
500.00 1193.15 0.618699 1.393804 -8686.510175 0.236841 0.751305 K0.02Na0.58Ca0.40Al1.40Si2.60O8 58.1006 0 26.5437 0 0 0 0 8.34186 6.72678 0.287059 0 0
500.00 1183.15 0.563850 1.265935 -7920.495662 0.216077 0.684383 K0.02Na0.60Ca0.38Al1.38Si2.62O8 58.5661 0 26.2246 0 0 0 0 7.96998 6.92763 0.311655 0 0
500.00 1173.15 0.515349 1.152987 -7242.970735 0.197692 0.625222 K0.02Na0.62Ca0.36Al1.36Si2.64O8 59.0115 0 25.9188 0 0 0 0 7.61376 7.11848 0.337421 0 0
500.00 1163.15 0.472316 1.052885 -6641.665616 0.181359 0.572750 K0.02Na0.63Ca0.35Al1.35Si2.65O8 59.4385 0 25.6252 0 0 0 0 7.27188 7.30007 0.364424 0 0
500.00 1153.15 0.435004 0.966097 -6120.235317 0.167186 0.527269 K0.02Na0.65Ca0.33Al1.33Si2.67O8 59.8496 0 25.3418 0 0 0 0 6.94215 7.47344 0.392976 0 0
500.00 1143.15 0.401103 0.887395 -5646.279407 0.154292 0.485973 K0.02Na0.66Ca0.32Al1.32Si2.68O8 60.2458 0 25.0682 0 0 0 0 6.62395 7.63894 0.423127 0 0
500.00 1133.15 0.370007 0.815377 -5211.338255 0.142450 0.448126 K0.03Na0.67Ca0.30Al1.30Si2.70O8 60.6273 0 24.804 0 0 0 0 6.31703 7.79676 0.454816 0 0

olivine_0 thermodynamic data and composition:
Pressure Temperature mass S H V Cp formula SiO2 TiO2 Al2O3 Fe2O3 FeO MnO MgO CaO Na2O K2O P2O5 H2O
500.00 1423.15 0.272630 0.649012 -3317.037588 0.082635 0.335737 (Ca0.01Mg0.82Fe''0.18Mn0.00Co0.00Ni0.00)2SiO4 39.4165 0 0 0 16.9402 0.33768 42.8803 0.425286 0 0 0 0
500.00 1413.15 0.775855 1.838652 -9397.931418 0.234495 0.952230 (Ca0.01Mg0.81Fe''0.19Mn0.00Co0.00Ni0.00)2SiO4 39.3054 0 0 0 17.5196 0.347271 42.3965 0.43128 0 0 0 0
500.00 1403.15 0.896506 2.113224 -10758.488052 0.269579 1.094306 (Ca0.01Mg0.80Fe''0.20Mn0.00Co0.00Ni0.00)2SiO4 39.0971 0 0 0 18.6081 0.38084 41.4996 0.414333 0 0 0 0
500.00 1393.15 0.823240 1.929840 -9780.779997 0.246219 0.999107 (Ca0.01Mg0.78Fe''0.21Mn0.00Co0.00Ni0.00)2SiO4 38.8771 0 0 0 19.7573 0.416025 40.5509 0.398676 0 0 0 0
500.00 1383.15 0.726054 1.692374 -8534.516454 0.215930 0.875866 (Ca0.01Mg0.77Fe''0.23Mn0.00Co0.00Ni0.00)2SiO4 38.6461 0 0 0 20.9629 0.45242 39.5545 0.384166 0 0 0 0
500.00 1373.15 0.650775 1.508039 -7562.700515 0.192397 0.780100 (Ca0.01Mg0.75Fe''0.24Mn0.01Co0.00Ni0.00)2SiO4 38.4027 0 0 0 22.2323 0.490136 38.5041 0.370755 0 0 0 0
500.00 1363.15 0.592562 1.364839 -6802.097207 0.174092 0.705593 (Ca0.01Mg0.74Fe''0.26Mn0.01Co0.00Ni0.00)2SiO4 38.1455 0 0 0 23.5738 0.52928 37.3931 0.358402 0 0 0 0
500.00 1353.15 0.548132 1.254587 -6209.166169 0.159972 0.648097 (Ca0.00Mg0.72Fe''0.28Mn0.01Co0.00Ni0.00)2SiO4 37.8726 0 0 0 24.9963 0.56995 36.214 0.347072 0 0 0 0

apatite thermodynamic data and composition:
Pressure Temperature mass S H V Cp formula
500.00 1153.15 0.006593 0.013935 -82.053134 0.002153 0.007458 Ca5(PO4)3OH
500.00 1143.15 0.011273 0.023717 -140.432105 0.003681 0.012735 Ca5(PO4)3OH
500.00 1133.15 0.009669 0.020245 -120.550580 0.003157 0.010906 Ca5(PO4)3OH

Title: Hr

Phase Masses:
Pressure Temperature mass liquid_0 olivine_0 orthopyroxene_0 clinopyroxene_0 feldspar_0 spinel_0 apatite water 
500.00 1523.15 98.271532 98.271532 0.000000 0.000000 0.000000 0.000000 0.000000 0.000000 0.000000 
500.00 1513.15 98.272180 98.272180 0.000000 0.000000 0.000000 0.000000 0.000000 0.000000 0.000000 
500.00 1503.15 98.272869 98.272869 0.000000 0.000000 0.000000 0.000000 0.000000 0.000000 0.000000 
500.00 1493.15 98.273599 98.273599 0.000000 0.000000 0.000000 0.000000 0.000000 0.000000 0.000000 
500.00 1483.15 98.274372 98.274372 0.000000 0.000000 0.000000 0.000000 0.000000 0.000000 0.000000 
500.00 1473.15 98.275188 98.275188 0.000000 0.000000 0.000000 0.000000 0.000000 0.000000 0.000000 
500.00 1463.15 98.276050 98.276050 0.000000 0.000000 0.000000 0.000000 0.000000 0.000000 0.000000 
500.00 1453.15 98.276958 98.276958 0.000000 0.000000 0.000000 0.000000 0.000000 0.000000 0.000000 
500.00 1443.15 98.277914 98.277914 0.000000 0.000000 0.000000 0.000000 0.000000 0.000000 0.000000 
500.00 1433.15 98.278920 98.278920 0.000000 0.000000 0.000000 0.000000 0.000000 0.000000 0.000000 
500.00 1423.15 98.279224 98.006594 0.272630 0.000000 0.000000 0.000000 0.000000 0.000000 0.000000 
500.00 1413.15 98.006507 96.894565 0.775855 0.000000 0.336088 0.000000 0.000000 0.000000 0.000000 
500.00 1403.15 96.894483 89.396026 0.896506 0.000000 3.499740 3.102210 0.000000 0.000000 0.000000 
500.00 1393.15 89.396902 82.878033 0.823240 0.000000 2.877537 2.818091 0.000000 0.000000 0.000000 
500.00 1383.15 82.879081 77.290050 0.726054 0.000000 2.431530 2.431447 0.000000 0.000000 0.000000 
500.00 1373.15 77.291254 72.441655 0.650775 0.000000 2.075109 2.123715 0.000000 0.000000 0.000000 
500.00 1363.15 72.442996 68.189849 0.592562 0.000000 1.785581 1.875004 0.000000 0.000000 0.000000 
500.00 1353.15 68.191311 64.424824 0.548132 0.000000 1.547240 1.671115 0.000000 0.000000 0.000000 
500.00 1343.15 64.603036 52.100463 0.000000 0.000000 4.538047 2.529145 5.435380 0.000000 0.000000 
500.00 1333.15 52.129847 48.455079 0.000000 0.000000 1.504790 1.326259 0.843719 0.000000 0.000000 
500.00 1323.15 48.477038 45.112986 0.000000 0.451034 0.750677 1.519933 0.642408 0.000000 0.000000 
500.00 1313.15 45.132248 42.002312 0.000000 0.470314 0.528920 1.582323 0.534204 0.000000 0.014174 
500.00 1303.15 42.034091 38.142233 0.000000 0.697393 0.261359 2.329155 0.513303 0.000000 0.090648 
500.00 1293.15 38.247231 34.991940 0.000000 0.549113 0.172564 1.976489 0.402396 0.000000 0.154729 
500.00 1283.15 35.158719 32.364473 0.000000 0.439233 0.118936 1.704302 0.322335 0.000000 0.209440 
500.00 1273.15 32.584286 30.135971 0.000000 0.355261 0.086455 1.487182 0.262601 0.000000 0.256816 
500.00 1263.15 30.401904 28.220990 0.000000 0.289518 0.067025 1.309253 0.216839 0.000000 0.298279 
500.00 1253.15 28.527426 26.558143 0.000000 0.237147 0.055674 1.160553 0.181040 0.000000 0.334869 
500.00 1243.15 26.900424 25.101823 0.000000 0.194895 0.049300 1.034467 0.152564 0.000000 0.367374 
500.00 1233.15 25.476023 23.817172 0.000000 0.160484 0.045947 0.926407 0.129602 0.000000 0.396410 
500.00 1223.15 24.219939 22.676916 0.000000 0.132256 0.044377 0.833047 0.110875 0.000000 0.422468 
500.00 1213.15 23.105365 21.659305 0.000000 0.108968 0.043807 0.751879 0.095456 0.000000 0.445951 
500.00 1203.15 22.110930 20.746719 0.000000 0.089665 0.043751 0.680951 0.082655 0.000000 0.467190 
500.00 1193.15 21.219334 19.924707 0.000000 0.073600 0.043913 0.618699 0.071950 0.000000 0.486465 
500.00 1183.15 20.416392 19.181291 0.000000 0.060184 0.044116 0.563850 0.062939 0.000000 0.504013 
500.00 1173.15 19.690353 18.506456 0.000000 0.048944 0.044261 0.515349 0.055309 0.000000 0.520032 
500.00 1163.15 19.031395 17.891766 0.000000 0.039501 0.044299 0.472316 0.048816 0.000000 0.534697 
500.00 1153.15 18.431240 17.322265 0.000000 0.032836 0.043023 0.435004 0.043292 0.006593 0.548227 
500.00 1143.15 17.876163 16.795713 0.000000 0.026744 0.042112 0.401103 0.038505 0.011273 0.560713 
500.00 1133.15 17.362015 16.313089 0.000000 0.020666 0.042020 0.370007 0.034358 0.009669 0.572208 

Title: Hr

Phase Volumes:
Pressure Temperature mass V liquid_0 olivine_0 orthopyroxene_0 clinopyroxene_0 feldspar_0 spinel_0 apatite water 
500.00 1523.15 98.271532 37.675974 37.675974 0.000000 0.000000 0.000000 0.000000 0.000000 0.000000 0.000000 
500.00 1513.15 98.272180 37.639248 37.639248 0.000000 0.000000 0.000000 0.000000 0.000000 0.000000 0.000000 
500.00 1503.15 98.272869 37.602584 37.602584 0.000000 0.000000 0.000000 0.000000 0.000000 0.000000 0.000000 
500.00 1493.15 98.273599 37.565982 37.565982 0.000000 0.000000 0.000000 0.000000 0.000000 0.000000 0.000000 
500.00 1483.15 98.274372 37.529443 37.529443 0.000000 0.000000 0.000000 0.000000 0.000000 0.000000 0.000000 
500.00 1473.15 98.275188 37.492970 37.492970 0.000000 0.000000 0.000000 0.000000 0.000000 0.000000 0.000000 
500.00 1463.15 98.276050 37.456565 37.456565 0.000000 0.000000 0.000000 0.000000 0.000000 0.000000 0.000000 
500.00 1453.15 98.276958 37.420227 37.420227 0.000000 0.000000 0.000000 0.000000 0.000000 0.000000 0.000000 
500.00 1443.15 98.277914 37.383961 37.383961 0.000000 0.000000 0.000000 0.000000 0.000000 0.000000 0.000000 
500.00 1433.15 98.278920 37.347766 37.347766 0.000000 0.000000 0.000000 0.000000 0.000000 0.000000 0.000000 
500.00 1423.15 98.279224 37.305496 37.222861 0.082635 0.000000 0.000000 0.000000 0.000000 0.000000 0.000000 
500.00 1413.15 98.006507 37.152644 36.814577 0.234495 0.000000 0.103573 0.000000 0.000000 0.000000 0.000000 
500.00 1403.15 96.894483 36.534894 34.031917 0.269579 0.000000 1.075911 1.157487 0.000000 0.000000 0.000000 
500.00 1393.15 89.396902 33.792607 31.612017 0.246219 0.000000 0.882404 1.051966 0.000000 0.000000 0.000000 
500.00 1383.15 82.879081 31.405428 29.537767 0.215930 0.000000 0.743659 0.908072 0.000000 0.000000 0.000000 
500.00 1373.15 77.291254 29.357330 27.738523 0.192397 0.000000 0.632871 0.793539 0.000000 0.000000 0.000000 
500.00 1363.15 72.442996 27.579308 26.161305 0.174092 0.000000 0.542939 0.700972 0.000000 0.000000 0.000000 
500.00 1353.15 68.191311 26.019527 24.765521 0.159972 0.000000 0.468945 0.625089 0.000000 0.000000 0.000000 
500.00 1343.15 64.603036 24.538533 21.031573 0.000000 0.000000 1.383001 0.947264 1.176695 0.000000 0.000000 
500.00 1333.15 52.129847 20.923256 19.785357 0.000000 0.000000 0.458503 0.497201 0.182195 0.000000 0.000000 
500.00 1323.15 48.477038 19.688154 18.614724 0.000000 0.136330 0.228601 0.570258 0.138240 0.000000 0.000000 
500.00 1313.15 45.132248 18.673251 17.492503 0.000000 0.141921 0.160973 0.594267 0.114551 0.000000 0.169036 
500.00 1303.15 42.034091 18.346308 15.999856 0.000000 0.209934 0.079471 0.876504 0.109581 0.000000 1.070961 
500.00 1293.15 38.247231 17.630823 14.771861 0.000000 0.164907 0.052427 0.745253 0.085569 0.000000 1.810807 
500.00 1283.15 35.158719 17.047365 13.739845 0.000000 0.131603 0.036105 0.643846 0.068305 0.000000 2.427663 
500.00 1273.15 32.584286 16.556916 12.858235 0.000000 0.106200 0.026225 0.562849 0.055471 0.000000 2.947936 
500.00 1263.15 30.401904 16.134452 12.095546 0.000000 0.086352 0.020316 0.496370 0.045673 0.000000 3.390195 
500.00 1253.15 28.527426 15.763354 11.429097 0.000000 0.070574 0.016863 0.440718 0.038033 0.000000 3.768071 
500.00 1243.15 26.900424 15.432115 10.841975 0.000000 0.057871 0.014922 0.393446 0.031973 0.000000 4.091928 
500.00 1233.15 25.476023 15.132488 10.321199 0.000000 0.047549 0.013897 0.352860 0.027100 0.000000 4.369882 
500.00 1223.15 24.219939 14.858376 9.856559 0.000000 0.039099 0.013413 0.317735 0.023136 0.000000 4.608434 
500.00 1213.15 23.105365 14.605158 9.439867 0.000000 0.032145 0.013232 0.287146 0.019880 0.000000 4.812888 
500.00 1203.15 22.110930 14.369245 9.064452 0.000000 0.026393 0.013206 0.260373 0.017183 0.000000 4.987637 
500.00 1193.15 21.219334 14.147802 8.724813 0.000000 0.021618 0.013246 0.236841 0.014932 0.000000 5.136352 
500.00 1183.15 20.416392 13.938550 8.416361 0.000000 0.017639 0.013299 0.216077 0.013042 0.000000 5.262132 
500.00 1173.15 19.690353 13.739635 8.135243 0.000000 0.014314 0.013335 0.197692 0.011444 0.000000 5.367608 
500.00 1163.15 19.031395 13.549531 7.878194 0.000000 0.011528 0.013338 0.181359 0.010086 0.000000 5.455027 
500.00 1153.15 18.431240 13.367344 7.639520 0.000000 0.009562 0.012945 0.167186 0.008933 0.002153 5.527044 
500.00 1143.15 17.876163 13.189546 7.418293 0.000000 0.007771 0.012663 0.154292 0.007936 0.003681 5.584909 
500.00 1133.15 17.362015 13.015562 7.214776 0.000000 0.005993 0.012628 0.142450 0.007073 0.003157 5.629485 

Title: Hr

Solid Composition:
Pressure Temperature mass SiO2 TiO2 Al2O3 Fe2O3 FeO MnO MgO CaO Na2O K2O P2O5 H2O 
500.00 1523.15 0.000000 ---
500.00 1513.15 0.000000 ---
500.00 1503.15 0.000000 ---
500.00 1493.15 0.000000 ---
500.00 1483.15 0.000000 ---
500.00 1473.15 0.000000 ---
500.00 1463.15 0.000000 ---
500.00 1453.15 0.000000 ---
500.00 1443.15 0.000000 ---
500.00 1433.15 0.000000 ---
500.00 1423.15 0.272630 39.4165 0 -4.7036e-013 0 16.9402 0.33768 42.8803 0.425286 0 0 0 0
500.00 1413.15 1.111942 42.4994 0.189306 1.57909 0.794286 13.838 0.242307 34.2744 6.53308 0.0501789 0 0 0
500.00 1403.15 7.498457 47.5302 0.336244 16.4004 1.28518 4.87322 0.0455327 12.1037 16.4902 0.918053 0.0171617 0 0
500.00 1393.15 6.518869 47.3731 0.364144 16.8571 1.27267 5.15331 0.052538 11.7726 16.1355 0.999583 0.019508 0 0
500.00 1383.15 5.589031 47.2724 0.410169 16.8829 1.31461 5.4971 0.0587725 11.5824 15.9062 1.05414 0.0212562 0 0
500.00 1373.15 4.849599 47.1549 0.46111 16.9113 1.3573 5.86482 0.0657721 11.3831 15.6677 1.11092 0.0230797 0 0
500.00 1363.15 4.253147 47.0159 0.518513 16.94 1.40133 6.26192 0.073741 11.1748 15.4188 1.17005 0.024986 0 0
500.00 1353.15 3.766487 46.8481 0.585141 16.965 1.44797 6.69568 0.0829441 10.9577 15.1591 1.23137 0.0269761 0 0
500.00 1343.15 12.502573 27.8986 4.71532 11.1999 20.6028 16.7532 0 7.9699 10.2044 0.643603 0.012281 0 0
500.00 1333.15 3.674768 38.2699 2.65745 15.0142 11.4677 10.6479 0 7.48316 13.2726 1.16383 0.0232909 0 0
500.00 1323.15 3.364052 40.8686 2.14635 16.9306 9.38368 10.1063 0 7.85178 11.2106 1.471 0.031058 0 0
500.00 1313.15 3.129936 41.9506 1.9132 18.0782 8.34131 9.41914 0 7.24402 10.8367 1.72634 0.0375968 0 0.452867
500.00 1303.15 3.891858 43.5748 1.45305 20.0038 6.34287 7.98663 0 6.14504 9.89219 2.22088 0.0516154 0 2.32917
500.00 1293.15 3.255291 43.2061 1.37022 19.7607 5.91349 7.60147 0 5.51879 9.3597 2.4561 0.0602341 0 4.75314
500.00 1283.15 2.794245 42.6587 1.28669 19.3724 5.49427 7.19178 0 4.94638 8.81848 2.6668 0.0690808 0 7.4954
500.00 1273.15 2.448316 41.9468 1.20425 18.8639 5.09041 6.77023 0 4.42727 8.28127 2.84836 0.0779946 0 10.4895
500.00 1263.15 2.180914 41.0854 1.12428 18.2591 4.70573 6.34678 0 3.95953 7.75771 2.99795 0.0868139 0 13.6768
500.00 1253.15 1.969283 40.0919 1.04761 17.5809 4.34219 5.92858 0 3.53994 7.2541 3.11471 0.095396 0 17.0046
500.00 1243.15 1.798601 38.9858 0.974729 16.8506 4.00068 5.52075 0 3.16467 6.77429 3.19933 0.103623 0 20.4256
500.00 1233.15 1.658851 37.7872 0.905925 16.0867 3.68133 5.12695 0 2.82972 6.32039 3.25371 0.111402 0 23.8967
500.00 1223.15 1.543023 36.5172 0.841309 15.3051 3.38385 4.74971 0 2.53115 5.89325 3.28052 0.118673 0 27.3792
500.00 1213.15 1.446060 35.196 0.780898 14.5192 3.10764 4.39073 0 2.26525 5.49294 3.28286 0.125399 0 30.839
500.00 1203.15 1.364211 33.8428 0.724636 13.7402 2.85195 4.05109 0 2.02859 5.11896 3.26406 0.131567 0 34.2462
500.00 1193.15 1.294627 32.475 0.672416 12.9765 2.61589 3.73132 0 1.81804 4.77046 3.2274 0.137185 0 37.5757
500.00 1183.15 1.235101 31.1078 0.624098 12.2351 2.39853 3.43157 0 1.63078 4.44635 3.17602 0.142277 0 40.8074
500.00 1173.15 1.183897 29.7543 0.579511 11.5209 2.19884 3.15166 0 1.46425 4.14541 3.1128 0.146879 0 43.9255
500.00 1163.15 1.139629 28.425 0.53847 10.8372 2.0158 2.89113 0 1.31615 3.86633 3.04033 0.151035 0 46.9185
500.00 1153.15 1.108975 26.9985 0.497127 10.1357 1.83483 2.6492 0 1.18613 3.89975 2.94653 0.154148 0.251991 49.4462
500.00 1143.15 1.080450 25.6424 0.460324 9.48281 1.67278 2.42361 0 1.0681 3.88449 2.85117 0.157081 0.442261 51.9149
500.00 1133.15 1.048926 24.4546 0.429837 8.91188 1.53608 2.21662 0 0.962282 3.60299 2.76624 0.160435 0.390704 54.5683
Title: Hr

Bulk Composition:
Pressure Temperature mass SiO2 TiO2 Al2O3 Fe2O3 FeO MnO MgO CaO Na2O K2O P2O5 H2O 
500.00 1523.15 98.271532 48.6086 1.37558 15.4532 2.51391 9.99137 0.199549 7.35442 10.7378 2.24053 0.353205 0.154266 1.01759
500.00 1513.15 98.272180 48.6083 1.37557 15.4531 2.52049 9.98537 0.199548 7.35437 10.7377 2.24051 0.353203 0.154265 1.01758
500.00 1503.15 98.272869 48.6079 1.37556 15.453 2.52747 9.97901 0.199546 7.35432 10.7377 2.2405 0.3532 0.154264 1.01757
500.00 1493.15 98.273599 48.6076 1.37555 15.4529 2.53486 9.97226 0.199545 7.35426 10.7376 2.24048 0.353198 0.154263 1.01757
500.00 1483.15 98.274372 48.6072 1.37554 15.4528 2.54269 9.96512 0.199543 7.35421 10.7375 2.24046 0.353195 0.154262 1.01756
500.00 1473.15 98.275188 48.6068 1.37553 15.4526 2.55096 9.95758 0.199542 7.35415 10.7374 2.24044 0.353192 0.154261 1.01755
500.00 1463.15 98.276050 48.6063 1.37551 15.4525 2.55969 9.94962 0.19954 7.35408 10.7373 2.24042 0.353189 0.154259 1.01754
500.00 1453.15 98.276958 48.6059 1.3755 15.4524 2.56889 9.94123 0.199538 7.35401 10.7372 2.2404 0.353186 0.154258 1.01753
500.00 1443.15 98.277914 48.6054 1.37549 15.4522 2.57857 9.93239 0.199536 7.35394 10.7371 2.24038 0.353182 0.154256 1.01752
500.00 1433.15 98.278920 48.6049 1.37547 15.452 2.58876 9.9231 0.199534 7.35387 10.737 2.24036 0.353178 0.154255 1.01751
500.00 1423.15 98.279224 48.6048 1.37547 15.452 2.59184 9.92029 0.199534 7.35384 10.737 2.24035 0.353177 0.154254 1.01751
500.00 1413.15 98.006507 48.6308 1.3793 15.495 2.58798 9.91091 0.199153 7.25546 10.7657 2.24659 0.35416 0.154684 1.02034
500.00 1403.15 96.894483 48.7021 1.39296 15.6548 2.58715 9.88538 0.198661 6.946 10.8145 2.27179 0.358225 0.156459 1.03205
500.00 1393.15 89.396902 48.8015 1.48159 15.5925 2.67264 10.3273 0.211508 6.51395 10.3387 2.38535 0.386829 0.169581 1.11861
500.00 1383.15 82.879081 48.9148 1.56947 15.4933 2.75926 10.7556 0.224014 6.10092 9.88307 2.49434 0.415717 0.182917 1.20658
500.00 1373.15 77.291254 49.0346 1.65329 15.3931 2.84052 11.1569 0.235965 5.70515 9.44785 2.59848 0.444235 0.196141 1.29381
500.00 1363.15 72.442996 49.1614 1.73309 15.2917 2.91694 11.5319 0.247361 5.32568 9.0318 2.69805 0.472421 0.209268 1.3804
500.00 1353.15 68.191311 49.2961 1.80882 15.1891 2.98895 11.8811 0.258192 4.9615 8.63377 2.79333 0.500319 0.222316 1.46646
500.00 1343.15 64.603036 49.3049 1.8752 15.0443 5.77761 9.71534 0.267706 4.599 8.23007 2.87673 0.526536 0.234664 1.54791
500.00 1333.15 52.129847 54.413 1.19319 15.9587 2.72483 7.56815 0.331761 3.78835 7.75259 3.41075 0.649577 0.290812 1.91829
500.00 1323.15 48.477038 55.6142 1.08188 16.0239 2.4522 6.98084 0.356759 3.50698 7.33135 3.5796 0.69676 0.312725 2.06283
500.00 1313.15 45.132248 56.6929 1.00232 15.9505 2.27311 6.44243 0.383199 3.18266 7.03987 3.73532 0.746083 0.335902 2.21571
500.00 1303.15 42.034091 57.7515 0.934001 15.781 2.14375 5.92659 0.411443 2.87892 6.75268 3.88217 0.798276 0.36066 2.37902
500.00 1293.15 38.247231 59.0395 0.878918 15.3092 1.98195 5.4592 0.45218 2.53984 6.41559 4.04066 0.872064 0.396369 2.61457
500.00 1283.15 35.158719 60.2298 0.829587 14.8255 1.83847 5.03102 0.491902 2.25322 6.11356 4.16833 0.943096 0.431188 2.84424
500.00 1273.15 32.584286 61.3351 0.785149 14.3369 1.70929 4.63801 0.530766 2.0084 5.8414 4.26911 1.01169 0.465255 3.06896
500.00 1263.15 30.401904 62.3651 0.744915 13.8482 1.59166 4.27661 0.568867 1.79742 5.59492 4.34635 1.07803 0.498653 3.28927
500.00 1253.15 28.527426 63.3276 0.708325 13.3635 1.48367 3.94374 0.606246 1.61428 5.37064 4.40293 1.14224 0.531418 3.5054
500.00 1243.15 26.900424 64.2287 0.674917 12.8862 1.38394 3.63674 0.642913 1.45429 5.16564 4.44142 1.20435 0.56356 3.71741
500.00 1233.15 25.476023 65.0736 0.644307 12.4184 1.29146 3.3533 0.678859 1.31376 4.97746 4.4641 1.26437 0.595069 3.92526
500.00 1223.15 24.219939 65.8669 0.616171 11.9621 1.20544 3.0914 0.714066 1.18972 4.80402 4.47302 1.32232 0.625931 4.12883
500.00 1213.15 23.105365 66.6125 0.590235 11.5186 1.12526 2.84927 0.748511 1.07977 4.64356 4.46999 1.3782 0.656125 4.328
500.00 1203.15 22.110930 67.3138 0.566262 11.0886 1.05043 2.62533 0.782175 0.981927 4.49457 4.45663 1.43199 0.685634 4.52265
500.00 1193.15 21.219334 67.974 0.544046 10.6728 0.980507 2.41815 0.815041 0.894554 4.35576 4.43436 1.48371 0.714443 4.71268
500.00 1183.15 20.416392 68.5959 0.52341 10.2713 0.915147 2.22645 0.847095 0.816284 4.22605 4.40445 1.53338 0.742541 4.89803
500.00 1173.15 19.690353 69.1822 0.504195 9.88416 0.85403 2.04908 0.87833 0.745963 4.1045 4.36801 1.58101 0.76992 5.07863
500.00 1163.15 19.031395 69.7352 0.486262 9.51137 0.796874 1.88496 0.908742 0.682615 3.9903 4.326 1.62663 0.796579 5.25448
500.00 1153.15 18.431240 70.2572 0.469487 9.15269 0.742811 1.73369 0.938332 0.62541 3.88277 4.2793 1.67028 0.822517 5.42557
500.00 1143.15 17.876163 70.773 0.453938 8.80982 0.692133 1.59361 0.967469 0.573227 3.76615 4.22982 1.71261 0.834795 5.59348
500.00 1133.15 17.362015 71.2824 0.439475 8.48232 0.645114 1.46378 0.996119 0.525745 3.64082 4.17811 1.75357 0.834435 5.75806
