Title: Hr

Bulk Composition:
Pressure Temperature mass SiO2 TiO2 Al2O3 Fe2O3 FeO MnO MgO CaO Na2O K2O P2O5 H2O 
500.00 1523.15 98.101379 49.722 1.43678 15.4313 2.5266 10.0472 0.197041 7.20398 10.7199 2.20609 0.348313 0.160752 0
500.00 1513.15 98.102030 49.7217 1.43677 15.4312 2.53321 10.0412 0.19704 7.20393 10.7199 2.20607 0.348311 0.160751 0
500.00 1503.15 98.102721 49.7214 1.43676 15.4311 2.54022 10.0348 0.197038 7.20388 10.7198 2.20606 0.348308 0.16075 0
500.00 1493.15 98.103454 49.721 1.43675 15.431 2.54765 10.028 0.197037 7.20382 10.7197 2.20604 0.348306 0.160749 0
500.00 1483.15 98.104229 49.7206 1.43674 15.4308 2.55552 10.0208 0.197035 7.20377 10.7196 2.20602 0.348303 0.160747 0
500.00 1473.15 98.104362 49.7205 1.43674 15.4308 2.55687 10.0196 0.197035 7.20376 10.7196 2.20602 0.348303 0.160747 0
500.00 1463.15 98.103896 49.7208 1.43674 15.4309 2.55214 10.0239 0.197036 7.20379 10.7197 2.20603 0.348304 0.160748 0
500.00 1453.15 98.102080 49.7217 1.43677 15.4312 2.53371 10.0407 0.19704 7.20392 10.7199 2.20607 0.348311 0.160751 0