Title: Hr

System Thermodynamic Data:
Pressure Temperature mass F phi S H V dVdP*10^6 dVdT*10^6 Cp logfO2(absolute) logfO2-NNO rhol rhos viscosity aH2O chisqr
500.00 1523.15 98.101379 1.0000000000000000 1.000000 265.143798 -1166422.668252 36.218228 -201.852405 2375.999175 145.973147 -7.007 0.000 2.708619 0.000000 2.176 0 0.000
500.00 1513.15 98.102030 1.0000000000000000 1.000000 264.183508 -1167891.954475 36.195045 -202.070882 2376.145049 145.976488 -7.116 0.000 2.710372 0.000000 2.218 0 0.000
500.00 1503.15 98.102721 1.0000000000000000 1.000000 263.216871 -1169361.897099 36.171894 -202.290607 2376.299902 145.980033 -7.225 0.000 2.712126 0.000000 2.261 0 0.000
500.00 1493.15 98.103454 1.0000000000000000 1.000000 262.243801 -1170832.520377 36.148777 -202.511650 2376.464012 145.983791 -7.336 0.000 2.713880 0.000000 2.305 0 0.000
500.00 1483.15 98.104229 1.0000000000000000 1.000000 261.264206 -1172303.849590 36.125694 -202.734089 2376.637665 145.987767 -7.449 0.000 2.715636 0.000000 2.349 0 0.000
500.00 1473.15 98.104362 0.9789542663123921 0.978519 259.828838 -1174426.949625 36.067766 -199.028358 2353.127634 142.087513 -7.563 0.000 2.721210 2.664945 2.369 0 0.000
500.00 1463.15 98.103896 0.9415763338555206 0.940169 258.041094 -1177043.805084 35.981771 -192.162327 2311.595268 141.228437 -7.679 0.000 2.730570 2.662362 2.365 0 0.000
500.00 1453.15 98.102080 0.8837140106505516 0.882380 255.796696 -1180283.584801 35.822505 -181.872017 2246.217108 139.791792 -7.796 0.000 2.742702 2.707490 2.354 0 0.000
