Title: Hr

System Thermodynamic Data:
Pressure Temperature mass F phi S H V dVdP*10^6 dVdT*10^6 Cp logfO2(absolute) logfO2-NNO rhol rhos viscosity aH2O chisqr
500.00 1523.15 100.110556 0.9973221933824908 0.912039 289.570648 -1186176.757138 43.181302 -8023.262980 7681.536165 152.218038 -7.007 0.000 2.535165 0.070579 1.495 0.99974 0.000
500.00 1513.15 100.111211 0.9973655928763887 0.913840 288.568260 -1187710.033197 43.051927 -7851.031686 7643.613069 152.214729 -7.116 0.000 2.537899 0.071100 1.531 0.999737 0.000
500.00 1503.15 100.111905 0.9974098067475629 0.915659 287.559276 -1189243.929803 42.922370 -7678.160765 7604.790267 152.211623 -7.225 0.000 2.540634 0.071630 1.567 0.999734 0.000
500.00 1493.15 100.112642 0.9974548554351194 0.917495 286.543602 -1190778.471872 42.792633 -7504.639601 7565.039329 152.208724 -7.336 0.000 2.543370 0.072169 1.603 0.99973 0.000
500.00 1483.15 100.113421 0.9975007599939345 0.919349 285.521147 -1192313.685350 42.662716 -7330.457448 7524.330481 152.206039 -7.449 0.000 2.546107 0.072718 1.640 0.999726 0.000
500.00 1473.15 100.114245 0.9975475422476167 0.921221 284.506225 -1193828.316900 42.532622 -7155.603076 7482.632401 149.094460 -7.563 0.000 2.548845 0.073277 1.677 0.999722 0.000
500.00 1463.15 100.115114 0.9975952249624051 0.923112 283.491125 -1195333.819237 42.402352 -6980.064386 7439.911999 149.084154 -7.679 0.000 2.551583 0.073846 1.715 0.999717 0.000
500.00 1453.15 100.116030 0.9976438312069945 0.925021 282.469155 -1196839.989401 42.271908 -6803.830195 7396.134924 149.073556 -7.796 0.000 2.554322 0.074425 1.753 0.999713 0.000
500.00 1443.15 100.116996 0.9976933847120628 0.926949 281.440222 -1198346.852199 42.141293 -6626.889326 7351.265168 149.062663 -7.915 0.000 2.557062 0.075015 1.792 0.999708 0.000
500.00 1433.15 100.118011 0.9977439099167301 0.928896 280.404228 -1199854.433630 42.010511 -6449.230552 7305.264936 149.051473 -8.035 0.000 2.559802 0.075616 1.832 0.999703 0.000
500.00 1423.15 100.119079 0.9977954319868126 0.930862 279.361075 -1201362.760950 41.879564 -6270.842615 7258.094540 149.039982 -8.157 0.000 2.562542 0.076229 1.871 0.999698 0.000
500.00 1413.15 100.120200 0.9978479768329666 0.932847 278.310660 -1202871.862742 41.748457 -6091.714256 7209.712287 149.028188 -8.281 0.000 2.565282 0.076854 1.912 0.999693 0.000
500.00 1403.15 100.119474 0.9909741777315937 0.928886 277.058736 -1204622.419911 41.637000 -5991.523029 7174.752338 148.652744 -8.407 0.000 2.565304 0.305192 1.972 0.999698 0.000
500.00 1393.15 99.428983 0.9898932416088702 0.928756 274.150841 -1197961.191553 41.318125 -5899.078676 7130.547978 147.375785 -8.535 0.000 2.564834 0.341376 2.036 0.999706 0.000
500.00 1383.15 98.639415 0.9491558701426023 0.882260 269.909566 -1191658.266398 41.420420 -7329.343845 7606.799609 144.564232 -8.664 0.000 2.561988 1.028377 2.109 0.999695 0.000
500.00 1373.15 93.899912 0.9452855284184656 0.860639 256.778693 -1134406.966311 40.313226 -8776.668010 8051.476931 137.155416 -8.795 0.000 2.558349 0.914486 2.187 0.999701 0.000
500.00 1363.15 89.092028 0.8966495620282990 0.775476 242.779829 -1077451.244983 40.239424 -12638.323287 9385.477354 128.619290 -8.929 0.000 2.560010 1.019144 2.257 0.999675 0.000
500.00 1353.15 80.373045 0.9018735957541961 0.735864 220.036719 -965892.687156 38.448671 -15841.619995 10490.993090 115.777362 -9.064 0.000 2.561989 0.776582 2.328 0.999673 0.000
500.00 1343.15 73.290426 0.7556738247075813 0.590054 198.407985 -879868.804432 38.089184 -21465.523271 12351.160977 101.436248 -9.201 0.000 2.464270 1.146803 2.903 0.999817 0.000
500.00 1333.15 56.276938 0.8746167897046971 0.595901 158.364397 -697524.947382 33.874527 -23903.440576 13144.740596 80.514590 -9.340 0.000 2.438379 0.515476 3.131 0.999859 0.000
500.00 1323.15 50.212559 0.8839176439360076 0.563340 142.911520 -626883.490488 32.606937 -25844.937072 13901.002124 71.999644 -9.481 0.000 2.416261 0.409378 3.345 0.999896 0.000
500.00 1313.15 45.458750 0.8743606419815280 0.522391 130.586106 -571343.378939 31.746124 -27800.044476 14710.585435 65.169431 -9.625 0.000 2.396742 0.376687 3.543 0.999933 0.000
500.00 1303.15 40.907955 0.8792299860539622 0.491049 118.932908 -516682.285863 30.778919 -29386.606808 15408.848762 58.775415 -9.771 0.000 2.379754 0.315382 3.727 0.999969 0.000
500.00 1293.15 37.201165 0.8836274110857966 0.463963 109.402331 -471898.732066 29.959302 -30661.410907 16017.151933 53.573136 -9.919 0.000 2.364887 0.269576 3.899 1 0.000
500.00 1283.15 34.167519 0.8863334294879807 0.440015 101.560463 -435126.260268 29.264990 -31697.941963 16558.115199 49.324632 -10.069 0.000 2.351772 0.236985 4.061 1.00003 0.000
500.00 1273.15 31.632643 0.8878660748120492 0.418774 94.975351 -404299.045386 28.659121 -32545.882734 17045.603755 45.766032 -10.221 0.000 2.340130 0.212944 4.213 1.00006 0.000
500.00 1263.15 29.480789 0.8885718944894234 0.399887 89.358987 -378047.842795 28.118050 -33240.325762 17490.277104 42.747465 -10.376 0.000 2.329747 0.194678 4.357 1.00008 0.000
500.00 1253.15 27.631821 0.8886748778785362 0.383055 84.510993 -355425.847781 27.626069 -33807.256079 17899.850952 40.156611 -10.534 0.000 2.320453 0.180483 4.493 1.0001 0.000
500.00 1243.15 26.027797 0.8883257258396066 0.368024 80.285850 -335748.490319 27.172261 -34266.653812 18280.337928 37.911931 -10.694 0.000 2.312108 0.169264 4.621 1.00011 0.000
500.00 1233.15 24.625329 0.8876290457974411 0.354580 76.574143 -318502.544620 26.748752 -34634.351366 18636.586424 35.952195 -10.857 0.000 2.304601 0.160284 4.742 1.00012 0.000
500.00 1223.15 23.390972 0.8866601837690932 0.342540 73.291233 -303291.581148 26.349676 -34923.186021 18972.612742 34.230133 -11.022 0.000 2.297836 0.153033 4.858 1.00013 0.000
500.00 1213.15 22.298340 0.8854756176335258 0.331745 70.370144 -289801.996312 25.970539 -35143.744541 19291.813522 32.708432 -11.190 0.000 2.291735 0.147146 4.967 1.00013 0.000
500.00 1203.15 21.326234 0.8841193219304492 0.322057 67.756929 -277781.042765 25.607817 -35304.866189 19597.107943 31.357127 -11.361 0.000 2.286228 0.142351 5.070 1.00013 0.000
500.00 1193.15 20.457351 0.8816198339433304 0.313033 65.405315 -267024.262139 25.260125 -35418.917679 19893.013279 30.139701 -11.534 0.000 2.280897 0.139559 5.177 1.00013 0.000
500.00 1183.15 19.658109 0.8797276244285204 0.304945 63.239363 -257116.107525 24.917240 -35487.349425 20179.807089 29.024496 -11.711 0.000 2.275980 0.136518 5.282 1.00012 0.000
500.00 1173.15 18.933637 0.8780644417747482 0.297723 61.266521 -248125.606130 24.582626 -35514.284192 20459.027207 28.017987 -11.890 0.000 2.271536 0.133730 5.381 1.00012 0.000
500.00 1163.15 18.280561 0.8763282061075530 0.291251 59.475305 -240014.908220 24.257003 -35504.620054 20732.582114 27.113438 -12.073 0.000 2.267524 0.131501 5.475 1.00011 0.000
500.00 1153.15 17.689716 0.8745399448394716 0.285455 57.842292 -232672.898526 23.938867 -35462.541539 21002.176655 26.297924 -12.259 0.000 2.263907 0.129746 5.564 1.0001 0.000
500.00 1143.15 17.153389 0.8727175727043771 0.280273 56.347741 -226005.840360 23.626959 -35391.638707 21269.368512 25.560606 -12.448 0.000 2.260654 0.128393 5.650 1.00009 0.000
500.00 1133.15 16.665051 0.8708763938680023 0.275650 54.974915 -219934.216485 23.320211 -35295.003082 21535.599436 24.892345 -12.641 0.000 2.257735 0.127389 5.731 1.00008 0.000
500.00 1123.15 16.218928 0.8685083096975853 0.271354 53.707065 -214389.442679 23.021288 -35184.141405 21806.920406 24.282360 -12.837 0.000 2.254914 0.127138 5.815 1.00007 0.000
500.00 1113.15 15.801984 0.8650010860448867 0.267015 52.513409 -209226.133499 22.730533 -35071.849321 22090.652132 23.713505 -13.036 0.000 2.252078 0.128037 5.907 1.00007 0.000
500.00 1103.15 15.395118 0.8630968926977455 0.263312 51.354669 -204196.787629 22.432478 -34937.015434 22375.608556 23.167845 -13.239 0.000 2.249548 0.127537 5.996 1.00006 0.000
500.00 1093.15 15.023377 0.8606400687268381 0.259905 50.281326 -199608.029130 22.138538 -34786.045797 22665.676377 22.671123 -13.446 0.000 2.247119 0.127782 6.085 1.00005 0.000
500.00 1083.15 14.674901 0.8587272841771452 0.257007 49.269129 -195302.908670 21.842979 -34614.529351 22958.631846 22.211146 -13.656 0.000 2.244783 0.127743 6.170 1.00004 0.000
500.00 1073.15 14.355314 0.8570032281199285 0.254564 48.330091 -191368.856604 21.548899 -34424.953898 23256.454879 21.794978 -13.871 0.000 2.242714 0.127792 6.254 1.00003 0.000
500.00 1063.15 14.063780 0.8553385331375021 0.252539 47.460282 -187789.339928 21.256338 -34219.010932 23560.591699 21.420643 -14.089 0.000 2.240903 0.128050 6.335 1.00003 0.000
500.00 1053.15 13.797503 0.8537369726473528 0.250908 46.652423 -184529.092379 20.964788 -33998.199013 23872.506433 21.084468 -14.312 0.000 2.239340 0.128502 6.413 1.00002 0.000
500.00 1043.15 13.554017 0.8522010587357867 0.249647 45.900086 -181557.115984 20.673781 -33763.848939 24193.717090 20.783293 -14.539 0.000 2.238016 0.129138 6.491 1.00001 0.000
500.00 1033.15 13.331139 0.8507316047051563 0.248739 45.197566 -178846.019345 20.382880 -33517.147878 24525.819345 20.514406 -14.770 0.000 2.236922 0.129951 6.566 1.00001 0.000
500.00 1023.15 13.126916 0.8493269515731986 0.248165 44.539760 -176371.369577 20.091671 -33259.163949 24870.514676 20.275486 -15.006 0.000 2.236049 0.130936 6.641 1 0.000

Title: Hr

Liquid Composition:
Pressure Temperature mass SiO2 TiO2 Al2O3 Fe2O3 FeO MnO MgO CaO Na2O K2O P2O5 H2O 
500.00 1523.15 99.842480 47.3497 1.42504 15.6868 2.51591 9.87462 0.19924 7.23391 11.034 2.34505 0.348581 0.160369 1.82686
500.00 1513.15 99.847477 47.3473 1.42497 15.686 2.52232 9.86824 0.19923 7.23354 11.0334 2.34493 0.348564 0.160361 1.83112
500.00 1503.15 99.852596 47.3449 1.4249 15.6852 2.52914 9.86149 0.19922 7.23317 11.0328 2.34481 0.348546 0.160353 1.83546
500.00 1493.15 99.857840 47.3424 1.42482 15.6844 2.53636 9.85435 0.199209 7.23279 11.0323 2.34469 0.348528 0.160344 1.83987
500.00 1483.15 99.863213 47.3398 1.42475 15.6835 2.54402 9.84681 0.199199 7.2324 11.0317 2.34456 0.348509 0.160336 1.84438
500.00 1473.15 99.868719 47.3372 1.42467 15.6827 2.55211 9.83886 0.199188 7.23201 11.0311 2.34443 0.34849 0.160327 1.84896
500.00 1463.15 99.874360 47.3346 1.42459 15.6818 2.56065 9.83049 0.199177 7.2316 11.0304 2.3443 0.34847 0.160318 1.85363
500.00 1453.15 99.880140 47.3318 1.4245 15.6809 2.56966 9.82168 0.199165 7.23118 11.0298 2.34416 0.34845 0.160308 1.8584
500.00 1443.15 99.886064 47.329 1.42442 15.68 2.57916 9.81241 0.199153 7.23075 11.0291 2.34403 0.348429 0.160299 1.86325
500.00 1433.15 99.892136 47.3261 1.42433 15.679 2.58915 9.80269 0.199141 7.23031 11.0285 2.34388 0.348408 0.160289 1.8682
500.00 1423.15 99.898360 47.3232 1.42424 15.678 2.59965 9.79248 0.199129 7.22986 11.0278 2.34374 0.348386 0.160279 1.87324
500.00 1413.15 99.904739 47.3202 1.42415 15.677 2.61069 9.78177 0.199116 7.2294 11.0271 2.34359 0.348364 0.160269 1.87839
500.00 1403.15 99.215813 47.374 1.43404 15.7859 2.62151 9.74036 0.198488 6.97934 11.1007 2.35986 0.350783 0.161382 1.89369
500.00 1393.15 98.424078 47.438 1.44558 15.9129 2.63191 9.68982 0.197699 6.69165 11.1864 2.37884 0.353605 0.16268 1.91091
500.00 1383.15 93.624180 47.4285 1.46348 16.4362 2.64917 9.87875 0.207163 6.24624 10.7084 2.49294 0.371733 0.17102 1.9464
500.00 1373.15 88.762228 47.4435 1.47151 16.9938 2.66287 10.0794 0.218055 5.79544 10.1573 2.62026 0.392095 0.180388 1.98532
500.00 1363.15 79.884328 47.6911 1.57163 16.7335 2.79397 10.7009 0.236475 5.32903 9.49413 2.80742 0.433671 0.200435 2.00778
500.00 1353.15 72.486328 47.9563 1.67001 16.4172 2.9231 11.3027 0.253967 4.8914 8.8777 2.98325 0.475673 0.220892 2.02778
500.00 1343.15 55.383657 52.7242 1.11387 16.7885 2.23057 8.00365 0.3279 4.06277 7.98271 3.63018 0.617211 0.289104 2.22933
500.00 1333.15 49.220755 54.3944 1.01094 16.5724 2.08413 7.31753 0.361689 3.64133 7.407 3.90431 0.69074 0.325302 2.2902
500.00 1323.15 44.383767 55.9356 0.92435 16.2972 1.95255 6.71024 0.393248 3.28321 6.90014 4.14006 0.761905 0.360754 2.34075
500.00 1313.15 39.747342 57.3861 0.860176 15.8721 1.84496 6.17044 0.439144 2.89816 6.51695 4.37744 0.845053 0.402835 2.38662
500.00 1303.15 35.967501 58.7469 0.805615 15.4011 1.74601 5.68366 0.485294 2.56214 6.19116 4.57992 0.927446 0.445169 2.42568
500.00 1293.15 32.871969 60.0211 0.756777 14.9145 1.65258 5.24132 0.530994 2.27747 5.90214 4.74915 1.00781 0.487091 2.45912
500.00 1283.15 30.283815 61.2196 0.712798 14.4195 1.56395 4.83736 0.576375 2.03377 5.64444 4.88908 1.08639 0.528719 2.48801
500.00 1273.15 28.085550 62.3508 0.672989 13.9216 1.47959 4.467 0.621488 1.82335 5.4136 5.00309 1.16324 0.570102 2.51317
500.00 1263.15 26.195801 63.4207 0.63679 13.4255 1.39911 4.12639 0.666321 1.64032 5.20593 5.09412 1.23837 0.611229 2.53523
500.00 1253.15 24.555705 64.4344 0.603743 12.9347 1.32225 3.81242 0.710826 1.48011 5.01831 5.16483 1.31168 0.652053 2.5547
500.00 1243.15 23.121162 65.3956 0.573468 12.4523 1.24882 3.5225 0.754929 1.33912 4.84808 5.21759 1.38307 0.69251 2.572
500.00 1233.15 21.858158 66.3079 0.545645 11.9804 1.17867 3.25444 0.79855 1.21444 4.69302 5.25456 1.45242 0.732524 2.58746
500.00 1223.15 20.739844 67.1742 0.520002 11.5206 1.1117 3.00636 0.841608 1.10371 4.55119 5.27768 1.51962 0.772023 2.60138
500.00 1213.15 19.744637 67.997 0.496305 11.074 1.04781 2.77662 0.884029 1.00498 4.42098 5.28871 1.58457 0.810936 2.61399
500.00 1203.15 18.854936 68.7789 0.474353 10.6415 0.986941 2.56377 0.925743 0.91666 4.30099 5.28921 1.64719 0.849201 2.62549
500.00 1193.15 18.035607 69.5856 0.45436 10.2297 0.928118 2.3671 0.967798 0.836074 4.14882 5.28499 1.70927 0.851915 2.63628
500.00 1183.15 17.293781 70.3699 0.435817 9.83355 0.872096 2.18493 1.00931 0.763397 3.99552 5.27368 1.76933 0.846125 2.64629
500.00 1173.15 16.624953 71.115 0.418465 9.45133 0.819055 2.01604 1.04992 0.698014 3.85252 5.25508 1.82678 0.8422 2.65559
500.00 1163.15 16.019771 71.8227 0.402188 9.083 0.768884 1.85944 1.08958 0.639036 3.71903 5.2302 1.88159 0.840095 2.66428
500.00 1153.15 15.470364 72.4947 0.386884 8.72838 0.721476 1.71424 1.12828 0.585705 3.59441 5.19994 1.93376 0.839796 2.67246
500.00 1143.15 14.970064 73.1325 0.372461 8.38726 0.676721 1.57965 1.16598 0.537371 3.47814 5.1651 1.98328 0.84131 2.68023
500.00 1133.15 14.513199 73.7376 0.358835 8.05933 0.634511 1.4549 1.20269 0.493475 3.36979 5.12638 2.03015 0.844673 2.68765
500.00 1123.15 14.086274 74.3363 0.349016 7.74104 0.592975 1.33516 1.22251 0.453071 3.26812 5.08435 2.07537 0.848804 2.69329
500.00 1113.15 13.668733 74.9486 0.34871 7.41707 0.55064 1.21597 1.21598 0.405547 3.19286 5.03736 2.12091 0.850144 2.69623
500.00 1103.15 13.287479 75.5274 0.349146 7.10745 0.510865 1.10609 1.20795 0.361791 3.12486 4.98899 2.16363 0.852926 2.69893
500.00 1093.15 12.929721 76.0943 0.33374 6.80799 0.476927 1.01215 1.19069 0.318692 3.06437 4.93973 2.20469 0.855165 2.70157
500.00 1083.15 12.601738 76.6402 0.311361 6.52307 0.442228 0.919458 1.17606 0.280794 3.00942 4.89054 2.24299 0.859108 2.70482
500.00 1073.15 12.302550 77.1531 0.290714 6.25232 0.4091 0.832935 1.16165 0.246615 2.96108 4.84135 2.27823 0.864898 2.70805
500.00 1063.15 12.029293 77.6337 0.27163 5.99517 0.377597 0.752472 1.14757 0.215805 2.91932 4.79241 2.3104 0.872629 2.71132
500.00 1053.15 11.779438 78.0827 0.253964 5.75101 0.347738 0.67789 1.13388 0.188059 2.88419 4.74394 2.33951 0.882414 2.71466
500.00 1043.15 11.550748 78.501 0.237592 5.51927 0.319517 0.608962 1.12064 0.163113 2.85577 4.69612 2.36556 0.894393 2.71811
500.00 1033.15 11.341221 78.8891 0.222404 5.29932 0.292908 0.545434 1.10788 0.140738 2.83419 4.64911 2.3885 0.908733 2.7217
500.00 1023.15 11.149044 79.2478 0.208307 5.09051 0.267874 0.487034 1.09563 0.12073 2.81964 4.60305 2.40828 0.925636 2.72546
Title: Hr

liquid_0 thermodynamic data and composition:
Pressure Temperature mass S H V Cp viscosity SiO2 TiO2 Al2O3 Fe2O3 FeO MnO MgO CaO Na2O K2O P2O5 H2O Mg#
500.00 1523.15 99.842480 286.615167 -1183288.101227 39.383030 151.466012 1.495 47.3497 1.42504 15.6868 2.51591 9.87462 0.19924 7.23391 11.034 2.34505 0.348581 0.160369 1.82686 56.6
500.00 1513.15 99.847477 285.665532 -1184860.778967 39.342577 151.475270 1.531 47.3473 1.42497 15.686 2.52232 9.86824 0.19923 7.23354 11.0334 2.34493 0.348564 0.160361 1.83112 56.6
500.00 1503.15 99.852596 284.710065 -1186435.207083 39.302240 151.484923 1.567 47.3449 1.4249 15.6852 2.52914 9.86149 0.19922 7.23317 11.0328 2.34481 0.348546 0.160353 1.83546 56.7
500.00 1493.15 99.857840 283.748690 -1188011.439190 39.262023 151.494983 1.603 47.3424 1.42482 15.6844 2.53636 9.85435 0.199209 7.23279 11.0323 2.34469 0.348528 0.160344 1.83987 56.7
500.00 1483.15 99.863213 282.781330 -1189589.530841 39.221927 151.505461 1.640 47.3398 1.42475 15.6835 2.54402 9.84681 0.199199 7.2324 11.0317 2.34456 0.348509 0.160336 1.84438 56.7
500.00 1473.15 99.868719 281.822322 -1191148.259378 39.181957 148.407254 1.677 47.3372 1.42467 15.6827 2.55211 9.83886 0.199188 7.23201 11.0311 2.34443 0.34849 0.160327 1.84896 56.7
500.00 1463.15 99.874360 280.863971 -1192699.109477 39.142115 148.410537 1.715 47.3346 1.42459 15.6818 2.56065 9.83049 0.199177 7.2316 11.0304 2.3443 0.34847 0.160318 1.85363 56.7
500.00 1453.15 99.880140 279.899604 -1194251.910731 39.102405 148.413749 1.753 47.3318 1.4245 15.6809 2.56966 9.82168 0.199165 7.23118 11.0298 2.34416 0.34845 0.160308 1.8584 56.8
500.00 1443.15 99.886064 278.929148 -1195806.721493 39.062829 148.416895 1.792 47.329 1.42442 15.68 2.57916 9.81241 0.199153 7.23075 11.0291 2.34403 0.348429 0.160299 1.86325 56.8
500.00 1433.15 99.892136 277.952525 -1197363.602368 39.023390 148.419979 1.832 47.3261 1.42433 15.679 2.58915 9.80269 0.199141 7.23031 11.0285 2.34388 0.348408 0.160289 1.8682 56.8
500.00 1423.15 99.898360 276.969655 -1198922.616305 38.984093 148.423005 1.871 47.3232 1.42424 15.678 2.59965 9.79248 0.199129 7.22986 11.0278 2.34374 0.348386 0.160279 1.87324 56.8
500.00 1413.15 99.904739 275.980459 -1200483.828701 38.944940 148.425977 1.912 47.3202 1.42415 15.677 2.61069 9.78177 0.199116 7.2294 11.0271 2.34359 0.348364 0.160269 1.87839 56.8
500.00 1403.15 99.215813 273.124696 -1193810.720183 38.676041 147.207122 1.972 47.374 1.43404 15.7859 2.62151 9.74036 0.198488 6.97934 11.1007 2.35986 0.350783 0.161382 1.89369 56.1
500.00 1393.15 98.424078 270.006620 -1185942.718098 38.374439 145.811782 2.036 47.438 1.44558 15.9129 2.63191 9.68982 0.197699 6.69165 11.1864 2.37884 0.353605 0.16268 1.91091 55.2
500.00 1383.15 93.624180 256.215242 -1128073.280999 36.543573 138.251142 2.109 47.4285 1.46348 16.4362 2.64917 9.87875 0.207163 6.24624 10.7084 2.49294 0.371733 0.17102 1.9464 53.0
500.00 1373.15 88.762228 242.353130 -1069501.455505 34.695116 130.624529 2.187 47.4435 1.47151 16.9938 2.66287 10.0794 0.218055 5.79544 10.1573 2.62026 0.392095 0.180388 1.98532 50.6
500.00 1363.15 79.884328 217.450619 -956815.866660 31.204688 116.825757 2.257 47.6911 1.57163 16.7335 2.79397 10.7009 0.236475 5.32903 9.49413 2.80742 0.433671 0.200435 2.00778 47.0
500.00 1353.15 72.486328 196.676723 -863113.116234 28.292994 105.359195 2.328 47.9563 1.67001 16.4172 2.9231 11.3027 0.253967 4.8914 8.8777 2.98325 0.475673 0.220892 2.02778 43.5
500.00 1343.15 55.383657 151.294590 -684472.430651 22.474672 80.054928 2.903 52.7242 1.11387 16.7885 2.23057 8.00365 0.3279 4.06277 7.98271 3.63018 0.617211 0.289104 2.22933 47.5
500.00 1333.15 49.220755 134.324156 -613284.578954 20.185854 70.785524 3.131 54.3944 1.01094 16.5724 2.08413 7.31753 0.361689 3.64133 7.407 3.90431 0.69074 0.325302 2.2902 47.0
500.00 1323.15 44.383767 120.928584 -557020.728729 18.368784 63.526903 3.345 55.9356 0.92435 16.2972 1.95255 6.71024 0.393248 3.28321 6.90014 4.14006 0.761905 0.360754 2.34075 46.6
500.00 1313.15 39.747342 108.089302 -501725.687099 16.583902 56.607569 3.543 57.3861 0.860176 15.8721 1.84496 6.17044 0.439144 2.89816 6.51695 4.37744 0.845053 0.402835 2.38662 45.6
500.00 1303.15 35.967501 97.580856 -456362.867704 15.113955 50.982929 3.727 58.7469 0.805615 15.4011 1.74601 5.68366 0.485294 2.56214 6.19116 4.57992 0.927446 0.445169 2.42568 44.6
500.00 1293.15 32.871969 88.940622 -419062.836213 13.900018 46.390095 3.899 60.0211 0.756777 14.9145 1.65258 5.24132 0.530994 2.27747 5.90214 4.74915 1.00781 0.487091 2.45912 43.6
500.00 1283.15 30.283815 81.689966 -387754.820566 12.877022 42.560483 4.061 61.2196 0.712798 14.4195 1.56395 4.83736 0.576375 2.03377 5.64444 4.88908 1.08639 0.528719 2.48801 42.8
500.00 1273.15 28.085550 75.510341 -361064.638764 12.001704 39.315896 4.213 62.3508 0.672989 13.9216 1.47959 4.467 0.621488 1.82335 5.4136 5.00309 1.16324 0.570102 2.51317 42.1
500.00 1263.15 26.195801 70.180550 -338040.937889 11.244052 36.533007 4.357 63.4207 0.63679 13.4255 1.39911 4.12639 0.666321 1.64032 5.20593 5.09412 1.23837 0.611229 2.53523 41.5
500.00 1253.15 24.555705 65.540142 -317995.080669 10.582291 34.122716 4.493 64.4344 0.603743 12.9347 1.32225 3.81242 0.710826 1.48011 5.01831 5.16483 1.31168 0.652053 2.5547 40.9
500.00 1243.15 23.121162 61.468547 -300410.227576 10.000035 32.018368 4.621 65.3956 0.573468 12.4523 1.24882 3.5225 0.754929 1.33912 4.84808 5.21759 1.38307 0.69251 2.572 40.4
500.00 1233.15 21.858158 57.872502 -284886.741330 9.484574 30.168654 4.742 66.3079 0.545645 11.9804 1.17867 3.25444 0.79855 1.21444 4.69302 5.25456 1.45242 0.732524 2.58746 39.9
500.00 1223.15 20.739844 54.678185 -271108.171040 9.025814 28.533160 4.858 67.1742 0.520002 11.5206 1.1117 3.00636 0.841608 1.10371 4.55119 5.27768 1.51962 0.772023 2.60138 39.6
500.00 1213.15 19.744637 51.826098 -258819.242910 8.615585 27.079475 4.967 67.997 0.496305 11.074 1.04781 2.77662 0.884029 1.00498 4.42098 5.28871 1.58457 0.810936 2.61399 39.2
500.00 1203.15 18.854936 49.267614 -247811.052450 8.247181 25.781234 5.070 68.7789 0.474353 10.6415 0.986941 2.56377 0.925743 0.91666 4.30099 5.28921 1.64719 0.849201 2.62549 38.9
500.00 1193.15 18.035607 46.913662 -237655.947796 7.907242 24.580408 5.177 69.5856 0.45436 10.2297 0.928118 2.3671 0.967798 0.836074 4.14882 5.28499 1.70927 0.851915 2.63628 38.6
500.00 1183.15 17.293781 44.777132 -228446.366944 7.598390 23.492480 5.282 70.3699 0.435817 9.83355 0.872096 2.18493 1.00931 0.763397 3.99552 5.27368 1.76933 0.846125 2.64629 38.4
500.00 1173.15 16.624953 42.843077 -220130.424128 7.318817 22.512372 5.381 71.115 0.418465 9.45133 0.819055 2.01604 1.04992 0.698014 3.85252 5.25508 1.82678 0.8422 2.65559 38.2
500.00 1163.15 16.019771 41.085605 -212595.552181 7.064875 21.626086 5.475 71.8227 0.402188 9.083 0.768884 1.85944 1.08958 0.639036 3.71903 5.2302 1.88159 0.840095 2.66428 38.0
500.00 1153.15 15.470364 39.482883 -205746.736140 6.833480 20.821862 5.564 72.4947 0.386884 8.72838 0.721476 1.71424 1.12828 0.585705 3.59441 5.19994 1.93376 0.839796 2.67246 37.9
500.00 1143.15 14.970064 38.016394 -199503.332187 6.622007 20.089767 5.650 73.1325 0.372461 8.38726 0.676721 1.57965 1.16598 0.537371 3.47814 5.1651 1.98328 0.84131 2.68023 37.7
500.00 1133.15 14.513199 36.670348 -193796.548731 6.428211 19.421362 5.731 73.7376 0.358835 8.05933 0.634511 1.4549 1.20269 0.493475 3.36979 5.12638 2.03015 0.844673 2.68765 37.7
500.00 1123.15 14.086274 35.407545 -188479.896563 6.246922 18.797101 5.815 74.3363 0.349016 7.74104 0.592975 1.33516 1.22251 0.453071 3.26812 5.08435 2.07537 0.848804 2.69329 37.7
500.00 1113.15 13.668733 34.174603 -183287.936972 6.069387 18.187405 5.907 74.9486 0.34871 7.41707 0.55064 1.21597 1.21598 0.405547 3.19286 5.03736 2.12091 0.850144 2.69623 37.3
500.00 1103.15 13.287479 33.041926 -178545.539000 5.906734 17.630623 5.996 75.5274 0.349146 7.10745 0.510865 1.10609 1.20795 0.361791 3.12486 4.98899 2.16363 0.852926 2.69893 36.8
500.00 1093.15 12.929721 31.975695 -174086.779946 5.753910 17.108154 6.085 76.0943 0.33374 6.80799 0.476927 1.01215 1.19069 0.318692 3.06437 4.93973 2.20469 0.855165 2.70157 35.9
500.00 1083.15 12.601738 30.992109 -170011.456473 5.613789 16.629211 6.170 76.6402 0.311361 6.52307 0.442228 0.919458 1.17606 0.280794 3.00942 4.89054 2.24299 0.859108 2.70482 35.2
500.00 1073.15 12.302550 30.087303 -166297.614951 5.485563 16.192043 6.254 77.1531 0.290714 6.25232 0.4091 0.832935 1.16165 0.246615 2.96108 4.84135 2.27823 0.864898 2.70805 34.5
500.00 1063.15 12.029293 29.253204 -162909.332358 5.368056 15.792425 6.335 77.6337 0.27163 5.99517 0.377597 0.752472 1.14757 0.215805 2.91932 4.79241 2.3104 0.872629 2.71132 33.8
500.00 1053.15 11.779438 28.482688 -159815.012391 5.260227 15.426647 6.413 78.0827 0.253964 5.75101 0.347738 0.67789 1.13388 0.188059 2.88419 4.74394 2.33951 0.882414 2.71466 33.1
500.00 1043.15 11.550748 27.769443 -156986.715207 5.161154 15.091435 6.491 78.501 0.237592 5.51927 0.319517 0.608962 1.12064 0.163113 2.85577 4.69612 2.36556 0.894393 2.71811 32.3
500.00 1033.15 11.341221 27.107831 -154399.499459 5.070012 14.783877 6.566 78.8891 0.222404 5.29932 0.292908 0.545434 1.10788 0.140738 2.83419 4.64911 2.3885 0.908733 2.7217 31.5
500.00 1023.15 11.149044 26.492752 -152030.724322 4.986046 14.501352 6.641 79.2478 0.208307 5.09051 0.267874 0.487034 1.09563 0.12073 2.81964 4.60305 2.40828 0.925636 2.72546 30.6

feldspar_0 thermodynamic data and composition:
Pressure Temperature mass S H V Cp formula SiO2 TiO2 Al2O3 Fe2O3 FeO MnO MgO CaO Na2O K2O P2O5 H2O
500.00 1363.15 4.428600 10.361040 -61735.121164 1.647896 5.395019 K0.00Na0.15Ca0.84Al1.84Si2.16O8 47.0044 0 34.0742 0 0 0 0 17.1437 1.74161 0.0360655 0 0
500.00 1353.15 3.874570 9.044267 -54041.977469 1.443370 4.716418 K0.00Na0.17Ca0.82Al1.82Si2.18O8 47.4535 0 33.7703 0 0 0 0 16.7882 1.94573 0.0422652 0 0
500.00 1343.15 5.726952 13.366682 -79888.118091 2.140059 6.969073 K0.00Na0.22Ca0.78Al1.78Si2.22O8 48.5678 0 33.0176 0 0 0 0 15.9072 2.45561 0.0517634 0 0
500.00 1333.15 3.044041 7.094917 -42477.642537 1.139858 3.702197 K0.00Na0.25Ca0.75Al1.75Si2.25O8 49.3393 0 32.4959 0 0 0 0 15.2968 2.80726 0.0606796 0 0
500.00 1323.15 2.578836 6.002393 -35997.740076 0.967751 3.134728 K0.00Na0.28Ca0.72Al1.72Si2.28O8 50.1473 0 31.9494 0 0 0 0 14.6574 3.17506 0.0708043 0 0
500.00 1313.15 2.714963 6.310512 -37909.390686 1.021118 3.298473 K0.00Na0.31Ca0.68Al1.68Si2.32O8 50.9845 0 31.3826 0 0 0 0 13.9944 3.55464 0.0838589 0 0
500.00 1303.15 2.340028 5.430956 -32684.019987 0.882058 2.841452 K0.01Na0.35Ca0.65Al1.65Si2.35O8 51.8196 0 30.8167 0 0 0 0 13.3327 3.93228 0.0986218 0 0
500.00 1293.15 1.992516 4.616937 -27838.824528 0.752698 2.418162 K0.01Na0.38Ca0.62Al1.62Si2.38O8 52.6418 0 30.2593 0 0 0 0 12.681 4.30297 0.115004 0 0
500.00 1283.15 1.721585 3.982007 -24061.268356 0.651711 2.098993 K0.01Na0.41Ca0.58Al1.58Si2.42O8 53.4413 0 29.7167 0 0 0 0 12.0467 4.66219 0.133049 0 0
500.00 1273.15 1.503230 3.470116 -21016.670387 0.570188 1.832476 K0.01Na0.44Ca0.55Al1.55Si2.45O8 54.2115 0 29.1935 0 0 0 0 11.4354 5.00684 0.152783 0 0
500.00 1263.15 1.322579 3.046546 -18497.626382 0.502614 1.611937 K0.01Na0.47Ca0.52Al1.52Si2.48O8 54.9481 0 28.6925 0 0 0 0 10.8502 5.33495 0.17422 0 0
500.00 1253.15 1.170407 2.689757 -16375.503667 0.445577 1.426130 K0.01Na0.49Ca0.50Al1.50Si2.50O8 55.6493 0 28.215 0 0 0 0 10.2927 5.64566 0.197372 0 0
500.00 1243.15 1.040606 2.385490 -14565.154465 0.396824 1.267613 K0.01Na0.52Ca0.47Al1.47Si2.53O8 56.3149 0 27.7611 0 0 0 0 9.76288 5.9389 0.222259 0 0
500.00 1233.15 0.928912 2.123775 -13007.112769 0.354787 1.131192 K0.01Na0.54Ca0.45Al1.45Si2.55O8 56.946 0 27.33 0 0 0 0 9.25998 6.21513 0.248911 0 0
500.00 1223.15 0.832187 1.897270 -11657.652035 0.318312 1.013046 K0.02Na0.56Ca0.42Al1.42Si2.58O8 57.5443 0 26.9206 0 0 0 0 8.78262 6.47512 0.277375 0 0
500.00 1213.15 0.748018 1.700317 -10483.149321 0.286513 0.910236 K0.02Na0.58Ca0.40Al1.40Si2.60O8 58.1119 0 26.5315 0 0 0 0 8.32914 6.71981 0.307714 0 0
500.00 1203.15 0.674486 1.528403 -9456.836773 0.258684 0.820422 K0.02Na0.60Ca0.38Al1.38Si2.62O8 58.651 0 26.1611 0 0 0 0 7.89776 6.95017 0.340012 0 0
500.00 1193.15 0.614075 1.387010 -8613.710562 0.235806 0.746623 K0.02Na0.62Ca0.36Al1.36Si2.64O8 59.1677 0 25.8052 0 0 0 0 7.48356 7.16859 0.374971 0 0
500.00 1183.15 0.557113 1.254121 -7818.269179 0.214184 0.677071 K0.02Na0.64Ca0.34Al1.34Si2.66O8 59.6606 0 25.4648 0 0 0 0 7.08771 7.37456 0.412361 0 0
500.00 1173.15 0.505847 1.134746 -7102.094581 0.194690 0.614493 K0.03Na0.65Ca0.32Al1.32Si2.68O8 60.1306 0 25.1392 0 0 0 0 6.70949 7.5685 0.452185 0 0
500.00 1163.15 0.460650 1.029632 -6470.539724 0.177482 0.559342 K0.03Na0.67Ca0.30Al1.30Si2.70O8 60.5796 0 24.8272 0 0 0 0 6.34729 7.7512 0.49465 0 0
500.00 1153.15 0.420670 0.936772 -5911.709727 0.162241 0.510577 K0.03Na0.68Ca0.29Al1.29Si2.71O8 61.0095 0 24.5275 0 0 0 0 5.99966 7.92334 0.540006 0 0
500.00 1143.15 0.385187 0.854469 -5415.582399 0.148699 0.467320 K0.03Na0.70Ca0.27Al1.27Si2.73O8 61.4219 0 24.2388 0 0 0 0 5.66527 8.08548 0.58855 0 0
500.00 1133.15 0.353594 0.781293 -4973.688936 0.136628 0.428830 K0.04Na0.71Ca0.25Al1.25Si2.75O8 61.8182 0 23.9601 0 0 0 0 5.34294 8.23808 0.640646 0 0
500.00 1123.15 0.330739 0.727834 -4654.345107 0.127911 0.400984 K0.04Na0.72Ca0.24Al1.24Si2.76O8 62.1996 0 23.6907 0 0 0 0 5.03166 8.3816 0.696456 0 0
500.00 1113.15 0.325308 0.712849 -4580.156144 0.125904 0.394281 K0.04Na0.73Ca0.23Al1.23Si2.77O8 62.5271 0 23.4575 0 0 0 0 4.76283 8.50013 0.752428 0 0
500.00 1103.15 0.297705 0.649526 -4193.545851 0.115302 0.360748 K0.05Na0.74Ca0.21Al1.21Si2.79O8 62.8393 0 23.2338 0 0 0 0 4.50544 8.60939 0.812064 0 0
500.00 1093.15 0.278301 0.604478 -3922.110049 0.107857 0.337200 K0.05Na0.75Ca0.20Al1.20Si2.80O8 63.1288 0 23.0243 0 0 0 0 4.26506 8.70525 0.876598 0 0
500.00 1083.15 0.254800 0.550901 -3592.580565 0.098812 0.308741 K0.05Na0.76Ca0.19Al1.19Si2.81O8 63.408 0 22.8204 0 0 0 0 4.03167 8.79301 0.94687 0 0
500.00 1073.15 0.233171 0.501781 -3289.120424 0.090481 0.282610 K0.06Na0.76Ca0.18Al1.18Si2.82O8 63.6768 0 22.6222 0 0 0 0 3.80544 8.87242 1.02308 0 0
500.00 1063.15 0.213815 0.457927 -3017.403765 0.083021 0.259292 K0.06Na0.77Ca0.17Al1.17Si2.83O8 63.936 0 22.4289 0 0 0 0 3.58546 8.94321 1.1064 0 0
500.00 1053.15 0.196461 0.418701 -2773.646451 0.076329 0.238465 K0.07Na0.77Ca0.16Al1.16Si2.84O8 64.1866 0 22.2394 0 0 0 0 3.37071 9.00488 1.19839 0 0
500.00 1043.15 0.180882 0.383569 -2554.674364 0.070319 0.219863 K0.07Na0.78Ca0.15Al1.15Si2.85O8 64.4295 0 22.0527 0 0 0 0 3.15994 9.05661 1.30125 0 0
500.00 1033.15 0.166893 0.352092 -2357.917124 0.064922 0.203279 K0.08Na0.78Ca0.14Al1.14Si2.86O8 64.6661 0 21.867 0 0 0 0 2.95156 9.0971 1.41822 0 0
500.00 1023.15 0.154359 0.323939 -2181.450657 0.060087 0.188568 K0.09Na0.78Ca0.13Al1.13Si2.87O8 64.8981 0 21.6802 0 0 0 0 2.74327 9.12417 1.55432 0 0

water thermodynamic data and composition:
Pressure Temperature mass S H V Cp formula
500.00 1523.15 0.268077 2.955481 -2888.655911 3.798272 0.752026 H2O
500.00 1513.15 0.263734 2.902728 -2849.254230 3.709350 0.739460 H2O
500.00 1503.15 0.259309 2.849211 -2808.722721 3.620130 0.726700 H2O
500.00 1493.15 0.254801 2.794913 -2767.032681 3.530610 0.713741 H2O
500.00 1483.15 0.250207 2.739816 -2724.154509 3.440789 0.700578 H2O
500.00 1473.15 0.245526 2.683903 -2680.057522 3.350665 0.687206 H2O
500.00 1463.15 0.240754 2.627154 -2634.709760 3.260237 0.673617 H2O
500.00 1453.15 0.235890 2.569551 -2588.078671 3.169503 0.659807 H2O
500.00 1443.15 0.230931 2.511074 -2540.130706 3.078465 0.645768 H2O
500.00 1433.15 0.225875 2.451704 -2490.831262 2.987120 0.631494 H2O
500.00 1423.15 0.220719 2.391419 -2440.144646 2.895471 0.616978 H2O
500.00 1413.15 0.215461 2.330201 -2388.034041 2.803517 0.602211 H2O
500.00 1403.15 0.213223 2.301769 -2369.193215 2.751596 0.595923 H2O
500.00 1393.15 0.211266 2.276418 -2353.351494 2.703672 0.590454 H2O
500.00 1383.15 0.269762 2.901280 -3012.485451 3.423225 0.753987 H2O
500.00 1373.15 0.329850 3.540836 -3692.721201 4.150104 0.922053 H2O
500.00 1363.15 0.488156 5.230234 -5478.636707 6.088980 1.364853 H2O
500.00 1353.15 0.622195 6.653554 -7000.372475 7.693230 1.740095 H2O
500.00 1343.15 0.857375 9.150699 -9670.381783 10.507546 2.398669 H2O
500.00 1333.15 0.964805 10.277120 -10909.092962 11.718429 2.700404 H2O
500.00 1323.15 1.053149 11.195959 -11937.482774 12.675580 2.949217 H2O
500.00 1313.15 1.143442 12.131562 -12992.992189 13.636037 3.204054 H2O
500.00 1303.15 1.219603 12.913470 -13892.597041 14.409007 3.419918 H2O
500.00 1293.15 1.283699 13.564393 -14658.729403 15.023267 3.602615 H2O
500.00 1283.15 1.338596 14.115293 -15323.189162 15.515953 3.760192 H2O
500.00 1273.15 1.386224 14.587039 -15907.354066 15.912196 3.898084 H2O
500.00 1263.15 1.427937 14.994305 -16426.209582 16.229750 4.020119 H2O
500.00 1253.15 1.464736 15.347917 -16890.783151 16.481760 4.129132 H2O
500.00 1243.15 1.497384 15.656174 -17309.515607 16.678330 4.227309 H2O
500.00 1233.15 1.526488 15.925640 -17689.079065 16.827462 4.316391 H2O
500.00 1223.15 1.552537 16.161633 -18034.880722 16.935635 4.397799 H2O
500.00 1213.15 1.575937 16.368539 -18351.384832 17.008186 4.472722 H2O
500.00 1203.15 1.597026 16.550019 -18642.327491 17.049560 4.542167 H2O
500.00 1193.15 1.616317 16.711526 -18913.542837 17.065909 4.607650 H2O
500.00 1183.15 1.633833 16.853373 -19165.135165 17.057994 4.669292 H2O
500.00 1173.15 1.649720 16.977181 -19398.704318 17.027880 4.727582 H2O
500.00 1163.15 1.664169 17.084991 -19616.369068 16.977998 4.783136 H2O
500.00 1153.15 1.677343 17.178551 -19819.947795 16.910413 4.836504 H2O
500.00 1143.15 1.689383 17.259356 -20011.007848 16.826887 4.888181 H2O
500.00 1133.15 1.700409 17.328693 -20190.905735 16.728926 4.938616 H2O
500.00 1123.15 1.710960 17.392082 -20365.984198 16.622030 4.989491 H2O
500.00 1113.15 1.721661 17.455860 -20543.678152 16.512261 5.042777 H2O
500.00 1103.15 1.731461 17.509342 -20711.441667 16.389492 5.095557 H2O
500.00 1093.15 1.740658 17.555583 -20872.814153 16.256741 5.148872 H2O
500.00 1083.15 1.749012 17.592165 -21024.868844 16.111887 5.202185 H2O
500.00 1073.15 1.756628 17.620166 -21168.823864 15.956074 5.255997 H2O
500.00 1063.15 1.763574 17.640284 -21305.467394 15.790057 5.310728 H2O
500.00 1053.15 1.769912 17.653132 -21435.508773 15.614486 5.366803 H2O
500.00 1043.15 1.775695 17.659251 -21559.589313 15.429916 5.424661 H2O
500.00 1033.15 1.780973 17.659120 -21678.293794 15.236821 5.484763 H2O
500.00 1023.15 1.785790 17.653165 -21792.163296 15.035602 5.547601 H2O

clinopyroxene_0 thermodynamic data and composition:
Pressure Temperature mass S H V Cp structure formula SiO2 TiO2 Al2O3 Fe2O3 FeO MnO MgO CaO Na2O K2O P2O5 H2O
500.00 1383.15 4.548172 10.331098 -58188.507724 1.394219 5.318245 cpx Na0.01Ca0.86Fe''0.15Mg0.80Fe'''0.09Ti0.03Al0.26Si1.80O6 48.5665 1.15702 6.02123 3.09619 4.94764 0 14.4215 21.6282 0.161737 0 0 0
500.00 1373.15 4.690550 10.611612 -59808.396009 1.432871 5.466423 cpx Na0.01Ca0.86Fe''0.16Mg0.77Fe'''0.09Ti0.04Al0.28Si1.78O6 47.922 1.36536 6.48528 3.33234 5.2067 0 13.9906 21.523 0.174787 0 0 0
500.00 1363.15 3.132410 7.057109 -39746.974615 0.953314 3.637650 cpx Na0.01Ca0.85Fe''0.18Mg0.76Fe'''0.10Ti0.05Al0.29Si1.77O6 47.4138 1.61758 6.63182 3.55169 5.62618 0 13.6386 21.3292 0.191036 0 0 0
500.00 1353.15 2.341085 5.251124 -29550.032344 0.709572 2.708099 cpx Na0.02Ca0.85Fe''0.19Mg0.74Fe'''0.11Ti0.05Al0.30Si1.75O6 46.8307 1.9211 6.7977 3.79263 6.05119 0 13.2411 21.1574 0.20817 0 0 0
500.00 1343.15 5.396825 12.095156 -68558.739425 1.646435 6.285931 cpx Na0.02Ca0.81Fe''0.20Mg0.80Fe'''0.08Ti0.03Al0.24Si1.82O6 48.9382 1.06563 5.44797 2.93217 6.4723 0 14.5111 20.423 0.209598 0 0 0
500.00 1333.15 1.542491 3.446170 -19577.337768 0.470446 1.796816 cpx Na0.02Ca0.80Fe''0.21Mg0.82Fe'''0.08Ti0.03Al0.22Si1.83O6 49.3017 0.954914 5.1115 2.77289 6.89219 0 14.7342 20.0141 0.21851 0 0 0
500.00 1323.15 1.045196 2.327807 -13251.378538 0.318649 1.217652 cpx Na0.02Ca0.78Fe''0.23Mg0.83Fe'''0.07Ti0.02Al0.21Si1.84O6 49.6388 0.854001 4.79738 2.61966 7.33084 0 14.9616 19.5716 0.226126 0 0 0
500.00 1313.15 0.397734 0.881971 -5037.866568 0.121159 0.462658 cpx Na0.02Ca0.78Fe''0.24Mg0.82Fe'''0.07Ti0.02Al0.20Si1.85O6 49.7814 0.820903 4.58515 2.558 7.59546 0 14.8897 19.5312 0.2382 0 0 0
500.00 1303.15 0.199714 0.440827 -2527.748922 0.060788 0.231901 cpx Na0.02Ca0.78Fe''0.24Mg0.82Fe'''0.07Ti0.02Al0.19Si1.86O6 49.8902 0.799434 4.39631 2.51004 7.81105 0 14.7659 19.5764 0.250692 0 0 0
500.00 1293.15 0.123323 0.270944 -1559.921738 0.037507 0.142947 cpx Na0.02Ca0.78Fe''0.25Mg0.81Fe'''0.07Ti0.02Al0.18Si1.86O6 49.9974 0.778423 4.21484 2.46046 8.01083 0 14.645 19.6303 0.262769 0 0 0
500.00 1283.15 0.079407 0.173642 -1003.934261 0.024133 0.091885 cpx Na0.02Ca0.79Fe''0.26Mg0.81Fe'''0.07Ti0.02Al0.18Si1.87O6 50.1026 0.758005 4.04016 2.40975 8.19784 0 14.5268 19.6905 0.274452 0 0 0
500.00 1273.15 0.054726 0.119104 -691.614880 0.016620 0.063217 cpx Na0.02Ca0.79Fe''0.26Mg0.80Fe'''0.07Ti0.02Al0.17Si1.87O6 50.2053 0.738314 3.87201 2.35829 8.37423 0 14.4109 19.7552 0.285758 0 0 0
500.00 1263.15 0.041618 0.090142 -525.781285 0.012630 0.047993 cpx Na0.02Ca0.79Fe''0.27Mg0.80Fe'''0.06Ti0.02Al0.16Si1.88O6 50.3052 0.719483 3.71032 2.30642 8.54157 0 14.2972 19.8231 0.29671 0 0 0
500.00 1253.15 0.035389 0.076281 -446.980151 0.010733 0.040741 cpx Na0.02Ca0.80Fe''0.27Mg0.79Fe'''0.06Ti0.02Al0.16Si1.88O6 50.4018 0.701629 3.55508 2.25443 8.70095 0 14.1854 19.8934 0.307335 0 0 0
500.00 1243.15 0.033148 0.071102 -418.591635 0.010047 0.038097 cpx Na0.02Ca0.80Fe''0.28Mg0.78Fe'''0.06Ti0.02Al0.15Si1.89O6 50.4948 0.684848 3.40628 2.20254 8.85323 0 14.0755 19.9652 0.317665 0 0 0
500.00 1233.15 0.033107 0.070665 -418.014018 0.010028 0.037986 cpx Na0.02Ca0.80Fe''0.28Mg0.78Fe'''0.06Ti0.02Al0.14Si1.89O6 50.5841 0.669206 3.26386 2.15095 8.99904 0 13.9672 20.0379 0.327731 0 0 0
500.00 1223.15 0.034173 0.072577 -431.422271 0.010344 0.039143 cpx Na0.02Ca0.81Fe''0.29Mg0.77Fe'''0.06Ti0.02Al0.14Si1.90O6 50.6695 0.654747 3.1277 2.09984 9.1389 0 13.8605 20.1112 0.337569 0 0 0
500.00 1213.15 0.035688 0.075416 -450.527838 0.010796 0.040810 cpx Na0.03Ca0.81Fe''0.29Mg0.77Fe'''0.06Ti0.02Al0.13Si1.90O6 50.7511 0.641494 2.99765 2.04933 9.27326 0 13.7553 20.1846 0.347214 0 0 0
500.00 1203.15 0.037273 0.078367 -470.526967 0.011268 0.042551 cpx Na0.03Ca0.81Fe''0.29Mg0.76Fe'''0.06Ti0.02Al0.13Si1.90O6 50.8288 0.629452 2.87353 1.99956 9.4025 0 13.6516 20.2578 0.356699 0 0 0
500.00 1193.15 0.035938 0.075175 -453.677438 0.010857 0.040958 cpx Na0.03Ca0.82Fe''0.30Mg0.76Fe'''0.06Ti0.02Al0.12Si1.91O6 50.9024 0.619172 2.75442 1.95049 9.5286 0 13.5484 20.3304 0.366091 0 0 0
500.00 1183.15 0.036727 0.076431 -463.659263 0.011089 0.041788 cpx Na0.03Ca0.82Fe''0.30Mg0.75Fe'''0.05Ti0.02Al0.12Si1.91O6 50.9721 0.610172 2.64077 1.90234 9.65049 0 13.4464 20.4024 0.375393 0 0 0
500.00 1173.15 0.038036 0.078743 -480.210447 0.011477 0.043204 cpx Na0.03Ca0.82Fe''0.31Mg0.75Fe'''0.05Ti0.02Al0.11Si1.91O6 51.0382 0.602256 2.53254 1.85525 9.76802 0 13.3457 20.4734 0.38463 0 0 0
500.00 1163.15 0.039011 0.080338 -492.565324 0.011764 0.044236 cpx Na0.03Ca0.83Fe''0.31Mg0.74Fe'''0.05Ti0.02Al0.11Si1.92O6 51.1008 0.595409 2.42947 1.8093 9.88152 0 13.2462 20.5435 0.393833 0 0 0
500.00 1153.15 0.039679 0.081282 -501.061073 0.011958 0.044918 cpx Na0.03Ca0.83Fe''0.31Mg0.74Fe'''0.05Ti0.02Al0.10Si1.92O6 51.1599 0.589611 2.33131 1.76456 9.99132 0 13.1479 20.6123 0.403036 0 0 0
500.00 1143.15 0.040076 0.081657 -506.141940 0.012070 0.045290 cpx Na0.03Ca0.83Fe''0.32Mg0.73Fe'''0.05Ti0.02Al0.10Si1.92O6 51.2157 0.584844 2.23781 1.7211 10.0977 0 13.0506 20.6799 0.412268 0 0 0
500.00 1133.15 0.040240 0.081548 -508.282020 0.012112 0.045397 cpx Na0.03Ca0.84Fe''0.32Mg0.73Fe'''0.05Ti0.02Al0.10Si1.93O6 51.2681 0.581089 2.14876 1.679 10.2011 0 12.9543 20.746 0.42156 0 0 0
500.00 1123.15 0.039960 0.080538 -504.879856 0.012020 0.045004 cpx Na0.03Ca0.84Fe''0.32Mg0.72Fe'''0.05Ti0.02Al0.09Si1.93O6 51.3124 0.58476 2.06753 1.63835 10.2859 0 12.8594 20.8202 0.431369 0 0 0
500.00 1113.15 0.019904 0.039881 -251.458734 0.005982 0.022364 cpx Na0.03Ca0.85Fe''0.33Mg0.71Fe'''0.05Ti0.02Al0.09Si1.93O6 51.2753 0.622768 2.0246 1.63072 10.3565 0 12.6567 20.9878 0.445585 0 0 0
500.00 1103.15 0.019806 0.039451 -250.156172 0.005946 0.022200 cpx Na0.03Ca0.85Fe''0.33Mg0.70Fe'''0.05Ti0.02Al0.09Si1.93O6 51.2243 0.666612 1.98909 1.62778 10.4441 0 12.4442 21.1431 0.460785 0 0 0
500.00 1093.15 0.017212 0.034077 -217.125514 0.005161 0.019238 cpx Na0.03Ca0.86Fe''0.34Mg0.69Fe'''0.05Ti0.02Al0.09Si1.93O6 51.1769 0.680847 1.9404 1.63226 10.6454 0 12.1833 21.2667 0.474087 0 0 0
500.00 1083.15 0.017981 0.035383 -226.626887 0.005386 0.020045 cpx Na0.04Ca0.87Fe''0.34Mg0.67Fe'''0.05Ti0.02Al0.08Si1.93O6 51.169 0.675075 1.87771 1.62055 10.8273 0 11.9603 21.3854 0.484616 0 0 0
500.00 1073.15 0.017778 0.034768 -223.838530 0.005318 0.019766 cpx Na0.04Ca0.87Fe''0.35Mg0.66Fe'''0.05Ti0.02Al0.08Si1.94O6 51.1547 0.671344 1.81906 1.61015 11.0204 0 11.7331 21.4958 0.49542 0 0 0
500.00 1063.15 0.017397 0.033812 -218.797445 0.005198 0.019290 cpx Na0.04Ca0.88Fe''0.36Mg0.65Fe'''0.05Ti0.02Al0.08Si1.94O6 51.1332 0.669658 1.76433 1.60152 11.2279 0 11.4995 21.5973 0.506565 0 0 0
500.00 1053.15 0.016874 0.032591 -211.947209 0.005036 0.018657 cpx Na0.04Ca0.88Fe''0.36Mg0.64Fe'''0.05Ti0.02Al0.08Si1.94O6 51.1035 0.670061 1.71345 1.5951 11.4534 0 11.2571 21.6894 0.518124 0 0 0
500.00 1043.15 0.016241 0.031168 -203.683902 0.004840 0.017905 cpx Na0.04Ca0.89Fe''0.37Mg0.62Fe'''0.05Ti0.02Al0.07Si1.94O6 51.0644 0.672632 1.66632 1.59136 11.7006 0 11.0031 21.7714 0.530176 0 0 0
500.00 1033.15 0.015525 0.029602 -194.359083 0.004620 0.017063 cpx Na0.04Ca0.89Fe''0.38Mg0.61Fe'''0.05Ti0.02Al0.07Si1.94O6 51.0148 0.67748 1.62285 1.59072 11.9733 0 10.7351 21.8429 0.542807 0 0 0
500.00 1023.15 0.014751 0.027942 -184.287056 0.004382 0.016161 cpx Na0.04Ca0.89Fe''0.39Mg0.59Fe'''0.05Ti0.02Al0.07Si1.94O6 50.9536 0.684743 1.58293 1.59359 12.2755 0 10.4502 21.9033 0.556105 0 0 0

orthopyroxene_0 thermodynamic data and composition:
Pressure Temperature mass S H V Cp structure formula SiO2 TiO2 Al2O3 Fe2O3 FeO MnO MgO CaO Na2O K2O P2O5 H2O
500.00 1313.15 0.815154 1.854172 -10058.060840 0.246399 0.996958 opx Na0.00Ca0.07Fe''0.46Mg1.40Fe'''0.03Ti0.00Al0.09Si1.94O6 53.494 0.108123 2.22449 1.04987 15.2714 0 25.9967 1.83361 0.0217944 0 0 0
500.00 1303.15 0.690345 1.561949 -8482.151074 0.208186 0.841598 opx Na0.00Ca0.07Fe''0.48Mg1.39Fe'''0.03Ti0.00Al0.09Si1.94O6 53.4503 0.0963791 2.09132 1.00271 15.8805 0 25.6057 1.85063 0.022511 0 0 0
500.00 1293.15 0.544282 1.224937 -6660.498961 0.163764 0.661460 opx Na0.00Ca0.07Fe''0.50Mg1.37Fe'''0.03Ti0.00Al0.08Si1.94O6 53.4042 0.0861785 1.96895 0.958273 16.4669 0 25.2321 1.86027 0.023115 0 0 0
500.00 1283.15 0.435195 0.974219 -5304.793297 0.130648 0.527273 opx Na0.00Ca0.07Fe''0.52Mg1.35Fe'''0.03Ti0.00Al0.08Si1.95O6 53.3556 0.0772591 1.85585 0.916263 17.0356 0 24.8725 1.86329 0.0236123 0 0 0
500.00 1273.15 0.351277 0.782163 -4265.631504 0.105221 0.424324 opx Na0.00Ca0.07Fe''0.54Mg1.34Fe'''0.02Ti0.00Al0.08Si1.95O6 53.3045 0.0694223 1.7509 0.876442 17.59 0 24.5245 1.86028 0.024008 0 0 0
500.00 1263.15 0.285256 0.631751 -3451.076139 0.085258 0.343557 opx Na0.00Ca0.07Fe''0.56Mg1.32Fe'''0.02Ti0.00Al0.07Si1.95O6 53.251 0.0625122 1.65326 0.838617 18.1325 0 24.1861 1.85174 0.0243073 0 0 0
500.00 1253.15 0.232514 0.512169 -2802.767540 0.069342 0.279220 opx Na0.00Ca0.07Fe''0.57Mg1.31Fe'''0.02Ti0.00Al0.07Si1.95O6 53.195 0.056402 1.56226 0.802623 18.6651 0 23.856 1.83811 0.0245158 0 0 0
500.00 1243.15 0.189928 0.416093 -2281.228385 0.056519 0.227422 opx Na0.00Ca0.07Fe''0.59Mg1.29Fe'''0.02Ti0.00Al0.06Si1.96O6 53.1368 0.0509858 1.47731 0.768314 19.1891 0 23.533 1.8198 0.0246391 0 0 0
500.00 1233.15 0.155277 0.338322 -1858.448522 0.046107 0.185399 opx Na0.00Ca0.07Fe''0.61Mg1.28Fe'''0.02Ti0.00Al0.06Si1.96O6 53.0763 0.0461737 1.3979 0.735559 19.7058 0 23.2164 1.79719 0.0246828 0 0 0
500.00 1223.15 0.126921 0.275020 -1513.772099 0.037606 0.151114 opx Na0.00Ca0.07Fe''0.63Mg1.26Fe'''0.02Ti0.00Al0.06Si1.96O6 53.0138 0.0418885 1.32356 0.704239 20.2159 0 22.9053 1.77064 0.0246524 0 0 0
500.00 1213.15 0.103614 0.223272 -1231.516109 0.030634 0.123017 opx Na0.00Ca0.07Fe''0.64Mg1.25Fe'''0.02Ti0.00Al0.05Si1.96O6 52.9494 0.0380637 1.25386 0.674249 20.7203 0 22.5991 1.7405 0.0245533 0 0 0
500.00 1203.15 0.084384 0.180820 -999.523482 0.024895 0.099906 opx Na0.00Ca0.07Fe''0.66Mg1.24Fe'''0.02Ti0.00Al0.05Si1.96O6 52.8831 0.0346418 1.18842 0.645493 21.2197 0 22.2972 1.7071 0.0243906 0 0 0
500.00 1193.15 0.072017 0.153450 -850.105606 0.021200 0.085025 opx Na0.00Ca0.07Fe''0.68Mg1.22Fe'''0.02Ti0.00Al0.05Si1.97O6 52.8147 0.0315883 1.12633 0.617722 21.7176 0 21.9971 1.67079 0.024167 0 0 0
500.00 1183.15 0.058944 0.124881 -693.412725 0.017314 0.069397 opx Na0.00Ca0.07Fe''0.69Mg1.21Fe'''0.02Ti0.00Al0.05Si1.97O6 52.7446 0.0288458 1.06778 0.591015 22.212 0 21.7 1.63181 0.0238882 0 0 0
500.00 1173.15 0.047153 0.099329 -552.829218 0.013821 0.055362 opx Na0.00Ca0.06Fe''0.71Mg1.19Fe'''0.02Ti0.00Al0.04Si1.97O6 52.673 0.0263723 1.01262 0.565355 22.7024 0 21.4063 1.59042 0.0235591 0 0 0
500.00 1163.15 0.037360 0.078243 -436.526769 0.010927 0.043742 opx Na0.00Ca0.06Fe''0.73Mg1.18Fe'''0.02Ti0.00Al0.04Si1.97O6 52.6 0.024136 0.960569 0.54068 23.1892 0 21.1154 1.54691 0.023184 0 0 0
500.00 1153.15 0.029199 0.060795 -340.024608 0.008521 0.034093 opx Na0.00Ca0.06Fe''0.74Mg1.17Fe'''0.01Ti0.00Al0.04Si1.97O6 52.5257 0.0221093 0.911358 0.516934 23.6727 0 20.8269 1.50153 0.0227669 0 0 0
500.00 1143.15 0.022379 0.046321 -259.733303 0.006517 0.026059 opx Na0.00Ca0.06Fe''0.76Mg1.15Fe'''0.01Ti0.00Al0.04Si1.97O6 52.4501 0.0202684 0.864755 0.494069 24.1534 0 20.5406 1.45454 0.0223114 0 0 0
500.00 1133.15 0.016665 0.034288 -192.763915 0.004842 0.019352 opx Na0.00Ca0.06Fe''0.78Mg1.14Fe'''0.01Ti0.00Al0.04Si1.98O6 52.3732 0.0185925 0.820549 0.472042 24.6316 0 20.256 1.40618 0.021821 0 0 0

apatite thermodynamic data and composition:
Pressure Temperature mass S H V Cp formula
500.00 1193.15 0.015260 0.032845 -189.228488 0.004983 0.017360 Ca5(PO4)3OH
500.00 1183.15 0.018272 0.039153 -226.785000 0.005966 0.020758 Ca5(PO4)3OH
500.00 1173.15 0.015891 0.033897 -197.411234 0.005189 0.018028 Ca5(PO4)3OH
500.00 1163.15 0.013820 0.029346 -171.843727 0.004513 0.015657 Ca5(PO4)3OH
500.00 1153.15 0.011999 0.025361 -149.330585 0.003918 0.013574 Ca5(PO4)3OH
500.00 1143.15 0.010377 0.021832 -129.270405 0.003389 0.011723 Ca5(PO4)3OH
500.00 1133.15 0.008917 0.018671 -111.174798 0.002912 0.010058 Ca5(PO4)3OH
500.00 1123.15 0.008135 0.016953 -101.520642 0.002656 0.009162 Ca5(PO4)3OH
500.00 1113.15 0.008929 0.018518 -111.531257 0.002916 0.010041 Ca5(PO4)3OH
500.00 1103.15 0.007775 0.016045 -97.200883 0.002539 0.008730 Ca5(PO4)3OH
500.00 1093.15 0.007516 0.015434 -94.047123 0.002454 0.008426 Ca5(PO4)3OH
500.00 1083.15 0.006445 0.013168 -80.718735 0.002104 0.007214 Ca5(PO4)3OH
500.00 1073.15 0.005383 0.010944 -67.484528 0.001758 0.006016 Ca5(PO4)3OH
500.00 1063.15 0.004382 0.008862 -54.977958 0.001431 0.004889 Ca5(PO4)3OH
500.00 1053.15 0.003424 0.006889 -43.004110 0.001118 0.003814 Ca5(PO4)3OH
500.00 1043.15 0.002497 0.004996 -31.379853 0.000815 0.002776 Ca5(PO4)3OH
500.00 1033.15 0.001584 0.003154 -19.930469 0.000517 0.001759 Ca5(PO4)3OH
500.00 1023.15 0.000674 0.001334 -8.487527 0.000220 0.000747 Ca5(PO4)3OH

rhm-oxide_0 thermodynamic data and composition:
Pressure Temperature mass S H V Cp formula SiO2 TiO2 Al2O3 Fe2O3 FeO MnO MgO CaO Na2O K2O P2O5 H2O
500.00 1093.15 0.006876 0.012468 -50.638320 0.001472 0.006218 Mn0.05Fe''0.78Mg0.06Fe'''0.22Ti0.89O3 0 47.2691 0 11.5492 36.9758 2.55644 1.64944 0 0 0 0 0
500.00 1083.15 0.009020 0.016271 -66.458046 0.001930 0.008145 Mn0.06Fe''0.78Mg0.06Fe'''0.21Ti0.89O3 0 47.3702 0 11.2683 37.1797 2.64777 1.53412 0 0 0 0 0
500.00 1073.15 0.008072 0.014485 -59.509901 0.001725 0.007277 Mn0.06Fe''0.78Mg0.05Fe'''0.21Ti0.90O3 0 47.4831 0 10.9707 37.3761 2.74384 1.42627 0 0 0 0 0
500.00 1063.15 0.007258 0.012954 -53.552565 0.001550 0.006532 Mn0.06Fe''0.79Mg0.05Fe'''0.20Ti0.90O3 0 47.6061 0 10.659 37.5647 2.84537 1.32486 0 0 0 0 0
500.00 1053.15 0.006555 0.011638 -48.417736 0.001399 0.005890 Mn0.06Fe''0.79Mg0.05Fe'''0.20Ti0.90O3 0 47.7378 0 10.3352 37.7449 2.95306 1.22905 0 0 0 0 0
500.00 1043.15 0.005946 0.010499 -43.969493 0.001268 0.005334 Mn0.07Fe''0.80Mg0.04Fe'''0.19Ti0.91O3 0 47.877 0 10.0012 37.9159 3.06767 1.13823 0 0 0 0 0
500.00 1033.15 0.005415 0.009510 -40.097792 0.001155 0.004849 Mn0.07Fe''0.80Mg0.04Fe'''0.18Ti0.91O3 0 48.0227 0 9.65855 38.0768 3.19003 1.05191 0 0 0 0 0
500.00 1023.15 0.004951 0.008646 -36.713404 0.001055 0.004426 Mn0.07Fe''0.80Mg0.04Fe'''0.18Ti0.91O3 0 48.174 0 9.30866 38.2266 3.32102 0.969753 0 0 0 0 0

spinel_0 thermodynamic data and composition:
Pressure Temperature mass S H V Cp formula SiO2 TiO2 Al2O3 Fe2O3 FeO MnO MgO CaO Na2O K2O P2O5 H2O
500.00 1343.15 5.561249 11.666013 -33032.783874 1.212929 5.292349 Fe''0.90Mg0.35Fe'''1.19Al0.31Cr0.00Ti0.25O4 0 9.64058 7.50968 45.1506 30.9984 0 6.70072 0 0 0 0 0
500.00 1333.15 1.069997 2.230891 -6246.813379 0.232141 1.012651 Fe''0.93Mg0.33Fe'''1.20Al0.28Cr0.00Ti0.26O4 0 9.7839 6.86431 45.3943 31.6985 0 6.25897 0 0 0 0 0
500.00 1323.15 0.793389 1.644538 -4563.447565 0.171331 0.747268 Fe''0.95Mg0.31Fe'''1.21Al0.26Cr0.00Ti0.26O4 0 9.89561 6.31946 45.6109 32.301 0 5.87302 0 0 0 0 0
500.00 1313.15 0.640116 1.318587 -3619.381556 0.137508 0.599718 Fe''0.98Mg0.29Fe'''1.22Al0.24Cr0.00Ti0.27O4 0 10.049 5.71654 45.7808 33.0308 0 5.4229 0 0 0 0 0
500.00 1303.15 0.490766 1.004850 -2732.901135 0.104925 0.457617 Fe''1.01Mg0.27Fe'''1.23Al0.22Cr0.00Ti0.27O4 0 10.1852 5.19004 45.9166 33.6933 0 5.01484 0 0 0 0 0
500.00 1293.15 0.385376 0.784497 -2117.921222 0.082047 0.357857 Fe''1.03Mg0.25Fe'''1.24Al0.20Cr0.00Ti0.28O4 0 10.2948 4.74207 46.0389 34.2665 0 4.65764 0 0 0 0 0
500.00 1283.15 0.308922 0.625336 -1678.254627 0.065523 0.285806 Fe''1.05Mg0.23Fe'''1.25Al0.18Cr0.00Ti0.28O4 0 10.384 4.35369 46.1525 34.769 0 4.34085 0 0 0 0 0
500.00 1273.15 0.251636 0.506587 -1353.135783 0.053191 0.232035 Fe''1.07Mg0.22Fe'''1.26Al0.17Cr0.00Ti0.28O4 0 10.4572 4.01221 46.2595 35.214 0 4.05711 0 0 0 0 0
500.00 1263.15 0.207598 0.415693 -1106.211518 0.043746 0.190853 Fe''1.08Mg0.21Fe'''1.27Al0.16Cr0.00Ti0.29O4 0 10.518 3.70874 46.3606 35.6115 0 3.80106 0 0 0 0 0
500.00 1253.15 0.173069 0.344727 -914.732603 0.036366 0.158672 Fe''1.10Mg0.19Fe'''1.27Al0.15Cr0.00Ti0.29O4 0 10.5695 3.43675 46.4557 35.9695 0 3.56861 0 0 0 0 0
500.00 1243.15 0.145568 0.288445 -763.772650 0.030506 0.133121 Fe''1.11Mg0.18Fe'''1.28Al0.14Cr0.00Ti0.29O4 0 10.6139 3.19126 46.5442 36.2942 0 3.35654 0 0 0 0 0
500.00 1233.15 0.123388 0.243239 -643.148916 0.025795 0.112573 Fe''1.12Mg0.17Fe'''1.29Al0.13Cr0.00Ti0.29O4 0 10.6533 2.96836 46.6253 36.5908 0 3.16225 0 0 0 0 0
500.00 1223.15 0.105310 0.206548 -545.682981 0.021965 0.095871 Fe''1.13Mg0.16Fe'''1.29Al0.12Cr0.00Ti0.30O4 0 10.6895 2.76493 46.6982 36.8638 0 2.98359 0 0 0 0 0
500.00 1213.15 0.090446 0.176502 -466.175301 0.018825 0.082172 Fe''1.14Mg0.15Fe'''1.29Al0.11Cr0.00Ti0.30O4 0 10.7238 2.57841 46.7622 37.1168 0 2.81875 0 0 0 0 0
500.00 1203.15 0.078131 0.151705 -400.775602 0.016229 0.070848 Fe''1.15Mg0.15Fe'''1.30Al0.10Cr0.00Ti0.30O4 0 10.7576 2.40669 46.8165 37.353 0 2.66619 0 0 0 0 0
500.00 1193.15 0.068138 0.131647 -348.049412 0.014128 0.061676 Fe''1.16Mg0.14Fe'''1.30Al0.10Cr0.00Ti0.30O4 0 10.8035 2.24602 46.8404 37.5855 0 2.52456 0 0 0 0 0
500.00 1183.15 0.059439 0.114272 -302.479249 0.012302 0.053711 Fe''1.17Mg0.13Fe'''1.30Al0.09Cr0.00Ti0.30O4 0 10.8527 2.09689 46.8497 37.8079 0 2.3928 0 0 0 0 0
500.00 1173.15 0.052037 0.099549 -263.932204 0.010753 0.046947 Fe''1.18Mg0.13Fe'''1.31Al0.09Cr0.00Ti0.30O4 0 10.9021 1.95862 46.8505 38.0189 0 2.26989 0 0 0 0 0
500.00 1163.15 0.045780 0.087149 -231.511427 0.009445 0.041239 Fe''1.19Mg0.12Fe'''1.31Al0.08Cr0.00Ti0.31O4 0 10.9524 1.83004 46.8426 38.22 0 2.15495 0 0 0 0 0
500.00 1153.15 0.040463 0.076648 -204.088598 0.008336 0.036396 Fe''1.19Mg0.11Fe'''1.31Al0.07Cr0.00Ti0.31O4 0 11.004 1.71017 46.8258 38.4129 0 2.04719 0 0 0 0 0
500.00 1143.15 0.035922 0.067713 -180.772277 0.007390 0.032267 Fe''1.20Mg0.11Fe'''1.31Al0.07Cr0.00Ti0.31O4 0 11.0572 1.59817 46.8 38.5986 0 1.94593 0 0 0 0 0
500.00 1133.15 0.032027 0.060074 -160.852350 0.006580 0.028730 Fe''1.21Mg0.10Fe'''1.31Al0.07Cr0.00Ti0.31O4 0 11.1123 1.49332 46.7656 38.7783 0 1.85055 0 0 0 0 0
500.00 1123.15 0.024878 0.046441 -124.836419 0.005106 0.022288 Fe''1.22Mg0.10Fe'''1.31Al0.06Cr0.00Ti0.32O4 0 11.2493 1.39027 46.5762 39.0189 0 1.7653 0 0 0 0 0
500.00 1113.15 0.012879 0.023933 -64.688589 0.002641 0.011523 Fe''1.23Mg0.09Fe'''1.29Al0.06Cr0.00Ti0.33O4 0 11.5959 1.27751 45.99 39.4636 0 1.67297 0 0 0 0 0
500.00 1103.15 0.010546 0.019510 -53.049570 0.002161 0.009424 Fe''1.25Mg0.09Fe'''1.28Al0.05Cr0.00Ti0.34O4 0 11.9638 1.17234 45.3557 39.9239 0 1.58422 0 0 0 0 0

olivine_0 thermodynamic data and composition:
Pressure Temperature mass S H V Cp formula SiO2 TiO2 Al2O3 Fe2O3 FeO MnO MgO CaO Na2O K2O P2O5 H2O
500.00 1403.15 0.690437 1.632272 -8442.506513 0.209363 0.849699 (Ca0.01Mg0.82Fe''0.18Mn0.00Co0.00Ni0.00)2SiO4 39.4783 0 0 0 16.6558 0.288906 43.1472 0.429865 0 0 0 0
500.00 1393.15 0.793638 1.867803 -9665.121961 0.240013 0.973550 (Ca0.01Mg0.81Fe''0.18Mn0.00Co0.00Ni0.00)2SiO4 39.3744 0 0 0 17.1978 0.296287 42.6944 0.437086 0 0 0 0
500.00 1383.15 0.197302 0.461945 -2383.992224 0.059402 0.240858 (Ca0.01Mg0.80Fe''0.19Mn0.00Co0.00Ni0.00)2SiO4 39.1956 0 0 0 18.1403 0.319887 41.9255 0.418782 0 0 0 0
500.00 1373.15 0.117284 0.273115 -1404.393596 0.035135 0.142411 (Ca0.01Mg0.79Fe''0.21Mn0.00Co0.00Ni0.00)2SiO4 38.9945 0 0 0 19.1985 0.347646 41.0614 0.39785 0 0 0 0
500.00 1363.15 1.158534 2.680828 -13674.645837 0.344547 1.396011 (Ca0.01Mg0.77Fe''0.22Mn0.00Co0.00Ni0.00)2SiO4 38.689 0 0 0 20.7874 0.401134 39.7431 0.379423 0 0 0 0
500.00 1353.15 1.048868 2.411052 -12187.188634 0.309504 1.253555 (Ca0.01Mg0.75Fe''0.25Mn0.01Co0.00Ni0.00)2SiO4 38.3614 0 0 0 22.4879 0.459483 38.328 0.36318 0 0 0 0
500.00 1343.15 0.364369 0.834844 -4246.350608 0.107544 0.435297 (Ca0.00Mg0.75Fe''0.24Mn0.01Co0.00Ni0.00)2SiO4 38.395 0 0 0 22.1101 0.684088 38.483 0.32775 0 0 0 0
500.00 1333.15 0.434848 0.991142 -5029.481782 0.127799 0.516998 (Ca0.00Mg0.74Fe''0.25Mn0.01Co0.00Ni0.00)2SiO4 38.2257 0 0 0 22.8875 0.824214 37.7537 0.308898 0 0 0 0
500.00 1323.15 0.358223 0.812240 -4112.712806 0.104842 0.423875 (Ca0.00Mg0.73Fe''0.26Mn0.01Co0.00Ni0.00)2SiO4 38.0607 0 0 0 23.6295 0.975836 37.0421 0.29195 0 0 0 0
500.00 1123.15 0.017983 0.035672 -157.979895 0.004643 0.018329 (Ca0.00Mg0.33Fe''0.50Mn0.17Co0.00Ni0.00)2SiO4 32.8517 0 0 0 39.6116 13.022 14.2974 0.217303 0 0 0 0
500.00 1113.15 0.044569 0.087765 -386.683651 0.011443 0.045113 (Ca0.00Mg0.31Fe''0.51Mn0.18Co0.00Ni0.00)2SiO4 32.6316 0 0 0 40.0733 13.7473 13.3327 0.21519 0 0 0 0
500.00 1103.15 0.040347 0.078868 -345.854487 0.010304 0.040563 (Ca0.00Mg0.29Fe''0.52Mn0.19Co0.00Ni0.00)2SiO4 32.4201 0 0 0 40.4838 14.4782 12.4048 0.213055 0 0 0 0
500.00 1093.15 0.043094 0.083591 -364.514025 0.010943 0.043016 (Ca0.00Mg0.27Fe''0.53Mn0.20Co0.00Ni0.00)2SiO4 32.195 0 0 0 41.0406 15.1337 11.419 0.211672 0 0 0 0
500.00 1083.15 0.035905 0.069130 -300.199120 0.009072 0.035605 (Ca0.00Mg0.25Fe''0.54Mn0.21Co0.00Ni0.00)2SiO4 31.9948 0 0 0 41.416 15.8388 10.5404 0.209973 0 0 0 0
500.00 1073.15 0.031731 0.060645 -262.464406 0.007979 0.031270 (Ca0.00Mg0.23Fe''0.55Mn0.22Co0.00Ni0.00)2SiO4 31.8081 0 0 0 41.7029 16.5608 9.7201 0.208161 0 0 0 0
500.00 1063.15 0.028061 0.053240 -229.808444 0.007025 0.027488 (Ca0.00Mg0.21Fe''0.55Mn0.23Co0.00Ni0.00)2SiO4 31.6337 0 0 0 41.9048 17.3024 8.95284 0.206291 0 0 0 0
500.00 1053.15 0.024838 0.046784 -201.555709 0.006193 0.024191 (Ca0.00Mg0.20Fe''0.56Mn0.24Co0.00Ni0.00)2SiO4 31.4705 0 0 0 42.0243 18.0666 8.23415 0.204414 0 0 0 0
500.00 1043.15 0.022009 0.041159 -177.103852 0.005467 0.021319 (Ca0.00Mg0.18Fe''0.56Mn0.25Co0.00Ni0.00)2SiO4 31.3179 0 0 0 42.0635 18.8559 7.56019 0.202573 0 0 0 0
500.00 1033.15 0.019527 0.036257 -155.921624 0.004833 0.018815 (Ca0.00Mg0.17Fe''0.56Mn0.27Co0.00Ni0.00)2SiO4 31.1749 0 0 0 42.0238 19.6728 6.92773 0.200807 0 0 0 0
500.00 1023.15 0.017347 0.031981 -137.543315 0.004279 0.016630 (Ca0.00Mg0.16Fe''0.56Mn0.28Co0.00Ni0.00)2SiO4 31.0409 0 0 0 41.9061 20.5198 6.33404 0.199148 0 0 0 0

Title: Hr

Phase Masses:
Pressure Temperature mass liquid_0 olivine_0 orthopyroxene_0 clinopyroxene_0 feldspar_0 spinel_0 rhm-oxide_0 apatite water 
500.00 1523.15 100.110556 99.842480 0.000000 0.000000 0.000000 0.000000 0.000000 0.000000 0.000000 0.268077 
500.00 1513.15 100.111211 99.847477 0.000000 0.000000 0.000000 0.000000 0.000000 0.000000 0.000000 0.263734 
500.00 1503.15 100.111905 99.852596 0.000000 0.000000 0.000000 0.000000 0.000000 0.000000 0.000000 0.259309 
500.00 1493.15 100.112642 99.857840 0.000000 0.000000 0.000000 0.000000 0.000000 0.000000 0.000000 0.254801 
500.00 1483.15 100.113421 99.863213 0.000000 0.000000 0.000000 0.000000 0.000000 0.000000 0.000000 0.250207 
500.00 1473.15 100.114245 99.868719 0.000000 0.000000 0.000000 0.000000 0.000000 0.000000 0.000000 0.245526 
500.00 1463.15 100.115114 99.874360 0.000000 0.000000 0.000000 0.000000 0.000000 0.000000 0.000000 0.240754 
500.00 1453.15 100.116030 99.880140 0.000000 0.000000 0.000000 0.000000 0.000000 0.000000 0.000000 0.235890 
500.00 1443.15 100.116996 99.886064 0.000000 0.000000 0.000000 0.000000 0.000000 0.000000 0.000000 0.230931 
500.00 1433.15 100.118011 99.892136 0.000000 0.000000 0.000000 0.000000 0.000000 0.000000 0.000000 0.225875 
500.00 1423.15 100.119079 99.898360 0.000000 0.000000 0.000000 0.000000 0.000000 0.000000 0.000000 0.220719 
500.00 1413.15 100.120200 99.904739 0.000000 0.000000 0.000000 0.000000 0.000000 0.000000 0.000000 0.215461 
500.00 1403.15 100.119474 99.215813 0.690437 0.000000 0.000000 0.000000 0.000000 0.000000 0.000000 0.213223 
500.00 1393.15 99.428983 98.424078 0.793638 0.000000 0.000000 0.000000 0.000000 0.000000 0.000000 0.211266 
500.00 1383.15 98.639415 93.624180 0.197302 0.000000 4.548172 0.000000 0.000000 0.000000 0.000000 0.269762 
500.00 1373.15 93.899912 88.762228 0.117284 0.000000 4.690550 0.000000 0.000000 0.000000 0.000000 0.329850 
500.00 1363.15 89.092028 79.884328 1.158534 0.000000 3.132410 4.428600 0.000000 0.000000 0.000000 0.488156 
500.00 1353.15 80.373045 72.486328 1.048868 0.000000 2.341085 3.874570 0.000000 0.000000 0.000000 0.622195 
500.00 1343.15 73.290426 55.383657 0.364369 0.000000 5.396825 5.726952 5.561249 0.000000 0.000000 0.857375 
500.00 1333.15 56.276938 49.220755 0.434848 0.000000 1.542491 3.044041 1.069997 0.000000 0.000000 0.964805 
500.00 1323.15 50.212559 44.383767 0.358223 0.000000 1.045196 2.578836 0.793389 0.000000 0.000000 1.053149 
500.00 1313.15 45.458750 39.747342 0.000000 0.815154 0.397734 2.714963 0.640116 0.000000 0.000000 1.143442 
500.00 1303.15 40.907955 35.967501 0.000000 0.690345 0.199714 2.340028 0.490766 0.000000 0.000000 1.219603 
500.00 1293.15 37.201165 32.871969 0.000000 0.544282 0.123323 1.992516 0.385376 0.000000 0.000000 1.283699 
500.00 1283.15 34.167519 30.283815 0.000000 0.435195 0.079407 1.721585 0.308922 0.000000 0.000000 1.338596 
500.00 1273.15 31.632643 28.085550 0.000000 0.351277 0.054726 1.503230 0.251636 0.000000 0.000000 1.386224 
500.00 1263.15 29.480789 26.195801 0.000000 0.285256 0.041618 1.322579 0.207598 0.000000 0.000000 1.427937 
500.00 1253.15 27.631821 24.555705 0.000000 0.232514 0.035389 1.170407 0.173069 0.000000 0.000000 1.464736 
500.00 1243.15 26.027797 23.121162 0.000000 0.189928 0.033148 1.040606 0.145568 0.000000 0.000000 1.497384 
500.00 1233.15 24.625329 21.858158 0.000000 0.155277 0.033107 0.928912 0.123388 0.000000 0.000000 1.526488 
500.00 1223.15 23.390972 20.739844 0.000000 0.126921 0.034173 0.832187 0.105310 0.000000 0.000000 1.552537 
500.00 1213.15 22.298340 19.744637 0.000000 0.103614 0.035688 0.748018 0.090446 0.000000 0.000000 1.575937 
500.00 1203.15 21.326234 18.854936 0.000000 0.084384 0.037273 0.674486 0.078131 0.000000 0.000000 1.597026 
500.00 1193.15 20.457351 18.035607 0.000000 0.072017 0.035938 0.614075 0.068138 0.000000 0.015260 1.616317 
500.00 1183.15 19.658109 17.293781 0.000000 0.058944 0.036727 0.557113 0.059439 0.000000 0.018272 1.633833 
500.00 1173.15 18.933637 16.624953 0.000000 0.047153 0.038036 0.505847 0.052037 0.000000 0.015891 1.649720 
500.00 1163.15 18.280561 16.019771 0.000000 0.037360 0.039011 0.460650 0.045780 0.000000 0.013820 1.664169 
500.00 1153.15 17.689716 15.470364 0.000000 0.029199 0.039679 0.420670 0.040463 0.000000 0.011999 1.677343 
500.00 1143.15 17.153389 14.970064 0.000000 0.022379 0.040076 0.385187 0.035922 0.000000 0.010377 1.689383 
500.00 1133.15 16.665051 14.513199 0.000000 0.016665 0.040240 0.353594 0.032027 0.000000 0.008917 1.700409 
500.00 1123.15 16.218928 14.086274 0.017983 0.000000 0.039960 0.330739 0.024878 0.000000 0.008135 1.710960 
500.00 1113.15 15.801984 13.668733 0.044569 0.000000 0.019904 0.325308 0.012879 0.000000 0.008929 1.721661 
500.00 1103.15 15.395118 13.287479 0.040347 0.000000 0.019806 0.297705 0.010546 0.000000 0.007775 1.731461 
500.00 1093.15 15.023377 12.929721 0.043094 0.000000 0.017212 0.278301 0.000000 0.006876 0.007516 1.740658 
500.00 1083.15 14.674901 12.601738 0.035905 0.000000 0.017981 0.254800 0.000000 0.009020 0.006445 1.749012 
500.00 1073.15 14.355314 12.302550 0.031731 0.000000 0.017778 0.233171 0.000000 0.008072 0.005383 1.756628 
500.00 1063.15 14.063780 12.029293 0.028061 0.000000 0.017397 0.213815 0.000000 0.007258 0.004382 1.763574 
500.00 1053.15 13.797503 11.779438 0.024838 0.000000 0.016874 0.196461 0.000000 0.006555 0.003424 1.769912 
500.00 1043.15 13.554017 11.550748 0.022009 0.000000 0.016241 0.180882 0.000000 0.005946 0.002497 1.775695 
500.00 1033.15 13.331139 11.341221 0.019527 0.000000 0.015525 0.166893 0.000000 0.005415 0.001584 1.780973 
500.00 1023.15 13.126916 11.149044 0.017347 0.000000 0.014751 0.154359 0.000000 0.004951 0.000674 1.785790 

Title: Hr

Phase Volumes:
Pressure Temperature mass V liquid_0 olivine_0 orthopyroxene_0 clinopyroxene_0 feldspar_0 spinel_0 rhm-oxide_0 apatite water 
500.00 1523.15 100.110556 43.181302 39.383030 0.000000 0.000000 0.000000 0.000000 0.000000 0.000000 0.000000 3.798272 
500.00 1513.15 100.111211 43.051927 39.342577 0.000000 0.000000 0.000000 0.000000 0.000000 0.000000 0.000000 3.709350 
500.00 1503.15 100.111905 42.922370 39.302240 0.000000 0.000000 0.000000 0.000000 0.000000 0.000000 0.000000 3.620130 
500.00 1493.15 100.112642 42.792633 39.262023 0.000000 0.000000 0.000000 0.000000 0.000000 0.000000 0.000000 3.530610 
500.00 1483.15 100.113421 42.662716 39.221927 0.000000 0.000000 0.000000 0.000000 0.000000 0.000000 0.000000 3.440789 
500.00 1473.15 100.114245 42.532622 39.181957 0.000000 0.000000 0.000000 0.000000 0.000000 0.000000 0.000000 3.350665 
500.00 1463.15 100.115114 42.402352 39.142115 0.000000 0.000000 0.000000 0.000000 0.000000 0.000000 0.000000 3.260237 
500.00 1453.15 100.116030 42.271908 39.102405 0.000000 0.000000 0.000000 0.000000 0.000000 0.000000 0.000000 3.169503 
500.00 1443.15 100.116996 42.141293 39.062829 0.000000 0.000000 0.000000 0.000000 0.000000 0.000000 0.000000 3.078465 
500.00 1433.15 100.118011 42.010511 39.023390 0.000000 0.000000 0.000000 0.000000 0.000000 0.000000 0.000000 2.987120 
500.00 1423.15 100.119079 41.879564 38.984093 0.000000 0.000000 0.000000 0.000000 0.000000 0.000000 0.000000 2.895471 
500.00 1413.15 100.120200 41.748457 38.944940 0.000000 0.000000 0.000000 0.000000 0.000000 0.000000 0.000000 2.803517 
500.00 1403.15 100.119474 41.637000 38.676041 0.209363 0.000000 0.000000 0.000000 0.000000 0.000000 0.000000 2.751596 
500.00 1393.15 99.428983 41.318125 38.374439 0.240013 0.000000 0.000000 0.000000 0.000000 0.000000 0.000000 2.703672 
500.00 1383.15 98.639415 41.420420 36.543573 0.059402 0.000000 1.394219 0.000000 0.000000 0.000000 0.000000 3.423225 
500.00 1373.15 93.899912 40.313226 34.695116 0.035135 0.000000 1.432871 0.000000 0.000000 0.000000 0.000000 4.150104 
500.00 1363.15 89.092028 40.239424 31.204688 0.344547 0.000000 0.953314 1.647896 0.000000 0.000000 0.000000 6.088980 
500.00 1353.15 80.373045 38.448671 28.292994 0.309504 0.000000 0.709572 1.443370 0.000000 0.000000 0.000000 7.693230 
500.00 1343.15 73.290426 38.089184 22.474672 0.107544 0.000000 1.646435 2.140059 1.212929 0.000000 0.000000 10.507546 
500.00 1333.15 56.276938 33.874527 20.185854 0.127799 0.000000 0.470446 1.139858 0.232141 0.000000 0.000000 11.718429 
500.00 1323.15 50.212559 32.606937 18.368784 0.104842 0.000000 0.318649 0.967751 0.171331 0.000000 0.000000 12.675580 
500.00 1313.15 45.458750 31.746124 16.583902 0.000000 0.246399 0.121159 1.021118 0.137508 0.000000 0.000000 13.636037 
500.00 1303.15 40.907955 30.778919 15.113955 0.000000 0.208186 0.060788 0.882058 0.104925 0.000000 0.000000 14.409007 
500.00 1293.15 37.201165 29.959302 13.900018 0.000000 0.163764 0.037507 0.752698 0.082047 0.000000 0.000000 15.023267 
500.00 1283.15 34.167519 29.264990 12.877022 0.000000 0.130648 0.024133 0.651711 0.065523 0.000000 0.000000 15.515953 
500.00 1273.15 31.632643 28.659121 12.001704 0.000000 0.105221 0.016620 0.570188 0.053191 0.000000 0.000000 15.912196 
500.00 1263.15 29.480789 28.118050 11.244052 0.000000 0.085258 0.012630 0.502614 0.043746 0.000000 0.000000 16.229750 
500.00 1253.15 27.631821 27.626069 10.582291 0.000000 0.069342 0.010733 0.445577 0.036366 0.000000 0.000000 16.481760 
500.00 1243.15 26.027797 27.172261 10.000035 0.000000 0.056519 0.010047 0.396824 0.030506 0.000000 0.000000 16.678330 
500.00 1233.15 24.625329 26.748752 9.484574 0.000000 0.046107 0.010028 0.354787 0.025795 0.000000 0.000000 16.827462 
500.00 1223.15 23.390972 26.349676 9.025814 0.000000 0.037606 0.010344 0.318312 0.021965 0.000000 0.000000 16.935635 
500.00 1213.15 22.298340 25.970539 8.615585 0.000000 0.030634 0.010796 0.286513 0.018825 0.000000 0.000000 17.008186 
500.00 1203.15 21.326234 25.607817 8.247181 0.000000 0.024895 0.011268 0.258684 0.016229 0.000000 0.000000 17.049560 
500.00 1193.15 20.457351 25.260125 7.907242 0.000000 0.021200 0.010857 0.235806 0.014128 0.000000 0.004983 17.065909 
500.00 1183.15 19.658109 24.917240 7.598390 0.000000 0.017314 0.011089 0.214184 0.012302 0.000000 0.005966 17.057994 
500.00 1173.15 18.933637 24.582626 7.318817 0.000000 0.013821 0.011477 0.194690 0.010753 0.000000 0.005189 17.027880 
500.00 1163.15 18.280561 24.257003 7.064875 0.000000 0.010927 0.011764 0.177482 0.009445 0.000000 0.004513 16.977998 
500.00 1153.15 17.689716 23.938867 6.833480 0.000000 0.008521 0.011958 0.162241 0.008336 0.000000 0.003918 16.910413 
500.00 1143.15 17.153389 23.626959 6.622007 0.000000 0.006517 0.012070 0.148699 0.007390 0.000000 0.003389 16.826887 
500.00 1133.15 16.665051 23.320211 6.428211 0.000000 0.004842 0.012112 0.136628 0.006580 0.000000 0.002912 16.728926 
500.00 1123.15 16.218928 23.021288 6.246922 0.004643 0.000000 0.012020 0.127911 0.005106 0.000000 0.002656 16.622030 
500.00 1113.15 15.801984 22.730533 6.069387 0.011443 0.000000 0.005982 0.125904 0.002641 0.000000 0.002916 16.512261 
500.00 1103.15 15.395118 22.432478 5.906734 0.010304 0.000000 0.005946 0.115302 0.002161 0.000000 0.002539 16.389492 
500.00 1093.15 15.023377 22.138538 5.753910 0.010943 0.000000 0.005161 0.107857 0.000000 0.001472 0.002454 16.256741 
500.00 1083.15 14.674901 21.842979 5.613789 0.009072 0.000000 0.005386 0.098812 0.000000 0.001930 0.002104 16.111887 
500.00 1073.15 14.355314 21.548899 5.485563 0.007979 0.000000 0.005318 0.090481 0.000000 0.001725 0.001758 15.956074 
500.00 1063.15 14.063780 21.256338 5.368056 0.007025 0.000000 0.005198 0.083021 0.000000 0.001550 0.001431 15.790057 
500.00 1053.15 13.797503 20.964788 5.260227 0.006193 0.000000 0.005036 0.076329 0.000000 0.001399 0.001118 15.614486 
500.00 1043.15 13.554017 20.673781 5.161154 0.005467 0.000000 0.004840 0.070319 0.000000 0.001268 0.000815 15.429916 
500.00 1033.15 13.331139 20.382880 5.070012 0.004833 0.000000 0.004620 0.064922 0.000000 0.001155 0.000517 15.236821 
500.00 1023.15 13.126916 20.091671 4.986046 0.004279 0.000000 0.004382 0.060087 0.000000 0.001055 0.000220 15.035602 

Title: Hr

Solid Composition:
Pressure Temperature mass SiO2 TiO2 Al2O3 Fe2O3 FeO MnO MgO CaO Na2O K2O P2O5 H2O 
500.00 1523.15 0.268077 -3.82779e-011 4.2396e-012 1.33773e-011 -2.54208e-011 6.17411e-010 9.18071e-014 0 -4.00086e-011 4.81279e-013 -3.04795e-014 5.39632e-013 100
500.00 1513.15 0.263734 7.70655e-013 0 -4.86226e-013 0 0 0 0 2.95092e-013 0 0 0 100
500.00 1503.15 0.259309 1.06517e-012 0 4.26312e-013 0 0 0 0 9.37898e-015 0 0 0 100
500.00 1493.15 0.254801 2.65891e-013 0 2.95021e-013 0 0 0 0 2.57713e-013 0 0 0 100
500.00 1483.15 0.250207 2.10369e-012 0 1.59055e-013 0 0 0 0 -1.06922e-013 0 0 0 100
500.00 1473.15 0.245526 -2.73813e-012 0 -9.00488e-014 0 0 0 0 -2.97165e-013 0 0 0 100
500.00 1463.15 0.240754 -1.36373e-012 0 -2.02034e-013 0 0 0 0 -1.01018e-013 0 0 0 100
500.00 1453.15 0.235890 -8.6162e-013 0 -3.56163e-013 0 0 0 0 1.64962e-013 0 0 0 100
500.00 1443.15 0.230931 -8.34988e-013 0 -4.78699e-013 0 0 0 0 -3.05414e-013 0 0 0 100
500.00 1433.15 0.225875 -1.26898e-012 0 5.67721e-013 0 0 0 0 4.3069e-014 0 0 0 100
500.00 1423.15 0.220719 -4.48616e-013 0 3.40576e-013 0 0 0 0 -2.31394e-013 0 0 0 100
500.00 1413.15 0.215461 -3.99095e-012 0 -5.1307e-013 0 0 0 0 -1.4674e-013 0 0 0 100
500.00 1403.15 0.903661 30.1632 0 1.02759e-013 0 12.7258 0.220737 32.9664 0.328436 0 0 0 23.5955
500.00 1393.15 1.004905 31.0965 0 5.28034e-014 0 13.5822 0.233997 33.7186 0.345195 0 0 0 21.0235
500.00 1383.15 5.015235 45.5855 1.04927 5.46048 2.80785 5.20052 0.0125845 14.7278 19.6304 0.146674 0 0 5.37884
500.00 1373.15 5.137684 44.6415 1.24653 5.92087 3.04233 5.19182 0.00793614 13.7103 19.6589 0.159575 0 0 6.4202
500.00 1363.15 9.207700 43.6054 0.550292 18.6447 1.20827 4.52951 0.0504716 9.64035 15.5494 0.902645 0.0173463 0 5.30161
500.00 1353.15 7.886718 42.3158 0.570257 18.6084 1.1258 4.78694 0.0611074 9.02779 14.5763 1.01769 0.020764 0 7.88915
500.00 1343.15 17.906770 31.0635 3.31521 14.5339 14.906 12.0276 0.0139199 7.23749 11.2493 0.848523 0.016555 0 4.78799
500.00 1333.15 7.056183 34.4182 1.69237 16.177 7.48973 7.72387 0.0507935 6.49665 10.9932 1.25882 0.0261772 0 13.6732
500.00 1323.15 5.828792 33.4269 1.50008 15.8558 6.6781 7.16341 0.0599724 5.75877 10.0123 1.44529 0.031326 0 18.068
500.00 1313.15 5.711408 35.3374 1.19886 16.1954 5.45893 6.41052 0 5.35503 8.27419 1.70942 0.039863 0 20.0203
500.00 1303.15 4.940454 34.0297 1.05754 15.5817 4.80276 5.88174 0 4.67301 7.36495 1.87579 0.0467119 0 24.686
500.00 1293.15 4.329196 32.3668 0.949433 14.7166 4.28886 5.34882 0 4.00407 6.6295 1.99084 0.0529308 0 29.6521
500.00 1283.15 3.883705 30.693 0.850129 13.8098 3.82306 4.8422 0 3.42944 5.95152 2.07493 0.0589786 0 34.467
500.00 1273.15 3.547092 29.0279 0.760113 12.8897 3.4049 4.3693 0 2.93887 5.33526 2.12864 0.0647483 0 39.0806
500.00 1263.15 3.284988 27.3842 0.679243 11.9769 3.03185 3.93328 0 2.52157 4.78038 2.15379 0.0701431 0 43.4686
500.00 1253.15 3.076116 25.7742 0.606997 11.0877 2.70031 3.53466 0 2.16718 4.28399 2.15346 0.0750964 0 47.6164
500.00 1243.15 2.906635 24.2093 0.542699 10.234 2.40632 3.1725 0 1.86634 3.84182 2.13142 0.0795709 0 51.5161
500.00 1233.15 2.767172 22.6997 0.485625 9.42426 2.14602 2.84501 0 1.61087 3.44907 2.09166 0.083557 0 55.1642
500.00 1223.15 2.651129 21.2542 0.43506 8.66387 1.91576 2.54996 0 1.39375 3.10086 2.03807 0.0870677 0 58.5614
500.00 1213.15 2.553704 19.8794 0.390323 7.95556 1.71221 2.28489 0 1.209 2.79243 1.97418 0.090134 0 61.7118
500.00 1203.15 2.471298 18.5798 0.35078 7.30009 1.53231 2.04729 0 1.05154 2.51934 1.9031 0.0927987 0 64.6229
500.00 1193.15 2.421745 17.3289 0.314095 6.68091 1.36521 1.84473 0 0.926222 2.6007 1.82387 0.0950803 0.267089 66.7531
500.00 1183.15 2.364327 16.1647 0.283031 6.12069 1.22208 1.65415 0 0.81002 2.4591 1.74412 0.0971657 0.327572 69.1173
500.00 1173.15 2.308684 15.0917 0.256191 5.61472 1.09811 1.48154 0 0.708245 2.22409 1.66512 0.0990765 0.29175 71.4695
500.00 1163.15 2.260790 14.0945 0.232454 5.15356 0.988694 1.32765 0 0.621139 2.01458 1.58653 0.100788 0.259108 73.621
500.00 1153.15 2.219353 13.1699 0.211454 4.73394 0.892062 1.19042 0 0.546403 1.82728 1.50934 0.102356 0.229157 75.5877
500.00 1143.15 2.183325 12.3139 0.192866 4.35249 0.806652 1.06798 0 0.482112 1.6593 1.43425 0.103833 0.201464 77.3851
500.00 1133.15 2.151851 11.5223 0.176402 4.00591 0.731096 0.958683 0 0.426661 1.5081 1.36174 0.105271 0.175638 79.0282
500.00 1123.15 2.132654 10.8846 0.142182 3.72899 0.574017 0.981898 0.109803 0.382098 1.38519 1.30793 0.108009 0.161683 80.2336
500.00 1113.15 2.133251 10.6952 0.0758169 3.60373 0.292864 1.17212 0.287217 0.406747 1.16027 1.30038 0.114741 0.177417 80.7135
500.00 1103.15 2.107640 9.97806 0.06613 3.30634 0.242252 1.07291 0.277157 0.362337 1.04508 1.22041 0.114704 0.156359 82.1583
500.00 1093.15 2.093657 9.47485 0.160835 3.07648 0.0513484 1.05369 0.319891 0.340616 0.946516 1.16105 0.116523 0.15216 83.146
500.00 1083.15 2.073163 8.79101 0.211958 2.821 0.063083 0.972956 0.285832 0.292961 0.858161 1.0849 0.116374 0.131769 84.37
500.00 1073.15 2.052764 8.16768 0.192527 2.58539 0.0570836 0.887046 0.266782 0.257474 0.768027 1.0121 0.116211 0.11116 85.5785
500.00 1063.15 2.034487 7.59294 0.175554 2.37226 0.0517189 0.807988 0.248794 0.226542 0.684566 0.944222 0.116277 0.0912915 86.6878
500.00 1053.15 2.018065 7.06328 0.160667 2.17937 0.0469089 0.735592 0.231949 0.199463 0.60674 0.880969 0.116664 0.071926 87.7065
500.00 1043.15 2.003269 6.57562 0.147559 2.00472 0.0425866 0.669535 0.216268 0.175646 0.533623 0.822049 0.117494 0.0528248 88.6421
500.00 1033.15 1.989918 6.12744 0.135973 1.84664 0.0386952 0.609415 0.201731 0.154599 0.464375 0.767204 0.118945 0.0337462 89.5012
500.00 1023.15 1.977872 5.7171 0.125699 1.70379 0.0351871 0.554787 0.188285 0.13592 0.39822 0.716225 0.121304 0.0144458 90.289
Title: Hr

Bulk Composition:
Pressure Temperature mass SiO2 TiO2 Al2O3 Fe2O3 FeO MnO MgO CaO Na2O K2O P2O5 H2O 
500.00 1523.15 100.110556 47.2229 1.42123 15.6448 2.50917 9.84818 0.198707 7.21453 11.0044 2.33877 0.347648 0.159939 2.08975
500.00 1513.15 100.111211 47.2226 1.42122 15.6447 2.51568 9.84225 0.198705 7.21449 11.0043 2.33875 0.347646 0.159938 2.08974
500.00 1503.15 100.111905 47.2222 1.42121 15.6446 2.52258 9.83595 0.198704 7.21444 11.0043 2.33874 0.347643 0.159937 2.08972
500.00 1493.15 100.112642 47.2219 1.4212 15.6445 2.52991 9.82927 0.198702 7.21438 11.0042 2.33872 0.347641 0.159936 2.08971
500.00 1483.15 100.113421 47.2215 1.42118 15.6443 2.53766 9.8222 0.198701 7.21433 11.0041 2.3387 0.347638 0.159935 2.08969
500.00 1473.15 100.114245 47.2211 1.42117 15.6442 2.54585 9.81473 0.198699 7.21427 11.004 2.33868 0.347635 0.159934 2.08967
500.00 1463.15 100.115114 47.2207 1.42116 15.6441 2.55449 9.80685 0.198698 7.21421 11.0039 2.33866 0.347632 0.159932 2.08965
500.00 1453.15 100.116030 47.2203 1.42115 15.6439 2.56361 9.79853 0.198696 7.21414 11.0038 2.33864 0.347629 0.159931 2.08964
500.00 1443.15 100.116996 47.2198 1.42113 15.6438 2.57321 9.78978 0.198694 7.21407 11.0037 2.33862 0.347626 0.159929 2.08962
500.00 1433.15 100.118011 47.2194 1.42112 15.6436 2.5833 9.78057 0.198692 7.214 11.0036 2.3386 0.347622 0.159928 2.08959
500.00 1423.15 100.119079 47.2189 1.4211 15.6435 2.59392 9.77089 0.19869 7.21392 11.0035 2.33857 0.347618 0.159926 2.08957
500.00 1413.15 100.120200 47.2183 1.42109 15.6433 2.60507 9.76072 0.198687 7.21384 11.0034 2.33854 0.347615 0.159924 2.08955
500.00 1403.15 100.119474 47.2187 1.4211 15.6434 2.59785 9.76731 0.198689 7.21389 11.0034 2.33856 0.347617 0.159925 2.08956
500.00 1393.15 99.428983 47.2728 1.43097 15.752 2.60531 9.72916 0.198065 6.96481 11.0769 2.3548 0.350031 0.161036 2.10407
500.00 1383.15 98.639415 47.3348 1.44242 15.8781 2.65724 9.64089 0.19727 6.67748 11.162 2.37365 0.352833 0.162325 2.12092
500.00 1373.15 93.899912 47.2902 1.4592 16.388 2.68363 9.81201 0.206558 6.2285 10.6772 2.48563 0.370642 0.170518 2.22797
500.00 1363.15 89.092028 47.2689 1.46607 16.931 2.63008 10.0631 0.217252 5.7746 10.1199 2.61056 0.390644 0.17972 2.3482
500.00 1353.15 80.373045 47.4028 1.56209 16.6322 2.74674 10.6634 0.235042 5.29729 9.43689 2.79038 0.431034 0.199216 2.60294
500.00 1343.15 73.290426 47.4319 1.65171 16.2376 5.32751 8.98681 0.251187 4.83844 8.78083 2.95055 0.470455 0.218468 2.85448
500.00 1333.15 56.276938 51.8897 1.09638 16.5228 2.7619 7.36848 0.322708 3.99934 7.85665 3.57261 0.607415 0.284515 3.71744
500.00 1323.15 50.212559 53.3228 0.991182 16.2459 2.5011 6.76284 0.354561 3.57058 7.26141 3.82725 0.677097 0.318877 4.16641
500.00 1313.15 45.458750 54.6159 0.902728 15.9127 2.29902 6.2006 0.383971 3.20684 6.73772 4.04224 0.743889 0.352223 4.60211
500.00 1303.15 40.907955 55.7618 0.83604 15.4229 2.11518 5.70758 0.426685 2.81707 6.33292 4.25334 0.821079 0.391406 5.11407
500.00 1293.15 37.201165 56.8029 0.779197 14.8915 1.95937 5.25383 0.469201 2.4784 5.98678 4.42816 0.896692 0.430407 5.62364
500.00 1283.15 34.167519 57.7498 0.728408 14.3502 1.82074 4.83791 0.51086 2.19241 5.67934 4.5692 0.969604 0.468621 6.12295
500.00 1273.15 31.632643 58.6142 0.682759 13.8059 1.69548 4.45604 0.551798 1.94844 5.40482 4.68076 1.04007 0.506174 6.61361
500.00 1263.15 29.480789 59.4053 0.641521 13.264 1.58105 4.10487 0.592075 1.73851 5.15851 4.76649 1.1082 0.543121 7.09635
500.00 1253.15 27.631821 60.1305 0.604106 12.7291 1.47567 3.7815 0.631693 1.5566 4.93656 4.82959 1.17402 0.579463 7.5712
500.00 1243.15 26.027797 60.7962 0.570032 12.2046 1.37808 3.48342 0.670622 1.398 4.73571 4.87294 1.2375 0.615174 8.03779
500.00 1233.15 24.625329 61.4076 0.5389 11.6931 1.28737 3.20843 0.708816 1.25899 4.55323 4.89914 1.2986 0.65021 8.49556
500.00 1223.15 23.390972 61.9696 0.510374 11.1968 1.20283 2.95463 0.746221 1.13658 4.38681 4.91051 1.35725 0.684522 8.94388
500.00 1213.15 22.298340 62.4864 0.484168 10.7169 1.1239 2.72031 0.782786 1.02835 4.23447 4.90912 1.41342 0.718064 9.38213
500.00 1203.15 21.326234 62.9618 0.460033 10.2543 1.05014 2.50392 0.818467 0.93229 4.09453 4.89682 1.46707 0.750795 9.8098
500.00 1193.15 20.457351 63.3994 0.437755 9.80959 0.979861 2.30526 0.85323 0.846746 3.96555 4.87526 1.51818 0.782683 10.2264
500.00 1183.15 19.658109 63.8505 0.417441 9.387 0.914189 2.1211 0.88792 0.769005 3.81073 4.84917 1.56822 0.783758 10.6409
500.00 1173.15 18.933637 64.2838 0.398678 8.98351 0.853081 1.95087 0.921895 0.699262 3.65395 4.81734 1.61611 0.775081 11.0464
500.00 1163.15 18.280561 64.6833 0.381197 8.59703 0.796069 1.79367 0.95483 0.636823 3.50823 4.77958 1.66136 0.768244 11.4396
500.00 1153.15 17.689716 65.0518 0.364875 8.22724 0.742878 1.64852 0.986722 0.580774 3.37271 4.73692 1.70399 0.763185 11.8204
500.00 1143.15 17.153389 65.3914 0.349602 7.87371 0.693259 1.51452 1.01757 0.530337 3.24663 4.69023 1.74406 0.759869 12.1888
500.00 1133.15 16.665051 65.7042 0.335278 7.53594 0.646983 1.39083 1.04739 0.484848 3.1294 4.64028 1.7816 0.758285 12.545
500.00 1123.15 16.218928 65.9929 0.321819 7.21349 0.590483 1.28871 1.0762 0.443739 3.02053 4.58778 1.81668 0.758453 12.8892
500.00 1113.15 15.801984 66.2744 0.31187 6.90227 0.51584 1.21005 1.0906 0.405709 2.91846 4.53287 1.85008 0.759327 13.2285
500.00 1103.15 15.395118 66.5535 0.3104 6.58707 0.474091 1.10155 1.08052 0.361866 2.84013 4.47306 1.88312 0.757563 13.5772
500.00 1093.15 15.023377 66.8102 0.309644 6.28797 0.417618 1.01794 1.06934 0.321747 2.76923 4.41313 1.91368 0.757194 13.9123
500.00 1083.15 14.674901 67.0549 0.297318 6.00007 0.388665 0.927015 1.0503 0.282513 2.70551 4.3529 1.94256 0.756355 14.2419
500.00 1073.15 14.355314 67.2884 0.276673 5.72796 0.358763 0.840673 1.03369 0.248168 2.64748 4.29378 1.96907 0.757116 14.5583
500.00 1063.15 14.063780 67.5015 0.257731 5.47107 0.330455 0.760503 1.01755 0.217358 2.59604 4.23573 1.99299 0.7596 14.8595
500.00 1053.15 13.797503 67.6952 0.240318 5.22861 0.303738 0.686329 1.00196 0.189727 2.55108 4.17893 2.01439 0.76387 15.1458
500.00 1043.15 13.554017 67.8705 0.224285 4.99982 0.278587 0.617915 0.986975 0.164966 2.51256 4.12353 2.0333 0.77001 15.4176
500.00 1033.15 13.331139 68.0281 0.209503 4.78394 0.254962 0.554985 0.972622 0.142807 2.48045 4.06966 2.04973 0.778125 15.6751
500.00 1023.15 13.126916 68.1687 0.19586 4.58022 0.232814 0.497242 0.958915 0.123019 2.4548 4.01741 2.0637 0.788344 15.9189
