Title: Hr

liquid_0 thermodynamic data and composition:
Pressure Temperature mass S H V Cp viscosity SiO2 TiO2 Al2O3 Fe2O3 FeO MnO MgO CaO Na2O K2O P2O5 H2O Mg#
500.00 1523.15 100.030795 287.050486 -1191159.112105 39.671837 151.566217 1.601 48.6356 1.33657 15.2073 2.43078 9.50155 0.196203 7.14522 10.9771 2.2291 0.343076 0.157505 1.84006 57.3
500.00 1513.15 100.035688 286.099264 -1192731.497790 39.631558 151.575075 1.637 48.6332 1.3365 15.2065 2.43698 9.4954 0.196193 7.14487 10.9766 2.22899 0.343059 0.157498 1.84423 57.3
500.00 1503.15 100.040700 285.142186 -1194305.585094 39.591394 151.584318 1.674 48.6307 1.33644 15.2058 2.44356 9.48889 0.196183 7.14451 10.976 2.22888 0.343042 0.15749 1.84848 57.3
500.00 1493.15 100.045833 284.179178 -1195881.425973 39.551348 151.593955 1.711 48.6283 1.33637 15.205 2.45054 9.48201 0.196173 7.14414 10.9754 2.22876 0.343024 0.157482 1.8528 57.3
500.00 1483.15 100.051092 283.210163 -1197459.074244 39.511421 151.603998 1.749 48.6257 1.3363 15.2042 2.45793 9.47475 0.196163 7.14377 10.9749 2.22864 0.343006 0.157473 1.85721 57.3
500.00 1473.15 100.056479 282.250542 -1199015.730995 39.471618 148.275314 1.787 48.6231 1.33623 15.2034 2.46574 9.46709 0.196152 7.14338 10.9743 2.22852 0.342988 0.157465 1.8617 57.4
500.00 1463.15 100.061998 281.292055 -1200563.725048 39.431941 148.277586 1.826 48.6204 1.33615 15.2025 2.47399 9.45902 0.196141 7.14299 10.9737 2.2284 0.342969 0.157456 1.86627 57.4
500.00 1453.15 100.067654 280.327544 -1202113.606913 39.392394 148.279738 1.865 48.6176 1.33608 15.2017 2.4827 9.45053 0.19613 7.14259 10.9731 2.22828 0.342949 0.157447 1.87093 57.4
500.00 1443.15 100.073449 279.356932 -1203665.432535 39.352978 148.281773 1.905 48.6148 1.336 15.2008 2.49186 9.4416 0.196119 7.14217 10.9724 2.22815 0.342929 0.157438 1.87568 57.4
500.00 1433.15 100.079388 278.380142 -1205219.260012 39.313699 148.283694 1.945 48.6119 1.33592 15.1999 2.50151 9.43223 0.196107 7.14175 10.9718 2.22801 0.342909 0.157429 1.88052 57.4
500.00 1423.15 100.085474 277.397096 -1206775.149688 39.274558 148.285505 1.986 48.609 1.33584 15.199 2.51166 9.42239 0.196095 7.14131 10.9711 2.22788 0.342888 0.157419 1.88546 57.5
500.00 1413.15 100.091712 276.407712 -1208333.164244 39.235559 148.287208 2.027 48.606 1.33576 15.198 2.52231 9.41207 0.196083 7.14087 10.9704 2.22774 0.342867 0.15741 1.89049 57.5
500.00 1403.15 99.433543 273.632195 -1202039.163785 38.976874 147.122367 2.089 48.6661 1.3446 15.2986 2.53172 9.36911 0.19545 6.903 11.0403 2.24249 0.345136 0.158451 1.90507 56.8
500.00 1393.15 98.626602 270.471861 -1194052.462798 38.670616 145.704297 2.157 48.7431 1.3556 15.4238 2.53963 9.31111 0.194555 6.61449 11.1271 2.26083 0.34796 0.159748 1.92214 55.9
500.00 1383.15 93.474826 255.734459 -1131864.424271 36.699916 137.621301 2.237 48.7568 1.38122 15.9857 2.55189 9.49267 0.204597 6.15526 10.6008 2.37726 0.367138 0.168552 1.95816 53.6
500.00 1373.15 88.633066 241.926565 -1073913.793046 34.860733 130.053664 2.323 48.8325 1.39201 16.5327 2.55526 9.63254 0.214846 5.70918 10.0719 2.49775 0.387193 0.17776 1.99634 51.4
500.00 1363.15 82.660384 225.066531 -1000999.587244 32.567019 120.780838 2.416 49.0607 1.41539 16.8145 2.58338 9.84368 0.227327 5.26623 9.51377 2.63796 0.414598 0.190604 2.03189 48.8
500.00 1353.15 74.314734 201.743529 -896605.916952 29.305191 107.930173 2.512 49.5292 1.49319 16.5377 2.6752 10.2604 0.244033 4.81755 8.90573 2.80869 0.458835 0.212009 2.05749 45.6
500.00 1343.15 59.184145 161.159966 -732050.778064 23.959441 85.499249 2.943 52.9122 1.19069 16.7401 2.20853 8.07791 0.297387 4.16265 8.14412 3.23719 0.570726 0.26621 2.19232 47.9
500.00 1333.15 50.888858 138.399777 -635244.170869 20.827111 73.152277 3.184 54.6165 1.10694 16.5948 2.03861 7.30442 0.332792 3.74261 7.58946 3.45652 0.657137 0.309604 2.25068 47.7
500.00 1323.15 40.521166 110.154728 -509146.447300 16.740558 58.015070 3.357 55.8589 1.01574 16.4065 1.90156 6.60093 0.467604 3.3408 7.10441 3.79072 0.809473 0.388819 2.31457 47.4
500.00 1313.15 33.825331 91.739055 -427474.805142 14.079033 48.210690 3.540 57.1244 0.969836 16.0787 1.77676 6.00593 0.580225 2.96411 6.79421 3.9349 0.948841 0.465787 2.35625 46.8
500.00 1303.15 28.740619 77.684557 -365201.257035 12.036702 40.787322 3.721 58.3232 0.942752 15.7292 1.65442 5.46702 0.682877 2.64514 6.56877 3.96472 1.08937 0.548192 2.38437 46.3
500.00 1293.15 24.574385 66.154391 -313815.415668 10.343667 34.738782 3.889 59.384 0.925758 15.3971 1.53585 4.97426 0.798649 2.37851 6.40346 3.91876 1.23836 0.641131 2.40419 46.0
500.00 1283.15 21.167172 56.719807 -271526.607052 8.945547 29.816418 4.045 60.3136 0.916838 15.0902 1.42184 4.52394 0.927204 2.1532 6.28801 3.81009 1.39325 0.744331 2.41751 45.9
500.00 1273.15 18.387118 49.021972 -236827.771583 7.795551 25.817371 4.190 61.1194 0.913939 14.8115 1.31345 4.11339 1.06739 1.96081 6.2121 3.65408 1.551 0.856871 2.42605 45.9
500.00 1263.15 16.118590 42.743281 -208369.929735 6.850863 22.566542 4.324 61.81 0.915152 14.5609 1.21159 3.74019 1.21762 1.79483 6.16624 3.46601 1.70865 0.977467 2.43134 46.1
500.00 1253.15 14.260821 37.605369 -184956.852836 6.072891 19.913392 4.447 62.3955 0.91886 14.3358 1.11681 3.40173 1.37624 1.6502 6.1426 3.25911 1.86377 1.1048 2.43463 46.4
500.00 1243.15 12.635722 33.140586 -164394.619103 5.391604 17.580539 4.592 63.1094 0.924457 14.1795 1.02546 3.10049 1.55324 1.51391 5.97701 3.05094 2.02527 1.10195 2.43839 46.5
500.00 1233.15 11.297898 29.469585 -147397.167526 4.828285 15.666731 4.727 63.73 0.930211 14.0413 0.942177 2.82829 1.73716 1.39409 5.82677 2.84091 2.18077 1.10649 2.44178 46.8
500.00 1223.15 10.181508 26.411320 -133157.537765 4.356451 14.074459 4.852 64.2737 0.935462 13.9195 0.866369 2.58238 1.92764 1.28768 5.68397 2.63467 2.3298 1.11347 2.44538 47.1
500.00 1213.15 9.234226 23.821490 -121036.032300 3.954947 12.727126 4.971 64.7608 0.939818 13.8097 0.797117 2.35886 2.11654 1.19183 5.54585 2.43544 2.47295 1.12205 2.44906 47.4
500.00 1203.15 8.313316 21.316659 -109352.626213 3.567770 11.418465 5.155 65.4999 0.943628 13.6792 0.72562 2.12971 2.11891 1.08932 5.37918 2.24149 2.63777 1.11484 2.44048 47.7
500.00 1193.15 7.505858 19.129671 -99068.281555 3.227361 10.275190 5.341 66.2007 0.945282 13.5599 0.660283 1.92114 2.10521 0.996363 5.21171 2.05869 2.80232 1.10746 2.43098 48.0
500.00 1183.15 6.792550 17.206481 -89946.211487 2.925826 9.268917 5.528 66.8634 0.944723 13.4505 0.600725 1.73169 2.07833 0.911964 5.04425 1.8873 2.96615 1.10019 2.42079 48.4
500.00 1173.15 6.157493 15.502693 -81791.006138 2.656642 8.376358 5.715 67.4885 0.94196 13.3498 0.546532 1.5599 2.04077 0.83523 4.87771 1.72721 3.12894 1.0933 2.41007 48.8
500.00 1163.15 5.536117 13.852633 -73756.631751 2.392350 7.508247 5.906 68.0821 0.928859 13.2623 0.497816 1.40549 1.9869 0.763233 4.70769 1.57715 3.30444 1.08585 2.39816 49.2
500.00 1153.15 4.691969 11.665772 -62691.824502 2.031264 6.343310 6.115 68.6545 0.870506 13.2189 0.455736 1.26982 1.88351 0.686571 4.51043 1.43064 3.56574 1.07299 2.38065 49.1
500.00 1143.15 3.919837 9.683566 -52517.865279 1.699747 5.283552 6.323 69.1639 0.816206 13.1933 0.416423 1.14377 1.77802 0.617722 4.31754 1.29209 3.83724 1.06209 2.36176 49.1
500.00 1133.15 3.207759 7.873320 -43086.791990 1.392947 4.311479 6.529 69.6102 0.765656 13.1844 0.379849 1.02727 1.67227 0.555918 4.12999 1.16173 4.11776 1.05328 2.34172 49.1
500.00 1123.15 2.545332 6.206859 -34269.636644 1.106638 3.411967 6.733 69.9945 0.718559 13.1909 0.345966 0.920169 1.56777 0.500469 3.94878 1.03976 4.40564 1.0467 2.32075 49.2

water thermodynamic data and composition:
Pressure Temperature mass S H V Cp formula
500.00 1523.15 0.082756 0.912370 -891.740691 1.172543 0.232154 H2O
500.00 1513.15 0.078497 0.863955 -848.039399 1.104035 0.220090 H2O
500.00 1503.15 0.074157 0.814814 -803.235474 1.035281 0.207821 H2O
500.00 1493.15 0.069736 0.764931 -757.300857 0.966282 0.195342 H2O
500.00 1483.15 0.065231 0.714290 -710.206616 0.897038 0.182646 H2O
500.00 1473.15 0.060640 0.662872 -661.922767 0.827550 0.169727 H2O
500.00 1463.15 0.055961 0.610662 -612.418075 0.757817 0.156577 H2O
500.00 1453.15 0.051193 0.557640 -561.660743 0.687841 0.143190 H2O
500.00 1443.15 0.046331 0.503788 -509.618013 0.617622 0.129558 H2O
500.00 1433.15 0.041375 0.449089 -456.256104 0.547163 0.115673 H2O
500.00 1423.15 0.036321 0.393522 -401.540179 0.476467 0.101527 H2O
500.00 1413.15 0.031167 0.337069 -345.434318 0.405535 0.087111 H2O
500.00 1403.15 0.029112 0.314270 -323.475476 0.375686 0.081364 H2O
500.00 1393.15 0.027645 0.297879 -307.946058 0.353787 0.077263 H2O
500.00 1383.15 0.093002 1.000240 -1038.578759 1.180184 0.259943 H2O
500.00 1373.15 0.153974 1.652866 -1723.765929 1.937273 0.430415 H2O
500.00 1363.15 0.243823 2.612386 -2736.457762 3.041311 0.681714 H2O
500.00 1353.15 0.394366 4.217223 -4437.047489 4.876202 1.102925 H2O
500.00 1343.15 0.625881 6.679987 -7059.354165 7.670482 1.751022 H2O
500.00 1333.15 0.778044 8.287733 -8797.372255 9.450041 2.177675 H2O
500.00 1323.15 0.985499 10.476775 -11170.666209 11.861351 2.759771 H2O
500.00 1313.15 1.126378 11.950518 -12799.092030 13.432540 3.156238 H2O
500.00 1303.15 1.238105 13.109371 -14103.351343 14.627596 3.471800 H2O
500.00 1293.15 1.332574 14.080841 -15216.843237 15.595260 3.739780 H2O
500.00 1283.15 1.411670 14.885854 -16159.689167 16.362976 3.965463 H2O
500.00 1273.15 1.477307 15.545500 -16952.567759 16.957728 4.154212 H2O
500.00 1263.15 1.531490 16.081674 -17617.418291 17.406712 4.311653 H2O
500.00 1253.15 1.576189 16.515757 -18176.021286 17.735875 4.443323 H2O
500.00 1243.15 1.614505 16.880746 -18663.406269 17.982852 4.557955 H2O
500.00 1233.15 1.646141 17.173968 -19075.633577 18.146479 4.654730 H2O
500.00 1223.15 1.672542 17.410856 -19428.897587 18.244686 4.737729 H2O
500.00 1213.15 1.694954 17.604710 -19737.302883 18.292664 4.810507 H2O
500.00 1203.15 1.717758 17.801176 -20051.659848 18.338482 4.885548 H2O
500.00 1193.15 1.737773 17.967292 -20334.776487 18.348305 4.953885 H2O
500.00 1183.15 1.755451 18.107896 -20591.739944 18.327749 5.016862 H2O
500.00 1173.15 1.771171 18.227026 -20826.819885 18.281458 5.075622 H2O
500.00 1163.15 1.786501 18.340895 -21058.351722 18.226036 5.134740 H2O
500.00 1153.15 1.807153 18.508002 -21353.816604 18.219112 5.210802 H2O
500.00 1143.15 1.825907 18.654132 -21628.153136 18.186715 5.283208 H2O
500.00 1133.15 1.843035 18.782183 -21884.471752 18.132109 5.352856 H2O
500.00 1123.15 1.858779 18.894674 -22125.507059 18.058093 5.420559 H2O

olivine_0 thermodynamic data and composition:
Pressure Temperature mass S H V Cp formula SiO2 TiO2 Al2O3 Fe2O3 FeO MnO MgO CaO Na2O K2O P2O5 H2O
500.00 1403.15 0.659497 1.558635 -8049.165465 0.199804 0.810983 (Ca0.01Mg0.82Fe''0.18Mn0.00Co0.00Ni0.00)2SiO4 39.4411 0 0 0 16.8602 0.291204 42.9905 0.417065 0 0 0 0
500.00 1393.15 1.466640 3.450549 -17826.292762 0.443133 1.797635 (Ca0.01Mg0.81Fe''0.19Mn0.00Co0.00Ni0.00)2SiO4 39.3356 0 0 0 17.4107 0.298638 42.5308 0.424226 0 0 0 0
500.00 1383.15 1.549294 3.625911 -18675.745950 0.465930 1.889422 (Ca0.01Mg0.80Fe''0.20Mn0.00Co0.00Ni0.00)2SiO4 39.1487 0 0 0 18.3956 0.323796 41.7277 0.404205 0 0 0 0
500.00 1373.15 1.661087 3.866597 -19845.580596 0.497098 2.015050 (Ca0.01Mg0.79Fe''0.21Mn0.00Co0.00Ni0.00)2SiO4 38.9504 0 0 0 19.4387 0.351478 40.8748 0.384725 0 0 0 0
500.00 1363.15 2.148116 4.971413 -25382.897933 0.639117 2.589748 (Ca0.01Mg0.77Fe''0.22Mn0.00Co0.00Ni0.00)2SiO4 38.7118 0 0 0 20.6859 0.388892 39.8468 0.366586 0 0 0 0
500.00 1353.15 3.342910 7.686128 -38902.816069 0.987048 3.998058 (Ca0.00Mg0.75Fe''0.24Mn0.00Co0.00Ni0.00)2SiO4 38.3927 0 0 0 22.3421 0.446033 38.4685 0.350656 0 0 0 0
500.00 1343.15 3.337121 7.642785 -38820.984909 0.984155 3.984084 (Ca0.00Mg0.75Fe''0.24Mn0.01Co0.00Ni0.00)2SiO4 38.3629 0 0 0 22.3623 0.607012 38.3478 0.320052 0 0 0 0
500.00 1333.15 3.644609 8.304771 -42116.244414 1.070680 4.331968 (Ca0.00Mg0.74Fe''0.25Mn0.01Co0.00Ni0.00)2SiO4 38.2116 0 0 0 23.0526 0.738322 37.6971 0.300437 0 0 0 0
500.00 1323.15 0.598020 1.355982 -6859.209707 0.174949 0.707221 (Ca0.00Mg0.73Fe''0.26Mn0.01Co0.00Ni0.00)2SiO4 38.0378 0 0 0 23.5962 1.1345 36.9405 0.291082 0 0 0 0
500.00 1213.15 0.007916 0.016717 -77.593622 0.002148 0.008556 (Ca0.00Mg0.49Fe''0.38Mn0.13Co0.00Ni0.00)2SiO4 34.783 0 0 0 31.9362 10.3207 22.6938 0.266291 0 0 0 0
500.00 1203.15 0.183396 0.384742 -1776.677177 0.049497 0.196881 (Ca0.00Mg0.47Fe''0.39Mn0.13Co0.00Ni0.00)2SiO4 34.5559 0 0 0 32.5161 10.966 21.7011 0.260945 0 0 0 0
500.00 1193.15 0.330733 0.689342 -3169.284977 0.088802 0.352790 (Ca0.00Mg0.46Fe''0.40Mn0.14Co0.00Ni0.00)2SiO4 34.3457 0 0 0 33.0521 11.565 20.7823 0.255006 0 0 0 0
500.00 1183.15 0.454467 0.941171 -4310.959049 0.121433 0.481852 (Ca0.00Mg0.44Fe''0.41Mn0.15Co0.00Ni0.00)2SiO4 34.1505 0 0 0 33.5492 12.1222 19.9295 0.248573 0 0 0 0
500.00 1173.15 0.558480 1.149241 -5247.564801 0.148545 0.588743 (Ca0.00Mg0.42Fe''0.42Mn0.16Co0.00Ni0.00)2SiO4 33.9686 0 0 0 34.0123 12.6419 19.1355 0.241742 0 0 0 0
500.00 1163.15 0.650441 1.329947 -6054.842190 0.172230 0.681847 (Ca0.00Mg0.41Fe''0.43Mn0.16Co0.00Ni0.00)2SiO4 33.7924 0 0 0 34.5039 13.1021 18.3668 0.234828 0 0 0 0
500.00 1153.15 0.749296 1.521701 -6898.007161 0.197390 0.780706 (Ca0.00Mg0.39Fe''0.44Mn0.17Co0.00Ni0.00)2SiO4 33.5957 0 0 0 35.2876 13.3758 17.512 0.228837 0 0 0 0
500.00 1143.15 0.830054 1.674467 -7563.575771 0.217623 0.859924 (Ca0.00Mg0.38Fe''0.45Mn0.17Co0.00Ni0.00)2SiO4 33.4153 0 0 0 36.0238 13.6097 16.7287 0.222415 0 0 0 0
500.00 1133.15 0.896079 1.795772 -8088.426701 0.233890 0.923352 (Ca0.00Mg0.36Fe''0.46Mn0.18Co0.00Ni0.00)2SiO4 33.2497 0 0 0 36.7154 13.8093 16.0099 0.215653 0 0 0 0
500.00 1123.15 0.950070 1.891606 -8501.350661 0.246956 0.974041 (Ca0.00Mg0.35Fe''0.47Mn0.18Co0.00Ni0.00)2SiO4 33.0972 0 0 0 37.3655 13.9796 15.349 0.208633 0 0 0 0

clinopyroxene_0 thermodynamic data and composition:
Pressure Temperature mass S H V Cp structure formula SiO2 TiO2 Al2O3 Fe2O3 FeO MnO MgO CaO Na2O K2O P2O5 H2O
500.00 1383.15 5.005904 11.382759 -64082.992726 1.537578 5.868315 cpx Na0.01Ca0.84Fe''0.16Mg0.82Fe'''0.08Ti0.03Al0.23Si1.82O6 49.3161 0.916694 5.38172 2.81127 5.21608 0 14.9286 21.2769 0.15263 0 0 0
500.00 1373.15 9.677895 21.920465 -123505.659962 2.963423 11.311052 cpx Na0.01Ca0.84Fe''0.17Mg0.80Fe'''0.08Ti0.03Al0.25Si1.81O6 48.7891 1.06632 5.77105 3.00879 5.49671 0 14.5511 21.1522 0.16484 0 0 0
500.00 1363.15 13.644998 30.783940 -173495.561968 4.164953 15.899000 cpx Na0.01Ca0.84Fe''0.18Mg0.79Fe'''0.09Ti0.03Al0.26Si1.80O6 48.3172 1.22398 6.05156 3.19526 5.844 0 14.2058 20.9843 0.177969 0 0 0
500.00 1353.15 16.374647 36.794692 -207208.370506 4.981762 19.020716 cpx Na0.01Ca0.83Fe''0.20Mg0.77Fe'''0.09Ti0.04Al0.27Si1.79O6 47.9761 1.38825 6.09442 3.35564 6.33435 0 13.9319 20.7268 0.192529 0 0 0
500.00 1343.15 21.272044 47.707412 -269912.576597 6.488922 24.795465 cpx Na0.01Ca0.80Fe''0.21Mg0.81Fe'''0.08Ti0.03Al0.23Si1.82O6 49.067 1.01911 5.33432 2.85448 6.73375 0 14.6905 20.1043 0.196488 0 0 0
500.00 1333.15 23.586553 52.742548 -298973.593422 7.192230 27.501793 cpx Na0.01Ca0.78Fe''0.22Mg0.83Fe'''0.08Ti0.03Al0.22Si1.83O6 49.4129 0.925738 5.0158 2.68513 7.18614 0 14.9561 19.6151 0.203052 0 0 0
500.00 1323.15 24.767745 55.163947 -314003.691108 7.549578 28.854855 cpx Na0.02Ca0.78Fe''0.23Mg0.83Fe'''0.07Ti0.03Al0.21Si1.84O6 49.582 0.895872 4.8322 2.60344 7.34717 0 14.9792 19.543 0.217219 0 0 0
500.00 1313.15 25.031666 55.497887 -317223.054240 7.624100 29.111917 cpx Na0.02Ca0.78Fe''0.23Mg0.82Fe'''0.07Ti0.02Al0.20Si1.85O6 49.6619 0.891984 4.67459 2.55737 7.51482 0 14.8572 19.6139 0.228226 0 0 0
500.00 1303.15 25.137757 55.475023 -318413.893314 7.650025 29.182658 cpx Na0.02Ca0.78Fe''0.24Mg0.82Fe'''0.07Ti0.02Al0.20Si1.85O6 49.7282 0.891348 4.52627 2.51044 7.6924 0 14.727 19.6878 0.236536 0 0 0
500.00 1293.15 25.185449 55.320109 -318914.545360 7.658364 29.185744 cpx Na0.02Ca0.79Fe''0.24Mg0.81Fe'''0.07Ti0.03Al0.19Si1.85O6 49.7824 0.894415 4.39539 2.46295 7.85121 0 14.5973 19.7732 0.243135 0 0 0
500.00 1283.15 25.193776 55.076833 -318963.468453 7.654905 29.143566 cpx Na0.02Ca0.79Fe''0.25Mg0.80Fe'''0.07Ti0.03Al0.19Si1.86O6 49.8241 0.90158 4.28201 2.41547 7.99214 0 14.4685 19.868 0.24817 0 0 0
500.00 1273.15 25.170813 54.764273 -318661.948279 7.642124 29.065809 cpx Na0.02Ca0.80Fe''0.25Mg0.80Fe'''0.07Ti0.03Al0.18Si1.86O6 49.8537 0.912968 4.18546 2.36834 8.11546 0 14.3416 19.9706 0.251876 0 0 0
500.00 1263.15 25.121458 54.394268 -318070.995275 7.621538 28.958454 cpx Na0.02Ca0.80Fe''0.26Mg0.79Fe'''0.07Ti0.03Al0.18Si1.86O6 49.8725 0.928494 4.10447 2.32174 8.22143 0 14.2174 20.0795 0.254533 0 0 0
500.00 1253.15 25.050260 53.977640 -317246.205136 7.594555 28.827012 cpx Na0.02Ca0.81Fe''0.26Mg0.78Fe'''0.06Ti0.03Al0.18Si1.86O6 49.8818 0.947951 4.03741 2.27576 8.31069 0 14.0969 20.193 0.256414 0 0 0
500.00 1243.15 24.956377 53.512740 -316147.004697 7.560681 28.669700 cpx Na0.02Ca0.81Fe''0.26Mg0.78Fe'''0.06Ti0.03Al0.18Si1.86O6 49.8819 0.971594 3.98011 2.23045 8.39381 0 13.9767 20.3078 0.257599 0 0 0
500.00 1233.15 24.849867 53.022527 -314928.941990 7.523255 28.499328 cpx Na0.02Ca0.82Fe''0.26Mg0.77Fe'''0.06Ti0.03Al0.17Si1.86O6 49.8749 0.998843 3.93439 2.18586 8.46052 0 13.8618 20.4252 0.258433 0 0 0
500.00 1223.15 24.734809 52.516042 -313638.041529 7.483490 28.320551 cpx Na0.02Ca0.82Fe''0.27Mg0.77Fe'''0.06Ti0.03Al0.17Si1.86O6 49.8618 1.02954 3.89867 2.14199 8.5127 0 13.752 20.5442 0.259067 0 0 0
500.00 1213.15 24.614044 51.999395 -312301.423727 7.442178 28.136393 cpx Na0.02Ca0.83Fe''0.27Mg0.76Fe'''0.06Ti0.03Al0.17Si1.86O6 49.8426 1.06384 3.87159 2.0989 8.55331 0 13.6465 20.6636 0.259588 0 0 0
500.00 1203.15 24.473815 51.441073 -310648.777019 7.394134 27.927077 cpx Na0.02Ca0.83Fe''0.27Mg0.75Fe'''0.06Ti0.03Al0.17Si1.86O6 49.8061 1.10756 3.84852 2.05744 8.6149 0 13.5269 20.7791 0.259455 0 0 0
500.00 1193.15 24.333295 50.884517 -309018.397379 7.346162 27.718584 cpx Na0.02Ca0.84Fe''0.27Mg0.75Fe'''0.06Ti0.03Al0.17Si1.86O6 49.7624 1.15609 3.83452 2.01712 8.66436 0 13.4109 20.8951 0.259435 0 0 0
500.00 1183.15 24.194687 50.334247 -307434.362646 7.298892 27.513289 cpx Na0.02Ca0.84Fe''0.27Mg0.74Fe'''0.06Ti0.03Al0.17Si1.86O6 49.7111 1.20971 3.8293 1.97808 8.70282 0 13.2982 21.0112 0.259591 0 0 0
500.00 1173.15 24.059801 49.793850 -305915.770560 7.252822 27.313079 cpx Na0.02Ca0.85Fe''0.27Mg0.74Fe'''0.05Ti0.04Al0.17Si1.86O6 49.6517 1.26883 3.83282 1.94049 8.73137 0 13.188 21.1268 0.25997 0 0 0
500.00 1163.15 23.928901 49.264048 -304416.131684 7.208026 27.117615 cpx Na0.02Ca0.85Fe''0.28Mg0.73Fe'''0.05Ti0.04Al0.17Si1.86O6 49.6011 1.31742 3.83247 1.90423 8.77382 0 13.0785 21.2324 0.260134 0 0 0
500.00 1153.15 23.794513 48.731187 -302636.107579 7.162550 26.916547 cpx Na0.02Ca0.86Fe''0.28Mg0.73Fe'''0.05Ti0.04Al0.17Si1.86O6 49.6448 1.27756 3.76764 1.8671 8.93337 0 12.9657 21.2861 0.257801 0 0 0
500.00 1143.15 23.662301 48.204610 -300922.789183 7.117971 26.719135 cpx Na0.02Ca0.86Fe''0.29Mg0.72Fe'''0.05Ti0.04Al0.16Si1.87O6 49.6824 1.24364 3.71045 1.83 9.07648 0 12.8576 21.3438 0.255675 0 0 0
500.00 1133.15 23.532731 47.685286 -299281.849596 7.074461 26.525997 cpx Na0.02Ca0.86Fe''0.29Mg0.71Fe'''0.05Ti0.03Al0.16Si1.87O6 49.7155 1.21475 3.65981 1.79272 9.20347 0 12.755 21.405 0.253732 0 0 0
500.00 1123.15 23.406142 47.173866 -297716.753461 7.032140 26.337558 cpx Na0.02Ca0.86Fe''0.29Mg0.71Fe'''0.05Ti0.03Al0.16Si1.87O6 49.7453 1.19013 3.6148 1.75511 9.3148 0 12.6587 21.4692 0.251946 0 0 0

spinel_0 thermodynamic data and composition:
Pressure Temperature mass S H V Cp formula SiO2 TiO2 Al2O3 Fe2O3 FeO MnO MgO CaO Na2O K2O P2O5 H2O
500.00 1343.15 4.204280 8.818917 -24942.762503 0.916505 3.998397 Fe''0.91Mg0.35Fe'''1.18Al0.30Cr0.00Ti0.26O4 0 9.88274 7.38813 44.7927 31.2976 0 6.63882 0 0 0 0 0
500.00 1333.15 5.445672 11.359547 -31859.506011 1.181786 5.153551 Fe''0.94Mg0.33Fe'''1.18Al0.28Cr0.00Ti0.27O4 0 10.1975 6.76315 44.7195 32.0524 0 6.26747 0 0 0 0 0
500.00 1323.15 6.740421 13.983935 -38952.645597 1.456997 6.352091 Fe''0.96Mg0.31Fe'''1.19Al0.26Cr0.00Ti0.27O4 0 10.3319 6.27121 44.8679 32.5774 0 5.95154 0 0 0 0 0
500.00 1313.15 7.346447 15.152552 -41837.764575 1.580559 6.889409 Fe''0.99Mg0.29Fe'''1.20Al0.24Cr0.00Ti0.28O4 0 10.5711 5.70498 44.8535 33.3239 0 5.54655 0 0 0 0 0
500.00 1303.15 7.683464 15.759083 -43205.846452 1.646084 7.173695 Fe''1.02Mg0.28Fe'''1.20Al0.22Cr0.00Ti0.29O4 0 10.8341 5.20728 44.7301 34.054 0 5.17453 0 0 0 0 0
500.00 1293.15 7.888272 16.093197 -43899.826796 1.683805 7.336756 Fe''1.04Mg0.26Fe'''1.20Al0.20Cr0.00Ti0.30O4 0 11.0857 4.79195 44.5588 34.7117 0 4.85195 0 0 0 0 0
500.00 1283.15 7.996012 16.230003 -44123.552718 1.701396 7.411985 Fe''1.06Mg0.24Fe'''1.20Al0.19Cr0.00Ti0.31O4 0 11.3299 4.44111 44.3476 35.3116 0 4.56982 0 0 0 0 0
500.00 1273.15 8.033233 16.225558 -44023.254284 1.704575 7.424274 Fe''1.08Mg0.23Fe'''1.20Al0.18Cr0.00Ti0.31O4 0 11.5682 4.14181 44.1055 35.863 0 4.32146 0 0 0 0 0
500.00 1263.15 8.020289 16.122280 -43705.429817 1.697667 7.392467 Fe''1.10Mg0.22Fe'''1.19Al0.17Cr0.00Ti0.32O4 0 11.8004 3.88402 43.8417 36.3725 0 4.10145 0 0 0 0 0
500.00 1253.15 7.972475 15.951638 -43246.189737 1.683877 7.330549 Fe''1.12Mg0.21Fe'''1.19Al0.16Cr0.00Ti0.33O4 0 12.0256 3.65978 43.5647 36.8447 0 3.90521 0 0 0 0 0
500.00 1243.15 7.893666 15.721747 -42657.872173 1.663942 7.241637 Fe''1.13Mg0.20Fe'''1.18Al0.15Cr0.00Ti0.33O4 0 12.2631 3.45566 43.2489 37.3076 0 3.7247 0 0 0 0 0
500.00 1233.15 7.798991 15.463168 -42018.576296 1.641067 7.139840 Fe''1.15Mg0.19Fe'''1.18Al0.14Cr0.00Ti0.34O4 0 12.4894 3.27582 42.9359 37.7367 0 3.5622 0 0 0 0 0
500.00 1223.15 7.694039 15.186958 -41351.419003 1.616368 7.030056 Fe''1.16Mg0.19Fe'''1.17Al0.13Cr0.00Ti0.35O4 0 12.7048 3.11546 42.6288 38.1364 0 3.4145 0 0 0 0 0
500.00 1213.15 7.580100 14.895630 -40658.191211 1.590069 6.913249 Fe''1.18Mg0.18Fe'''1.16Al0.13Cr0.00Ti0.35O4 0 12.9134 2.97011 42.3239 38.514 0 3.27865 0 0 0 0 0
500.00 1203.15 7.403160 14.484311 -39660.027943 1.550852 6.739437 Fe''1.19Mg0.17Fe'''1.15Al0.12Cr0.00Ti0.36O4 0 13.212 2.81644 41.8555 38.972 0 3.14404 0 0 0 0 0
500.00 1193.15 7.223383 14.071009 -38665.675170 1.511333 6.564271 Fe''1.21Mg0.16Fe'''1.14Al0.12Cr0.00Ti0.37O4 0 13.5041 2.67631 41.3898 39.4095 0 3.0203 0 0 0 0 0
500.00 1183.15 7.041952 13.657862 -37676.876773 1.471713 6.388680 Fe''1.22Mg0.16Fe'''1.13Al0.11Cr0.00Ti0.38O4 0 13.788 2.5478 40.9309 39.8276 0 2.90568 0 0 0 0 0
500.00 1173.15 6.859327 13.245622 -36692.362162 1.432052 6.212963 Fe''1.24Mg0.15Fe'''1.12Al0.11Cr0.00Ti0.39O4 0 14.0626 2.42934 40.4825 40.2268 0 2.79874 0 0 0 0 0
500.00 1163.15 6.620889 12.726841 -35376.904723 1.380599 5.987394 Fe''1.25Mg0.15Fe'''1.11Al0.10Cr0.00Ti0.39O4 0 14.2298 2.32587 40.22 40.5395 0 2.68481 0 0 0 0 0
500.00 1153.15 6.085967 11.633166 -32286.753592 1.265969 5.494214 Fe''1.25Mg0.14Fe'''1.13Al0.10Cr0.00Ti0.38O4 0 13.8466 2.26469 40.9362 40.4444 0 2.50816 0 0 0 0 0
500.00 1143.15 5.578412 10.603640 -29399.902019 1.157754 5.028066 Fe''1.24Mg0.13Fe'''1.16Al0.10Cr0.00Ti0.37O4 0 13.4763 2.20852 41.6312 40.3345 0 2.34949 0 0 0 0 0
500.00 1133.15 5.097229 9.635224 -26701.008896 1.055633 4.587638 Fe''1.24Mg0.12Fe'''1.18Al0.09Cr0.00Ti0.36O4 0 13.1175 2.15673 42.3074 40.2121 0 2.20632 0 0 0 0 0
500.00 1123.15 4.641348 8.724845 -24176.116478 0.959287 4.171630 Fe''1.24Mg0.11Fe'''1.20Al0.09Cr0.00Ti0.36O4 0 12.7687 2.10878 42.9668 40.0791 0 2.07655 0 0 0 0 0

apatite thermodynamic data and composition:
Pressure Temperature mass S H V Cp formula
500.00 1243.15 0.043208 0.095024 -533.329005 0.014109 0.049481 Ca5(PO4)3OH
500.00 1233.15 0.076780 0.168144 -948.582708 0.025071 0.087812 Ca5(PO4)3OH
500.00 1223.15 0.104245 0.227321 -1289.096641 0.034039 0.119069 Ca5(PO4)3OH
500.00 1213.15 0.127261 0.276319 -1575.168491 0.041555 0.145167 Ca5(PO4)3OH
500.00 1203.15 0.153052 0.330875 -1896.145812 0.049977 0.174354 Ca5(PO4)3OH
500.00 1193.15 0.175597 0.377943 -2177.440926 0.057338 0.199765 Ca5(PO4)3OH
500.00 1183.15 0.195399 0.418695 -2425.212960 0.063804 0.221987 Ca5(PO4)3OH
500.00 1173.15 0.212883 0.454109 -2644.641787 0.069514 0.241514 Ca5(PO4)3OH
500.00 1163.15 0.229884 0.488142 -2858.442715 0.075065 0.260433 Ca5(PO4)3OH
500.00 1153.15 0.252933 0.534613 -3147.909555 0.082591 0.286135 Ca5(PO4)3OH
500.00 1143.15 0.273487 0.575365 -3406.813417 0.089303 0.308939 Ca5(PO4)3OH
500.00 1133.15 0.291996 0.611409 -3640.677054 0.095347 0.329361 Ca5(PO4)3OH
500.00 1123.15 0.308853 0.643618 -3854.325044 0.100851 0.347854 Ca5(PO4)3OH

rhm-oxide_0 thermodynamic data and composition:
Pressure Temperature mass S H V Cp formula SiO2 TiO2 Al2O3 Fe2O3 FeO MnO MgO CaO Na2O K2O P2O5 H2O
500.00 1163.15 0.040486 0.076060 -301.516370 0.008751 0.036949 Mn0.05Fe''0.73Mg0.10Fe'''0.23Ti0.89O3 0 47.4715 0 12.0493 35.1194 2.58059 2.77921 0 0 0 0 0
500.00 1153.15 0.297209 0.555652 -2210.130180 0.064157 0.270904 Mn0.05Fe''0.74Mg0.10Fe'''0.22Ti0.89O3 0 47.4481 0 11.9694 35.383 2.57899 2.62042 0 0 0 0 0
500.00 1143.15 0.529088 0.984356 -3930.049980 0.114074 0.481659 Mn0.05Fe''0.74Mg0.09Fe'''0.22Ti0.89O3 0 47.4384 0 11.8774 35.6345 2.5703 2.47938 0 0 0 0 0
500.00 1133.15 0.738618 1.367468 -5482.050234 0.159076 0.671571 Mn0.05Fe''0.75Mg0.09Fe'''0.22Ti0.89O3 0 47.4404 0 11.7748 35.8756 2.55588 2.35333 0 0 0 0 0
500.00 1123.15 0.927998 1.709638 -6884.006671 0.199663 0.842710 Mn0.05Fe''0.75Mg0.08Fe'''0.22Ti0.89O3 0 47.4525 0 11.6629 36.1078 2.53687 2.23996 0 0 0 0 0

orthopyroxene_0 thermodynamic data and composition:
Pressure Temperature mass S H V Cp structure formula SiO2 TiO2 Al2O3 Fe2O3 FeO MnO MgO CaO Na2O K2O P2O5 H2O
500.00 1323.15 5.537529 12.662690 -68621.725793 1.677673 6.794650 opx Na0.00Ca0.07Fe''0.44Mg1.42Fe'''0.03Ti0.00Al0.10Si1.93O6 53.5168 0.128044 2.38604 1.0974 14.6529 0 26.3948 1.80395 0.0200932 0 0 0
500.00 1313.15 7.746345 17.623056 -95654.239138 2.342026 9.477135 opx Na0.00Ca0.07Fe''0.46Mg1.41Fe'''0.03Ti0.00Al0.10Si1.94O6 53.4883 0.116891 2.25947 1.04858 15.1913 0 26.0551 1.81968 0.0207152 0 0 0
500.00 1303.15 8.902299 20.147512 -109512.928807 2.685622 10.858386 opx Na0.00Ca0.07Fe''0.48Mg1.39Fe'''0.03Ti0.00Al0.09Si1.94O6 53.4444 0.107034 2.14421 1.00256 15.7535 0 25.6964 1.83089 0.0210139 0 0 0
500.00 1293.15 9.874720 22.232133 -121040.710921 2.972604 12.009161 opx Na0.00Ca0.07Fe''0.50Mg1.37Fe'''0.03Ti0.00Al0.09Si1.94O6 53.3955 0.0987464 2.04421 0.959956 16.2907 0 25.3555 1.83428 0.0210939 0 0 0
500.00 1283.15 10.710883 23.989434 -130845.467602 3.217571 12.989042 opx Na0.00Ca0.07Fe''0.51Mg1.36Fe'''0.03Ti0.00Al0.08Si1.94O6 53.3426 0.0917787 1.95801 0.920465 16.8043 0 25.0313 1.83055 0.0209823 0 0 0
500.00 1273.15 11.445829 25.502418 -139377.021700 3.431338 13.842100 opx Na0.00Ca0.07Fe''0.53Mg1.35Fe'''0.02Ti0.00Al0.08Si1.95O6 53.2868 0.0859078 1.88402 0.883754 17.2946 0 24.7238 1.8204 0.0207146 0 0 0
500.00 1263.15 12.104704 26.830484 -146958.146105 3.621671 14.599935 opx Na0.00Ca0.07Fe''0.54Mg1.33Fe'''0.02Ti0.00Al0.08Si1.95O6 53.2293 0.0809329 1.82056 0.84947 17.7616 0 24.4331 1.80462 0.0203286 0 0 0
500.00 1253.15 12.705116 28.015158 -153814.651079 3.794008 15.284654 opx Na0.00Ca0.07Fe''0.56Mg1.32Fe'''0.02Ti0.00Al0.08Si1.95O6 53.1714 0.076678 1.76597 0.817271 18.2058 0 24.159 1.78399 0.0198586 0 0 0
500.00 1243.15 13.287086 29.145223 -160412.622483 3.960156 15.943832 opx Na0.00Ca0.07Fe''0.57Mg1.31Fe'''0.02Ti0.00Al0.07Si1.95O6 53.1102 0.0729267 1.7173 0.786644 18.6458 0 23.888 1.75981 0.0193148 0 0 0
500.00 1233.15 13.825322 30.167220 -166479.590391 4.112922 16.548683 opx Na0.00Ca0.07Fe''0.59Mg1.30Fe'''0.02Ti0.00Al0.07Si1.95O6 53.0503 0.069659 1.67521 0.757632 19.0626 0 23.6339 1.7319 0.0187381 0 0 0
500.00 1223.15 14.328291 31.100908 -172121.073631 4.254898 17.109692 opx Na0.00Ca0.07Fe''0.60Mg1.29Fe'''0.02Ti0.00Al0.07Si1.95O6 52.9919 0.0667677 1.63846 0.729996 19.459 0 23.3948 1.70094 0.0181448 0 0 0
500.00 1213.15 14.797369 31.950161 -177351.671504 4.386503 17.628586 opx Na0.00Ca0.07Fe''0.61Mg1.27Fe'''0.02Ti0.00Al0.07Si1.95O6 52.9345 0.0641696 1.60596 0.703535 19.8399 0 23.1669 1.66749 0.0175429 0 0 0
500.00 1203.15 15.166386 32.569788 -181276.554078 4.487143 18.022508 opx Na0.00Ca0.06Fe''0.63Mg1.26Fe'''0.02Ti0.00Al0.07Si1.96O6 52.8641 0.0617667 1.57336 0.677535 20.2694 0 22.9043 1.63257 0.0168613 0 0 0
500.00 1193.15 15.549181 33.210445 -185367.516961 4.591660 18.431790 opx Na0.00Ca0.06Fe''0.64Mg1.25Fe'''0.02Ti0.00Al0.07Si1.96O6 52.7953 0.0595864 1.54432 0.652579 20.6833 0 22.6533 1.59537 0.0161905 0 0 0
500.00 1183.15 15.941230 33.861898 -189568.169609 4.698687 18.850907 opx Na0.00Ca0.06Fe''0.65Mg1.24Fe'''0.02Ti0.00Al0.07Si1.96O6 52.7278 0.0575798 1.51834 0.628592 21.0834 0 22.4125 1.55624 0.0155347 0 0 0
500.00 1173.15 16.339437 34.517121 -193839.265065 4.807284 19.276061 opx Na0.00Ca0.06Fe''0.67Mg1.23Fe'''0.02Ti0.00Al0.07Si1.96O6 52.6615 0.0557081 1.49505 0.605521 21.4715 0 22.1803 1.5155 0.014896 0 0 0
500.00 1163.15 16.767302 35.222918 -198395.055797 4.923686 19.732181 opx Na0.00Ca0.06Fe''0.68Mg1.22Fe'''0.02Ti0.00Al0.06Si1.96O6 52.5867 0.0534244 1.47528 0.584895 21.8807 0 21.9313 1.47343 0.0142672 0 0 0
500.00 1153.15 17.342518 36.213749 -204331.787550 5.079319 20.345009 opx Na0.00Ca0.06Fe''0.70Mg1.20Fe'''0.02Ti0.00Al0.06Si1.96O6 52.4604 0.0486207 1.46477 0.573773 22.4526 0 21.5565 1.42967 0.0136104 0 0 0
500.00 1143.15 17.915388 37.185894 -210227.346542 5.233801 20.953032 opx Na0.00Ca0.06Fe''0.72Mg1.18Fe'''0.02Ti0.00Al0.06Si1.96O6 52.338 0.0444177 1.45715 0.56288 23.0025 0 21.1984 1.38379 0.0129758 0 0 0
500.00 1133.15 18.481795 38.130958 -216037.912499 5.385981 21.551652 opx Na0.00Ca0.05Fe''0.74Mg1.17Fe'''0.02Ti0.00Al0.06Si1.96O6 52.2195 0.0407161 1.45207 0.552133 23.5303 0 20.8566 1.33629 0.0123633 0 0 0
500.00 1123.15 19.038743 39.043020 -221732.716410 5.535040 22.137596 opx Na0.00Ca0.05Fe''0.76Mg1.15Fe'''0.02Ti0.00Al0.06Si1.96O6 52.105 0.0374355 1.44928 0.541472 24.0367 0 20.5307 1.28761 0.0117724 0 0 0

feldspar_0 thermodynamic data and composition:
Pressure Temperature mass S H V Cp formula SiO2 TiO2 Al2O3 Fe2O3 FeO MnO MgO CaO Na2O K2O P2O5 H2O
500.00 1363.15 1.430247 3.346190 -19937.957631 0.532202 1.742376 K0.00Na0.16Ca0.84Al1.84Si2.16O8 47.0068 0 34.0732 0 0 0 0 17.1424 1.74451 0.0330554 0 0
500.00 1353.15 5.697515 13.299466 -79469.167940 2.122456 6.935514 K0.00Na0.17Ca0.82Al1.82Si2.18O8 47.4536 0 33.7711 0 0 0 0 16.7888 1.94793 0.0385983 0 0
500.00 1343.15 11.626936 27.114114 -162219.699707 4.341453 14.146312 K0.00Na0.21Ca0.79Al1.79Si2.21O8 48.3114 0 33.1915 0 0 0 0 16.1106 2.3401 0.0464623 0 0
500.00 1333.15 15.937583 37.105860 -222451.142096 5.961904 19.378993 K0.00Na0.24Ca0.76Al1.76Si2.24O8 48.9998 0 32.7259 0 0 0 0 15.5657 2.65353 0.0550382 0 0
500.00 1323.15 21.170450 49.223119 -295578.578236 7.936624 25.727484 K0.00Na0.27Ca0.73Al1.73Si2.27O8 49.8079 0 32.1778 0 0 0 0 14.9251 3.01754 0.0716726 0 0
500.00 1313.15 25.256395 58.617096 -352760.643087 9.485519 30.673171 K0.01Na0.29Ca0.70Al1.70Si2.30O8 50.4958 0 31.7108 0 0 0 0 14.3792 3.32612 0.0880289 0 0
500.00 1303.15 28.631835 66.308010 -400080.786321 10.769794 34.747724 K0.01Na0.32Ca0.68Al1.68Si2.32O8 51.0962 0 31.3026 0 0 0 0 13.9024 3.59379 0.105094 0 0
500.00 1293.15 31.476155 72.715684 -440038.184459 11.855037 38.169734 K0.01Na0.34Ca0.66Al1.66Si2.34O8 51.6159 0 30.9484 0 0 0 0 13.4889 3.82338 0.123468 0 0
500.00 1283.15 33.846700 77.974419 -473432.562303 12.761174 41.192521 K0.01Na0.35Ca0.64Al1.64Si2.36O8 52.0518 0 30.6505 0 0 0 0 13.1414 4.01376 0.14261 0 0
500.00 1273.15 35.804676 82.231511 -501113.157076 13.510295 43.544641 K0.01Na0.37Ca0.62Al1.62Si2.38O8 52.4087 0 30.4057 0 0 0 0 12.8562 4.16742 0.16198 0 0
500.00 1263.15 37.414000 85.641578 -523965.960106 14.126055 45.465554 K0.01Na0.38Ca0.61Al1.61Si2.39O8 52.696 0 30.2079 0 0 0 0 12.6259 4.28906 0.181138 0 0
500.00 1253.15 38.736529 88.354423 -542848.044134 14.631703 47.031508 K0.01Na0.38Ca0.60Al1.60Si2.40O8 52.9253 0 30.0493 0 0 0 0 12.4416 4.38411 0.199793 0 0
500.00 1243.15 39.860636 90.580367 -558985.442391 15.060922 48.351016 K0.01Na0.39Ca0.60Al1.60Si2.40O8 53.1118 0 29.9193 0 0 0 0 12.2909 4.45909 0.218948 0 0
500.00 1233.15 40.786010 92.323583 -572370.394224 15.413515 49.424503 K0.01Na0.40Ca0.59Al1.59Si2.41O8 53.2588 0 29.8161 0 0 0 0 12.1714 4.51628 0.237338 0 0
500.00 1223.15 41.555511 93.687608 -583596.482374 15.705931 50.304969 K0.01Na0.40Ca0.59Al1.59Si2.41O8 53.3755 0 29.7336 0 0 0 0 12.0761 4.55981 0.255015 0 0
500.00 1213.15 42.205060 94.758659 -593161.718573 15.951973 51.036777 K0.02Na0.40Ca0.58Al1.58Si2.42O8 53.4685 0 29.6671 0 0 0 0 11.9995 4.59281 0.272061 0 0
500.00 1203.15 42.836292 95.767719 -602489.594609 16.190145 51.743197 K0.02Na0.40Ca0.58Al1.58Si2.42O8 53.5408 0 29.6145 0 0 0 0 11.9393 4.61614 0.28923 0 0
500.00 1193.15 43.377966 96.558045 -610575.401399 16.393770 52.338803 K0.02Na0.41Ca0.58Al1.58Si2.42O8 53.5985 0 29.5718 0 0 0 0 11.8906 4.6328 0.306247 0 0
500.00 1183.15 43.845059 97.166117 -617625.932903 16.568655 52.842284 K0.02Na0.41Ca0.57Al1.57Si2.43O8 53.645 0 29.5367 0 0 0 0 11.8508 4.64432 0.323192 0 0
500.00 1173.15 44.249615 97.621243 -623807.470604 16.719475 53.268715 K0.02Na0.41Ca0.57Al1.57Si2.43O8 53.683 0 29.5073 0 0 0 0 11.8176 4.6519 0.340155 0 0
500.00 1163.15 44.634944 98.020676 -629724.419361 16.862687 53.670398 K0.02Na0.41Ca0.57Al1.57Si2.43O8 53.7141 0 29.4821 0 0 0 0 11.7896 4.65517 0.35901 0 0
500.00 1153.15 45.158175 98.708088 -637573.622021 17.057713 54.234770 K0.02Na0.41Ca0.57Al1.57Si2.43O8 53.7375 0 29.4595 0 0 0 0 11.7655 4.64801 0.389471 0 0
500.00 1143.15 45.629558 99.267439 -644695.914803 17.232994 54.735585 K0.02Na0.41Ca0.57Al1.57Si2.43O8 53.758 0 29.4383 0 0 0 0 11.7432 4.63803 0.422463 0 0
500.00 1133.15 46.059180 99.722304 -651230.978512 17.392415 55.185504 K0.03Na0.41Ca0.57Al1.57Si2.43O8 53.7768 0 29.4176 0 0 0 0 11.7217 4.62562 0.458309 0 0
500.00 1123.15 46.455689 100.092700 -657298.591826 17.539304 55.595481 K0.03Na0.40Ca0.57Al1.57Si2.43O8 53.7951 0 29.3965 0 0 0 0 11.7 4.61107 0.497341 0 0
