Title: Hr

Phase Volumes:
Pressure Temperature mass V liquid_0 olivine_0 feldspar_0 
500.00 1523.15 98.074491 36.051889 36.051889 0.000000 0.000000 
500.00 1513.15 98.075154 36.028323 36.028323 0.000000 0.000000 
500.00 1503.15 98.075858 36.004791 36.004791 0.000000 0.000000 
500.00 1493.15 98.076604 35.981293 35.981293 0.000000 0.000000 
500.00 1483.15 98.076993 35.937752 35.486464 0.000000 0.451287 
500.00 1473.15 96.873298 35.398483 33.947726 0.000000 1.450757 
500.00 1463.15 93.006563 33.864413 32.514876 0.000000 1.349538 
500.00 1453.15 89.407239 32.354511 29.721918 0.584506 2.048086 
