Title: Hr

System Thermodynamic Data:
Pressure Temperature mass F phi S H V dVdP*10^6 dVdT*10^6 Cp logfO2(absolute) logfO2-NNO rhol rhos viscosity aH2O chisqr
500.00 1523.15 98.074491 1.0000000000000000 1.000000 265.191538 -1163353.307011 36.051889 -198.853972 2415.316909 146.290772 -7.007 0.000 2.720370 0.000000 2.068 0 0.000
500.00 1513.15 98.075154 1.0000000000000000 1.000000 264.229196 -1164825.942909 36.028323 -199.039974 2415.465501 146.294175 -7.116 0.000 2.722168 0.000000 2.109 0 0.000
500.00 1503.15 98.075858 1.0000000000000000 1.000000 263.260495 -1166299.247162 36.004791 -199.227247 2415.623241 146.297787 -7.225 0.000 2.723967 0.000000 2.151 0 0.000
500.00 1493.15 98.076604 1.0000000000000000 1.000000 262.285347 -1167773.244473 35.981293 -199.415864 2415.790410 146.301614 -7.336 0.000 2.725767 0.000000 2.194 0 0.000
500.00 1483.15 98.076993 0.9877224068957206 0.987443 261.029940 -1169647.411342 35.937752 -197.339994 2402.040426 145.974293 -7.449 0.000 2.729853 2.668255 2.223 0 0.000
500.00 1473.15 96.873298 0.9600797629669055 0.959016 256.240728 -1155773.726765 35.398483 -189.545470 2347.285802 140.408598 -7.563 0.000 2.739686 2.665646 2.216 0 0.000
500.00 1463.15 93.006563 0.9613615708156343 0.960149 245.036958 -1105005.591192 33.864413 -180.767031 2272.547223 134.796330 -7.679 0.000 2.749909 2.662858 2.206 0 0.000
500.00 1453.15 89.407239 0.9174583220269009 0.918633 233.591668 -1059212.850659 32.354511 -167.137095 2138.609181 128.106810 -7.796 0.000 2.759829 2.803253 2.238 0 0.000
