Title: Nd2

System Thermodynamic Data:
Pressure Temperature mass F phi S H V dVdP*10^6 dVdT*10^6 Cp logfO2(absolute) logfO2-NNO rhol rhos viscosity aH2O chisqr
500.00 1523.15 100.093345 1.0000000000000000 1.000000 288.192001 -1209571.108790 40.640731 -541.701935 4834.331280 150.570449 -7.007 0.000 2.462883 0.000000 1.932 0.954525 0.000
500.00 1513.15 100.093895 1.0000000000000000 1.000000 287.201271 -1211084.748612 40.592901 -539.518009 4829.154612 150.566837 -7.116 0.000 2.465798 0.000000 1.972 0.951135 0.000
500.00 1503.15 100.094479 1.0000000000000000 1.000000 286.204032 -1212598.871919 40.545153 -537.338437 4823.860790 150.563389 -7.225 0.000 2.468716 0.000000 2.013 0.947713 0.000
500.00 1493.15 100.095098 1.0000000000000000 1.000000 285.200195 -1214113.498856 40.497487 -535.163280 4818.450049 150.560111 -7.336 0.000 2.471637 0.000000 2.054 0.944259 0.000
500.00 1483.15 100.095753 1.0000000000000000 1.000000 284.189670 -1215628.650422 40.449907 -532.992601 4812.922630 150.557006 -7.449 0.000 2.474561 0.000000 2.096 0.940774 0.000
500.00 1473.15 100.096445 1.0000000000000000 1.000000 283.190637 -1217117.366316 40.402413 -530.826467 4807.278785 146.611917 -7.563 0.000 2.477487 0.000000 2.139 0.937257 0.000
500.00 1463.15 100.097175 1.0000000000000000 1.000000 282.193341 -1218594.158094 40.355009 -528.664947 4801.518778 146.599136 -7.679 0.000 2.480415 0.000000 2.182 0.933708 0.000
500.00 1453.15 100.097945 1.0000000000000000 1.000000 281.189329 -1220071.435255 40.307695 -526.508113 4795.642883 146.585891 -7.796 0.000 2.483346 0.000000 2.226 0.930126 0.000
500.00 1443.15 100.098755 1.0000000000000000 1.000000 280.178510 -1221549.215617 40.260475 -524.356040 4789.651387 146.572178 -7.915 0.000 2.486279 0.000000 2.270 0.926512 0.000
500.00 1433.15 100.099607 1.0000000000000000 1.000000 279.160792 -1223027.517954 40.213350 -522.208807 4783.544590 146.557992 -8.035 0.000 2.489213 0.000000 2.315 0.922866 0.000
500.00 1423.15 100.100503 1.0000000000000000 1.000000 278.136080 -1224506.362045 40.166322 -520.066496 4777.322805 146.543327 -8.157 0.000 2.492150 0.000000 2.361 0.919187 0.000
500.00 1413.15 100.101383 0.9997932683818039 0.999844 277.098133 -1225993.397813 40.118927 -517.916374 4770.545436 146.517322 -8.281 0.000 2.494990 3.300628 2.408 0.915564 0.000
500.00 1403.15 100.080322 0.9923921493207516 0.994256 275.788989 -1227507.761181 40.049063 -515.310851 4747.579049 146.079616 -8.407 0.000 2.494259 3.309762 2.481 0.915061 0.000
500.00 1393.15 99.318572 0.9925852366977815 0.994419 272.741923 -1220008.893106 39.756411 -512.566572 4714.696090 144.747062 -8.535 0.000 2.493570 3.319261 2.556 0.914368 0.000
500.00 1383.15 98.582710 0.9824050514961060 0.986542 269.479710 -1213246.757197 39.414680 -508.583629 4670.916156 143.111668 -8.664 0.000 2.490679 3.269979 2.631 0.925098 0.000
500.00 1373.15 96.853262 0.9616989250556531 0.970621 263.429255 -1194355.412592 38.655340 -501.902747 4590.327672 139.644948 -8.795 0.000 2.482528 3.266501 2.710 0.959425 0.000
500.00 1363.15 93.151417 0.9625675745145839 0.971641 253.055856 -1150071.592589 37.308240 -495.024073 4485.541721 133.979995 -8.929 0.000 2.473490 3.295662 2.796 0.992662 0.000
500.00 1353.15 89.675949 0.9595421426138582 0.958043 243.245712 -1109266.244406 36.432676 -1387.153729 4729.527609 128.568141 -9.064 0.000 2.465268 2.373455 2.909 0.999925 0.000
500.00 1343.15 86.119498 0.9436966866560067 0.927471 233.003559 -1068641.905595 35.799041 -2879.607650 5187.032516 122.695479 -9.201 0.000 2.447723 1.867463 3.089 0.999956 0.000
500.00 1333.15 81.420083 0.9008941336729774 0.849126 219.668866 -1018745.216056 35.643688 -6225.969888 6341.432337 114.843750 -9.340 0.000 2.423541 1.500496 3.322 0.999993 0.000
500.00 1323.15 73.623995 0.9066209433880753 0.811461 199.707454 -928709.952731 34.236548 -9124.962158 7349.955739 103.806360 -9.481 0.000 2.402632 1.065071 3.551 1.00003 0.000
500.00 1313.15 67.137737 0.9040625243801433 0.768277 182.908702 -852688.531026 33.135273 -11879.193199 8361.716288 94.516795 -9.625 0.000 2.384279 0.838870 3.766 1.00006 0.000
500.00 1303.15 61.196602 0.9054707916818963 0.729579 167.584741 -781617.593478 32.071292 -14338.302828 9302.647364 86.071154 -9.771 0.000 2.368172 0.667015 3.973 1.00009 0.000
500.00 1293.15 56.014959 0.9115721793634182 0.698225 154.236601 -718758.253903 31.063793 -16366.610452 10114.103312 78.764613 -9.919 0.000 2.354212 0.528390 4.169 1.00012 0.000
500.00 1283.15 51.752896 0.9158839192116036 0.669558 143.194296 -666856.296856 30.227107 -18069.437604 10832.341367 72.761995 -10.069 0.000 2.342018 0.435835 4.355 1.00015 0.000
500.00 1273.15 48.167186 0.9189473149439379 0.643389 133.856130 -623019.381814 29.509975 -19516.944649 11477.289044 67.699002 -10.221 0.000 2.331307 0.370984 4.532 1.00017 0.000
500.00 1263.15 45.097771 0.9211578473609182 0.619539 125.824592 -585347.749972 28.879229 -20756.814000 12063.335787 63.366554 -10.376 0.000 2.321855 0.323607 4.703 1.00018 0.000
500.00 1253.15 42.435433 0.9227903284218946 0.597830 118.827553 -552550.841110 28.313117 -21823.242634 12600.444811 59.611721 -10.534 0.000 2.313482 0.287742 4.868 1.00019 0.000
500.00 1243.15 40.105539 0.9238670104667913 0.577979 112.677211 -523751.984486 27.799045 -22744.824304 13097.417577 56.328788 -10.694 0.000 2.306065 0.260264 5.027 1.0002 0.000
500.00 1233.15 38.046676 0.9245421375448263 0.559815 107.219418 -498217.280810 27.325351 -23543.069504 13560.798219 53.431343 -10.857 0.000 2.299497 0.238683 5.180 1.0002 0.000
500.00 1223.15 36.213675 0.9249078711390737 0.543181 102.340157 -475409.572229 26.883882 -24234.762487 13995.718203 50.855434 -11.022 0.000 2.293688 0.221427 5.329 1.0002 0.000
500.00 1213.15 34.571734 0.9250321484157063 0.527941 97.951271 -454915.725795 26.468558 -24833.321148 14406.304191 48.551665 -11.190 0.000 2.288560 0.207429 5.474 1.00019 0.000
500.00 1203.15 33.093440 0.9249651200683124 0.513975 93.983078 -436410.680381 26.074749 -25349.718438 14795.966732 46.481050 -11.361 0.000 2.284046 0.195942 5.615 1.00019 0.000
500.00 1193.15 31.756752 0.9247435338638699 0.501178 90.379358 -419633.100517 25.698857 -25793.118948 15167.601624 44.612201 -11.534 0.000 2.280088 0.186432 5.751 1.00018 0.000
500.00 1183.15 30.543720 0.9249328012537612 0.489874 87.092991 -404371.569841 25.332901 -26159.705095 15517.983195 42.917499 -11.711 0.000 2.276473 0.177423 5.887 1.00017 0.000
500.00 1173.15 29.456012 0.9241556249175394 0.479152 84.127557 -390691.612080 24.990659 -26475.211029 15858.708902 41.400364 -11.890 0.000 2.273358 0.171636 6.020 1.00016 0.000
500.00 1163.15 28.452501 0.9235273215517285 0.469372 81.380578 -378032.943781 24.655082 -26739.923994 16188.880350 40.003858 -12.073 0.000 2.270630 0.166315 6.150 1.00015 0.000
500.00 1153.15 27.530755 0.9227338055108775 0.460345 78.844630 -366387.011990 24.328726 -26960.021374 16510.985005 38.723734 -12.259 0.000 2.268252 0.162021 6.278 1.00014 0.000
500.00 1143.15 26.679510 0.9217357824341261 0.451956 76.491025 -355615.496371 24.009980 -27141.450110 16827.504965 37.544118 -12.448 0.000 2.266189 0.158684 6.404 1.00013 0.000
500.00 1133.15 25.887858 0.9148545815788033 0.441006 74.271182 -345606.599193 23.717026 -27346.172028 17169.502449 36.431439 -12.641 0.000 2.264350 0.166261 6.527 1.00012 0.000
500.00 1123.15 25.002739 0.8961893517914082 0.422869 71.812985 -334359.900975 23.421552 -27667.888913 17584.622079 35.171020 -12.837 0.000 2.262379 0.192017 6.640 1.0001 0.000
500.00 1113.15 23.754138 0.8958758728426405 0.410323 68.617988 -318145.648213 22.944692 -27903.834496 17967.613043 33.511747 -13.036 0.000 2.260368 0.182808 6.748 1.00009 0.000
500.00 1103.15 22.652308 0.8963167589473435 0.399656 65.790025 -303820.469944 22.494149 -28064.269436 18328.637666 32.053573 -13.239 0.000 2.258492 0.173921 6.853 1.00008 0.000
500.00 1093.15 21.696475 0.8963076735421827 0.390361 63.315943 -291414.927691 22.074860 -28163.733417 18674.421311 30.790138 -13.446 0.000 2.256744 0.167173 6.954 1.00007 0.000
500.00 1083.15 20.858161 0.8959644181991544 0.382243 61.127052 -280553.188373 21.679923 -28213.115024 19009.898920 29.684245 -13.656 0.000 2.255117 0.162025 7.053 1.00006 0.000
500.00 1073.15 20.116039 0.8953706153441771 0.375147 59.171785 -270954.021490 21.304222 -28220.759865 19339.064255 28.708031 -13.871 0.000 2.253605 0.158108 7.149 1.00006 0.000
500.00 1063.15 19.453789 0.8945877960574038 0.368946 57.410592 -262402.374172 20.943869 -28193.184228 19665.260553 27.840194 -14.089 0.000 2.252204 0.155157 7.241 1.00005 0.000
500.00 1053.15 18.858683 0.8936619277315017 0.363536 55.812557 -254730.690358 20.595841 -28135.559317 19991.382278 27.064163 -14.312 0.000 2.250909 0.152984 7.331 1.00004 0.000
500.00 1043.15 18.320382 0.8921498099848308 0.358613 54.350654 -247804.723531 20.261268 -28061.224388 20325.863570 26.365037 -14.539 0.000 2.249465 0.152044 7.427 1.00003 0.000
500.00 1033.15 17.822778 0.8909121303421167 0.354358 52.990647 -241450.532269 19.932864 -27965.869554 20666.419784 25.725588 -14.770 0.000 2.248013 0.151074 7.523 1.00003 0.000
500.00 1023.15 17.366676 0.7641945111141421 0.296527 51.443609 -235947.216238 19.901957 -28801.589225 21651.473432 25.001378 -15.006 0.000 2.248850 0.292501 7.442 1.00002 0.000

Title: Nd2

Liquid Composition:
Pressure Temperature mass SiO2 TiO2 Al2O3 Fe2O3 Cr2O3 FeO MnO MgO CaO Na2O K2O P2O5 H2O 
500.00 1523.15 100.093345 51.7636 1.03782 15.3616 2.11024 0.0113047 8.01919 0.166442 6.20732 9.6047 2.47705 1.23363 0.127279 1.87982
500.00 1513.15 100.093895 51.7633 1.03781 15.3616 2.11572 0.0113046 8.01421 0.166441 6.20728 9.60465 2.47704 1.23362 0.127279 1.87981
500.00 1503.15 100.094479 51.763 1.0378 15.3615 2.12153 0.0113045 8.00892 0.16644 6.20725 9.60459 2.47703 1.23362 0.127278 1.8798
500.00 1493.15 100.095098 51.7627 1.0378 15.3614 2.12769 0.0113045 8.00332 0.166439 6.20721 9.60453 2.47701 1.23361 0.127277 1.87979
500.00 1483.15 100.095753 51.7623 1.03779 15.3613 2.1342 0.0113044 7.99739 0.166438 6.20717 9.60447 2.47699 1.2336 0.127276 1.87977
500.00 1473.15 100.096445 51.762 1.03778 15.3612 2.14109 0.0113043 7.99113 0.166437 6.20713 9.6044 2.47698 1.23359 0.127275 1.87976
500.00 1463.15 100.097175 51.7616 1.03778 15.3611 2.14835 0.0113042 7.98452 0.166436 6.20708 9.60433 2.47696 1.23358 0.127275 1.87975
500.00 1453.15 100.097945 51.7612 1.03777 15.3609 2.15601 0.0113041 7.97755 0.166435 6.20703 9.60426 2.47694 1.23357 0.127274 1.87973
500.00 1443.15 100.098755 51.7608 1.03776 15.3608 2.16407 0.011304 7.97021 0.166433 6.20698 9.60418 2.47692 1.23356 0.127273 1.87972
500.00 1433.15 100.099607 51.7603 1.03775 15.3607 2.17256 0.0113039 7.9625 0.166432 6.20693 9.6041 2.4769 1.23355 0.127271 1.8797
500.00 1423.15 100.100503 51.7599 1.03774 15.3605 2.18147 0.0113038 7.95439 0.16643 6.20688 9.60401 2.47688 1.23354 0.12727 1.87968
500.00 1413.15 100.080689 51.762 1.03795 15.3636 2.19067 0.0113061 7.94456 0.166406 6.19922 9.60583 2.47737 1.23379 0.127296 1.88006
500.00 1403.15 99.318926 51.8579 1.04591 15.4814 2.19374 0.0113928 7.88377 0.165491 5.9215 9.6765 2.49637 1.24325 0.128272 1.89448
500.00 1393.15 98.582148 51.953 1.05373 15.5971 2.19643 0.0114779 7.82002 0.164534 5.65245 9.74583 2.51502 1.25254 0.129231 1.90864
500.00 1383.15 96.848152 52.0382 1.06493 15.8185 2.19878 0.0116835 7.79947 0.165964 5.34762 9.64732 2.55817 1.27497 0.131544 1.94281
500.00 1373.15 93.143678 52.1442 1.07784 16.2565 2.19424 0.00847062 7.84043 0.172568 4.95862 9.21077 2.6538 1.32568 0.136776 2.02008
500.00 1363.15 89.664533 52.3074 1.08174 16.6872 2.17801 0.003186 7.82478 0.179264 4.5825 8.78775 2.75058 1.37711 0.142083 2.09846
500.00 1353.15 86.047852 52.58 1.07334 17.1594 2.14449 0.000306487 7.73511 0.186799 4.18893 8.34497 2.85924 1.435 0.148055 2.14436
500.00 1343.15 81.270685 53.3768 1.00592 17.6704 2.01142 1.87765e-007 7.20643 0.197779 3.76641 7.88608 3.00847 1.51878 0.156758 2.19475
500.00 1333.15 73.350875 54.9072 0.92061 17.6414 1.84248 0 6.4965 0.21849 3.45508 7.21363 3.2117 1.67684 0.173683 2.24238
500.00 1323.15 66.749056 56.3823 0.861727 17.4544 1.70168 0 5.88458 0.235847 3.11239 6.67653 3.38381 1.83525 0.190861 2.28064
500.00 1313.15 60.696712 57.7486 0.815779 17.1818 1.57832 0 5.33553 0.259374 2.77839 6.22397 3.5464 2.00889 0.209893 2.31306
500.00 1303.15 55.411736 59.0536 0.783471 16.8107 1.46979 0 4.84563 0.284112 2.45077 5.85997 3.68374 2.18909 0.229912 2.33919
500.00 1293.15 51.061679 60.2668 0.754886 16.4225 1.36916 0 4.40662 0.308316 2.17412 5.53275 3.79201 2.36329 0.249499 2.35999
500.00 1283.15 47.399646 61.401 0.729551 16.0237 1.27538 0 4.01105 0.332136 1.93797 5.23701 3.87439 2.53255 0.268775 2.37645
500.00 1273.15 44.263106 62.4656 0.70707 15.6195 1.18772 0 3.65313 0.355672 1.73458 4.96851 3.93357 2.69754 0.28782 2.38931
500.00 1263.15 41.542166 63.4678 0.687029 15.2151 1.10553 0 3.32823 0.378968 1.55803 4.72287 3.97202 2.85852 0.306672 2.39917
500.00 1253.15 39.159007 64.413 0.669036 14.8158 1.02833 0 3.03264 0.402031 1.40374 4.49601 3.9921 3.01552 0.325336 2.40654
500.00 1243.15 37.052185 65.3059 0.652991 14.4216 0.955911 0 2.76336 0.424891 1.26829 4.28741 3.99546 3.16862 0.343835 2.41175
500.00 1233.15 35.175755 66.1504 0.63877 14.0334 0.88803 0 2.51781 0.447557 1.14886 4.09632 3.98375 3.3178 0.362176 2.41509
500.00 1223.15 33.494313 66.95 0.626248 13.6519 0.824464 0 2.2937 0.470025 1.04315 3.92198 3.9585 3.4629 0.380358 2.41682
500.00 1213.15 31.979966 67.7074 0.615303 13.2776 0.764994 0 2.08906 0.492282 0.949271 3.76361 3.9212 3.60372 0.398369 2.41719
500.00 1203.15 30.610278 68.4251 0.60582 12.9112 0.70941 0 1.90212 0.514309 0.865623 3.62044 3.8733 3.74 0.416194 2.4164
500.00 1193.15 29.366851 69.1055 0.597687 12.5533 0.657508 0 1.73133 0.536086 0.790877 3.4917 3.81614 3.87146 0.433816 2.41465
500.00 1183.15 28.250888 69.7512 0.588767 12.2273 0.608644 0 1.57552 0.557262 0.723138 3.35179 3.75632 3.99643 0.450953 2.41261
500.00 1173.15 27.221939 70.3647 0.581543 11.9035 0.563253 0 1.43314 0.578326 0.662482 3.23114 3.68753 4.11667 0.467998 2.4097
500.00 1163.15 26.276662 70.9484 0.575054 11.5913 0.520969 0 1.30314 0.599131 0.60776 3.11863 3.61323 4.23125 0.484834 2.4063
500.00 1153.15 25.403558 71.505 0.569228 11.2901 0.481627 0 1.18451 0.619722 0.558278 3.01371 3.53412 4.33978 0.501498 2.40249
500.00 1143.15 24.591459 72.0372 0.564021 10.9989 0.445069 0 1.07631 0.640188 0.513441 2.91605 3.45068 4.44172 0.518059 2.39837
500.00 1133.15 23.683626 72.5958 0.561938 10.6825 0.41278 0 0.982709 0.664727 0.473815 2.84027 3.36849 4.48185 0.537917 2.39717
500.00 1123.15 22.407189 73.2978 0.545648 10.2669 0.392196 0 0.922642 0.70161 0.437726 2.81844 3.30213 4.33886 0.56856 2.40754
500.00 1113.15 21.280759 73.9862 0.50081 9.86678 0.378281 0 0.879148 0.736437 0.400612 2.79829 3.23651 4.1988 0.598654 2.4195
500.00 1103.15 20.303643 74.6427 0.459818 9.48573 0.364241 0 0.835626 0.769715 0.365522 2.77918 3.17152 4.06727 0.627465 2.4312
500.00 1093.15 19.446717 75.2702 0.422253 9.12153 0.350209 0 0.792481 0.8016 0.332444 2.76115 3.10731 3.94298 0.655114 2.44269
500.00 1083.15 18.688170 75.8711 0.387763 8.77243 0.33629 0 0.750027 0.83222 0.301346 2.74422 3.044 3.82486 0.681705 2.454
500.00 1073.15 18.011310 76.4475 0.356049 8.43695 0.322566 0 0.708508 0.861685 0.272183 2.72837 2.98166 3.71209 0.707323 2.46514
500.00 1063.15 17.403122 77.001 0.326853 8.1139 0.3091 0 0.668114 0.890085 0.244899 2.71361 2.92036 3.60396 0.732042 2.47613
500.00 1053.15 16.853287 77.5331 0.299949 7.80224 0.295943 0 0.628987 0.917499 0.219437 2.69991 2.86014 3.4999 0.755925 2.48698
500.00 1043.15 16.344525 78.0674 0.278382 7.49645 0.277487 0 0.579024 0.930388 0.194685 2.69803 2.79831 3.40427 0.779455 2.4961
500.00 1033.15 15.878529 78.5913 0.260387 7.1994 0.256112 0 0.524107 0.938241 0.172424 2.70091 2.73706 3.31324 0.80233 2.50453
500.00 1023.15 13.271518 78.7036 0.250312 6.7226 0.229915 0 0.453728 1.07371 0.129695 2.98253 2.77587 3.18362 0.959937 2.53447
Title: Nd2

liquid_0 thermodynamic data and composition:
Pressure Temperature mass S H V Cp viscosity SiO2 TiO2 Al2O3 Fe2O3 Cr2O3 FeO MnO MgO CaO Na2O K2O P2O5 H2O Mg#
500.00 1523.15 100.093345 288.192001 -1209571.108790 40.640731 150.570449 1.932 51.7636 1.03782 15.3616 2.11024 0.0113047 8.01919 0.166442 6.20732 9.6047 2.47705 1.23363 0.127279 1.87982 58.0
500.00 1513.15 100.093895 287.201271 -1211084.748612 40.592901 150.566837 1.972 51.7633 1.03781 15.3616 2.11572 0.0113046 8.01421 0.166441 6.20728 9.60465 2.47704 1.23362 0.127279 1.87981 58.0
500.00 1503.15 100.094479 286.204032 -1212598.871919 40.545153 150.563389 2.013 51.763 1.0378 15.3615 2.12153 0.0113045 8.00892 0.16644 6.20725 9.60459 2.47703 1.23362 0.127278 1.8798 58.0
500.00 1493.15 100.095098 285.200195 -1214113.498856 40.497487 150.560111 2.054 51.7627 1.0378 15.3614 2.12769 0.0113045 8.00332 0.166439 6.20721 9.60453 2.47701 1.23361 0.127277 1.87979 58.0
500.00 1483.15 100.095753 284.189670 -1215628.650422 40.449907 150.557006 2.096 51.7623 1.03779 15.3613 2.1342 0.0113044 7.99739 0.166438 6.20717 9.60447 2.47699 1.2336 0.127276 1.87977 58.0
500.00 1473.15 100.096445 283.190637 -1217117.366316 40.402413 146.611917 2.139 51.762 1.03778 15.3612 2.14109 0.0113043 7.99113 0.166437 6.20713 9.6044 2.47698 1.23359 0.127275 1.87976 58.1
500.00 1463.15 100.097175 282.193341 -1218594.158094 40.355009 146.599136 2.182 51.7616 1.03778 15.3611 2.14835 0.0113042 7.98452 0.166436 6.20708 9.60433 2.47696 1.23358 0.127275 1.87975 58.1
500.00 1453.15 100.097945 281.189329 -1220071.435255 40.307695 146.585891 2.226 51.7612 1.03777 15.3609 2.15601 0.0113041 7.97755 0.166435 6.20703 9.60426 2.47694 1.23357 0.127274 1.87973 58.1
500.00 1443.15 100.098755 280.178510 -1221549.215617 40.260475 146.572178 2.270 51.7608 1.03776 15.3608 2.16407 0.011304 7.97021 0.166433 6.20698 9.60418 2.47692 1.23356 0.127273 1.87972 58.1
500.00 1433.15 100.099607 279.160792 -1223027.517954 40.213350 146.557992 2.315 51.7603 1.03775 15.3607 2.17256 0.0113039 7.9625 0.166432 6.20693 9.6041 2.4769 1.23355 0.127271 1.8797 58.1
500.00 1423.15 100.100503 278.136080 -1224506.362045 40.166322 146.543327 2.361 51.7599 1.03774 15.3605 2.18147 0.0113038 7.95439 0.16643 6.20688 9.60401 2.47688 1.23354 0.12727 1.87968 58.2
500.00 1413.15 100.080689 277.049053 -1225741.246609 40.112657 146.491855 2.408 51.762 1.03795 15.3636 2.19067 0.0113061 7.94456 0.166406 6.19922 9.60583 2.47737 1.23379 0.127296 1.88006 58.2
500.00 1403.15 99.318926 273.991332 -1218269.737987 39.819017 145.145678 2.481 51.8579 1.04591 15.4814 2.19374 0.0113928 7.88377 0.165491 5.9215 9.6765 2.49637 1.24325 0.128272 1.89448 57.2
500.00 1393.15 98.582148 271.011189 -1211113.955668 39.534547 143.846839 2.556 51.953 1.05373 15.5971 2.19643 0.0114779 7.82002 0.164534 5.65245 9.74583 2.51502 1.25254 0.129231 1.90864 56.3
500.00 1383.15 96.848152 265.501890 -1191414.778541 38.884231 141.052369 2.631 52.0382 1.06493 15.8185 2.19878 0.0116835 7.79947 0.165964 5.34762 9.64732 2.55817 1.27497 0.131544 1.94281 55.0
500.00 1373.15 93.143678 255.026399 -1147252.702827 37.519695 135.305060 2.710 52.1442 1.07784 16.2565 2.19424 0.00847062 7.84043 0.172568 4.95862 9.21077 2.6538 1.32568 0.136776 2.02008 53.0
500.00 1363.15 89.664533 245.200124 -1106427.057468 36.250218 129.928339 2.796 52.3074 1.08174 16.6872 2.17801 0.003186 7.82478 0.179264 4.5825 8.78775 2.75058 1.37711 0.142083 2.09846 51.1
500.00 1353.15 86.047852 234.811938 -1064681.592229 34.904062 124.325521 2.909 52.58 1.07334 17.1594 2.14449 0.000306487 7.73511 0.186799 4.18893 8.34497 2.85924 1.435 0.148055 2.14436 49.1
500.00 1343.15 81.270685 221.418372 -1013037.816967 33.202570 117.070321 3.089 53.3768 1.00592 17.6704 2.01142 1.87765e-007 7.20643 0.197779 3.76641 7.88608 3.00847 1.51878 0.156758 2.19475 48.2
500.00 1333.15 73.350875 199.548421 -922290.449154 30.265995 105.195034 3.322 54.9072 0.92061 17.6414 1.84248 0 6.4965 0.21849 3.45508 7.21363 3.2117 1.67684 0.173683 2.24238 48.7
500.00 1323.15 66.749056 181.196144 -845353.919466 27.781638 95.260713 3.551 56.3823 0.861727 17.4544 1.70168 0 5.88458 0.235847 3.11239 6.67653 3.38381 1.83525 0.190861 2.28064 48.5
500.00 1313.15 60.696712 164.356379 -773419.702788 25.457056 86.203201 3.766 57.7486 0.815779 17.1818 1.57832 0 5.33553 0.259374 2.77839 6.22397 3.5464 2.00889 0.209893 2.31306 48.1
500.00 1303.15 55.411736 149.607197 -709764.106916 23.398527 78.308749 3.973 59.0536 0.783471 16.8107 1.46979 0 4.84563 0.284112 2.45077 5.85997 3.68374 2.18909 0.229912 2.33919 47.4
500.00 1293.15 51.061679 137.411635 -657135.599564 21.689502 71.828218 4.169 60.2668 0.754886 16.4225 1.36916 0 4.40662 0.308316 2.17412 5.53275 3.79201 2.36329 0.249499 2.35999 46.8
500.00 1283.15 47.399646 127.101458 -612634.065162 20.238803 66.386550 4.355 61.401 0.729551 16.0237 1.27538 0 4.01105 0.332136 1.93797 5.23701 3.87439 2.53255 0.268775 2.37645 46.3
500.00 1273.15 44.263106 118.235951 -574352.532124 18.986388 61.736972 4.532 62.4656 0.70707 15.6195 1.18772 0 3.65313 0.355672 1.73458 4.96851 3.93357 2.69754 0.28782 2.38931 45.8
500.00 1263.15 41.542166 110.516590 -541007.326657 17.891800 57.712504 4.703 63.4678 0.687029 15.2151 1.10553 0 3.32823 0.378968 1.55803 4.72287 3.97202 2.85852 0.306672 2.39917 45.5
500.00 1253.15 39.159007 103.731451 -511691.788758 16.926434 54.194852 4.868 64.413 0.669036 14.8158 1.02833 0 3.03264 0.402031 1.40374 4.49601 3.9921 3.01552 0.325336 2.40654 45.2
500.00 1243.15 37.052185 97.712560 -485679.207125 16.067276 51.091149 5.027 65.3059 0.652991 14.4216 0.955911 0 2.76336 0.424891 1.26829 4.28741 3.99546 3.16862 0.343835 2.41175 45.0
500.00 1233.15 35.175755 92.334106 -462428.093874 15.297152 48.331950 5.180 66.1504 0.63877 14.0334 0.88803 0 2.51781 0.447557 1.14886 4.09632 3.98375 3.3178 0.362176 2.41509 44.9
500.00 1223.15 33.494313 87.498917 -441521.740077 14.602822 45.863759 5.329 66.95 0.626248 13.6519 0.824464 0 2.2937 0.470025 1.04315 3.92198 3.9585 3.4629 0.380358 2.41682 44.8
500.00 1213.15 31.979966 83.130250 -422632.073570 13.973837 43.644459 5.474 67.7074 0.615303 13.2776 0.764994 0 2.08906 0.492282 0.949271 3.76361 3.9212 3.60372 0.398369 2.41719 44.8
500.00 1203.15 30.610278 79.166223 -405495.172528 13.401775 41.640203 5.615 68.4251 0.60582 12.9112 0.70941 0 1.90212 0.514309 0.865623 3.62044 3.8733 3.74 0.416194 2.4164 44.8
500.00 1193.15 29.366851 75.555959 -389894.301376 12.879699 39.823273 5.751 69.1055 0.597687 12.5533 0.657508 0 1.73133 0.536086 0.790877 3.4917 3.81614 3.87146 0.433816 2.41465 44.9
500.00 1183.15 28.250888 72.301867 -375892.118988 12.409937 38.192445 5.887 69.7512 0.588767 12.2273 0.608644 0 1.57552 0.557262 0.723138 3.35179 3.75632 3.99643 0.450953 2.41261 45.0
500.00 1173.15 27.221939 69.293206 -362938.332916 11.974332 36.691397 6.020 70.3647 0.581543 11.9035 0.563253 0 1.43314 0.578326 0.662482 3.23114 3.68753 4.11667 0.467998 2.4097 45.2
500.00 1163.15 26.276662 66.520386 -351013.701147 11.572411 35.313832 6.150 70.9484 0.575054 11.5913 0.520969 0 1.30314 0.599131 0.60776 3.11863 3.61323 4.23125 0.484834 2.4063 45.4
500.00 1153.15 25.403558 63.951805 -339977.708744 11.199618 34.042810 6.278 71.505 0.569228 11.2901 0.481627 0 1.18451 0.619722 0.558278 3.01371 3.53412 4.33978 0.501498 2.40249 45.7
500.00 1143.15 24.591459 61.557100 -329692.085163 10.851458 32.862066 6.404 72.0372 0.564021 10.9989 0.445069 0 1.07631 0.640188 0.513441 2.91605 3.45068 4.44172 0.518059 2.39837 46.0
500.00 1133.15 23.683626 58.948465 -318093.733238 10.459347 31.561725 6.527 72.5958 0.561938 10.6825 0.41278 0 0.982709 0.664727 0.473815 2.84027 3.36849 4.48185 0.537917 2.39717 46.2
500.00 1123.15 22.407189 55.465564 -301560.309018 9.904260 29.779246 6.640 73.2978 0.545648 10.2669 0.392196 0 0.922642 0.70161 0.437726 2.81844 3.30213 4.33886 0.56856 2.40754 45.8
500.00 1113.15 21.280759 52.386280 -286948.657274 9.414732 28.205105 6.748 73.9862 0.50081 9.86678 0.378281 0 0.879148 0.736437 0.400612 2.79829 3.23651 4.1988 0.598654 2.4195 44.8
500.00 1103.15 20.303643 49.702917 -274286.506757 8.989911 26.837961 6.853 74.6427 0.459818 9.48573 0.364241 0 0.835626 0.769715 0.365522 2.77918 3.17152 4.06727 0.627465 2.4312 43.8
500.00 1093.15 19.446717 47.338472 -263192.491201 8.617158 25.637432 6.954 75.2702 0.422253 9.12153 0.350209 0 0.792481 0.8016 0.332444 2.76115 3.10731 3.94298 0.655114 2.44269 42.8
500.00 1083.15 18.688170 45.235222 -253381.149530 8.287007 24.573264 7.053 75.8711 0.387763 8.77243 0.33629 0 0.750027 0.83222 0.301346 2.74422 3.044 3.82486 0.681705 2.454 41.7
500.00 1073.15 18.011310 43.348945 -244634.129471 7.992220 23.622295 7.149 76.4475 0.356049 8.43695 0.322566 0 0.708508 0.861685 0.272183 2.72837 2.98166 3.71209 0.707323 2.46514 40.6
500.00 1063.15 17.403122 41.645125 -236781.255934 7.727151 22.766457 7.241 77.001 0.326853 8.1139 0.3091 0 0.668114 0.890085 0.244899 2.71361 2.92036 3.60396 0.732042 2.47613 39.5
500.00 1053.15 16.853287 40.096372 -229687.708475 7.487326 21.991420 7.331 77.5331 0.299949 7.80224 0.295943 0 0.628987 0.917499 0.219437 2.69991 2.86014 3.4999 0.755925 2.48698 38.3
500.00 1043.15 16.344525 38.656472 -223165.529471 7.265960 21.273709 7.427 78.0674 0.278382 7.49645 0.277487 0 0.579024 0.930388 0.194685 2.69803 2.79831 3.40427 0.779455 2.4961 37.5
500.00 1033.15 15.878529 37.330015 -217215.574774 7.063360 20.615423 7.523 78.5913 0.260387 7.1994 0.256112 0 0.524107 0.938241 0.172424 2.70091 2.73706 3.31324 0.80233 2.50453 37.0
500.00 1023.15 13.271518 31.045379 -181609.980458 5.901470 17.219590 7.442 78.7036 0.250312 6.7226 0.229915 0 0.453728 1.07371 0.129695 2.98253 2.77587 3.18362 0.959937 2.53447 33.8

orthopyroxene_0 thermodynamic data and composition:
Pressure Temperature mass S H V Cp structure formula SiO2 TiO2 Al2O3 Fe2O3 Cr2O3 FeO MnO MgO CaO Na2O K2O P2O5 H2O
500.00 1313.15 0.887695 2.019943 -10968.204342 0.268425 1.086279 opx Na0.00Ca0.07Fe''0.46Mg1.41Fe'''0.03Ti0.00Al0.10Si1.93O6 53.4533 0.101179 2.34425 1.0863 0 15.1023 0 26.0843 1.80873 0.0196262 0 0 0
500.00 1303.15 1.025771 2.322062 -12628.364196 0.309523 1.251538 opx Na0.00Ca0.07Fe''0.47Mg1.39Fe'''0.03Ti0.00Al0.09Si1.94O6 53.4201 0.0928301 2.21879 1.03789 0 15.648 0 25.7411 1.82094 0.0203129 0 0 0
500.00 1293.15 0.819143 1.844728 -10050.255662 0.246670 0.996589 opx Na0.00Ca0.07Fe''0.49Mg1.38Fe'''0.03Ti0.00Al0.09Si1.94O6 53.3874 0.0854365 2.10217 0.991555 0 16.1673 0 25.4183 1.82692 0.0209059 0 0 0
500.00 1283.15 0.664657 1.489078 -8128.553385 0.199754 0.806409 opx Na0.00Ca0.07Fe''0.51Mg1.36Fe'''0.03Ti0.00Al0.09Si1.94O6 53.3549 0.0788344 1.99297 0.947097 0 16.6652 0 25.1122 1.82743 0.0214087 0 0 0
500.00 1273.15 0.545206 1.215126 -6647.174880 0.163538 0.659706 opx Na0.00Ca0.07Fe''0.52Mg1.35Fe'''0.02Ti0.00Al0.08Si1.95O6 53.3223 0.0729014 1.89019 0.904357 0 17.1453 0 24.8201 1.82305 0.021824 0 0 0
500.00 1263.15 0.448372 0.994105 -5450.403573 0.134237 0.541111 opx Na0.00Ca0.07Fe''0.54Mg1.34Fe'''0.02Ti0.00Al0.08Si1.95O6 53.2892 0.0675579 1.79349 0.863321 0 17.6107 0 24.54 1.81358 0.0221544 0 0 0
500.00 1253.15 0.367502 0.810545 -4454.581734 0.109820 0.442373 opx Na0.00Ca0.07Fe''0.55Mg1.33Fe'''0.02Ti0.00Al0.07Si1.95O6 53.2551 0.0627438 1.70281 0.824022 0 18.0637 0 24.2708 1.79844 0.0224024 0 0 0
500.00 1243.15 0.304706 0.668512 -3683.174500 0.090887 0.365855 opx Na0.00Ca0.07Fe''0.57Mg1.31Fe'''0.02Ti0.00Al0.07Si1.95O6 53.2202 0.0583662 1.61698 0.786173 0 18.5058 0 24.0105 1.77929 0.0225718 0 0 0
500.00 1233.15 0.254882 0.556243 -3072.619191 0.075887 0.305269 opx Na0.00Ca0.07Fe''0.58Mg1.30Fe'''0.02Ti0.00Al0.07Si1.96O6 53.1849 0.0543585 1.53525 0.749581 0 18.9379 0 23.7579 1.75746 0.0226664 0 0 0
500.00 1223.15 0.214866 0.466418 -2583.430545 0.063858 0.256708 opx Na0.00Ca0.07Fe''0.60Mg1.29Fe'''0.02Ti0.00Al0.06Si1.96O6 53.1492 0.0506695 1.45705 0.714111 0 19.3605 0 23.5117 1.73408 0.0226902 0 0 0
500.00 1213.15 0.182388 0.393797 -2187.341144 0.054109 0.217374 opx Na0.00Ca0.07Fe''0.61Mg1.28Fe'''0.02Ti0.00Al0.06Si1.96O6 53.1132 0.0472594 1.38196 0.679664 0 19.7737 0 23.2714 1.71016 0.0226473 0 0 0
500.00 1203.15 0.155788 0.334550 -1863.695408 0.046137 0.185223 opx Na0.00Ca0.07Fe''0.62Mg1.27Fe'''0.02Ti0.00Al0.06Si1.96O6 53.0771 0.0440967 1.30967 0.646171 0 20.1777 0 23.0362 1.68657 0.0225423 0 0 0
500.00 1193.15 0.133828 0.285831 -1597.125399 0.039565 0.158733 opx Na0.00Ca0.07Fe''0.64Mg1.26Fe'''0.02Ti0.00Al0.05Si1.96O6 53.0409 0.0411558 1.23995 0.613588 0 20.5722 0 22.8057 1.66405 0.0223798 0 0 0
500.00 1183.15 0.086362 0.183440 -1028.123298 0.025487 0.102191 opx Na0.00Ca0.06Fe''0.65Mg1.25Fe'''0.02Ti0.00Al0.05Si1.97O6 52.9992 0.0385896 1.17917 0.583839 0 20.9721 0 22.583 1.62187 0.0221581 0 0 0
500.00 1173.15 0.080248 0.169512 -953.071164 0.023642 0.094734 opx Na0.00Ca0.06Fe''0.66Mg1.24Fe'''0.02Ti0.00Al0.05Si1.97O6 52.9587 0.0361349 1.11863 0.554363 0 21.3615 0 22.3624 1.58639 0.0218847 0 0 0
500.00 1163.15 0.064403 0.135283 -763.082442 0.018941 0.075850 opx Na0.00Ca0.06Fe''0.68Mg1.23Fe'''0.01Ti0.00Al0.05Si1.97O6 52.9171 0.0338498 1.06091 0.525961 0 21.7467 0 22.1449 1.54908 0.0215611 0 0 0
500.00 1153.15 0.050852 0.106218 -601.122492 0.014930 0.059751 opx Na0.00Ca0.06Fe''0.69Mg1.22Fe'''0.01Ti0.00Al0.04Si1.97O6 52.8742 0.0317152 1.00581 0.498598 0 22.1286 0 21.9298 1.51012 0.0211892 0 0 0
500.00 1143.15 0.039157 0.081324 -461.792278 0.011476 0.045902 opx Na0.00Ca0.06Fe''0.70Mg1.21Fe'''0.01Ti0.00Al0.04Si1.97O6 52.8299 0.029714 0.953115 0.472243 0 22.5084 0 21.7161 1.46968 0.0207696 0 0 0
500.00 1133.15 0.022839 0.047158 -268.653379 0.006681 0.026708 opx Na0.00Ca0.06Fe''0.72Mg1.20Fe'''0.01Ti0.00Al0.04Si1.97O6 52.7765 0.027968 0.904104 0.447046 0 22.9122 0 21.4848 1.42705 0.0202609 0 0 0

feldspar_1 thermodynamic data and composition:
Pressure Temperature mass S H V Cp formula SiO2 TiO2 Al2O3 Fe2O3 Cr2O3 FeO MnO MgO CaO Na2O K2O P2O5 H2O
500.00 1133.15 0.207840 0.454178 -2831.492390 0.082695 0.247016 K0.59Na0.38Ca0.03Al1.03Si2.97O8 65.4967 0 19.3405 0 0 0 0 0 0.67336 4.32439 10.1651 0 0
500.00 1123.15 0.831817 1.809175 -11342.211924 0.330934 0.988135 K0.59Na0.38Ca0.03Al1.03Si2.97O8 65.5436 0 19.3114 0 0 0 0 0 0.638393 4.35276 10.1538 0 0
500.00 1113.15 0.733555 1.587735 -10010.610118 0.291819 0.870963 K0.59Na0.38Ca0.03Al1.03Si2.97O8 65.586 0 19.2808 0 0 0 0 0 0.603283 4.36709 10.1628 0 0
500.00 1103.15 0.629312 1.355362 -8594.838550 0.250330 0.746818 K0.59Na0.38Ca0.03Al1.03Si2.97O8 65.6253 0 19.2499 0 0 0 0 0 0.568594 4.37352 10.1827 0 0
500.00 1093.15 0.546166 1.170335 -7464.963396 0.217239 0.647837 K0.59Na0.38Ca0.03Al1.03Si2.97O8 65.6615 0 19.2188 0 0 0 0 0 0.534515 4.37267 10.2125 0 0
500.00 1083.15 0.478735 1.020542 -6548.160054 0.190403 0.567608 K0.59Na0.38Ca0.02Al1.02Si2.98O8 65.6946 0 19.1878 0 0 0 0 0 0.501203 4.3651 10.2513 0 0
500.00 1073.15 0.423268 0.897539 -5793.617712 0.168329 0.501660 K0.60Na0.38Ca0.02Al1.02Si2.98O8 65.7246 0 19.157 0 0 0 0 0 0.468791 4.35129 10.2983 0 0
500.00 1063.15 0.377078 0.795288 -5164.958688 0.149947 0.446796 K0.60Na0.38Ca0.02Al1.02Si2.98O8 65.7516 0 19.1266 0 0 0 0 0 0.43739 4.33167 10.3527 0 0
500.00 1053.15 0.338200 0.709372 -4635.551614 0.134475 0.400678 K0.60Na0.38Ca0.02Al1.02Si2.98O8 65.7756 0 19.0966 0 0 0 0 0 0.407087 4.30666 10.414 0 0
500.00 1043.15 0.298346 0.622241 -4091.834997 0.118618 0.353468 K0.61Na0.37Ca0.02Al1.02Si2.98O8 65.7936 0 19.0664 0 0 0 0 0 0.377928 4.26746 10.4946 0 0
500.00 1033.15 0.267790 0.555283 -3674.937146 0.106458 0.317351 K0.61Na0.37Ca0.02Al1.02Si2.98O8 65.8077 0 19.0366 0 0 0 0 0 0.350095 4.22098 10.5845 0 0
500.00 1023.15 0.922433 1.901174 -12664.822749 0.366672 1.093679 K0.62Na0.36Ca0.02Al1.02Si2.98O8 65.81 0 19.0055 0 0 0 0 0 0.323839 4.14436 10.7163 0 0

quartz thermodynamic data and composition:
Pressure Temperature mass S H V Cp formula
500.00 1023.15 1.171132 2.296658 -16809.668076 0.461663 1.355992 SiO2

rhm-oxide_0 thermodynamic data and composition:
Pressure Temperature mass S H V Cp formula SiO2 TiO2 Al2O3 Fe2O3 Cr2O3 FeO MnO MgO CaO Na2O K2O P2O5 H2O
500.00 1123.15 0.014952 0.027517 -111.148369 0.003222 0.013581 Mn0.03Fe''0.77Mg0.09Fe'''0.22Ti0.89O3 0 47.5705 0 11.5991 0 36.8934 1.4747 2.46227 0 0 0 0 0
500.00 1113.15 0.032059 0.058701 -237.775262 0.006896 0.029078 Mn0.03Fe''0.77Mg0.08Fe'''0.22Ti0.89O3 0 47.5212 0 11.5317 0 37.1132 1.57917 2.25472 0 0 0 0 0
500.00 1103.15 0.027024 0.049231 -200.064463 0.005804 0.024477 Mn0.04Fe''0.78Mg0.08Fe'''0.22Ti0.89O3 0 47.4857 0 11.4527 0 37.3118 1.68395 2.06588 0 0 0 0 0
500.00 1093.15 0.023039 0.041757 -170.308032 0.004941 0.020839 Mn0.04Fe''0.78Mg0.07Fe'''0.21Ti0.89O3 0 47.4623 0 11.3634 0 37.4918 1.78933 1.89323 0 0 0 0 0
500.00 1083.15 0.019834 0.035764 -146.445480 0.004248 0.017915 Mn0.04Fe''0.79Mg0.06Fe'''0.21Ti0.89O3 0 47.4497 0 11.2646 0 37.6554 1.89558 1.73472 0 0 0 0 0
500.00 1073.15 0.017222 0.030893 -127.044084 0.003684 0.015534 Mn0.04Fe''0.79Mg0.06Fe'''0.21Ti0.89O3 0 47.4467 0 11.1573 0 37.8044 2.00295 1.58862 0 0 0 0 0
500.00 1063.15 0.015068 0.026889 -111.081961 0.003220 0.013572 Mn0.04Fe''0.80Mg0.05Fe'''0.21Ti0.90O3 0 47.4524 0 11.0421 0 37.9403 2.11165 1.45354 0 0 0 0 0
500.00 1053.15 0.013274 0.023563 -97.814202 0.002834 0.011939 Mn0.05Fe''0.80Mg0.05Fe'''0.21Ti0.90O3 0 47.4659 0 10.9199 0 38.064 2.22188 1.32829 0 0 0 0 0
500.00 1043.15 0.011417 0.020158 -84.189519 0.002435 0.010253 Mn0.05Fe''0.80Mg0.05Fe'''0.20Ti0.90O3 0 47.5715 0 10.6401 0 38.2395 2.32374 1.22524 0 0 0 0 0
500.00 1033.15 0.009358 0.016431 -69.107209 0.001995 0.008389 Mn0.05Fe''0.81Mg0.04Fe'''0.19Ti0.90O3 0 47.7412 0 10.253 0 38.431 2.43428 1.1406 0 0 0 0 0
500.00 1023.15 0.016760 0.029262 -124.029186 0.003570 0.014989 Mn0.06Fe''0.81Mg0.04Fe'''0.18Ti0.91O3 0 48.0297 0 9.57725 0 38.4614 2.96281 0.968815 0 0 0 0 0

spinel_0 thermodynamic data and composition:
Pressure Temperature mass S H V Cp formula SiO2 TiO2 Al2O3 Fe2O3 Cr2O3 FeO MnO MgO CaO Na2O K2O P2O5 H2O
500.00 1373.15 0.045011 0.095922 -284.709742 0.009938 0.043450 Fe''0.73Mg0.41Fe'''1.10Al0.41Cr0.21Ti0.14O4 0 5.51853 10.2451 42.8888 7.60999 25.6881 0 8.04949 0 0 0 0 0
500.00 1363.15 0.119843 0.254027 -733.952797 0.026300 0.114896 Fe''0.79Mg0.38Fe'''1.17Al0.38Cr0.12Ti0.17O4 0 6.59687 9.24095 45.0229 4.26328 27.5018 0 7.37418 0 0 0 0 0
500.00 1353.15 0.217515 0.457969 -1293.598295 0.047463 0.207349 Fe''0.85Mg0.35Fe'''1.22Al0.34Cr0.03Ti0.20O4 0 7.70132 8.33445 46.7088 1.2117 29.3139 0 6.72983 0 0 0 0 0
500.00 1343.15 0.928291 1.942045 -5443.586439 0.201799 0.881786 Fe''0.88Mg0.33Fe'''1.25Al0.33Cr0.00Ti0.21O4 0 8.05682 8.01096 47.3772 0.0296987 30.2149 0 6.31043 0 0 0 0 0
500.00 1333.15 1.454001 3.026690 -8445.442671 0.315089 1.376397 Fe''0.90Mg0.32Fe'''1.25Al0.31Cr0.00Ti0.22O4 0 8.2344 7.55273 47.4829 0 30.6428 0 6.08723 0 0 0 0 0
500.00 1323.15 1.050331 2.174406 -6019.992418 0.226661 0.989869 Fe''0.92Mg0.30Fe'''1.26Al0.29Cr0.00Ti0.22O4 0 8.46462 6.9709 47.5472 0 31.2549 0 5.76232 0 0 0 0 0
500.00 1313.15 0.846342 1.742300 -4785.101143 0.181860 0.794067 Fe''0.95Mg0.29Fe'''1.27Al0.27Cr0.00Ti0.23O4 0 8.70484 6.39267 47.5802 0 31.8994 0 5.42289 0 0 0 0 0
500.00 1303.15 0.652617 1.335762 -3637.422520 0.139605 0.609492 Fe''0.97Mg0.27Fe'''1.28Al0.24Cr0.00Ti0.24O4 0 8.97831 5.80326 47.5471 0 32.6157 0 5.05561 0 0 0 0 0
500.00 1293.15 0.512156 1.042505 -2820.424298 0.109131 0.476395 Fe''1.00Mg0.25Fe'''1.28Al0.22Cr0.00Ti0.25O4 0 9.23304 5.30098 47.4734 0 33.2567 0 4.73592 0 0 0 0 0
500.00 1283.15 0.410429 0.831005 -2237.156000 0.087152 0.380413 Fe''1.02Mg0.24Fe'''1.28Al0.21Cr0.00Ti0.26O4 0 9.47481 4.86405 47.368 0 33.8398 0 4.45336 0 0 0 0 0
500.00 1273.15 0.334193 0.673159 -1805.610512 0.070743 0.308760 Fe''1.04Mg0.23Fe'''1.28Al0.19Cr0.00Ti0.26O4 0 9.70776 4.47816 47.2357 0 34.3777 0 4.20073 0 0 0 0 0
500.00 1263.15 0.275472 0.552084 -1477.057510 0.058149 0.253767 Fe''1.06Mg0.21Fe'''1.28Al0.18Cr0.00Ti0.27O4 0 9.93447 4.1341 47.0796 0 34.8789 0 3.97289 0 0 0 0 0
500.00 1253.15 0.229291 0.457263 -1221.386021 0.048278 0.210662 Fe''1.07Mg0.20Fe'''1.28Al0.16Cr0.00Ti0.28O4 0 10.1566 3.8254 46.9021 0 35.3499 0 3.76599 0 0 0 0 0
500.00 1243.15 0.192393 0.381816 -1019.033514 0.040414 0.176326 Fe''1.09Mg0.19Fe'''1.28Al0.15Cr0.00Ti0.28O4 0 10.377 3.54551 46.7039 0 35.7967 0 3.57693 0 0 0 0 0
500.00 1233.15 0.162501 0.320948 -856.501930 0.034062 0.148589 Fe''1.11Mg0.19Fe'''1.28Al0.14Cr0.00Ti0.29O4 0 10.5975 3.28974 46.4851 0 36.2243 0 3.40332 0 0 0 0 0
500.00 1223.15 0.138006 0.271279 -724.352421 0.028871 0.125922 Fe''1.12Mg0.18Fe'''1.27Al0.13Cr0.00Ti0.30O4 0 10.8201 3.05459 46.2457 0 36.6364 0 3.24325 0 0 0 0 0
500.00 1213.15 0.117745 0.230365 -615.810311 0.024588 0.107218 Fe''1.14Mg0.17Fe'''1.27Al0.12Cr0.00Ti0.30O4 0 11.0461 2.83732 45.9851 0 37.0364 0 3.09517 0 0 0 0 0
500.00 1203.15 0.100854 0.196399 -525.901134 0.021025 0.091663 Fe''1.15Mg0.16Fe'''1.26Al0.11Cr0.00Ti0.31O4 0 11.2766 2.63581 45.7028 0 37.427 0 2.95781 0 0 0 0 0
500.00 1193.15 0.086680 0.168019 -450.896654 0.018043 0.078639 Fe''1.16Mg0.16Fe'''1.26Al0.11Cr0.00Ti0.32O4 0 11.5129 2.44836 45.3982 0 37.8104 0 2.8301 0 0 0 0 0
500.00 1183.15 0.075779 0.146212 -393.428915 0.015751 0.068633 Fe''1.18Mg0.15Fe'''1.25Al0.10Cr0.00Ti0.33O4 0 11.7414 2.28126 45.0891 0 38.1777 0 2.71054 0 0 0 0 0
500.00 1173.15 0.065553 0.125902 -339.830315 0.013608 0.059274 Fe''1.19Mg0.14Fe'''1.24Al0.09Cr0.00Ti0.33O4 0 11.9803 2.12277 44.754 0 38.5442 0 2.59872 0 0 0 0 0
500.00 1163.15 0.057259 0.109471 -296.519190 0.011872 0.051694 Fe''1.20Mg0.14Fe'''1.23Al0.09Cr0.00Ti0.34O4 0 12.2242 1.97514 44.4002 0 38.9068 0 2.4937 0 0 0 0 0
500.00 1153.15 0.050247 0.095625 -260.026141 0.010406 0.045294 Fe''1.21Mg0.13Fe'''1.23Al0.08Cr0.00Ti0.35O4 0 12.4737 1.83731 44.0272 0 39.267 0 2.39479 0 0 0 0 0
500.00 1143.15 0.044312 0.083947 -229.242519 0.009168 0.039887 Fe''1.23Mg0.13Fe'''1.22Al0.07Cr0.00Ti0.35O4 0 12.7297 1.70832 43.6344 0 39.6263 0 2.30133 0 0 0 0 0
500.00 1133.15 0.039916 0.075282 -206.635515 0.008252 0.035878 Fe''1.24Mg0.12Fe'''1.20Al0.07Cr0.00Ti0.36O4 0 13.0605 1.584 43.0944 0 40.0482 0 2.21297 0 0 0 0 0
500.00 1123.15 0.022711 0.042622 -117.370911 0.004689 0.020382 Fe''1.25Mg0.12Fe'''1.20Al0.06Cr0.00Ti0.37O4 0 13.2159 1.4775 42.8504 0 40.3714 0 2.08475 0 0 0 0 0
500.00 1113.15 0.002695 0.005027 -13.818932 0.000555 0.002414 Fe''1.25Mg0.11Fe'''1.22Al0.06Cr0.00Ti0.36O4 0 12.8246 1.40392 43.5973 0 40.2651 0 1.90906 0 0 0 0 0
500.00 1103.15 0.003140 0.005822 -15.986340 0.000645 0.002809 Fe''1.25Mg0.10Fe'''1.24Al0.06Cr0.00Ti0.35O4 0 12.4464 1.33526 44.3215 0 40.148 0 1.74881 0 0 0 0 0
500.00 1093.15 0.003359 0.006192 -16.990121 0.000689 0.003001 Fe''1.25Mg0.09Fe'''1.27Al0.06Cr0.00Ti0.34O4 0 12.0803 1.27085 45.0246 0 40.0222 0 1.60205 0 0 0 0 0
500.00 1083.15 0.003422 0.006269 -17.197275 0.000700 0.003053 Fe''1.25Mg0.08Fe'''1.29Al0.05Cr0.00Ti0.33O4 0 11.7253 1.21019 45.7084 0 39.889 0 1.46714 0 0 0 0 0
500.00 1073.15 0.003373 0.006143 -16.852967 0.000689 0.003005 Fe''1.25Mg0.08Fe'''1.31Al0.05Cr0.00Ti0.32O4 0 11.3805 1.15283 46.3741 0 39.7498 0 1.34276 0 0 0 0 0
500.00 1063.15 0.003245 0.005874 -16.123337 0.000661 0.002888 Fe''1.24Mg0.07Fe'''1.33Al0.05Cr0.00Ti0.31O4 0 11.0453 1.09842 47.023 0 39.6055 0 1.22779 0 0 0 0 0
500.00 1053.15 0.003060 0.005505 -15.121594 0.000622 0.002719 Fe''1.24Mg0.06Fe'''1.35Al0.05Cr0.00Ti0.30O4 0 10.719 1.04668 47.6561 0 39.4569 0 1.12127 0 0 0 0 0

olivine_0 thermodynamic data and composition:
Pressure Temperature mass S H V Cp formula SiO2 TiO2 Al2O3 Fe2O3 Cr2O3 FeO MnO MgO CaO Na2O K2O P2O5 H2O
500.00 1413.15 0.020694 0.049080 -252.151203 0.006270 0.025468 (Ca0.01Mg0.82Fe''0.18Mn0.00Co0.00Ni0.00)2SiO4 39.4301 0 0 0 0 16.9509 0.278642 42.9545 0.385902 0 0 0 0
500.00 1403.15 0.761396 1.797657 -9238.023193 0.230046 0.933938 (Ca0.01Mg0.81Fe''0.19Mn0.00Co0.00Ni0.00)2SiO4 39.3226 0 0 0 0 17.5121 0.286226 42.486 0.393073 0 0 0 0
500.00 1393.15 0.736424 1.730734 -8894.937438 0.221864 0.900223 (Ca0.01Mg0.80Fe''0.19Mn0.00Co0.00Ni0.00)2SiO4 39.2106 0 0 0 0 18.0972 0.29408 41.9977 0.400432 0 0 0 0
500.00 1383.15 0.480345 1.123465 -5768.997658 0.144221 0.584887 (Ca0.01Mg0.80Fe''0.20Mn0.00Co0.00Ni0.00)2SiO4 39.0757 0 0 0 0 18.8052 0.306125 41.4128 0.400195 0 0 0 0
500.00 1333.15 0.092054 0.209790 -1066.511795 0.027075 0.109558 (Ca0.00Mg0.74Fe''0.25Mn0.01Co0.00Ni0.00)2SiO4 38.2672 0 0 0 0 22.9706 0.512423 37.9377 0.312082 0 0 0 0
500.00 1323.15 0.471861 1.069991 -5435.230908 0.138301 0.559327 (Ca0.00Mg0.73Fe''0.26Mn0.01Co0.00Ni0.00)2SiO4 38.1344 0 0 0 0 23.6019 0.602755 37.3673 0.293624 0 0 0 0
500.00 1043.15 0.015280 0.028629 -123.893019 0.003805 0.014895 (Ca0.00Mg0.20Fe''0.59Mn0.20Co0.00Ni0.00)2SiO4 31.528 0 0 0 0 44.5888 15.1714 8.54372 0.168104 0 0 0 0
500.00 1033.15 0.018997 0.035338 -152.731149 0.004713 0.018416 (Ca0.00Mg0.19Fe''0.59Mn0.22Co0.00Ni0.00)2SiO4 31.3747 0 0 0 0 44.6131 15.9798 7.86681 0.165616 0 0 0 0
500.00 1023.15 0.032654 0.060184 -258.300457 0.008049 0.031330 (Ca0.00Mg0.16Fe''0.58Mn0.26Co0.00Ni0.00)2SiO4 31.0572 0 0 0 0 43.4283 18.8935 6.4368 0.184148 0 0 0 0

water thermodynamic data and composition:
Pressure Temperature mass S H V Cp formula
500.00 1353.15 0.036397 0.389216 -409.503664 0.450034 0.101791 H2O
500.00 1343.15 0.097883 1.044697 -1104.026766 1.199602 0.273846 H2O
500.00 1333.15 0.236767 2.522042 -2677.130446 2.875744 0.662689 H2O
500.00 1323.15 0.359269 3.819363 -4072.324838 4.324118 1.006089 H2O
500.00 1313.15 0.477625 5.067449 -5427.275053 5.695880 1.338359 H2O
500.00 1303.15 0.585388 6.198234 -6668.197335 6.916065 1.641500 H2O
500.00 1293.15 0.676523 7.148582 -7725.308509 7.917424 1.898617 H2O
500.00 1283.15 0.755146 7.962903 -8644.317050 8.753062 2.121249 H2O
500.00 1273.15 0.823992 8.670759 -9455.574783 9.458453 2.317081 H2O
500.00 1263.15 0.884906 9.292108 -10179.472107 10.057724 2.491304 H2O
500.00 1253.15 0.939196 9.841165 -10830.458534 10.568191 2.647621 H2O
500.00 1243.15 0.987969 10.329888 -11420.757081 11.004303 2.789164 H2O
500.00 1233.15 1.032049 10.767222 -11959.472062 11.376938 2.918284 H2O
500.00 1223.15 1.072075 11.160110 -12453.645461 11.694582 3.036817 H2O
500.00 1213.15 1.108557 11.514073 -12908.860364 11.964018 3.146234 H2O
500.00 1203.15 1.141906 11.833607 -13329.650607 12.190789 3.247743 H2O
500.00 1193.15 1.172468 12.122453 -13719.784533 12.379521 3.342365 H2O
500.00 1183.15 1.199990 12.378184 -14076.088537 12.528471 3.429424 H2O
500.00 1173.15 1.225606 12.612645 -14411.637818 12.650311 3.512203 H2O
500.00 1163.15 1.249280 12.825580 -14725.866768 12.745260 3.590666 H2O
500.00 1153.15 1.271256 13.019602 -15021.512857 12.816380 3.665580 H2O
500.00 1143.15 1.291779 13.197284 -15301.321059 12.866599 3.737724 H2O
500.00 1133.15 1.313838 13.389184 -15600.700460 12.925768 3.815870 H2O
500.00 1123.15 1.342112 13.642704 -15975.493281 13.038659 3.913859 H2O
500.00 1113.15 1.366686 13.856781 -16307.946841 13.107735 4.003048 H2O
500.00 1103.15 1.387951 14.035611 -16602.435898 13.137931 4.084634 H2O
500.00 1093.15 1.406550 14.185905 -16866.414982 13.136367 4.160580 H2O
500.00 1083.15 1.422967 14.312688 -17105.477060 13.108358 4.232409 H2O
500.00 1073.15 1.437570 14.419801 -17323.912464 13.057959 4.301346 H2O
500.00 1063.15 1.450650 14.510235 -17525.076873 12.988307 4.368405 H2O
500.00 1053.15 1.462435 14.586355 -17711.640979 12.901871 4.434459 H2O
500.00 1043.15 1.473598 14.654905 -17891.683622 12.804844 4.501770 H2O
500.00 1033.15 1.483891 14.713430 -18062.172016 12.695191 4.569859 H2O
500.00 1023.15 1.545211 15.274955 -18856.353753 13.010027 4.800236 H2O

clinopyroxene_0 thermodynamic data and composition:
Pressure Temperature mass S H V Cp structure formula SiO2 TiO2 Al2O3 Fe2O3 Cr2O3 FeO MnO MgO CaO Na2O K2O P2O5 H2O
500.00 1383.15 1.254212 2.854355 -16062.980998 0.386228 1.474412 cpx Na0.01Ca0.83Fe''0.17Mg0.85Fe'''0.07Ti0.02Al0.19Si1.86O6 50.3092 0.591953 4.46761 2.50644 0 5.52429 0 15.5264 20.9282 0.145831 0 0 0
500.00 1373.15 3.664573 8.306934 -46818.000022 1.125706 4.296438 cpx Na0.01Ca0.83Fe''0.18Mg0.84Fe'''0.07Ti0.02Al0.21Si1.85O6 49.935 0.680659 4.7341 2.65875 0 5.77247 0 15.2099 20.854 0.155199 0 0 0
500.00 1363.15 3.367041 7.601706 -42910.582324 1.031722 3.936760 cpx Na0.01Ca0.83Fe''0.19Mg0.82Fe'''0.08Ti0.02Al0.22Si1.84O6 49.5507 0.776949 5.00476 2.81176 0 6.01774 0 14.8843 20.7888 0.165051 0 0 0
500.00 1353.15 3.374185 7.586590 -42881.550217 1.031117 3.933480 cpx Na0.01Ca0.82Fe''0.20Mg0.80Fe'''0.08Ti0.02Al0.23Si1.82O6 49.1292 0.879311 5.31 2.97799 0 6.28783 0 14.5213 20.717 0.177357 0 0 0
500.00 1343.15 3.395325 7.603572 -43093.911573 1.035740 3.949890 cpx Na0.01Ca0.82Fe''0.20Mg0.79Fe'''0.08Ti0.03Al0.24Si1.82O6 48.9024 0.923882 5.50883 3.03797 0 6.49266 0 14.2883 20.6564 0.18965 0 0 0
500.00 1333.15 2.750948 6.144650 -34914.271256 0.839252 3.203647 cpx Na0.01Ca0.80Fe''0.21Mg0.81Fe'''0.08Ti0.02Al0.23Si1.83O6 49.3181 0.821578 5.17733 2.81967 0 6.88573 0 14.6653 20.1156 0.196735 0 0 0
500.00 1323.15 1.483527 3.302960 -18815.140119 0.452392 1.727653 cpx Na0.01Ca0.78Fe''0.23Mg0.82Fe'''0.07Ti0.02Al0.21Si1.84O6 49.5983 0.759303 4.907 2.67161 0 7.2616 0 14.8684 19.7292 0.204528 0 0 0
500.00 1313.15 0.765321 1.697382 -9700.413327 0.233234 0.890559 cpx Na0.02Ca0.78Fe''0.23Mg0.83Fe'''0.07Ti0.02Al0.21Si1.85O6 49.7813 0.727141 4.69265 2.57217 0 7.54675 0 14.9263 19.5396 0.214132 0 0 0
500.00 1303.15 0.214901 0.474424 -2722.745107 0.065440 0.249628 cpx Na0.02Ca0.78Fe''0.24Mg0.82Fe'''0.07Ti0.02Al0.20Si1.85O6 49.8587 0.728436 4.53334 2.52525 0 7.71371 0 14.8013 19.6132 0.22603 0 0 0
500.00 1293.15 0.108000 0.237317 -1368.016869 0.032863 0.125238 cpx Na0.02Ca0.78Fe''0.24Mg0.81Fe'''0.07Ti0.02Al0.19Si1.86O6 49.9375 0.72987 4.37943 2.47586 0 7.8623 0 14.6829 19.6945 0.237629 0 0 0
500.00 1283.15 0.046740 0.102224 -591.989166 0.014213 0.054110 cpx Na0.02Ca0.79Fe''0.25Mg0.81Fe'''0.07Ti0.02Al0.19Si1.86O6 50.0173 0.731476 4.23005 2.42447 0 7.99609 0 14.5708 19.7809 0.248926 0 0 0
500.00 1273.15 0.013112 0.028540 -166.069637 0.003984 0.015154 cpx Na0.02Ca0.79Fe''0.25Mg0.80Fe'''0.07Ti0.02Al0.18Si1.87O6 50.0979 0.733295 4.08475 2.37147 0 8.11767 0 14.4646 19.8704 0.259918 0 0 0
500.00 1183.15 0.048571 0.101131 -617.362615 0.014692 0.055378 cpx Na0.03Ca0.83Fe''0.28Mg0.76Fe'''0.05Ti0.02Al0.13Si1.90O6 50.7853 0.770954 2.96396 1.87103 0 8.85606 0 13.7167 20.6896 0.346456 0 0 0
500.00 1173.15 0.034381 0.071218 -437.282080 0.010395 0.039143 cpx Na0.03Ca0.83Fe''0.28Mg0.76Fe'''0.05Ti0.02Al0.13Si1.90O6 50.8524 0.778547 2.86088 1.8168 0 8.90914 0 13.6513 20.776 0.355041 0 0 0
500.00 1163.15 0.039282 0.080948 -499.953924 0.011872 0.044658 cpx Na0.03Ca0.84Fe''0.28Mg0.76Fe'''0.05Ti0.02Al0.12Si1.91O6 50.9171 0.786923 2.76182 1.76337 0 8.95789 0 13.5885 20.8609 0.363487 0 0 0
500.00 1153.15 0.043640 0.089457 -555.810056 0.013184 0.049541 cpx Na0.03Ca0.84Fe''0.28Mg0.75Fe'''0.05Ti0.02Al0.12Si1.91O6 50.9794 0.796074 2.6666 1.71082 0 9.00279 0 13.5282 20.9444 0.371795 0 0 0
500.00 1143.15 0.047626 0.097110 -607.005855 0.014382 0.053986 cpx Na0.03Ca0.84Fe''0.28Mg0.75Fe'''0.05Ti0.02Al0.11Si1.91O6 51.0393 0.805976 2.57492 1.65921 0 9.04448 0 13.4699 21.0263 0.379949 0 0 0
500.00 1133.15 0.064400 0.130609 -821.308088 0.019438 0.072889 cpx Na0.03Ca0.85Fe''0.28Mg0.75Fe'''0.05Ti0.02Al0.11Si1.91O6 51.0839 0.82258 2.49265 1.61007 0 9.09467 0 13.402 21.1063 0.387832 0 0 0
500.00 1123.15 0.103029 0.207794 -1313.177434 0.031067 0.116370 cpx Na0.03Ca0.85Fe''0.29Mg0.74Fe'''0.04Ti0.02Al0.11Si1.92O6 51.1016 0.822702 2.41384 1.57312 0 9.27914 0 13.2621 21.1543 0.393154 0 0 0
500.00 1113.15 0.093582 0.187677 -1190.687091 0.028184 0.105440 cpx Na0.03Ca0.85Fe''0.30Mg0.73Fe'''0.04Ti0.02Al0.10Si1.92O6 51.1397 0.773929 2.31049 1.54497 0 9.60702 0 13.0715 21.157 0.395347 0 0 0
500.00 1103.15 0.082401 0.164302 -1046.481341 0.024783 0.092601 cpx Na0.03Ca0.85Fe''0.31Mg0.72Fe'''0.04Ti0.02Al0.10Si1.92O6 51.1584 0.733318 2.21928 1.52255 0 9.93682 0 12.8618 21.1695 0.398316 0 0 0
500.00 1093.15 0.073150 0.145003 -927.162499 0.021970 0.081981 cpx Na0.03Ca0.85Fe''0.32Mg0.71Fe'''0.04Ti0.02Al0.09Si1.93O6 51.16 0.69924 2.13805 1.50535 0 10.2731 0 12.6337 21.1886 0.402018 0 0 0
500.00 1083.15 0.065393 0.128854 -827.071067 0.019611 0.073077 cpx Na0.03Ca0.86Fe''0.33Mg0.70Fe'''0.04Ti0.02Al0.09Si1.93O6 51.1459 0.670492 2.06517 1.4931 0 10.6205 0 12.3872 21.2112 0.40643 0 0 0
500.00 1073.15 0.058816 0.115192 -742.145186 0.017610 0.065530 cpx Na0.03Ca0.86Fe''0.35Mg0.68Fe'''0.04Ti0.02Al0.09Si1.93O6 51.1171 0.64617 1.99937 1.48569 0 10.984 0 12.1215 21.2345 0.411546 0 0 0
500.00 1063.15 0.053190 0.103529 -669.405066 0.015898 0.059073 cpx Na0.03Ca0.86Fe''0.36Mg0.67Fe'''0.04Ti0.02Al0.09Si1.93O6 51.0737 0.625592 1.93966 1.48317 0 11.3689 0 11.8355 21.2561 0.417376 0 0 0
500.00 1053.15 0.048341 0.093501 -606.626497 0.014421 0.053508 cpx Na0.03Ca0.86Fe''0.37Mg0.65Fe'''0.04Ti0.02Al0.08Si1.93O6 51.0155 0.608236 1.88525 1.48574 0 11.7808 0 11.5271 21.2734 0.423948 0 0 0
500.00 1043.15 0.034292 0.065902 -429.518569 0.010215 0.037839 cpx Na0.03Ca0.87Fe''0.38Mg0.64Fe'''0.04Ti0.02Al0.08Si1.94O6 50.9622 0.605561 1.84257 1.47965 0 12.0726 0 11.2454 21.3611 0.430806 0 0 0
500.00 1033.15 0.027696 0.052883 -346.596886 0.008241 0.030476 cpx Na0.03Ca0.88Fe''0.39Mg0.62Fe'''0.04Ti0.02Al0.08Si1.94O6 50.9297 0.609896 1.8037 1.45979 0 12.259 0 11.0156 21.4852 0.437154 0 0 0
500.00 1023.15 0.078814 0.149296 -981.470437 0.023373 0.086211 cpx Na0.03Ca0.89Fe''0.41Mg0.59Fe'''0.05Ti0.02Al0.08Si1.93O6 50.5914 0.709396 1.86484 1.56668 0 12.7081 0 10.2798 21.816 0.463826 0 0 0

feldspar_0 thermodynamic data and composition:
Pressure Temperature mass S H V Cp formula SiO2 TiO2 Al2O3 Fe2O3 Cr2O3 FeO MnO MgO CaO Na2O K2O P2O5 H2O
500.00 1343.15 0.427314 0.994874 -5962.563851 0.159330 0.519636 K0.01Na0.18Ca0.81Al1.81Si2.19O8 47.8179 0 33.5102 0 0 0 0 0 16.4886 2.0759 0.107386 0 0
500.00 1333.15 3.535439 8.217273 -49351.410735 1.320532 4.296426 K0.01Na0.21Ca0.78Al1.78Si2.22O8 48.4746 0 33.0644 0 0 0 0 0 15.9676 2.37047 0.123024 0 0
500.00 1323.15 3.509952 8.144591 -49013.344983 1.313439 4.262709 K0.01Na0.24Ca0.75Al1.75Si2.25O8 49.1717 0 32.5907 0 0 0 0 0 15.4141 2.68211 0.141384 0 0
500.00 1313.15 3.464043 8.025249 -48387.834373 1.298818 4.204331 K0.01Na0.27Ca0.72Al1.72Si2.28O8 49.9132 0 32.0861 0 0 0 0 0 14.8248 3.01173 0.164188 0 0
500.00 1303.15 3.306190 7.647062 -46196.757404 1.242132 4.010248 K0.01Na0.30Ca0.69Al1.69Si2.31O8 50.6724 0 31.5687 0 0 0 0 0 14.2208 3.34706 0.191065 0 0
500.00 1293.15 2.837458 6.551833 -39658.649000 1.068204 3.439556 K0.01Na0.32Ca0.66Al1.66Si2.34O8 51.4421 0 31.0434 0 0 0 0 0 13.6078 3.68533 0.221273 0 0
500.00 1283.15 2.476278 5.707628 -34620.216093 0.934125 3.013265 K0.01Na0.35Ca0.63Al1.63Si2.37O8 52.213 0 30.5166 0 0 0 0 0 12.9933 4.02196 0.25514 0 0
500.00 1273.15 2.187577 5.032595 -30592.419879 0.826869 2.661330 K0.02Na0.38Ca0.60Al1.60Si2.40O8 52.9762 0 29.994 0 0 0 0 0 12.3841 4.35272 0.292983 0 0
500.00 1263.15 1.946855 4.469705 -27233.490125 0.737318 2.367868 K0.02Na0.41Ca0.57Al1.57Si2.43O8 53.7253 0 29.4799 0 0 0 0 0 11.7852 4.67442 0.335136 0 0
500.00 1253.15 1.740436 3.987130 -24352.626062 0.660395 2.116212 K0.02Na0.44Ca0.54Al1.54Si2.46O8 54.4567 0 28.9768 0 0 0 0 0 11.1994 4.98511 0.382004 0 0
500.00 1243.15 1.568287 3.584436 -21949.812265 0.596164 1.906294 K0.02Na0.46Ca0.51Al1.51Si2.49O8 55.1651 0 28.4879 0 0 0 0 0 10.6308 5.28217 0.434013 0 0
500.00 1233.15 1.421489 3.240898 -19900.593754 0.541311 1.727251 K0.03Na0.49Ca0.49Al1.49Si2.51O8 55.8474 0 28.0154 0 0 0 0 0 10.0818 5.5638 0.491662 0 0
500.00 1223.15 1.294415 2.943432 -18126.403726 0.493749 1.572229 K0.03Na0.51Ca0.46Al1.46Si2.54O8 56.5016 0 27.5603 0 0 0 0 0 9.55368 5.82879 0.555551 0 0
500.00 1213.15 1.183079 2.682786 -16571.640406 0.452005 1.436381 K0.04Na0.53Ca0.44Al1.44Si2.56O8 57.1272 0 27.123 0 0 0 0 0 9.04693 6.07641 0.62642 0 0
500.00 1203.15 1.084614 2.452299 -15196.260704 0.415022 1.316217 K0.04Na0.55Ca0.41Al1.41Si2.59O8 57.7244 0 26.703 0 0 0 0 0 8.56108 6.30623 0.705214 0 0
500.00 1193.15 0.996924 2.247097 -13970.992555 0.382029 1.209190 K0.05Na0.57Ca0.39Al1.39Si2.61O8 58.2944 0 26.2993 0 0 0 0 0 8.09502 6.51805 0.79317 0 0
500.00 1183.15 0.882130 1.982157 -12364.447488 0.338563 1.069429 K0.05Na0.58Ca0.36Al1.36Si2.64O8 58.8836 0 25.8793 0 0 0 0 0 7.61102 6.72976 0.896351 0 0
500.00 1173.15 0.828285 1.855073 -11611.457787 0.318371 1.003614 K0.06Na0.60Ca0.34Al1.34Si2.66O8 59.4417 0 25.477 0 0 0 0 0 7.14889 6.91875 1.0137 0 0
500.00 1163.15 0.765615 1.708912 -10733.820310 0.294726 0.927158 K0.07Na0.61Ca0.32Al1.32Si2.68O8 59.9921 0 25.0752 0 0 0 0 0 6.68896 7.09194 1.15182 0 0
500.00 1153.15 0.711201 1.581923 -9970.831700 0.274208 0.860758 K0.08Na0.63Ca0.30Al1.30Si2.70O8 60.5422 0 24.667 0 0 0 0 0 6.22384 7.24775 1.31919 0 0
500.00 1143.15 0.665178 1.474261 -9324.049496 0.256898 0.804553 K0.09Na0.64Ca0.27Al1.27Si2.73O8 61.1044 0 24.2405 0 0 0 0 0 5.74081 7.38261 1.5316 0 0
500.00 1133.15 0.555400 1.226307 -7784.076123 0.214845 0.671353 K0.10Na0.65Ca0.25Al1.25Si2.75O8 61.6235 0 23.8422 0 0 0 0 0 5.29107 7.49511 1.74809 0 0
500.00 1123.15 0.280930 0.617607 -3940.190038 0.108721 0.339450 K0.10Na0.66Ca0.24Al1.24Si2.76O8 61.8669 0 23.6787 0 0 0 0 0 5.09933 7.60877 1.7463 0 0
500.00 1113.15 0.244802 0.535788 -3436.152693 0.094772 0.295699 K0.10Na0.67Ca0.24Al1.24Si2.76O8 62.0781 0 23.5387 0 0 0 0 0 4.9346 7.71231 1.73633 0 0
500.00 1103.15 0.218838 0.476781 -3074.156595 0.084744 0.264272 K0.10Na0.67Ca0.23Al1.23Si2.77O8 62.2737 0 23.4101 0 0 0 0 0 4.78284 7.81108 1.72231 0 0
500.00 1093.15 0.197494 0.428279 -2776.597461 0.076497 0.238469 K0.10Na0.68Ca0.22Al1.22Si2.78O8 62.4562 0 23.2911 0 0 0 0 0 4.64211 7.90585 1.70475 0 0
500.00 1083.15 0.179640 0.387713 -2527.687907 0.069595 0.216919 K0.10Na0.69Ca0.21Al1.21Si2.79O8 62.6275 0 23.1804 0 0 0 0 0 4.51079 7.99726 1.68411 0 0
500.00 1073.15 0.164479 0.353272 -2316.319605 0.063731 0.198661 K0.09Na0.70Ca0.21Al1.21Si2.79O8 62.7891 0 23.0767 0 0 0 0 0 4.38755 8.0858 1.66077 0 0
500.00 1063.15 0.151436 0.323652 -2134.472313 0.058685 0.183003 K0.09Na0.70Ca0.20Al1.20Si2.80O8 62.9426 0 22.9791 0 0 0 0 0 4.27123 8.17191 1.63512 0 0
500.00 1053.15 0.140087 0.297889 -1976.226997 0.054292 0.169439 K0.09Na0.71Ca0.20Al1.20Si2.80O8 63.089 0 22.8867 0 0 0 0 0 4.16082 8.25595 1.60748 0 0
500.00 1043.15 0.142923 0.302347 -2018.074334 0.055391 0.173103 K0.09Na0.72Ca0.19Al1.19Si2.81O8 63.2072 0 22.815 0 0 0 0 0 4.07409 8.33144 1.5722 0 0
500.00 1033.15 0.136517 0.287266 -1929.413089 0.052905 0.165675 K0.09Na0.72Ca0.19Al1.19Si2.81O8 63.3137 0 22.7519 0 0 0 0 0 3.99719 8.40329 1.53387 0 0
500.00 1023.15 0.328152 0.686701 -4642.591123 0.127134 0.399352 K0.08Na0.73Ca0.19Al1.19Si2.81O8 63.3508 0 22.7396 0 0 0 0 0 3.97834 8.45339 1.47795 0 0

Title: Nd2

Phase Masses:
Pressure Temperature mass liquid_0 olivine_0 orthopyroxene_0 clinopyroxene_0 feldspar_0 feldspar_1 quartz spinel_0 rhm-oxide_0 water 
500.00 1523.15 100.093345 100.093345 0.000000 0.000000 0.000000 0.000000 0.000000 0.000000 0.000000 0.000000 0.000000 
500.00 1513.15 100.093895 100.093895 0.000000 0.000000 0.000000 0.000000 0.000000 0.000000 0.000000 0.000000 0.000000 
500.00 1503.15 100.094479 100.094479 0.000000 0.000000 0.000000 0.000000 0.000000 0.000000 0.000000 0.000000 0.000000 
500.00 1493.15 100.095098 100.095098 0.000000 0.000000 0.000000 0.000000 0.000000 0.000000 0.000000 0.000000 0.000000 
500.00 1483.15 100.095753 100.095753 0.000000 0.000000 0.000000 0.000000 0.000000 0.000000 0.000000 0.000000 0.000000 
500.00 1473.15 100.096445 100.096445 0.000000 0.000000 0.000000 0.000000 0.000000 0.000000 0.000000 0.000000 0.000000 
500.00 1463.15 100.097175 100.097175 0.000000 0.000000 0.000000 0.000000 0.000000 0.000000 0.000000 0.000000 0.000000 
500.00 1453.15 100.097945 100.097945 0.000000 0.000000 0.000000 0.000000 0.000000 0.000000 0.000000 0.000000 0.000000 
500.00 1443.15 100.098755 100.098755 0.000000 0.000000 0.000000 0.000000 0.000000 0.000000 0.000000 0.000000 0.000000 
500.00 1433.15 100.099607 100.099607 0.000000 0.000000 0.000000 0.000000 0.000000 0.000000 0.000000 0.000000 0.000000 
500.00 1423.15 100.100503 100.100503 0.000000 0.000000 0.000000 0.000000 0.000000 0.000000 0.000000 0.000000 0.000000 
500.00 1413.15 100.101383 100.080689 0.020694 0.000000 0.000000 0.000000 0.000000 0.000000 0.000000 0.000000 0.000000 
500.00 1403.15 100.080322 99.318926 0.761396 0.000000 0.000000 0.000000 0.000000 0.000000 0.000000 0.000000 0.000000 
500.00 1393.15 99.318572 98.582148 0.736424 0.000000 0.000000 0.000000 0.000000 0.000000 0.000000 0.000000 0.000000 
500.00 1383.15 98.582710 96.848152 0.480345 0.000000 1.254212 0.000000 0.000000 0.000000 0.000000 0.000000 0.000000 
500.00 1373.15 96.853262 93.143678 0.000000 0.000000 3.664573 0.000000 0.000000 0.000000 0.045011 0.000000 0.000000 
500.00 1363.15 93.151417 89.664533 0.000000 0.000000 3.367041 0.000000 0.000000 0.000000 0.119843 0.000000 0.000000 
500.00 1353.15 89.675949 86.047852 0.000000 0.000000 3.374185 0.000000 0.000000 0.000000 0.217515 0.000000 0.036397 
500.00 1343.15 86.119498 81.270685 0.000000 0.000000 3.395325 0.427314 0.000000 0.000000 0.928291 0.000000 0.097883 
500.00 1333.15 81.420083 73.350875 0.092054 0.000000 2.750948 3.535439 0.000000 0.000000 1.454001 0.000000 0.236767 
500.00 1323.15 73.623995 66.749056 0.471861 0.000000 1.483527 3.509952 0.000000 0.000000 1.050331 0.000000 0.359269 
500.00 1313.15 67.137737 60.696712 0.000000 0.887695 0.765321 3.464043 0.000000 0.000000 0.846342 0.000000 0.477625 
500.00 1303.15 61.196602 55.411736 0.000000 1.025771 0.214901 3.306190 0.000000 0.000000 0.652617 0.000000 0.585388 
500.00 1293.15 56.014959 51.061679 0.000000 0.819143 0.108000 2.837458 0.000000 0.000000 0.512156 0.000000 0.676523 
500.00 1283.15 51.752896 47.399646 0.000000 0.664657 0.046740 2.476278 0.000000 0.000000 0.410429 0.000000 0.755146 
500.00 1273.15 48.167186 44.263106 0.000000 0.545206 0.013112 2.187577 0.000000 0.000000 0.334193 0.000000 0.823992 
500.00 1263.15 45.097771 41.542166 0.000000 0.448372 0.000000 1.946855 0.000000 0.000000 0.275472 0.000000 0.884906 
500.00 1253.15 42.435433 39.159007 0.000000 0.367502 0.000000 1.740436 0.000000 0.000000 0.229291 0.000000 0.939196 
500.00 1243.15 40.105539 37.052185 0.000000 0.304706 0.000000 1.568287 0.000000 0.000000 0.192393 0.000000 0.987969 
500.00 1233.15 38.046676 35.175755 0.000000 0.254882 0.000000 1.421489 0.000000 0.000000 0.162501 0.000000 1.032049 
500.00 1223.15 36.213675 33.494313 0.000000 0.214866 0.000000 1.294415 0.000000 0.000000 0.138006 0.000000 1.072075 
500.00 1213.15 34.571734 31.979966 0.000000 0.182388 0.000000 1.183079 0.000000 0.000000 0.117745 0.000000 1.108557 
500.00 1203.15 33.093440 30.610278 0.000000 0.155788 0.000000 1.084614 0.000000 0.000000 0.100854 0.000000 1.141906 
500.00 1193.15 31.756752 29.366851 0.000000 0.133828 0.000000 0.996924 0.000000 0.000000 0.086680 0.000000 1.172468 
500.00 1183.15 30.543720 28.250888 0.000000 0.086362 0.048571 0.882130 0.000000 0.000000 0.075779 0.000000 1.199990 
500.00 1173.15 29.456012 27.221939 0.000000 0.080248 0.034381 0.828285 0.000000 0.000000 0.065553 0.000000 1.225606 
500.00 1163.15 28.452501 26.276662 0.000000 0.064403 0.039282 0.765615 0.000000 0.000000 0.057259 0.000000 1.249280 
500.00 1153.15 27.530755 25.403558 0.000000 0.050852 0.043640 0.711201 0.000000 0.000000 0.050247 0.000000 1.271256 
500.00 1143.15 26.679510 24.591459 0.000000 0.039157 0.047626 0.665178 0.000000 0.000000 0.044312 0.000000 1.291779 
500.00 1133.15 25.887858 23.683626 0.000000 0.022839 0.064400 0.555400 0.207840 0.000000 0.039916 0.000000 1.313838 
500.00 1123.15 25.002739 22.407189 0.000000 0.000000 0.103029 0.280930 0.831817 0.000000 0.022711 0.014952 1.342112 
500.00 1113.15 23.754138 21.280759 0.000000 0.000000 0.093582 0.244802 0.733555 0.000000 0.002695 0.032059 1.366686 
500.00 1103.15 22.652308 20.303643 0.000000 0.000000 0.082401 0.218838 0.629312 0.000000 0.003140 0.027024 1.387951 
500.00 1093.15 21.696475 19.446717 0.000000 0.000000 0.073150 0.197494 0.546166 0.000000 0.003359 0.023039 1.406550 
500.00 1083.15 20.858161 18.688170 0.000000 0.000000 0.065393 0.179640 0.478735 0.000000 0.003422 0.019834 1.422967 
500.00 1073.15 20.116039 18.011310 0.000000 0.000000 0.058816 0.164479 0.423268 0.000000 0.003373 0.017222 1.437570 
500.00 1063.15 19.453789 17.403122 0.000000 0.000000 0.053190 0.151436 0.377078 0.000000 0.003245 0.015068 1.450650 
500.00 1053.15 18.858683 16.853287 0.000000 0.000000 0.048341 0.140087 0.338200 0.000000 0.003060 0.013274 1.462435 
500.00 1043.15 18.320382 16.344525 0.015280 0.000000 0.034292 0.142923 0.298346 0.000000 0.000000 0.011417 1.473598 
500.00 1033.15 17.822778 15.878529 0.018997 0.000000 0.027696 0.136517 0.267790 0.000000 0.000000 0.009358 1.483891 
500.00 1023.15 17.366676 13.271518 0.032654 0.000000 0.078814 0.328152 0.922433 1.171132 0.000000 0.016760 1.545211 

Title: Nd2

Phase Volumes:
Pressure Temperature mass V liquid_0 olivine_0 orthopyroxene_0 clinopyroxene_0 feldspar_0 feldspar_1 quartz spinel_0 rhm-oxide_0 water 
500.00 1523.15 100.093345 40.640731 40.640731 0.000000 0.000000 0.000000 0.000000 0.000000 0.000000 0.000000 0.000000 0.000000 
500.00 1513.15 100.093895 40.592901 40.592901 0.000000 0.000000 0.000000 0.000000 0.000000 0.000000 0.000000 0.000000 0.000000 
500.00 1503.15 100.094479 40.545153 40.545153 0.000000 0.000000 0.000000 0.000000 0.000000 0.000000 0.000000 0.000000 0.000000 
500.00 1493.15 100.095098 40.497487 40.497487 0.000000 0.000000 0.000000 0.000000 0.000000 0.000000 0.000000 0.000000 0.000000 
500.00 1483.15 100.095753 40.449907 40.449907 0.000000 0.000000 0.000000 0.000000 0.000000 0.000000 0.000000 0.000000 0.000000 
500.00 1473.15 100.096445 40.402413 40.402413 0.000000 0.000000 0.000000 0.000000 0.000000 0.000000 0.000000 0.000000 0.000000 
500.00 1463.15 100.097175 40.355009 40.355009 0.000000 0.000000 0.000000 0.000000 0.000000 0.000000 0.000000 0.000000 0.000000 
500.00 1453.15 100.097945 40.307695 40.307695 0.000000 0.000000 0.000000 0.000000 0.000000 0.000000 0.000000 0.000000 0.000000 
500.00 1443.15 100.098755 40.260475 40.260475 0.000000 0.000000 0.000000 0.000000 0.000000 0.000000 0.000000 0.000000 0.000000 
500.00 1433.15 100.099607 40.213350 40.213350 0.000000 0.000000 0.000000 0.000000 0.000000 0.000000 0.000000 0.000000 0.000000 
500.00 1423.15 100.100503 40.166322 40.166322 0.000000 0.000000 0.000000 0.000000 0.000000 0.000000 0.000000 0.000000 0.000000 
500.00 1413.15 100.101383 40.118927 40.112657 0.006270 0.000000 0.000000 0.000000 0.000000 0.000000 0.000000 0.000000 0.000000 
500.00 1403.15 100.080322 40.049063 39.819017 0.230046 0.000000 0.000000 0.000000 0.000000 0.000000 0.000000 0.000000 0.000000 
500.00 1393.15 99.318572 39.756411 39.534547 0.221864 0.000000 0.000000 0.000000 0.000000 0.000000 0.000000 0.000000 0.000000 
500.00 1383.15 98.582710 39.414680 38.884231 0.144221 0.000000 0.386228 0.000000 0.000000 0.000000 0.000000 0.000000 0.000000 
500.00 1373.15 96.853262 38.655340 37.519695 0.000000 0.000000 1.125706 0.000000 0.000000 0.000000 0.009938 0.000000 0.000000 
500.00 1363.15 93.151417 37.308240 36.250218 0.000000 0.000000 1.031722 0.000000 0.000000 0.000000 0.026300 0.000000 0.000000 
500.00 1353.15 89.675949 36.432676 34.904062 0.000000 0.000000 1.031117 0.000000 0.000000 0.000000 0.047463 0.000000 0.450034 
500.00 1343.15 86.119498 35.799041 33.202570 0.000000 0.000000 1.035740 0.159330 0.000000 0.000000 0.201799 0.000000 1.199602 
500.00 1333.15 81.420083 35.643688 30.265995 0.027075 0.000000 0.839252 1.320532 0.000000 0.000000 0.315089 0.000000 2.875744 
500.00 1323.15 73.623995 34.236548 27.781638 0.138301 0.000000 0.452392 1.313439 0.000000 0.000000 0.226661 0.000000 4.324118 
500.00 1313.15 67.137737 33.135273 25.457056 0.000000 0.268425 0.233234 1.298818 0.000000 0.000000 0.181860 0.000000 5.695880 
500.00 1303.15 61.196602 32.071292 23.398527 0.000000 0.309523 0.065440 1.242132 0.000000 0.000000 0.139605 0.000000 6.916065 
500.00 1293.15 56.014959 31.063793 21.689502 0.000000 0.246670 0.032863 1.068204 0.000000 0.000000 0.109131 0.000000 7.917424 
500.00 1283.15 51.752896 30.227107 20.238803 0.000000 0.199754 0.014213 0.934125 0.000000 0.000000 0.087152 0.000000 8.753062 
500.00 1273.15 48.167186 29.509975 18.986388 0.000000 0.163538 0.003984 0.826869 0.000000 0.000000 0.070743 0.000000 9.458453 
500.00 1263.15 45.097771 28.879229 17.891800 0.000000 0.134237 0.000000 0.737318 0.000000 0.000000 0.058149 0.000000 10.057724 
500.00 1253.15 42.435433 28.313117 16.926434 0.000000 0.109820 0.000000 0.660395 0.000000 0.000000 0.048278 0.000000 10.568191 
500.00 1243.15 40.105539 27.799045 16.067276 0.000000 0.090887 0.000000 0.596164 0.000000 0.000000 0.040414 0.000000 11.004303 
500.00 1233.15 38.046676 27.325351 15.297152 0.000000 0.075887 0.000000 0.541311 0.000000 0.000000 0.034062 0.000000 11.376938 
500.00 1223.15 36.213675 26.883882 14.602822 0.000000 0.063858 0.000000 0.493749 0.000000 0.000000 0.028871 0.000000 11.694582 
500.00 1213.15 34.571734 26.468558 13.973837 0.000000 0.054109 0.000000 0.452005 0.000000 0.000000 0.024588 0.000000 11.964018 
500.00 1203.15 33.093440 26.074749 13.401775 0.000000 0.046137 0.000000 0.415022 0.000000 0.000000 0.021025 0.000000 12.190789 
500.00 1193.15 31.756752 25.698857 12.879699 0.000000 0.039565 0.000000 0.382029 0.000000 0.000000 0.018043 0.000000 12.379521 
500.00 1183.15 30.543720 25.332901 12.409937 0.000000 0.025487 0.014692 0.338563 0.000000 0.000000 0.015751 0.000000 12.528471 
500.00 1173.15 29.456012 24.990659 11.974332 0.000000 0.023642 0.010395 0.318371 0.000000 0.000000 0.013608 0.000000 12.650311 
500.00 1163.15 28.452501 24.655082 11.572411 0.000000 0.018941 0.011872 0.294726 0.000000 0.000000 0.011872 0.000000 12.745260 
500.00 1153.15 27.530755 24.328726 11.199618 0.000000 0.014930 0.013184 0.274208 0.000000 0.000000 0.010406 0.000000 12.816380 
500.00 1143.15 26.679510 24.009980 10.851458 0.000000 0.011476 0.014382 0.256898 0.000000 0.000000 0.009168 0.000000 12.866599 
500.00 1133.15 25.887858 23.717026 10.459347 0.000000 0.006681 0.019438 0.214845 0.082695 0.000000 0.008252 0.000000 12.925768 
500.00 1123.15 25.002739 23.421552 9.904260 0.000000 0.000000 0.031067 0.108721 0.330934 0.000000 0.004689 0.003222 13.038659 
500.00 1113.15 23.754138 22.944692 9.414732 0.000000 0.000000 0.028184 0.094772 0.291819 0.000000 0.000555 0.006896 13.107735 
500.00 1103.15 22.652308 22.494149 8.989911 0.000000 0.000000 0.024783 0.084744 0.250330 0.000000 0.000645 0.005804 13.137931 
500.00 1093.15 21.696475 22.074860 8.617158 0.000000 0.000000 0.021970 0.076497 0.217239 0.000000 0.000689 0.004941 13.136367 
500.00 1083.15 20.858161 21.679923 8.287007 0.000000 0.000000 0.019611 0.069595 0.190403 0.000000 0.000700 0.004248 13.108358 
500.00 1073.15 20.116039 21.304222 7.992220 0.000000 0.000000 0.017610 0.063731 0.168329 0.000000 0.000689 0.003684 13.057959 
500.00 1063.15 19.453789 20.943869 7.727151 0.000000 0.000000 0.015898 0.058685 0.149947 0.000000 0.000661 0.003220 12.988307 
500.00 1053.15 18.858683 20.595841 7.487326 0.000000 0.000000 0.014421 0.054292 0.134475 0.000000 0.000622 0.002834 12.901871 
500.00 1043.15 18.320382 20.261268 7.265960 0.003805 0.000000 0.010215 0.055391 0.118618 0.000000 0.000000 0.002435 12.804844 
500.00 1033.15 17.822778 19.932864 7.063360 0.004713 0.000000 0.008241 0.052905 0.106458 0.000000 0.000000 0.001995 12.695191 
500.00 1023.15 17.366676 19.901957 5.901470 0.008049 0.000000 0.023373 0.127134 0.366672 0.461663 0.000000 0.003570 13.010027 

Title: Nd2

Solid Composition:
Pressure Temperature mass SiO2 TiO2 Al2O3 Fe2O3 Cr2O3 FeO MnO MgO CaO Na2O K2O P2O5 H2O 
500.00 1523.15 0.000000 ---
500.00 1513.15 0.000000 ---
500.00 1503.15 0.000000 ---
500.00 1493.15 0.000000 ---
500.00 1483.15 0.000000 ---
500.00 1473.15 0.000000 ---
500.00 1463.15 0.000000 ---
500.00 1453.15 0.000000 ---
500.00 1443.15 0.000000 ---
500.00 1433.15 0.000000 ---
500.00 1423.15 0.000000 ---
500.00 1413.15 0.020694 39.4301 0 0 0 0 16.9509 0.278642 42.9545 0.385902 0 0 0 0
500.00 1403.15 0.761396 39.3226 0 1.39382e-013 0 0 17.5121 0.286226 42.486 0.393073 0 0 0 0
500.00 1393.15 0.736424 39.2106 0 -1.44108e-013 0 0 18.0972 0.29408 41.9977 0.400432 0 0 0 0
500.00 1383.15 1.734558 47.1984 0.428026 3.23041 1.81234 0 9.20214 0.0847742 22.695 15.2435 0.105447 0 0 0
500.00 1373.15 3.709584 49.3291 0.739361 4.80097 3.1469 0.0923382 6.01412 0 15.123 20.6009 0.153316 0 0 0
500.00 1363.15 3.486883 47.8476 0.976977 5.15036 4.26254 0.146527 6.75614 0 14.6261 20.0743 0.159378 0 0 0
500.00 1353.15 3.628097 45.6909 1.27949 5.43805 5.5699 0.0726446 7.60523 0 13.9085 19.2671 0.164945 0 0 1.00319
500.00 1343.15 4.848813 38.4574 2.18939 8.34434 11.1975 0.00568573 10.331 0 11.2133 15.9175 0.315745 0.00946371 0 2.0187
500.00 1333.15 8.069208 38.4887 1.76386 17.6128 9.51728 0 8.13109 0.00584578 6.52934 13.8574 1.10567 0.0539018 0 2.9342
500.00 1323.15 6.874939 38.4243 1.45704 18.7628 7.84061 0 7.96191 0.0413701 6.65347 12.1471 1.41347 0.0721827 0 5.22577
500.00 1313.15 6.441025 40.1257 1.24415 18.9768 6.70731 0 7.16962 0 6.08101 10.5439 1.64788 0.088302 0 7.41535
500.00 1303.15 5.784866 40.2851 1.05641 19.2588 5.64185 0 6.74079 0 5.6846 9.17902 1.92492 0.109198 0 10.1193
500.00 1293.15 4.953281 39.386 0.984715 18.7743 5.12658 0 6.28373 0 5.01335 8.52671 2.11976 0.126755 0 13.6581
500.00 1283.15 4.353251 38.3838 0.913186 18.1672 4.63654 0 5.82076 0 4.41046 7.88245 2.29377 0.145132 0 17.3467
500.00 1273.15 3.904080 37.2989 0.843638 17.4676 4.17768 0 5.36437 0 3.8743 7.26052 2.44288 0.164167 0 21.1059
500.00 1263.15 3.555605 36.137 0.778197 16.6881 3.75638 0 4.92301 0 3.40237 6.68162 2.56225 0.183502 0 24.8876
500.00 1253.15 3.276426 34.9007 0.717821 15.8512 3.37474 0 4.49999 0 2.9859 6.15086 2.6506 0.20292 0 28.6653
500.00 1243.15 3.053355 33.6454 0.659681 15.0169 3.02129 0 4.10233 0 2.62149 5.63783 2.71532 0.222921 0 32.3568
500.00 1233.15 2.870921 32.3737 0.604672 14.1939 2.69772 0 3.7317 0 2.30187 5.14785 2.75684 0.243438 0 35.9484
500.00 1223.15 2.719362 31.0942 0.553119 13.3889 2.40337 0 3.38902 0 2.02233 4.68456 2.7763 0.264442 0 39.4238
500.00 1213.15 2.591769 29.8149 0.505152 12.6072 2.13695 0 3.07409 0 1.77827 4.25005 2.77533 0.285945 0 42.7722
500.00 1203.15 2.483162 28.5432 0.460767 11.8528 1.89676 0 2.786 0 1.56537 3.84518 2.7559 0.308029 0 45.986
500.00 1193.15 2.389901 27.2871 0.419871 11.1288 1.68093 0 2.52336 0 1.37971 3.46994 2.7202 0.330863 0 49.0593
500.00 1183.15 2.292831 25.7266 0.405844 10.1392 1.55184 0 2.23933 0 1.23077 3.42759 2.59734 0.344857 0 52.3366
500.00 1173.15 2.234073 24.7229 0.364808 9.59212 1.36106 0 2.03539 0 1.0896 3.02717 2.57138 0.375831 0 54.8597
500.00 1163.15 2.175839 23.595 0.3369 8.95648 1.21584 0 1.82927 0 0.966415 2.77612 2.50265 0.405293 0 57.416
500.00 1153.15 2.127197 22.5514 0.311732 8.36925 1.08699 0 1.64122 0 0.858352 2.54665 2.43133 0.441054 0 59.762
500.00 1143.15 2.088051 21.6205 0.289087 7.83502 0.9727 0 1.46933 0 0.763307 2.33596 2.36089 0.487913 0 61.8653
500.00 1133.15 2.204233 23.7424 0.260834 7.94204 0.832066 0 1.22834 0 0.654246 2.02812 2.30783 1.39894 0 59.6052
500.00 1123.15 2.595551 29.7299 0.422333 8.86049 0.504202 0 0.934109 0.00849525 0.558857 1.59622 2.23411 3.44308 0 51.7082
500.00 1113.15 2.473379 27.5306 0.659198 8.137 0.25542 0 0.888397 0.0204684 0.525873 1.46781 2.07348 3.18593 0 55.2558
500.00 1103.15 2.348665 25.1812 0.588741 7.41879 0.244443 0 0.831607 0.0193757 0.477351 1.34071 1.91363 2.88887 0 59.0953
500.00 1093.15 2.249758 23.0865 0.526816 6.7817 0.232546 0 0.777726 0.0183238 0.43256 1.22621 1.76862 2.6289 0 62.5201
500.00 1083.15 2.169991 21.2191 0.472393 6.21624 0.220033 0 0.72713 0.017326 0.39146 1.1232 1.6373 2.40102 0 65.5748
500.00 1073.15 2.104729 19.5527 0.424528 5.71364 0.207136 0 0.679989 0.0163891 0.353887 1.03055 1.51844 2.20081 0 68.3019
500.00 1063.15 2.050667 18.0633 0.382376 5.266 0.194021 0 0.636338 0.0155159 0.319609 0.947179 1.41081 2.02442 0 70.7404
500.00 1053.15 2.005396 16.7295 0.345194 4.86634 0.180804 0 0.596128 0.0147067 0.28837 0.872113 1.31323 1.86856 0 72.925
500.00 1043.15 1.975857 15.6349 0.285395 4.56124 0.0871623 0 0.775317 0.130755 0.268324 0.723798 1.2545 1.69837 0 74.5802
500.00 1033.15 1.944249 14.5417 0.238468 4.24524 0.070143 0 0.79551 0.167852 0.239275 0.636567 1.17764 1.56556 0 76.3221
500.00 1023.15 4.095158 49.7194 0.210224 6.13903 0.0693488 0 0.748278 0.16278 0.253133 0.813069 1.61983 2.53228 0 37.7326
Title: Nd2

Bulk Composition:
Pressure Temperature mass SiO2 TiO2 Al2O3 Fe2O3 Cr2O3 FeO MnO MgO CaO Na2O K2O P2O5 H2O 
500.00 1523.15 100.093345 51.7636 1.03782 15.3616 2.11024 0.0113047 8.01919 0.166442 6.20732 9.6047 2.47705 1.23363 0.127279 1.87982
500.00 1513.15 100.093895 51.7633 1.03781 15.3616 2.11572 0.0113046 8.01421 0.166441 6.20728 9.60465 2.47704 1.23362 0.127279 1.87981
500.00 1503.15 100.094479 51.763 1.0378 15.3615 2.12153 0.0113045 8.00892 0.16644 6.20725 9.60459 2.47703 1.23362 0.127278 1.8798
500.00 1493.15 100.095098 51.7627 1.0378 15.3614 2.12769 0.0113045 8.00332 0.166439 6.20721 9.60453 2.47701 1.23361 0.127277 1.87979
500.00 1483.15 100.095753 51.7623 1.03779 15.3613 2.1342 0.0113044 7.99739 0.166438 6.20717 9.60447 2.47699 1.2336 0.127276 1.87977
500.00 1473.15 100.096445 51.762 1.03778 15.3612 2.14109 0.0113043 7.99113 0.166437 6.20713 9.6044 2.47698 1.23359 0.127275 1.87976
500.00 1463.15 100.097175 51.7616 1.03778 15.3611 2.14835 0.0113042 7.98452 0.166436 6.20708 9.60433 2.47696 1.23358 0.127275 1.87975
500.00 1453.15 100.097945 51.7612 1.03777 15.3609 2.15601 0.0113041 7.97755 0.166435 6.20703 9.60426 2.47694 1.23357 0.127274 1.87973
500.00 1443.15 100.098755 51.7608 1.03776 15.3608 2.16407 0.011304 7.97021 0.166433 6.20698 9.60418 2.47692 1.23356 0.127273 1.87972
500.00 1433.15 100.099607 51.7603 1.03775 15.3607 2.17256 0.0113039 7.9625 0.166432 6.20693 9.6041 2.4769 1.23355 0.127271 1.8797
500.00 1423.15 100.100503 51.7599 1.03774 15.3605 2.18147 0.0113038 7.95439 0.16643 6.20688 9.60401 2.47688 1.23354 0.12727 1.87968
500.00 1413.15 100.101383 51.7594 1.03773 15.3604 2.19022 0.0113037 7.94642 0.166429 6.20682 9.60393 2.47685 1.23353 0.127269 1.87967
500.00 1403.15 100.080322 51.7625 1.03795 15.3636 2.17705 0.0113061 7.95702 0.166409 6.19967 9.60587 2.47738 1.23379 0.127296 1.88006
500.00 1393.15 99.318572 51.8585 1.04591 15.4815 2.18014 0.0113928 7.89623 0.165494 5.92195 9.67654 2.49638 1.24325 0.128272 1.89448
500.00 1383.15 98.582710 51.9531 1.05372 15.597 2.19198 0.0114779 7.82415 0.164536 5.65285 9.74578 2.51501 1.25253 0.12923 1.90862
500.00 1373.15 96.853262 52.0364 1.06488 15.8177 2.23073 0.0116828 7.77048 0.165959 5.34793 9.64703 2.55803 1.2749 0.131537 1.94271
500.00 1363.15 93.151417 52.1404 1.07782 16.2553 2.25604 0.00855161 7.78478 0.172554 4.95846 9.21023 2.65358 1.32557 0.136765 2.01991
500.00 1353.15 89.675949 52.3013 1.08168 16.6852 2.28307 0.00323313 7.72986 0.179241 4.58217 8.78686 2.75023 1.37694 0.142065 2.09819
500.00 1343.15 86.119498 52.5368 1.07255 17.1453 2.52863 0.000320302 7.38235 0.186643 4.1857 8.33827 2.85686 1.4338 0.147932 2.18484
500.00 1333.15 81.420083 53.2801 1.00418 17.6385 2.6031 0 6.6585 0.197416 3.75975 7.87206 3.00298 1.516 0.15647 2.31095
500.00 1323.15 73.623995 54.7054 0.917317 17.5766 2.27493 0 6.07856 0.217687 3.44306 7.18737 3.19982 1.67062 0.173039 2.55565
500.00 1313.15 67.137737 56.0579 0.856876 17.354 2.07038 0 5.51149 0.23449 3.09524 6.63841 3.36426 1.82463 0.189757 2.80256
500.00 1303.15 61.196602 57.2794 0.809271 17.0422 1.86418 0 5.02478 0.257255 2.75646 6.17372 3.51748 1.99248 0.208179 3.07464
500.00 1293.15 56.014959 58.4204 0.775209 16.6305 1.70142 0 4.57261 0.281053 2.42519 5.7975 3.64414 2.16552 0.227436 3.35906
500.00 1283.15 51.752896 59.4649 0.744997 16.204 1.55811 0 4.16328 0.304198 2.14595 5.45954 3.74144 2.33173 0.246166 3.63569
500.00 1273.15 48.167186 60.4258 0.718139 15.7693 1.43006 0 3.79183 0.326844 1.90801 5.15428 3.81275 2.4922 0.264492 3.90634
500.00 1263.15 45.097771 61.313 0.694216 15.3313 1.31453 0 3.45396 0.349089 1.70344 4.8773 3.86087 2.64762 0.282493 4.17221
500.00 1253.15 42.435433 62.1343 0.672802 14.8957 1.2095 0 3.14593 0.370991 1.5259 4.62378 3.88852 2.79836 0.300217 4.43397
500.00 1243.15 40.105539 62.8954 0.6535 14.4669 1.11315 0 2.8653 0.392543 1.37131 4.39022 3.898 2.94436 0.317657 4.69156
500.00 1233.15 38.046676 63.6017 0.636197 14.0455 1.02458 0 2.60941 0.413785 1.23586 4.17567 3.89117 3.08581 0.334847 4.94544
500.00 1223.15 36.213675 64.2575 0.620756 13.6321 0.943027 0 2.37595 0.434729 1.11668 3.97924 3.86972 3.22272 0.351796 5.19575
500.00 1213.15 34.571734 64.8667 0.607045 13.2274 0.867846 0 2.16291 0.455376 1.01142 3.80008 3.8353 3.35499 0.368504 5.44252
500.00 1203.15 33.093440 65.4326 0.594936 12.8318 0.798502 0 1.96845 0.475718 0.918128 3.6373 3.78945 3.48249 0.384965 5.68564
500.00 1193.15 31.756752 65.9584 0.584305 12.4461 0.734527 0 1.79094 0.495742 0.835191 3.49006 3.73367 3.605 0.401169 5.92496
500.00 1183.15 30.543720 66.4464 0.575036 12.0706 0.679447 0 1.62535 0.51543 0.761244 3.35748 3.66932 3.72231 0.417101 6.16026
500.00 1173.15 29.456012 66.903 0.565105 11.7282 0.623762 0 1.47881 0.534463 0.694876 3.21567 3.60288 3.83295 0.432503 6.38774
500.00 1163.15 28.452501 67.3272 0.556842 11.3898 0.574108 0 1.34338 0.553313 0.635187 3.09243 3.52831 3.93867 0.447758 6.61303
500.00 1153.15 27.530755 67.7225 0.549333 11.0644 0.528401 0 1.21979 0.571839 0.581463 2.97762 3.44891 4.03854 0.462749 6.83444
500.00 1143.15 26.679510 68.0914 0.542503 10.7512 0.486363 0 1.10707 0.590084 0.532997 2.87065 3.36539 4.13228 0.477513 7.0525
500.00 1133.15 25.887858 68.4362 0.5363 10.4492 0.44848 0 1.00362 0.608129 0.489177 2.77112 3.27818 4.21935 0.492116 7.26817
500.00 1123.15 25.002739 68.775 0.532847 10.1209 0.403824 0 0.923832 0.629657 0.450301 2.69156 3.19126 4.24587 0.509537 7.52547
500.00 1113.15 23.754138 69.149 0.517302 9.68667 0.365488 0 0.880111 0.661888 0.413655 2.65975 3.11541 4.09333 0.53632 7.92104
500.00 1103.15 22.652308 69.5144 0.473185 9.27142 0.35182 0 0.83521 0.691917 0.377117 2.63004 3.0411 3.94509 0.562407 8.30632
500.00 1093.15 21.696475 69.8592 0.433095 8.87891 0.338008 0 0.790951 0.72038 0.342825 2.60199 2.9685 3.80672 0.587184 8.67226
500.00 1083.15 20.858161 70.1854 0.396568 8.50649 0.324195 0 0.747644 0.747442 0.310721 2.57557 2.89765 3.67673 0.610784 9.0208
500.00 1073.15 20.116039 70.4946 0.363214 8.15201 0.310489 0 0.705524 0.773242 0.280731 2.55073 2.82857 3.55396 0.633317 9.3536
500.00 1063.15 19.453789 70.7882 0.332706 7.81369 0.296969 0 0.664764 0.797895 0.252774 2.52741 2.76124 3.43745 0.654876 9.67202
500.00 1053.15 18.858683 71.0674 0.304761 7.49004 0.283699 0 0.625492 0.821498 0.226767 2.50555 2.69564 3.32643 0.675541 9.97723
500.00 1043.15 18.320382 71.3341 0.279139 7.17989 0.25696 0 0.600194 0.844147 0.202627 2.48511 2.63181 3.22029 0.695391 10.2704
500.00 1033.15 17.822778 71.6042 0.257996 6.87713 0.235825 0 0.553714 0.854201 0.179717 2.47571 2.56694 3.12259 0.714806 10.5571
500.00 1023.15 17.366676 71.869 0.240859 6.58499 0.192052 0 0.523185 0.858904 0.158802 2.47096 2.50327 3.03003 0.733579 10.8344
