Title: Hr

System Thermodynamic Data:
Pressure Temperature mass F phi S H V dVdP*10^6 dVdT*10^6 Cp logfO2(absolute) logfO2-NNO rhol rhos viscosity aH2O chisqr
500.00 1523.15 98.116088 1.0000000000000000 1.000000 274.763675 -1162031.825761 37.548960 -368.526809 3744.735979 147.478019 -7.007 0.000 2.613017 0.000000 1.759 0.389033 0.000
500.00 1513.15 98.116748 1.0000000000000000 1.000000 273.793555 -1163516.211498 37.512112 -367.406411 3742.067243 147.477989 -7.116 0.000 2.615602 0.000000 1.798 0.388068 0.000
500.00 1503.15 98.117450 1.0000000000000000 1.000000 272.817049 -1165001.224461 37.475325 -366.289033 3739.341325 147.478162 -7.225 0.000 2.618188 0.000000 1.838 0.387093 0.000
500.00 1493.15 98.118193 1.0000000000000000 1.000000 271.834068 -1166486.889045 37.438602 -365.174747 3736.558503 147.478545 -7.336 0.000 2.620776 0.000000 1.878 0.386108 0.000
500.00 1483.15 98.118979 1.0000000000000000 1.000000 270.844524 -1167973.230677 37.401943 -364.063631 3733.719070 147.479144 -7.449 0.000 2.623366 0.000000 1.918 0.385114 0.000
500.00 1473.15 98.119810 1.0000000000000000 1.000000 269.862932 -1169438.705113 37.365350 -362.955764 3730.823330 144.328427 -7.563 0.000 2.625957 0.000000 1.959 0.384109 0.000
500.00 1463.15 98.120687 1.0000000000000000 1.000000 268.881480 -1170894.920456 37.328824 -361.851229 3727.871599 144.321304 -7.679 0.000 2.628550 0.000000 2.001 0.383095 0.000
500.00 1453.15 98.121612 1.0000000000000000 1.000000 267.893390 -1172351.806523 37.292368 -360.750113 3724.864211 144.313886 -7.796 0.000 2.631145 0.000000 2.043 0.382071 0.000
500.00 1443.15 98.122585 1.0000000000000000 1.000000 266.898571 -1173809.387530 37.255983 -359.652507 3721.801509 144.306172 -7.915 0.000 2.633740 0.000000 2.086 0.381036 0.000
500.00 1433.15 98.123610 1.0000000000000000 1.000000 265.896931 -1175267.688890 37.219671 -358.558505 3718.683857 144.298160 -8.035 0.000 2.636337 0.000000 2.129 0.379992 0.000
500.00 1423.15 98.124686 1.0000000000000000 1.000000 264.888374 -1176726.737283 37.183433 -357.468205 3715.511630 144.289848 -8.157 0.000 2.638936 0.000000 2.173 0.378937 0.000
500.00 1413.15 98.126090 0.9732434979522341 0.977130 263.172030 -1179182.919385 37.034578 -352.903951 3677.844704 143.371766 -8.281 0.000 2.639042 3.099811 2.216 0.393208 0.000
500.00 1403.15 98.125461 0.8987774783987071 0.910759 260.283791 -1183239.487940 36.749089 -341.436064 3574.879035 140.907556 -8.407 0.000 2.635019 3.028646 2.251 0.443654 0.000
500.00 1393.15 98.123731 0.8309156101584033 0.849421 257.584668 -1186984.235255 36.502514 -330.886806 3476.860967 138.636414 -8.535 0.000 2.629574 3.018485 2.294 0.497875 0.000
500.00 1383.15 98.122110 0.7712596707874978 0.795053 255.103187 -1190401.783400 36.283650 -321.449379 3388.432461 136.637518 -8.664 0.000 2.623374 3.018268 2.340 0.553748 0.000
500.00 1373.15 98.120585 0.7180509403482959 0.746271 252.790970 -1193562.933103 36.086799 -312.898265 3307.202633 134.850741 -8.795 0.000 2.616198 3.021426 2.389 0.611303 0.000
500.00 1363.15 98.119128 0.6699429257353736 0.701996 250.610494 -1196521.912915 35.907703 -305.062816 3231.273417 133.229863 -8.929 0.000 2.607770 3.026445 2.443 0.670612 0.000
500.00 1353.15 98.117686 0.6258812784412804 0.661375 248.531845 -1199321.086370 35.743155 -297.810847 3159.095129 131.738619 -9.064 0.000 2.597758 3.032806 2.503 0.731802 0.000
500.00 1343.15 98.307698 0.5012612293146945 0.561378 244.553030 -1207955.979452 35.501504 -283.899912 2875.630350 127.676668 -9.201 0.000 2.472573 3.148646 3.064 0.877739 0.000
500.00 1333.15 98.328254 0.4611747844699317 0.524531 242.610041 -1210904.745952 35.381536 -277.295543 2801.180405 126.393920 -9.340 0.000 2.443409 3.149395 3.205 0.961506 0.000
500.00 1323.15 98.351479 0.3970775764334616 0.446198 240.257532 -1214420.995600 36.175346 -2580.609428 3643.060490 124.728758 -9.481 0.000 2.419445 2.959888 3.362 0.999927 0.000
500.00 1313.15 98.376704 0.3168075973410668 0.345090 237.671833 -1218256.476474 37.599659 -6528.300386 5178.547905 122.931935 -9.625 0.000 2.401991 2.729417 3.499 0.999965 0.000
500.00 1303.15 98.378796 0.2660846482252685 0.284327 235.639293 -1220950.914456 38.558354 -9100.131343 6212.462410 121.678623 -9.771 0.000 2.387728 2.616461 3.668 1.00001 0.000
500.00 1293.15 98.376489 0.2250080351165183 0.236824 233.818817 -1223275.417737 39.332498 -11204.762236 7093.036433 120.677440 -9.919 0.000 2.376363 2.539873 3.826 1.00006 0.000
500.00 1283.15 98.371475 0.1916392717698786 0.199331 232.164453 -1225322.168475 39.947000 -12910.543761 7845.328078 120.059627 -10.069 0.000 2.367526 2.486206 3.969 1.0001 0.000
500.00 1273.15 98.364652 0.1646481546370532 0.169707 230.644366 -1227150.416736 40.423402 -14270.627579 8473.398005 119.422184 -10.221 0.000 2.360829 2.448184 4.100 1.00013 0.000

Title: Hr

Liquid Composition:
Pressure Temperature mass SiO2 TiO2 Al2O3 Fe2O3 FeO MnO MgO CaO Na2O K2O P2O5 H2O 
500.00 1523.15 98.116088 48.1472 1.41037 15.541 2.57025 10.0723 0.198846 7.06918 11.208 2.24989 0.353561 0.160218 1.0192
500.00 1513.15 98.116748 48.1468 1.41036 15.5409 2.57696 10.0662 0.198845 7.06913 11.208 2.24987 0.353558 0.160217 1.01919
500.00 1503.15 98.117450 48.1465 1.41035 15.5408 2.58407 10.0597 0.198843 7.06908 11.2079 2.24985 0.353556 0.160216 1.01919
500.00 1493.15 98.118193 48.1461 1.41034 15.5406 2.59161 10.0528 0.198842 7.06903 11.2078 2.24984 0.353553 0.160215 1.01918
500.00 1483.15 98.118979 48.1457 1.41033 15.5405 2.59959 10.0455 0.19884 7.06897 11.2077 2.24982 0.35355 0.160214 1.01917
500.00 1473.15 98.119810 48.1453 1.41032 15.5404 2.60802 10.0379 0.198839 7.06891 11.2076 2.2498 0.353547 0.160212 1.01916
500.00 1463.15 98.120687 48.1449 1.4103 15.5403 2.61692 10.0297 0.198837 7.06885 11.2075 2.24978 0.353544 0.160211 1.01915
500.00 1453.15 98.121612 48.1444 1.41029 15.5401 2.6263 10.0212 0.198835 7.06878 11.2074 2.24976 0.353541 0.160209 1.01914
500.00 1443.15 98.122585 48.144 1.41028 15.5399 2.63618 10.0122 0.198833 7.06871 11.2073 2.24974 0.353537 0.160208 1.01913
500.00 1433.15 98.123610 48.1435 1.41026 15.5398 2.64657 10.0027 0.198831 7.06864 11.2072 2.24971 0.353534 0.160206 1.01912
500.00 1423.15 98.124686 48.1429 1.41025 15.5396 2.65749 9.99273 0.198829 7.06856 11.2071 2.24969 0.35353 0.160204 1.01911
500.00 1413.15 95.500579 48.1163 1.43434 15.641 2.68651 10.1435 0.204292 6.93863 10.9644 2.29628 0.363004 0.164606 1.04711
500.00 1403.15 88.192954 48.1453 1.51732 15.5817 2.77656 10.6224 0.218639 6.5917 10.4302 2.41253 0.391655 0.178246 1.13388
500.00 1393.15 81.532540 48.2389 1.60022 15.4941 2.86322 11.0537 0.231672 6.17627 9.9741 2.52656 0.4219 0.192806 1.2265
500.00 1383.15 75.677626 48.3583 1.67373 15.4186 2.93913 11.4323 0.243908 5.77599 9.5403 2.6361 0.452612 0.207723 1.32139
500.00 1373.15 70.455579 48.5115 1.73605 15.357 3.00376 11.7522 0.255251 5.38908 9.12638 2.74219 0.484045 0.223119 1.41933
500.00 1363.15 65.734216 48.7089 1.78485 15.3116 3.05614 12.0061 0.265561 5.01384 8.73011 2.846 0.516504 0.239145 1.52128
500.00 1353.15 61.410023 48.9635 1.81709 15.2846 3.09476 12.1836 0.274643 4.64874 8.34948 2.94882 0.550367 0.255984 1.6284
500.00 1343.15 49.277838 53.6847 1.16461 16.3982 2.19825 7.92987 0.345108 3.9649 7.82069 3.46248 0.682883 0.319007 2.02931
500.00 1333.15 45.346511 54.7413 1.0713 16.5009 2.04301 7.24442 0.36684 3.65701 7.47898 3.6059 0.738423 0.346664 2.20524
500.00 1323.15 39.053167 55.8684 0.991184 16.4263 1.90198 6.59033 0.434185 3.32774 7.08861 3.80765 0.84601 0.402528 2.31504
500.00 1313.15 31.166487 56.8278 0.924859 16.1987 1.77965 5.97485 0.622597 2.98269 6.73826 4.04764 1.0311 0.504388 2.36754
500.00 1303.15 26.177087 57.9426 0.897364 15.868 1.6572 5.43388 0.745308 2.66718 6.52415 4.07514 1.1927 0.600525 2.39592
500.00 1293.15 22.135501 58.9218 0.881069 15.553 1.53775 4.93824 0.88139 2.40272 6.37739 4.01709 1.36422 0.710171 2.41517
500.00 1283.15 18.851838 59.7573 0.87317 15.265 1.42264 4.48501 1.03491 2.17982 6.28613 3.89112 1.54336 0.833871 2.42768
500.00 1273.15 16.195558 60.4561 0.871519 15.0063 1.31325 4.07223 1.20465 1.99001 6.23953 3.71449 1.72593 0.970636 2.43534
Title: Hr

liquid_0 thermodynamic data and composition:
Pressure Temperature mass S H V Cp viscosity SiO2 TiO2 Al2O3 Fe2O3 FeO MnO MgO CaO Na2O K2O P2O5 H2O Mg#
500.00 1523.15 98.116088 274.763675 -1162031.825761 37.548960 147.478019 1.759 48.1472 1.41037 15.541 2.57025 10.0723 0.198846 7.06918 11.208 2.24989 0.353561 0.160218 1.0192 55.6
500.00 1513.15 98.116748 273.793555 -1163516.211498 37.512112 147.477989 1.798 48.1468 1.41036 15.5409 2.57696 10.0662 0.198845 7.06913 11.208 2.24987 0.353558 0.160217 1.01919 55.6
500.00 1503.15 98.117450 272.817049 -1165001.224461 37.475325 147.478162 1.838 48.1465 1.41035 15.5408 2.58407 10.0597 0.198843 7.06908 11.2079 2.24985 0.353556 0.160216 1.01919 55.6
500.00 1493.15 98.118193 271.834068 -1166486.889045 37.438602 147.478545 1.878 48.1461 1.41034 15.5406 2.59161 10.0528 0.198842 7.06903 11.2078 2.24984 0.353553 0.160215 1.01918 55.6
500.00 1483.15 98.118979 270.844524 -1167973.230677 37.401943 147.479144 1.918 48.1457 1.41033 15.5405 2.59959 10.0455 0.19884 7.06897 11.2077 2.24982 0.35355 0.160214 1.01917 55.6
500.00 1473.15 98.119810 269.862932 -1169438.705113 37.365350 144.328427 1.959 48.1453 1.41032 15.5404 2.60802 10.0379 0.198839 7.06891 11.2076 2.2498 0.353547 0.160212 1.01916 55.7
500.00 1463.15 98.120687 268.881480 -1170894.920456 37.328824 144.321304 2.001 48.1449 1.4103 15.5403 2.61692 10.0297 0.198837 7.06885 11.2075 2.24978 0.353544 0.160211 1.01915 55.7
500.00 1453.15 98.121612 267.893390 -1172351.806523 37.292368 144.313886 2.043 48.1444 1.41029 15.5401 2.6263 10.0212 0.198835 7.06878 11.2074 2.24976 0.353541 0.160209 1.01914 55.7
500.00 1443.15 98.122585 266.898571 -1173809.387530 37.255983 144.306172 2.086 48.144 1.41028 15.5399 2.63618 10.0122 0.198833 7.06871 11.2073 2.24974 0.353537 0.160208 1.01913 55.7
500.00 1433.15 98.123610 265.896931 -1175267.688890 37.219671 144.298160 2.129 48.1435 1.41026 15.5398 2.64657 10.0027 0.198831 7.06864 11.2072 2.24971 0.353534 0.160206 1.01912 55.7
500.00 1423.15 98.124686 264.888374 -1176726.737283 37.183433 144.289848 2.173 48.1429 1.41025 15.5396 2.65749 9.99273 0.198829 7.06856 11.2071 2.24969 0.35353 0.160204 1.01911 55.8
500.00 1413.15 95.500579 257.077106 -1144965.228888 36.187587 140.251141 2.216 48.1163 1.43434 15.641 2.68651 10.1435 0.204292 6.93863 10.9644 2.29628 0.363004 0.164606 1.04711 54.9
500.00 1403.15 88.192954 237.158722 -1053020.316258 33.469568 129.034484 2.251 48.1453 1.51732 15.5817 2.77656 10.6224 0.218639 6.5917 10.4302 2.41253 0.391655 0.178246 1.13388 52.5
500.00 1393.15 81.532540 219.030292 -969768.965524 31.005986 118.804211 2.294 48.2389 1.60022 15.4941 2.86322 11.0537 0.231672 6.17627 9.9741 2.52656 0.4219 0.192806 1.2265 49.9
500.00 1383.15 75.677626 203.107549 -897202.063441 28.847438 109.848276 2.340 48.3583 1.67373 15.4186 2.93913 11.4323 0.243908 5.77599 9.5403 2.6361 0.452612 0.207723 1.32139 47.4
500.00 1373.15 70.455579 188.925777 -833115.410041 26.930525 101.896679 2.389 48.5115 1.73605 15.357 3.00376 11.7522 0.255251 5.38908 9.12638 2.74219 0.484045 0.223119 1.41933 45.0
500.00 1363.15 65.734216 176.130053 -775837.571024 25.207056 94.743284 2.443 48.7089 1.78485 15.3116 3.05614 12.0061 0.265561 5.01384 8.73011 2.846 0.516504 0.239145 1.52128 42.7
500.00 1353.15 61.410023 164.443345 -724075.315742 23.639621 88.227339 2.503 48.9635 1.81709 15.2846 3.09476 12.1836 0.274643 4.64874 8.34948 2.94882 0.550367 0.255984 1.6284 40.5
500.00 1343.15 49.277838 133.689242 -609758.057764 19.929777 70.857840 3.064 53.6847 1.16461 16.3982 2.19825 7.92987 0.345108 3.9649 7.82069 3.46248 0.682883 0.319007 2.02931 47.1
500.00 1333.15 45.346511 123.260961 -565838.560880 18.558703 65.106163 3.205 54.7413 1.0713 16.5009 2.04301 7.24442 0.36684 3.65701 7.47898 3.6059 0.738423 0.346664 2.20524 47.4
500.00 1323.15 39.053167 106.173297 -490798.210380 16.141377 55.914158 3.362 55.8684 0.991184 16.4263 1.90198 6.59033 0.434185 3.32774 7.08861 3.80765 0.84601 0.402528 2.31504 47.4
500.00 1313.15 31.166487 84.621403 -393640.639748 12.975274 44.467303 3.499 56.8278 0.924859 16.1987 1.77965 5.97485 0.622597 2.98269 6.73826 4.04764 1.0311 0.504388 2.36754 47.1
500.00 1303.15 26.177087 70.835938 -332349.502354 10.963179 37.195802 3.668 57.9426 0.897364 15.868 1.6572 5.43388 0.745308 2.66718 6.52415 4.07514 1.1927 0.600525 2.39592 46.7
500.00 1293.15 22.135501 59.653485 -282371.547765 9.314864 31.336478 3.826 58.9218 0.881069 15.553 1.53775 4.93824 0.88139 2.40272 6.37739 4.01709 1.36422 0.710171 2.41517 46.4
500.00 1283.15 18.851838 50.565615 -241507.512965 7.962674 26.599528 3.969 59.7573 0.87317 15.265 1.42264 4.48501 1.03491 2.17982 6.28613 3.89112 1.54336 0.833871 2.42768 46.4
500.00 1273.15 16.195558 43.216446 -208262.710218 6.860114 22.784296 4.100 60.4561 0.871519 15.0063 1.31325 4.07223 1.20465 1.99001 6.23953 3.71449 1.72593 0.970636 2.43534 46.6

feldspar_0 thermodynamic data and composition:
Pressure Temperature mass S H V Cp formula SiO2 TiO2 Al2O3 Fe2O3 FeO MnO MgO CaO Na2O K2O P2O5 H2O
500.00 1413.15 0.592162 1.412854 -8216.989948 0.220777 0.725279 K0.00Na0.17Ca0.83Al1.83Si2.17O8 47.2916 0 33.8802 0 0 0 0 16.9167 1.87296 0.0386221 0 0
500.00 1403.15 3.518140 8.369829 -48853.826214 1.312274 4.305248 K0.00Na0.18Ca0.82Al1.82Si2.18O8 47.5158 0 33.7283 0 0 0 0 16.739 1.97453 0.0422937 0 0
500.00 1393.15 6.329145 15.012924 -87952.010237 2.361797 7.738280 K0.00Na0.18Ca0.81Al1.81Si2.19O8 47.7312 0 33.5824 0 0 0 0 16.5684 2.07197 0.0460445 0 0
500.00 1383.15 8.776589 20.756011 -122051.115966 3.276475 10.720995 K0.00Na0.19Ca0.80Al1.80Si2.20O8 47.9453 0 33.4373 0 0 0 0 16.3988 2.16877 0.0498333 0 0
500.00 1373.15 10.929096 25.768069 -152095.144790 4.081755 13.338263 K0.00Na0.20Ca0.80Al1.80Si2.20O8 48.1585 0 33.2929 0 0 0 0 16.2298 2.26515 0.0536503 0 0
500.00 1363.15 12.838952 30.177886 -178803.309391 4.797031 15.654748 K0.00Na0.21Ca0.79Al1.79Si2.21O8 48.3713 0 33.1487 0 0 0 0 16.0612 2.36132 0.0574826 0 0
500.00 1353.15 14.547566 34.087402 -202745.312541 5.437670 17.721652 K0.00Na0.22Ca0.78Al1.78Si2.22O8 48.5842 0 33.0044 0 0 0 0 15.8925 2.45755 0.0613143 0 0
500.00 1343.15 17.078613 39.920605 -238161.445266 6.390596 20.789037 K0.00Na0.24Ca0.76Al1.76Si2.24O8 49.0211 0 32.7102 0 0 0 0 15.5478 2.65997 0.0608355 0 0
500.00 1333.15 18.792674 43.792974 -262246.407029 7.035807 22.854670 K0.00Na0.25Ca0.75Al1.75Si2.25O8 49.2803 0 32.5349 0 0 0 0 15.3427 2.77794 0.0641249 0 0
500.00 1323.15 22.046882 51.262225 -307810.346036 8.265388 26.792491 K0.00Na0.27Ca0.73Al1.73Si2.27O8 49.8154 0 32.1721 0 0 0 0 14.9186 3.0191 0.0748688 0 0
500.00 1313.15 26.398774 61.282651 -368688.428801 9.916749 32.061570 K0.01Na0.30Ca0.70Al1.70Si2.30O8 50.5693 0 31.6594 0 0 0 0 14.3196 3.35496 0.0967572 0 0
500.00 1303.15 29.740096 68.891754 -415529.720315 11.189351 36.093800 K0.01Na0.32Ca0.67Al1.67Si2.33O8 51.176 0 31.2462 0 0 0 0 13.8372 3.62394 0.116631 0 0
500.00 1293.15 32.539868 75.191576 -454863.698593 12.258625 39.460577 K0.01Na0.34Ca0.65Al1.65Si2.35O8 51.6958 0 30.8913 0 0 0 0 13.4231 3.85174 0.138052 0 0
500.00 1283.15 34.858765 80.324505 -487536.348812 13.145762 42.425924 K0.01Na0.36Ca0.64Al1.64Si2.36O8 52.1271 0 30.5957 0 0 0 0 13.0786 4.03804 0.160499 0 0
500.00 1273.15 36.759043 84.440680 -514411.498517 13.873271 44.706208 K0.01Na0.37Ca0.62Al1.62Si2.38O8 52.4756 0 30.3559 0 0 0 0 12.7994 4.18581 0.183289 0 0

orthopyroxene_0 thermodynamic data and composition:
Pressure Temperature mass S H V Cp structure formula SiO2 TiO2 Al2O3 Fe2O3 FeO MnO MgO CaO Na2O K2O P2O5 H2O
500.00 1323.15 2.020990 4.621287 -25040.651001 0.612254 2.479621 opx Na0.00Ca0.07Fe''0.44Mg1.42Fe'''0.03Ti0.00Al0.10Si1.93O6 53.5126 0.125495 2.38727 1.10033 14.6671 0 26.3814 1.80565 0.0201254 0 0 0
500.00 1313.15 6.545031 14.895262 -80950.431507 1.980093 8.013293 opx Na0.00Ca0.07Fe''0.45Mg1.41Fe'''0.03Ti0.00Al0.10Si1.93O6 53.5232 0.116368 2.27914 1.05422 15.0117 0 26.1867 1.80766 0.0210652 0 0 0
500.00 1303.15 7.746738 17.539385 -95475.733697 2.338762 9.456908 opx Na0.00Ca0.07Fe''0.47Mg1.40Fe'''0.03Ti0.00Al0.09Si1.94O6 53.4858 0.10658 2.16484 1.00837 15.5465 0 25.8481 1.81841 0.0214034 0 0 0
500.00 1293.15 8.684136 19.560369 -106665.833368 2.616355 10.570990 opx Na0.00Ca0.07Fe''0.49Mg1.38Fe'''0.03Ti0.00Al0.09Si1.94O6 53.4419 0.098289 2.06525 0.965812 16.0639 0 25.5213 1.82207 0.0215008 0 0 0
500.00 1283.15 9.487144 21.258973 -116156.356853 2.852527 11.516551 opx Na0.00Ca0.07Fe''0.50Mg1.37Fe'''0.03Ti0.00Al0.08Si1.94O6 53.3936 0.0913279 1.97977 0.9264 16.5576 0 25.2111 1.81873 0.0213966 0 0 0
500.00 1273.15 10.191166 22.718962 -124401.461240 3.058198 12.338088 opx Na0.00Ca0.07Fe''0.52Mg1.35Fe'''0.02Ti0.00Al0.08Si1.95O6 53.3424 0.0854714 1.90678 0.889801 17.0277 0 24.9177 1.80907 0.0211287 0 0 0

water thermodynamic data and composition:
Pressure Temperature mass S H V Cp formula
500.00 1323.15 0.095903 1.019537 -1087.062566 1.154276 0.268564 H2O
500.00 1313.15 0.262122 2.781037 -2978.510964 3.125922 0.734497 H2O
500.00 1303.15 0.372819 3.947499 -4246.807143 4.404668 1.045430 H2O
500.00 1293.15 0.465390 4.917615 -5314.353677 5.446513 1.306087 H2O
500.00 1283.15 0.542337 5.718865 -6208.248889 6.286348 1.523456 H2O
500.00 1273.15 0.605583 6.372467 -6949.257712 6.951373 1.702910 H2O

spinel_0 thermodynamic data and composition:
Pressure Temperature mass S H V Cp formula SiO2 TiO2 Al2O3 Fe2O3 FeO MnO MgO CaO Na2O K2O P2O5 H2O
500.00 1343.15 6.033104 12.634436 -35395.158251 1.311498 5.721901 Fe''0.93Mg0.33Fe'''1.19Al0.29Cr0.00Ti0.26O4 0 9.92393 7.01202 45.0216 31.6515 0 6.39099 0 0 0 0 0
500.00 1333.15 6.798101 14.170294 -39597.538249 1.473774 6.428120 Fe''0.94Mg0.32Fe'''1.19Al0.28Cr0.00Ti0.26O4 0 10.013 6.71042 45.0894 32.0092 0 6.17804 0 0 0 0 0
500.00 1323.15 7.644536 15.854642 -44107.513932 1.651858 7.203011 Fe''0.96Mg0.31Fe'''1.20Al0.26Cr0.00Ti0.27O4 0 10.1371 6.31849 45.1708 32.4548 0 5.91885 0 0 0 0 0
500.00 1313.15 8.482509 17.496863 -48367.756877 1.825959 7.961054 Fe''0.98Mg0.30Fe'''1.21Al0.25Cr0.00Ti0.27O4 0 10.2159 5.8792 45.3699 32.9222 0 5.61284 0 0 0 0 0
500.00 1303.15 8.805331 18.060333 -49558.029321 1.887350 8.227521 Fe''1.00Mg0.28Fe'''1.21Al0.23Cr0.00Ti0.28O4 0 10.4392 5.37982 45.3261 33.6127 0 5.24225 0 0 0 0 0
500.00 1293.15 8.993359 18.346865 -50071.097646 1.920473 8.370780 Fe''1.02Mg0.26Fe'''1.22Al0.21Cr0.00Ti0.29O4 0 10.6558 4.9599 45.2264 34.2405 0 4.91746 0 0 0 0 0
500.00 1283.15 9.089205 18.446979 -50155.441856 1.934641 8.431357 Fe''1.05Mg0.25Fe'''1.22Al0.19Cr0.00Ti0.29O4 0 10.8637 4.60648 45.0872 34.8092 0 4.63341 0 0 0 0 0
500.00 1273.15 9.118583 18.414774 -49949.503305 1.935364 8.433226 Fe''1.06Mg0.24Fe'''1.22Al0.18Cr0.00Ti0.30O4 0 11.0643 4.30615 44.9182 35.328 0 4.38334 0 0 0 0 0

clinopyroxene_0 thermodynamic data and composition:
Pressure Temperature mass S H V Cp structure formula SiO2 TiO2 Al2O3 Fe2O3 FeO MnO MgO CaO Na2O K2O P2O5 H2O
500.00 1413.15 2.033349 4.682070 -26000.700549 0.626214 2.395346 cpx Na0.01Ca0.83Fe''0.16Mg0.84Fe'''0.08Ti0.02Al0.24Si1.83O6 49.6076 0.688604 5.42663 2.75603 5.19247 0 15.2243 20.9349 0.169494 0 0 0
500.00 1403.15 5.828768 13.374689 -74333.134564 1.791098 6.852831 cpx Na0.01Ca0.82Fe''0.17Mg0.83Fe'''0.08Ti0.02Al0.24Si1.83O6 49.3873 0.782831 5.48392 2.85925 5.51926 0 15.0848 20.705 0.1776 0 0 0
500.00 1393.15 8.797482 20.107592 -111846.823399 2.696507 10.315825 cpx Na0.01Ca0.82Fe''0.18Mg0.82Fe'''0.08Ti0.03Al0.24Si1.82O6 49.095 0.899125 5.56925 2.99703 5.83953 0 14.8379 20.5759 0.186307 0 0 0
500.00 1383.15 11.382762 25.911820 -144251.771981 3.479712 13.310108 cpx Na0.01Ca0.81Fe''0.19Mg0.81Fe'''0.09Ti0.03Al0.25Si1.81O6 48.776 1.02931 5.6674 3.14228 6.16002 0 14.5707 20.4591 0.195194 0 0 0
500.00 1373.15 13.663242 30.974313 -172575.984817 4.165318 15.929604 cpx Na0.01Ca0.81Fe''0.20Mg0.79Fe'''0.09Ti0.03Al0.25Si1.80O6 48.4266 1.1758 5.77976 3.29648 6.47924 0 14.2806 20.3572 0.204296 0 0 0
500.00 1363.15 15.696010 35.430607 -197565.905085 4.771148 18.242314 cpx Na0.02Ca0.81Fe''0.21Mg0.78Fe'''0.10Ti0.04Al0.26Si1.79O6 48.0424 1.34139 5.90781 3.46109 6.79509 0 13.9655 20.2731 0.213639 0 0 0
500.00 1353.15 17.521655 39.377090 -219754.804195 5.309873 20.296536 cpx Na0.02Ca0.81Fe''0.22Mg0.76Fe'''0.10Ti0.04Al0.27Si1.78O6 47.6196 1.52909 6.05294 3.6372 7.1048 0 13.6232 20.2099 0.223227 0 0 0
500.00 1343.15 22.642591 50.813421 -286774.078675 6.906257 26.408256 cpx Na0.01Ca0.79Fe''0.22Mg0.82Fe'''0.08Ti0.03Al0.22Si1.83O6 49.2913 0.932693 5.11435 2.80388 7.04466 0 14.8322 19.7734 0.207486 0 0 0
500.00 1333.15 23.970922 53.594503 -303784.825185 7.309453 27.944006 cpx Na0.02Ca0.78Fe''0.22Mg0.83Fe'''0.08Ti0.03Al0.22Si1.84O6 49.4364 0.906566 4.98637 2.70259 7.18797 0 14.9141 19.6561 0.209838 0 0 0
500.00 1323.15 25.076220 55.853538 -317881.170603 7.643932 29.215692 cpx Na0.02Ca0.78Fe''0.23Mg0.83Fe'''0.07Ti0.02Al0.21Si1.84O6 49.6053 0.874307 4.82125 2.60479 7.36605 0 14.9867 19.5244 0.217201 0 0 0
500.00 1313.15 25.457653 56.449962 -322901.786855 7.756991 29.618822 cpx Na0.02Ca0.78Fe''0.23Mg0.82Fe'''0.07Ti0.02Al0.21Si1.85O6 49.6976 0.869564 4.69051 2.55686 7.42063 0 14.9003 19.633 0.23154 0 0 0
500.00 1303.15 25.536726 56.364384 -323791.121627 7.775045 29.659163 cpx Na0.02Ca0.78Fe''0.24Mg0.82Fe'''0.07Ti0.02Al0.20Si1.85O6 49.7683 0.867132 4.54387 2.50983 7.58377 0 14.778 19.7089 0.24015 0 0 0
500.00 1293.15 25.558236 56.148908 -323988.886688 7.775667 29.632528 cpx Na0.02Ca0.79Fe''0.24Mg0.81Fe'''0.07Ti0.02Al0.19Si1.85O6 49.8265 0.868304 4.41372 2.46223 7.7328 0 14.6552 19.7945 0.24681 0 0 0
500.00 1283.15 25.542186 55.849517 -323758.259100 7.765050 29.562810 cpx Na0.02Ca0.79Fe''0.24Mg0.81Fe'''0.07Ti0.02Al0.19Si1.86O6 49.8718 0.873453 4.30136 2.41458 7.86407 0 14.5333 19.8896 0.251788 0 0 0
500.00 1273.15 25.494718 55.481037 -323175.985744 7.745082 29.457457 cpx Na0.02Ca0.80Fe''0.25Mg0.80Fe'''0.07Ti0.02Al0.18Si1.86O6 49.9051 0.882658 4.20609 2.36723 7.97777 0 14.4132 19.9926 0.255345 0 0 0

olivine_0 thermodynamic data and composition:
Pressure Temperature mass S H V Cp formula SiO2 TiO2 Al2O3 Fe2O3 FeO MnO MgO CaO Na2O K2O P2O5 H2O
500.00 1403.15 0.585599 1.380551 -7032.210904 0.176149 0.714992 (Ca0.01Mg0.80Fe''0.20Mn0.00Co0.00Ni0.00)2SiO4 39.1099 0 0 0 18.5269 0.388586 41.5514 0.423299 0 0 0 0
500.00 1393.15 1.464564 3.433859 -17416.436095 0.438225 1.778099 (Ca0.01Mg0.78Fe''0.21Mn0.00Co0.00Ni0.00)2SiO4 38.8947 0 0 0 19.6497 0.424124 40.6242 0.407321 0 0 0 0
500.00 1383.15 2.285132 5.327806 -26896.832012 0.680025 2.758138 (Ca0.01Mg0.77Fe''0.23Mn0.01Co0.00Ni0.00)2SiO4 38.6715 0 0 0 20.8142 0.460191 39.6617 0.39242 0 0 0 0
500.00 1373.15 3.072669 7.122811 -35776.393455 0.909201 3.686195 (Ca0.01Mg0.75Fe''0.24Mn0.01Co0.00Ni0.00)2SiO4 38.4394 0 0 0 22.0255 0.496675 38.6599 0.378523 0 0 0 0
500.00 1363.15 3.849951 8.871948 -44315.127415 1.132467 4.589516 (Ca0.01Mg0.74Fe''0.25Mn0.01Co0.00Ni0.00)2SiO4 38.1974 0 0 0 23.2884 0.53339 37.6153 0.365563 0 0 0 0
500.00 1353.15 4.638443 10.624007 -52745.653892 1.355990 5.493091 (Ca0.00Mg0.72Fe''0.27Mn0.01Co0.00Ni0.00)2SiO4 37.9449 0 0 0 24.6066 0.570049 36.525 0.353479 0 0 0 0
500.00 1343.15 3.275552 7.495326 -37867.239497 0.963376 3.899634 (Ca0.00Mg0.74Fe''0.25Mn0.01Co0.00Ni0.00)2SiO4 38.2374 0 0 0 22.877 0.764394 37.8014 0.319824 0 0 0 0
500.00 1333.15 3.420046 7.791309 -39437.414608 1.003799 4.060962 (Ca0.00Mg0.74Fe''0.25Mn0.01Co0.00Ni0.00)2SiO4 38.1675 0 0 0 23.1848 0.840663 37.5032 0.303866 0 0 0 0
500.00 1323.15 2.413781 5.473005 -27696.041081 0.706262 2.855221 (Ca0.00Mg0.73Fe''0.26Mn0.01Co0.00Ni0.00)2SiO4 38.0471 0 0 0 23.6217 1.05796 36.9824 0.290846 0 0 0 0
500.00 1313.15 0.064127 0.144654 -728.921723 0.018670 0.075395 (Ca0.00Mg0.71Fe''0.27Mn0.02Co0.00Ni0.00)2SiO4 37.8318 0 0 0 24.1902 1.65057 36.0412 0.28625 0 0 0 0

Title: Hr

Phase Masses:
Pressure Temperature mass liquid_0 olivine_0 orthopyroxene_0 clinopyroxene_0 feldspar_0 spinel_0 water 
500.00 1523.15 98.116088 98.116088 0.000000 0.000000 0.000000 0.000000 0.000000 0.000000 
500.00 1513.15 98.116748 98.116748 0.000000 0.000000 0.000000 0.000000 0.000000 0.000000 
500.00 1503.15 98.117450 98.117450 0.000000 0.000000 0.000000 0.000000 0.000000 0.000000 
500.00 1493.15 98.118193 98.118193 0.000000 0.000000 0.000000 0.000000 0.000000 0.000000 
500.00 1483.15 98.118979 98.118979 0.000000 0.000000 0.000000 0.000000 0.000000 0.000000 
500.00 1473.15 98.119810 98.119810 0.000000 0.000000 0.000000 0.000000 0.000000 0.000000 
500.00 1463.15 98.120687 98.120687 0.000000 0.000000 0.000000 0.000000 0.000000 0.000000 
500.00 1453.15 98.121612 98.121612 0.000000 0.000000 0.000000 0.000000 0.000000 0.000000 
500.00 1443.15 98.122585 98.122585 0.000000 0.000000 0.000000 0.000000 0.000000 0.000000 
500.00 1433.15 98.123610 98.123610 0.000000 0.000000 0.000000 0.000000 0.000000 0.000000 
500.00 1423.15 98.124686 98.124686 0.000000 0.000000 0.000000 0.000000 0.000000 0.000000 
500.00 1413.15 98.126090 95.500579 0.000000 0.000000 2.033349 0.592162 0.000000 0.000000 
500.00 1403.15 98.125461 88.192954 0.585599 0.000000 5.828768 3.518140 0.000000 0.000000 
500.00 1393.15 98.123731 81.532540 1.464564 0.000000 8.797482 6.329145 0.000000 0.000000 
500.00 1383.15 98.122110 75.677626 2.285132 0.000000 11.382762 8.776589 0.000000 0.000000 
500.00 1373.15 98.120585 70.455579 3.072669 0.000000 13.663242 10.929096 0.000000 0.000000 
500.00 1363.15 98.119128 65.734216 3.849951 0.000000 15.696010 12.838952 0.000000 0.000000 
500.00 1353.15 98.117686 61.410023 4.638443 0.000000 17.521655 14.547566 0.000000 0.000000 
500.00 1343.15 98.307698 49.277838 3.275552 0.000000 22.642591 17.078613 6.033104 0.000000 
500.00 1333.15 98.328254 45.346511 3.420046 0.000000 23.970922 18.792674 6.798101 0.000000 
500.00 1323.15 98.351479 39.053167 2.413781 2.020990 25.076220 22.046882 7.644536 0.095903 
500.00 1313.15 98.376704 31.166487 0.064127 6.545031 25.457653 26.398774 8.482509 0.262122 
500.00 1303.15 98.378796 26.177087 0.000000 7.746738 25.536726 29.740096 8.805331 0.372819 
500.00 1293.15 98.376489 22.135501 0.000000 8.684136 25.558236 32.539868 8.993359 0.465390 
500.00 1283.15 98.371475 18.851838 0.000000 9.487144 25.542186 34.858765 9.089205 0.542337 

Title: Hr

Phase Volumes:
Pressure Temperature mass V liquid_0 olivine_0 orthopyroxene_0 clinopyroxene_0 feldspar_0 spinel_0 water 
500.00 1523.15 98.116088 37.548960 37.548960 0.000000 0.000000 0.000000 0.000000 0.000000 0.000000 
500.00 1513.15 98.116748 37.512112 37.512112 0.000000 0.000000 0.000000 0.000000 0.000000 0.000000 
500.00 1503.15 98.117450 37.475325 37.475325 0.000000 0.000000 0.000000 0.000000 0.000000 0.000000 
500.00 1493.15 98.118193 37.438602 37.438602 0.000000 0.000000 0.000000 0.000000 0.000000 0.000000 
500.00 1483.15 98.118979 37.401943 37.401943 0.000000 0.000000 0.000000 0.000000 0.000000 0.000000 
500.00 1473.15 98.119810 37.365350 37.365350 0.000000 0.000000 0.000000 0.000000 0.000000 0.000000 
500.00 1463.15 98.120687 37.328824 37.328824 0.000000 0.000000 0.000000 0.000000 0.000000 0.000000 
500.00 1453.15 98.121612 37.292368 37.292368 0.000000 0.000000 0.000000 0.000000 0.000000 0.000000 
500.00 1443.15 98.122585 37.255983 37.255983 0.000000 0.000000 0.000000 0.000000 0.000000 0.000000 
500.00 1433.15 98.123610 37.219671 37.219671 0.000000 0.000000 0.000000 0.000000 0.000000 0.000000 
500.00 1423.15 98.124686 37.183433 37.183433 0.000000 0.000000 0.000000 0.000000 0.000000 0.000000 
500.00 1413.15 98.126090 37.034578 36.187587 0.000000 0.000000 0.626214 0.220777 0.000000 0.000000 
500.00 1403.15 98.125461 36.749089 33.469568 0.176149 0.000000 1.791098 1.312274 0.000000 0.000000 
500.00 1393.15 98.123731 36.502514 31.005986 0.438225 0.000000 2.696507 2.361797 0.000000 0.000000 
500.00 1383.15 98.122110 36.283650 28.847438 0.680025 0.000000 3.479712 3.276475 0.000000 0.000000 
500.00 1373.15 98.120585 36.086799 26.930525 0.909201 0.000000 4.165318 4.081755 0.000000 0.000000 
500.00 1363.15 98.119128 35.907703 25.207056 1.132467 0.000000 4.771148 4.797031 0.000000 0.000000 
500.00 1353.15 98.117686 35.743155 23.639621 1.355990 0.000000 5.309873 5.437670 0.000000 0.000000 
500.00 1343.15 98.307698 35.501504 19.929777 0.963376 0.000000 6.906257 6.390596 1.311498 0.000000 
500.00 1333.15 98.328254 35.381536 18.558703 1.003799 0.000000 7.309453 7.035807 1.473774 0.000000 
500.00 1323.15 98.351479 36.175346 16.141377 0.706262 0.612254 7.643932 8.265388 1.651858 1.154276 
500.00 1313.15 98.376704 37.599659 12.975274 0.018670 1.980093 7.756991 9.916749 1.825959 3.125922 
500.00 1303.15 98.378796 38.558354 10.963179 0.000000 2.338762 7.775045 11.189351 1.887350 4.404668 
500.00 1293.15 98.376489 39.332498 9.314864 0.000000 2.616355 7.775667 12.258625 1.920473 5.446513 
500.00 1283.15 98.371475 39.947000 7.962674 0.000000 2.852527 7.765050 13.145762 1.934641 6.286348 

Title: Hr

Solid Composition:
Pressure Temperature mass SiO2 TiO2 Al2O3 Fe2O3 FeO MnO MgO CaO Na2O K2O P2O5 H2O 
500.00 1523.15 0.000000 ---
500.00 1513.15 0.000000 ---
500.00 1503.15 0.000000 ---
500.00 1493.15 0.000000 ---
500.00 1483.15 0.000000 ---
500.00 1473.15 0.000000 ---
500.00 1463.15 0.000000 ---
500.00 1453.15 0.000000 ---
500.00 1443.15 0.000000 ---
500.00 1433.15 0.000000 ---
500.00 1423.15 0.000000 ---
500.00 1413.15 2.625511 49.0852 0.533296 11.8441 2.13443 4.02135 0 11.7906 20.0286 0.553697 0.00871089 0 0
500.00 1403.15 9.932507 48.1185 0.459395 15.1649 1.67791 4.33121 0.0229102 11.3021 18.1045 0.803611 0.0149806 0 0
500.00 1393.15 16.591191 47.6743 0.476761 15.764 1.58918 4.83096 0.0374389 11.4539 17.2668 0.889198 0.0175649 0 0
500.00 1383.15 22.444484 47.4224 0.522017 15.9494 1.59361 5.24321 0.0468533 11.4276 16.8283 0.947061 0.0194866 0 0
500.00 1373.15 27.665007 47.2114 0.580707 16.0069 1.62807 5.64629 0.0551642 11.3468 16.5077 0.995748 0.0211946 0 0
500.00 1363.15 32.384912 47.0024 0.650134 16.0051 1.67749 6.06193 0.0634099 11.2404 16.2367 1.03969 0.0227889 0 0
500.00 1353.15 36.707663 46.7794 0.729882 15.9692 1.73614 6.50066 0.0720323 11.1181 15.9898 1.0805 0.0242994 0 0
500.00 1343.15 49.029861 42.3935 1.65186 14.6187 6.83476 8.67635 0.0510671 10.1615 14.5687 1.02237 0.0211909 0 0
500.00 1333.15 52.981743 42.3104 1.69493 14.6572 7.00819 8.85582 0.054266 9.9613 14.3548 1.08028 0.0227452 0 0
500.00 1323.15 59.298312 42.8709 1.68084 14.8962 6.96228 8.76036 0.0430652 9.50518 13.8766 1.21503 0.0278359 0 0.161729
500.00 1313.15 67.210217 43.9351 1.63004 15.1757 6.79721 8.45077 0.00157485 8.93674 13.2373 1.40751 0.0380042 0 0.390004
500.00 1303.15 72.201709 44.4206 1.59123 15.3659 6.52361 8.44952 0 8.63942 12.8654 1.57994 0.0480407 0 0.516357
500.00 1293.15 76.240989 44.8544 1.55923 15.4844 6.27031 8.461 0 8.39987 12.5723 1.72912 0.0589211 0 0.61042
500.00 1283.15 79.519637 45.2401 1.5332 15.5565 6.03963 8.48014 0 8.2056 12.3389 1.85357 0.0703573 0 0.682017
Title: Hr

Bulk Composition:
Pressure Temperature mass SiO2 TiO2 Al2O3 Fe2O3 FeO MnO MgO CaO Na2O K2O P2O5 H2O 
500.00 1523.15 98.116088 48.1472 1.41037 15.541 2.57025 10.0723 0.198846 7.06918 11.208 2.24989 0.353561 0.160218 1.0192
500.00 1513.15 98.116748 48.1468 1.41036 15.5409 2.57696 10.0662 0.198845 7.06913 11.208 2.24987 0.353558 0.160217 1.01919
500.00 1503.15 98.117450 48.1465 1.41035 15.5408 2.58407 10.0597 0.198843 7.06908 11.2079 2.24985 0.353556 0.160216 1.01919
500.00 1493.15 98.118193 48.1461 1.41034 15.5406 2.59161 10.0528 0.198842 7.06903 11.2078 2.24984 0.353553 0.160215 1.01918
500.00 1483.15 98.118979 48.1457 1.41033 15.5405 2.59959 10.0455 0.19884 7.06897 11.2077 2.24982 0.35355 0.160214 1.01917
500.00 1473.15 98.119810 48.1453 1.41032 15.5404 2.60802 10.0379 0.198839 7.06891 11.2076 2.2498 0.353547 0.160212 1.01916
500.00 1463.15 98.120687 48.1449 1.4103 15.5403 2.61692 10.0297 0.198837 7.06885 11.2075 2.24978 0.353544 0.160211 1.01915
500.00 1453.15 98.121612 48.1444 1.41029 15.5401 2.6263 10.0212 0.198835 7.06878 11.2074 2.24976 0.353541 0.160209 1.01914
500.00 1443.15 98.122585 48.144 1.41028 15.5399 2.63618 10.0122 0.198833 7.06871 11.2073 2.24974 0.353537 0.160208 1.01913
500.00 1433.15 98.123610 48.1435 1.41026 15.5398 2.64657 10.0027 0.198831 7.06864 11.2072 2.24971 0.353534 0.160206 1.01912
500.00 1423.15 98.124686 48.1429 1.41025 15.5396 2.65749 9.99273 0.198829 7.06856 11.2071 2.24969 0.35353 0.160204 1.01911
500.00 1413.15 98.126090 48.1422 1.41023 15.5394 2.67173 9.97973 0.198826 7.06846 11.2069 2.24966 0.353525 0.160202 1.0191
500.00 1403.15 98.125461 48.1426 1.41024 15.5395 2.66535 9.98556 0.198827 7.0685 11.207 2.24967 0.353527 0.160203 1.0191
500.00 1393.15 98.123731 48.1434 1.41026 15.5398 2.6478 10.0016 0.198831 7.06863 11.2072 2.24971 0.353533 0.160206 1.01912
500.00 1383.15 98.122110 48.1442 1.41028 15.54 2.63135 10.0166 0.198834 7.06874 11.2074 2.24975 0.353539 0.160209 1.01914
500.00 1373.15 98.120585 48.1449 1.41031 15.5403 2.61589 10.0307 0.198837 7.06885 11.2075 2.24978 0.353545 0.160211 1.01915
500.00 1363.15 98.119128 48.1457 1.41033 15.5405 2.6011 10.0442 0.19884 7.06896 11.2077 2.24982 0.35355 0.160213 1.01917
500.00 1353.15 98.117686 48.1464 1.41035 15.5407 2.58647 10.0575 0.198843 7.06906 11.2079 2.24985 0.353555 0.160216 1.01918
500.00 1343.15 98.307698 48.0533 1.40762 15.5107 4.51066 8.30217 0.198459 7.0554 11.1862 2.2455 0.352872 0.159906 1.01721
500.00 1333.15 98.328254 48.0433 1.40733 15.5074 4.71837 8.11268 0.198417 7.05392 11.1839 2.24503 0.352798 0.159873 1.017
500.00 1323.15 98.351479 48.0319 1.40699 15.5038 4.95295 7.89869 0.19837 7.05226 11.1812 2.2445 0.352715 0.159835 1.01676
500.00 1313.15 98.376704 48.0196 1.40663 15.4998 5.20761 7.66638 0.198319 7.05045 11.1784 2.24393 0.352624 0.159794 1.0165
500.00 1303.15 98.378796 48.0186 1.4066 15.4995 5.22873 7.64711 0.198315 7.0503 11.1781 2.24388 0.352617 0.159791 1.01648
500.00 1293.15 98.376489 48.0197 1.40664 15.4998 5.20545 7.66835 0.19832 7.05046 11.1784 2.24393 0.352625 0.159794 1.0165
500.00 1283.15 98.371475 48.0222 1.40671 15.5006 5.15484 7.71452 0.19833 7.05082 11.179 2.24404 0.352643 0.159802 1.01655
