Title: Hr

Solid Composition:
Pressure Temperature mass SiO2 TiO2 Al2O3 Fe2O3 FeO MnO MgO CaO Na2O K2O P2O5 H2O 
500.00 1523.15 0.000000 ---
500.00 1513.15 0.000000 ---
500.00 1503.15 0.000000 ---
500.00 1493.15 0.000000 ---
500.00 1483.15 0.000000 ---
500.00 1473.15 0.000000 ---
500.00 1463.15 0.000000 ---
500.00 1453.15 0.000000 ---
500.00 1443.15 0.000000 ---
500.00 1433.15 0.000000 ---
500.00 1423.15 0.000000 ---
500.00 1413.15 2.625511 49.0852 0.533296 11.8441 2.13443 4.02135 0 11.7906 20.0286 0.553697 0.00871089 0 0
500.00 1403.15 9.932507 48.1185 0.459395 15.1649 1.67791 4.33121 0.0229102 11.3021 18.1045 0.803611 0.0149806 0 0
500.00 1393.15 16.591191 47.6743 0.476761 15.764 1.58918 4.83096 0.0374389 11.4539 17.2668 0.889198 0.0175649 0 0
500.00 1383.15 22.444484 47.4224 0.522017 15.9494 1.59361 5.24321 0.0468533 11.4276 16.8283 0.947061 0.0194866 0 0
500.00 1373.15 27.665007 47.2114 0.580707 16.0069 1.62807 5.64629 0.0551642 11.3468 16.5077 0.995748 0.0211946 0 0
500.00 1363.15 32.384912 47.0024 0.650134 16.0051 1.67749 6.06193 0.0634099 11.2404 16.2367 1.03969 0.0227889 0 0
500.00 1353.15 36.707663 46.7794 0.729882 15.9692 1.73614 6.50066 0.0720323 11.1181 15.9898 1.0805 0.0242994 0 0
500.00 1343.15 49.029861 42.3935 1.65186 14.6187 6.83476 8.67635 0.0510671 10.1615 14.5687 1.02237 0.0211909 0 0
500.00 1333.15 52.981743 42.3104 1.69493 14.6572 7.00819 8.85582 0.054266 9.9613 14.3548 1.08028 0.0227452 0 0
500.00 1323.15 59.298312 42.8709 1.68084 14.8962 6.96228 8.76036 0.0430652 9.50518 13.8766 1.21503 0.0278359 0 0.161729
500.00 1313.15 67.210217 43.9351 1.63004 15.1757 6.79721 8.45077 0.00157485 8.93674 13.2373 1.40751 0.0380042 0 0.390004
500.00 1303.15 72.201709 44.4206 1.59123 15.3659 6.52361 8.44952 0 8.63942 12.8654 1.57994 0.0480407 0 0.516357
500.00 1293.15 76.240989 44.8544 1.55923 15.4844 6.27031 8.461 0 8.39987 12.5723 1.72912 0.0589211 0 0.61042
500.00 1283.15 79.519637 45.2401 1.5332 15.5565 6.03963 8.48014 0 8.2056 12.3389 1.85357 0.0703573 0 0.682017