Title: Nd3

Phase Volumes:
Pressure Temperature mass V liquid_0 olivine_0 orthopyroxene_0 clinopyroxene_0 feldspar_0 feldspar_1 spinel_0 rhm-oxide_0 apatite water 
500.00 1523.15 97.842955 38.013963 38.013963 0.000000 0.000000 0.000000 0.000000 0.000000 0.000000 0.000000 0.000000 0.000000 
500.00 1513.15 97.843526 37.978013 37.978013 0.000000 0.000000 0.000000 0.000000 0.000000 0.000000 0.000000 0.000000 0.000000 
500.00 1503.15 97.844133 37.942119 37.942119 0.000000 0.000000 0.000000 0.000000 0.000000 0.000000 0.000000 0.000000 0.000000 
500.00 1493.15 97.844776 37.906284 37.906284 0.000000 0.000000 0.000000 0.000000 0.000000 0.000000 0.000000 0.000000 0.000000 
500.00 1483.15 97.845456 37.870508 37.870508 0.000000 0.000000 0.000000 0.000000 0.000000 0.000000 0.000000 0.000000 0.000000 
500.00 1473.15 97.846175 37.834794 37.834794 0.000000 0.000000 0.000000 0.000000 0.000000 0.000000 0.000000 0.000000 0.000000 
500.00 1463.15 97.846934 37.799142 37.799142 0.000000 0.000000 0.000000 0.000000 0.000000 0.000000 0.000000 0.000000 0.000000 
500.00 1453.15 97.847733 37.763555 37.763555 0.000000 0.000000 0.000000 0.000000 0.000000 0.000000 0.000000 0.000000 0.000000 
500.00 1443.15 97.848575 37.728033 37.728033 0.000000 0.000000 0.000000 0.000000 0.000000 0.000000 0.000000 0.000000 0.000000 
500.00 1433.15 97.849461 37.692579 37.692579 0.000000 0.000000 0.000000 0.000000 0.000000 0.000000 0.000000 0.000000 0.000000 
500.00 1423.15 97.850391 37.657193 37.657193 0.000000 0.000000 0.000000 0.000000 0.000000 0.000000 0.000000 0.000000 0.000000 
500.00 1413.15 97.852110 37.397759 35.663555 0.000000 0.000000 1.233017 0.501187 0.000000 0.000000 0.000000 0.000000 0.000000 
500.00 1403.15 92.512662 35.386688 33.227326 0.000000 0.000000 1.258512 0.891954 0.000000 0.008895 0.000000 0.000000 0.000000 
500.00 1393.15 85.997533 32.989427 31.078157 0.043585 0.000000 1.035074 0.816946 0.000000 0.015665 0.000000 0.000000 0.000000 
500.00 1383.15 80.227071 30.880148 29.053195 0.196841 0.000000 0.718002 0.892788 0.000000 0.019321 0.000000 0.000000 0.000000 
500.00 1373.15 74.750809 28.879018 27.260866 0.170062 0.000000 0.626647 0.785915 0.000000 0.035528 0.000000 0.000000 0.000000 
500.00 1363.15 69.898215 27.085007 25.267181 0.103906 0.000000 0.751638 0.731068 0.000000 0.231214 0.000000 0.000000 0.000000 
500.00 1353.15 64.115155 25.110536 23.365976 0.056030 0.000000 0.702248 0.684334 0.000000 0.301947 0.000000 0.000000 0.000000 
500.00 1343.15 58.439146 23.241069 21.840810 0.048033 0.000000 0.514241 0.615199 0.000000 0.222786 0.000000 0.000000 0.000000 
500.00 1333.15 53.945349 21.730136 20.528664 0.000000 0.085988 0.365224 0.578614 0.000000 0.171646 0.000000 0.000000 0.000000 
500.00 1323.15 50.145992 20.432445 19.360130 0.000000 0.145930 0.208589 0.585617 0.000000 0.132179 0.000000 0.000000 0.000000 
500.00 1313.15 46.820856 19.277627 18.363662 0.000000 0.124897 0.156361 0.526994 0.000000 0.105713 0.000000 0.000000 0.000000 
500.00 1303.15 44.012980 18.651477 17.199574 0.000000 0.160092 0.093683 0.673461 0.000000 0.096045 0.000000 0.000000 0.428621 
500.00 1293.15 40.946977 18.225102 15.920761 0.000000 0.180262 0.040203 0.784609 0.000000 0.085886 0.000000 0.000000 1.213382 
500.00 1283.15 37.740335 17.633589 14.840361 0.000000 0.145170 0.024294 0.682633 0.000000 0.068563 0.000000 0.000000 1.872567 
500.00 1273.15 35.054508 17.135389 13.912168 0.000000 0.118224 0.015034 0.601123 0.000000 0.055664 0.000000 0.000000 2.433176 
500.00 1263.15 32.765872 16.705155 13.104483 0.000000 0.096990 0.009898 0.533979 0.000000 0.045791 0.000000 0.000000 2.914013 
500.00 1253.15 30.789678 16.326143 12.394649 0.000000 0.079944 0.007321 0.477411 0.000000 0.038072 0.000000 0.000000 3.328746 
500.00 1243.15 29.065428 15.986842 11.765873 0.000000 0.066074 0.006312 0.428955 0.000000 0.031934 0.000000 0.000000 3.687694 
500.00 1233.15 27.548403 15.679064 11.205305 0.000000 0.054681 0.006233 0.386956 0.000000 0.026987 0.000000 0.000000 3.998902 
500.00 1223.15 26.204506 15.396799 10.702835 0.000000 0.045259 0.006675 0.350247 0.000000 0.022956 0.000000 0.000000 4.268826 
500.00 1213.15 25.007047 15.135506 10.250325 0.000000 0.037426 0.007375 0.317976 0.000000 0.019643 0.000000 0.000000 4.502760 
500.00 1203.15 23.934665 14.891667 9.841099 0.000000 0.030891 0.008172 0.289487 0.000000 0.016899 0.000000 0.000000 4.705120 
500.00 1193.15 22.969956 14.662494 9.469600 0.000000 0.025420 0.008965 0.264257 0.000000 0.014612 0.000000 0.000000 4.879639 
500.00 1183.15 22.098536 14.445736 9.131150 0.000000 0.020829 0.009701 0.241859 0.000000 0.012695 0.000000 0.000000 5.029501 
500.00 1173.15 21.308376 14.239546 8.821770 0.000000 0.016967 0.010349 0.221936 0.000000 0.011080 0.000000 0.000000 5.157443 
500.00 1163.15 20.589322 14.042389 8.538051 0.000000 0.013711 0.010899 0.204185 0.000000 0.009713 0.000000 0.000000 5.265830 
500.00 1153.15 19.932730 13.852974 8.277048 0.000000 0.010959 0.011350 0.188349 0.000000 0.008551 0.000000 0.000000 5.356715 
500.00 1143.15 19.331188 13.670202 8.036204 0.000000 0.008629 0.011708 0.174210 0.000000 0.007560 0.000000 0.000000 5.431891 
500.00 1133.15 18.778291 13.493128 7.813274 0.000000 0.006650 0.011982 0.161582 0.000000 0.006712 0.000000 0.000000 5.492927 
500.00 1123.15 18.268463 13.321006 7.605541 0.000000 0.005059 0.012084 0.150398 0.000000 0.005982 0.000000 0.000572 5.541369 
500.00 1113.15 17.795848 13.152895 7.410082 0.000000 0.003854 0.011961 0.140565 0.000000 0.005349 0.000000 0.002402 5.578683 
500.00 1103.15 17.350734 12.986333 7.223729 0.000000 0.004352 0.011041 0.134065 0.000000 0.002308 0.002508 0.002273 5.606058 
500.00 1093.15 16.928522 12.819758 7.048841 0.000000 0.003409 0.011020 0.126217 0.000000 0.001706 0.002881 0.001881 5.623803 
500.00 1083.15 16.532529 12.656795 6.883148 0.001668 0.001121 0.011243 0.119898 0.000000 0.001152 0.002712 0.001539 5.634316 
500.00 1073.15 16.159013 12.517463 6.651569 0.007284 0.000000 0.009034 0.077311 0.099406 0.000000 0.002742 0.003147 5.666971 
500.00 1063.15 15.634069 12.311042 6.421649 0.005582 0.000000 0.009132 0.055795 0.122478 0.000000 0.002458 0.002974 5.690973 
500.00 1053.15 15.114666 12.093568 6.215334 0.004987 0.000000 0.008265 0.050850 0.109424 0.000000 0.002164 0.002392 5.700152 
500.00 1043.15 14.649140 11.886352 6.029204 0.004458 0.000000 0.007496 0.046558 0.098412 0.000000 0.001917 0.001856 5.696449 
500.00 1033.15 14.229739 11.687623 5.860501 0.003989 0.000000 0.006807 0.042808 0.089034 0.000000 0.001708 0.001353 5.681423 
500.00 1023.15 13.850206 11.495954 5.706972 0.003573 0.000000 0.006183 0.039507 0.080979 0.000000 0.001531 0.000871 5.656338 
