Title: Hr

liquid_0 thermodynamic data and composition:
Pressure Temperature mass S H V Cp viscosity SiO2 TiO2 Al2O3 Fe2O3 FeO MnO MgO CaO Na2O K2O P2O5 H2O Mg#
500.00 1523.15 98.039009 274.884188 -1162522.273658 37.503992 147.700463 1.718 47.7384 1.43678 15.8156 2.54432 9.94868 0.200838 7.29332 11.1246 2.36426 0.351493 0.16167 1.02 56.7
500.00 1513.15 98.039662 273.912593 -1164008.778641 37.466902 147.700395 1.756 47.7381 1.43677 15.8155 2.55095 9.94263 0.200837 7.29327 11.1245 2.36425 0.35149 0.161669 1.02 56.7
500.00 1503.15 98.040355 272.934603 -1165495.903577 37.429874 147.700527 1.795 47.7378 1.43676 15.8154 2.55799 9.93621 0.200836 7.29322 11.1244 2.36423 0.351488 0.161668 1.01999 56.7
500.00 1493.15 98.041090 271.950129 -1166983.672589 37.392908 147.700867 1.835 47.7374 1.43674 15.8153 2.56545 9.9294 0.200834 7.29317 11.1243 2.36421 0.351485 0.161667 1.01998 56.7
500.00 1483.15 98.041868 270.959081 -1168472.110817 37.356006 147.701421 1.875 47.7371 1.43673 15.8152 2.57335 9.9222 0.200833 7.29311 11.1242 2.36419 0.351482 0.161666 1.01997 56.7
500.00 1473.15 98.042690 269.975636 -1169940.174228 37.319170 144.623781 1.916 47.7367 1.43672 15.815 2.58169 9.91459 0.200831 7.29305 11.1241 2.36417 0.35148 0.161664 1.01996 56.7
500.00 1463.15 98.043557 268.992161 -1171399.201827 37.282401 144.616791 1.957 47.7362 1.43671 15.8149 2.5905 9.90656 0.200829 7.29298 11.124 2.36415 0.351476 0.161663 1.01995 56.8
500.00 1453.15 98.044471 268.002034 -1172858.893347 37.245701 144.609517 1.999 47.7358 1.43669 15.8148 2.59978 9.89809 0.200827 7.29292 11.1239 2.36413 0.351473 0.161661 1.01995 56.8
500.00 1443.15 98.045433 267.005163 -1174319.272793 37.209071 144.601955 2.041 47.7353 1.43668 15.8146 2.60955 9.88918 0.200825 7.29284 11.1238 2.36411 0.35147 0.16166 1.01994 56.8
500.00 1433.15 98.046446 266.001455 -1175780.365356 37.172514 144.594105 2.084 47.7348 1.43667 15.8144 2.61983 9.8798 0.200823 7.29277 11.1237 2.36408 0.351466 0.161658 1.01992 56.8
500.00 1423.15 98.047510 264.990814 -1177242.197477 37.136031 144.585964 2.127 47.7343 1.43665 15.8143 2.63064 9.86995 0.200821 7.29269 11.1236 2.36406 0.351462 0.161656 1.01991 56.8
500.00 1413.15 95.155822 256.385122 -1141197.180513 36.038993 140.049504 2.174 47.8281 1.48031 15.6069 2.68886 10.0175 0.203401 7.08472 11.1136 2.39775 0.361359 0.166569 1.05091 55.8
500.00 1403.15 86.601910 233.254789 -1033776.608353 32.877359 126.872024 2.213 47.8316 1.57651 15.6869 2.78463 10.5599 0.220347 6.59834 10.4513 2.55707 0.395619 0.183021 1.15471 52.7
500.00 1393.15 80.197514 215.795736 -953296.187452 30.501934 117.008581 2.251 47.8919 1.66637 15.5906 2.87923 11.0204 0.233514 6.18256 9.98191 2.68323 0.425635 0.197637 1.24692 50.0
500.00 1383.15 74.712471 200.826691 -884604.180469 28.468128 108.576043 2.291 47.9616 1.75071 15.4937 2.96818 11.4544 0.246102 5.78351 9.53129 2.80459 0.4553 0.212147 1.33846 47.4
500.00 1373.15 69.957404 187.836021 -825274.230254 26.705777 101.279323 2.331 48.0416 1.82928 15.3963 3.052 11.8622 0.258113 5.4002 9.09812 2.92151 0.484655 0.226566 1.42944 44.8
500.00 1363.15 65.789785 176.438886 -773485.457028 25.162194 94.896484 2.373 48.1333 1.90161 15.2988 3.13109 12.2441 0.269542 5.03157 8.68101 3.03435 0.513751 0.240919 1.51999 42.3
500.00 1353.15 53.507750 145.136941 -655588.310527 21.396935 77.059375 2.894 52.4963 1.27146 16.195 2.38637 8.62533 0.331422 4.19647 8.10816 3.59538 0.629091 0.296219 1.86889 46.4
500.00 1343.15 49.318098 134.033063 -610022.447920 19.976689 70.884792 3.061 53.755 1.13564 16.3213 2.21316 7.85959 0.359577 3.87912 7.63427 3.81258 0.680739 0.321383 2.02765 46.8
500.00 1333.15 45.820539 124.708873 -571257.067138 18.773087 65.713583 3.212 54.9066 1.03202 16.3311 2.06902 7.21262 0.383697 3.55663 7.24534 4.00409 0.730592 0.345915 2.18243 46.8
500.00 1323.15 42.899254 116.880725 -538573.265057 17.756671 61.398060 3.350 55.9584 0.943704 16.2903 1.9407 6.64594 0.406201 3.27341 6.88777 4.17493 0.77814 0.36947 2.33104 46.8
500.00 1313.15 38.664675 105.177192 -488226.287062 16.135717 55.085011 3.537 57.3378 0.876914 15.9092 1.8324 6.11413 0.450715 2.90869 6.50992 4.40342 0.857971 0.409935 2.38883 45.9
500.00 1303.15 34.979273 94.929704 -443948.418973 14.701466 49.599903 3.720 58.691 0.82196 15.4369 1.73407 5.63103 0.498202 2.57243 6.18394 4.60756 0.941808 0.453125 2.42799 44.9
500.00 1293.15 31.960241 86.501902 -407530.393288 13.516660 45.119880 3.891 59.9579 0.772776 14.949 1.6412 5.19199 0.545263 2.28748 5.89496 4.7783 1.02364 0.495929 2.46153 44.0
500.00 1283.15 29.435515 79.428220 -376956.269241 12.517988 41.383648 4.051 61.1495 0.728488 14.4525 1.5531 4.79105 0.592031 2.04349 5.63752 4.91958 1.10369 0.538465 2.49052 43.2
500.00 1273.15 27.290816 73.398743 -350888.016804 11.663350 38.217803 4.202 62.274 0.688401 13.9531 1.46923 4.42346 0.638557 1.83276 5.40712 5.03478 1.18203 0.580781 2.51577 42.5
500.00 1263.15 25.446968 68.198204 -328399.082101 10.923532 35.502308 4.345 63.3375 0.651949 13.4553 1.38922 4.08543 0.684825 1.64942 5.20004 5.12686 1.25864 0.622864 2.53793 41.9
500.00 1253.15 23.846676 63.670388 -308818.498573 10.277331 33.150398 4.479 64.3449 0.618668 12.9629 1.31281 3.77387 0.730782 1.48891 5.01314 5.19847 1.33342 0.664663 2.55749 41.3
500.00 1243.15 22.446992 59.697843 -291642.415486 9.708781 31.097136 4.606 65.3 0.588175 12.4788 1.2398 3.48621 0.77635 1.34762 4.84377 5.25199 1.40626 0.706108 2.57487 40.8
500.00 1233.15 21.214771 56.189664 -276481.000124 9.205491 29.292505 4.726 66.2063 0.560148 12.0052 1.17006 3.22028 0.821443 1.22265 4.68966 5.28961 1.47704 0.747121 2.59042 40.4
500.00 1223.15 20.123832 53.073851 -263025.372712 8.757612 27.697086 4.840 67.0668 0.53431 11.5438 1.10347 2.97422 0.865975 1.11163 4.54887 5.31327 1.54562 0.787623 2.60442 40.0
500.00 1213.15 19.153118 50.292341 -251026.220141 8.357169 26.279251 4.948 67.8839 0.510428 11.0957 1.03996 2.74639 0.909864 1.01264 4.41978 5.32474 1.61191 0.827541 2.61711 39.7
500.00 1203.15 18.282303 47.790129 -240240.531364 7.996419 25.007738 5.052 68.6695 0.488355 10.6626 0.979305 2.53544 0.953202 0.923834 4.29496 5.32624 1.67609 0.861739 2.62872 39.4
500.00 1193.15 17.477236 45.480787 -230252.341584 7.662376 23.826082 5.160 69.4911 0.468322 10.2514 0.920546 2.34064 0.99711 0.842582 4.13064 5.32378 1.74004 0.854149 2.63967 39.1
500.00 1183.15 16.754347 43.399330 -221268.736083 7.361177 22.766079 5.263 70.2716 0.44961 9.85399 0.864868 2.16009 1.04013 0.769683 3.9776 5.3128 1.80134 0.848508 2.64976 38.8
500.00 1173.15 16.102717 41.515573 -213158.473406 7.088585 21.811338 5.361 71.0129 0.43209 9.4706 0.812158 1.99274 1.08222 0.704086 3.83491 5.29446 1.85995 0.844739 2.65914 38.6
500.00 1163.15 15.513207 39.804212 -205811.436524 6.841033 20.948179 5.454 71.7169 0.415646 9.10116 0.762308 1.83761 1.12335 0.644903 3.70179 5.26981 1.91584 0.842799 2.66792 38.5
500.00 1153.15 14.978126 38.243906 -199134.661341 6.615503 20.165111 5.543 72.3852 0.400176 8.74554 0.715208 1.6938 1.16348 0.591375 3.57759 5.23974 1.96901 0.842672 2.6762 38.4
500.00 1143.15 14.490959 36.816553 -193049.231236 6.409429 19.452422 5.627 73.0195 0.385587 8.40347 0.670751 1.56053 1.20259 0.542853 3.46177 5.20506 2.01942 0.84437 2.68407 38.3
500.00 1133.15 14.046158 35.506718 -187487.815778 6.220614 18.801866 5.707 73.6212 0.371794 8.07467 0.628829 1.43704 1.24068 0.498776 3.35391 5.16648 2.06709 0.847926 2.6916 38.2

water thermodynamic data and composition:
Pressure Temperature mass S H V Cp formula
500.00 1313.15 0.076367 0.810225 -867.757240 0.910704 0.213988 H2O
500.00 1303.15 0.150706 1.595711 -1716.700908 1.780513 0.422598 H2O
500.00 1293.15 0.213288 2.253740 -2435.565761 2.496134 0.598579 H2O
500.00 1283.15 0.266902 2.814442 -3055.283351 3.093718 0.749743 H2O
500.00 1273.15 0.313425 3.298124 -3596.646225 3.597741 0.881355 H2O
500.00 1263.15 0.354175 3.719072 -4074.230149 4.025502 0.997119 H2O
500.00 1253.15 0.390124 4.087831 -4498.764327 4.389823 1.099771 H2O
500.00 1243.15 0.422019 4.412492 -4878.465392 4.700574 1.191413 H2O
500.00 1233.15 0.450448 4.699463 -5219.832130 4.965579 1.273714 H2O
500.00 1223.15 0.475891 4.953938 -5528.134401 5.191189 1.348033 H2O
500.00 1213.15 0.498742 5.180207 -5807.725292 5.382639 1.415498 H2O
500.00 1203.15 0.519368 5.382228 -6062.666648 5.544683 1.477157 H2O
500.00 1193.15 0.538269 5.565301 -6298.619903 5.683318 1.534447 H2O
500.00 1183.15 0.555358 5.728651 -6514.445005 5.798204 1.587145 H2O
500.00 1173.15 0.570855 5.874639 -6712.562205 5.892182 1.635892 H2O
500.00 1163.15 0.584946 6.005274 -6895.037827 5.967666 1.681244 H2O
500.00 1153.15 0.597789 6.122275 -7063.644098 6.026713 1.723685 H2O
500.00 1143.15 0.609524 6.227120 -7219.907244 6.071087 1.763640 H2O
500.00 1133.15 0.620267 6.321082 -7365.146674 6.102301 1.801486 H2O

apatite thermodynamic data and composition:
Pressure Temperature mass S H V Cp formula
500.00 1203.15 0.002251 0.004867 -27.890423 0.000735 0.002565 Ca5(PO4)3OH
500.00 1193.15 0.020497 0.044116 -254.167372 0.006693 0.023318 Ca5(PO4)3OH
500.00 1183.15 0.017797 0.038135 -220.891579 0.005811 0.020219 Ca5(PO4)3OH
500.00 1173.15 0.015476 0.033013 -192.262381 0.005054 0.017558 Ca5(PO4)3OH
500.00 1163.15 0.013459 0.028578 -167.348312 0.004395 0.015247 Ca5(PO4)3OH
500.00 1153.15 0.011684 0.024696 -145.415181 0.003815 0.013218 Ca5(PO4)3OH
500.00 1143.15 0.010105 0.021259 -125.875778 0.003300 0.011415 Ca5(PO4)3OH
500.00 1133.15 0.008682 0.018180 -108.253295 0.002835 0.009793 Ca5(PO4)3OH

clinopyroxene_0 thermodynamic data and composition:
Pressure Temperature mass S H V Cp structure formula SiO2 TiO2 Al2O3 Fe2O3 FeO MnO MgO CaO Na2O K2O P2O5 H2O
500.00 1403.15 4.927717 11.300827 -62889.074225 1.513764 5.788908 cpx Na0.01Ca0.83Fe''0.16Mg0.82Fe'''0.08Ti0.02Al0.25Si1.82O6 49.1716 0.878863 5.66046 2.93195 5.31695 0 14.9184 20.9378 0.183898 0 0 0
500.00 1393.15 2.831548 6.467791 -36025.417422 0.867531 3.317190 cpx Na0.01Ca0.83Fe''0.17Mg0.81Fe'''0.09Ti0.03Al0.25Si1.81O6 48.8365 1.02112 5.76885 3.08449 5.61586 0 14.6507 20.8289 0.193608 0 0 0
500.00 1383.15 2.393899 5.445689 -30357.269117 0.731372 2.796156 cpx Na0.01Ca0.82Fe''0.18Mg0.79Fe'''0.09Ti0.03Al0.26Si1.80O6 48.4593 1.18644 5.89657 3.24988 5.91647 0 14.3556 20.7319 0.203825 0 0 0
500.00 1373.15 2.046557 4.635775 -25861.537434 0.623347 2.382772 cpx Na0.02Ca0.82Fe''0.19Mg0.78Fe'''0.10Ti0.04Al0.27Si1.79O6 48.0274 1.38245 6.04949 3.43228 6.21601 0 14.0265 20.6512 0.214667 0 0 0
500.00 1363.15 1.767537 3.986008 -22251.309099 0.536562 2.050664 cpx Na0.02Ca0.82Fe''0.20Mg0.76Fe'''0.10Ti0.05Al0.27Si1.77O6 47.5203 1.6216 6.23732 3.63774 6.50969 0 13.6534 20.5937 0.226272 0 0 0
500.00 1353.15 4.985268 11.217684 -63158.870910 1.520599 5.809718 cpx Na0.02Ca0.81Fe''0.21Mg0.80Fe'''0.08Ti0.03Al0.24Si1.82O6 48.9299 1.06555 5.37843 2.99899 6.6275 0 14.4965 20.2856 0.217514 0 0 0
500.00 1343.15 1.809217 4.058516 -22933.167379 0.551884 2.109273 cpx Na0.02Ca0.79Fe''0.21Mg0.82Fe'''0.08Ti0.03Al0.23Si1.83O6 49.2296 0.978473 5.15419 2.83911 6.87551 0 14.7373 19.9654 0.220321 0 0 0
500.00 1333.15 1.174503 2.625182 -14891.827640 0.358178 1.368774 cpx Na0.02Ca0.79Fe''0.22Mg0.82Fe'''0.08Ti0.03Al0.22Si1.84O6 49.4248 0.928319 4.98064 2.72877 7.0768 0 14.8436 19.7927 0.224396 0 0 0
500.00 1323.15 0.892544 1.987608 -11320.202539 0.272116 1.039729 cpx Na0.02Ca0.78Fe''0.23Mg0.83Fe'''0.07Ti0.02Al0.21Si1.84O6 49.6077 0.883094 4.81644 2.62337 7.26872 0 14.9417 19.6305 0.228533 0 0 0
500.00 1313.15 0.424434 0.941166 -5379.216572 0.129308 0.493766 cpx Na0.02Ca0.78Fe''0.23Mg0.82Fe'''0.07Ti0.02Al0.20Si1.85O6 49.7596 0.847498 4.60913 2.55468 7.51965 0 14.8982 19.5715 0.239705 0 0 0
500.00 1303.15 0.190183 0.419788 -2408.634473 0.057895 0.220862 cpx Na0.02Ca0.78Fe''0.24Mg0.82Fe'''0.07Ti0.02Al0.19Si1.85O6 49.8707 0.825936 4.41933 2.50617 7.73101 0 14.7779 19.6166 0.252335 0 0 0
500.00 1293.15 0.116582 0.256136 -1475.649548 0.035463 0.135154 cpx Na0.02Ca0.78Fe''0.25Mg0.81Fe'''0.07Ti0.02Al0.19Si1.86O6 49.9803 0.804752 4.23675 2.45599 7.92676 0 14.6607 19.6702 0.264548 0 0 0
500.00 1283.15 0.074441 0.162784 -941.812362 0.022628 0.086153 cpx Na0.02Ca0.79Fe''0.25Mg0.81Fe'''0.07Ti0.02Al0.18Si1.87O6 50.0881 0.784099 4.06086 2.40466 8.10984 0 14.5463 19.7299 0.276362 0 0 0
500.00 1273.15 0.050916 0.110814 -643.945345 0.015466 0.058827 cpx Na0.02Ca0.79Fe''0.26Mg0.80Fe'''0.07Ti0.02Al0.17Si1.87O6 50.1934 0.76413 3.89143 2.35256 8.28239 0 14.4342 19.794 0.287796 0 0 0
500.00 1263.15 0.038574 0.083552 -487.717405 0.011709 0.044493 cpx Na0.02Ca0.79Fe''0.26Mg0.80Fe'''0.06Ti0.02Al0.16Si1.88O6 50.296 0.744995 3.72843 2.30006 8.44592 0 14.3244 19.8614 0.298872 0 0 0
500.00 1253.15 0.032862 0.070837 -415.407474 0.009969 0.037842 cpx Na0.02Ca0.80Fe''0.27Mg0.79Fe'''0.06Ti0.02Al0.16Si1.88O6 50.3952 0.726825 3.57188 2.24743 8.60149 0 14.2165 19.931 0.309619 0 0 0
500.00 1243.15 0.030974 0.066442 -391.475876 0.009390 0.035608 cpx Na0.02Ca0.80Fe''0.27Mg0.79Fe'''0.06Ti0.02Al0.15Si1.89O6 50.4909 0.709725 3.42178 2.19491 8.74994 0 14.1105 20.0022 0.320066 0 0 0
500.00 1233.15 0.031178 0.066551 -394.011206 0.009446 0.035783 cpx Na0.02Ca0.80Fe''0.28Mg0.78Fe'''0.06Ti0.02Al0.14Si1.89O6 50.5828 0.693773 3.27809 2.14272 8.89187 0 14.0061 20.0744 0.330246 0 0 0
500.00 1223.15 0.032416 0.068851 -409.637632 0.009815 0.037143 cpx Na0.02Ca0.81Fe''0.28Mg0.77Fe'''0.06Ti0.02Al0.14Si1.89O6 50.6708 0.679019 3.14071 2.09103 9.02781 0 13.9032 20.1472 0.340196 0 0 0
500.00 1213.15 0.034057 0.071974 -430.362617 0.010305 0.038958 cpx Na0.03Ca0.81Fe''0.29Mg0.77Fe'''0.06Ti0.02Al0.13Si1.90O6 50.7549 0.665491 3.00951 2.03996 9.15816 0 13.8019 20.2201 0.349949 0 0 0
500.00 1203.15 0.035327 0.074282 -446.424596 0.010683 0.040345 cpx Na0.03Ca0.81Fe''0.29Mg0.76Fe'''0.06Ti0.02Al0.13Si1.90O6 50.835 0.65328 2.88418 1.98964 9.28354 0 13.7018 20.2929 0.359546 0 0 0
500.00 1193.15 0.033699 0.070499 -425.875359 0.010185 0.038423 cpx Na0.03Ca0.82Fe''0.29Mg0.76Fe'''0.05Ti0.02Al0.12Si1.91O6 50.9108 0.642977 2.76383 1.94002 9.40584 0 13.6022 20.3652 0.369054 0 0 0
500.00 1183.15 0.035397 0.073669 -447.358003 0.010691 0.040291 cpx Na0.03Ca0.82Fe''0.30Mg0.75Fe'''0.05Ti0.02Al0.12Si1.91O6 50.9829 0.633796 2.64924 1.8914 9.52334 0 13.504 20.4368 0.37846 0 0 0
500.00 1173.15 0.036744 0.076076 -464.433313 0.011091 0.041755 cpx Na0.03Ca0.82Fe''0.30Mg0.75Fe'''0.05Ti0.02Al0.11Si1.91O6 51.0512 0.625729 2.54013 1.84388 9.63635 0 13.4072 20.5077 0.387799 0 0 0
500.00 1163.15 0.037752 0.077753 -477.238574 0.011389 0.042829 cpx Na0.03Ca0.83Fe''0.31Mg0.74Fe'''0.05Ti0.02Al0.11Si1.92O6 51.1159 0.618762 2.43626 1.79752 9.7452 0 13.3116 20.5776 0.397105 0 0 0
500.00 1153.15 0.038450 0.078772 -486.137631 0.011592 0.043548 cpx Na0.03Ca0.83Fe''0.31Mg0.74Fe'''0.05Ti0.02Al0.10Si1.92O6 51.1772 0.612875 2.33737 1.7524 9.8502 0 13.2171 20.6464 0.406408 0 0 0
500.00 1143.15 0.038874 0.079217 -491.591954 0.011713 0.043955 cpx Na0.03Ca0.83Fe''0.31Mg0.73Fe'''0.05Ti0.02Al0.10Si1.92O6 51.235 0.608052 2.24322 1.70859 9.95167 0 13.1237 20.714 0.41574 0 0 0
500.00 1133.15 0.039064 0.079174 -494.086623 0.011763 0.044095 cpx Na0.03Ca0.84Fe''0.32Mg0.73Fe'''0.05Ti0.02Al0.10Si1.93O6 51.2895 0.604273 2.15358 1.66616 10.0499 0 13.0312 20.7802 0.425132 0 0 0

spinel_0 thermodynamic data and composition:
Pressure Temperature mass S H V Cp formula SiO2 TiO2 Al2O3 Fe2O3 FeO MnO MgO CaO Na2O K2O P2O5 H2O
500.00 1353.15 5.141412 10.820418 -30426.396109 1.121207 4.892012 Fe''0.92Mg0.35Fe'''1.17Al0.30Cr0.00Ti0.26O4 0 10.0679 7.21528 44.6523 31.4 0 6.6645 0 0 0 0 0
500.00 1343.15 1.021478 2.139638 -5999.529706 0.222144 0.969029 Fe''0.93Mg0.34Fe'''1.18Al0.29Cr0.00Ti0.26O4 0 10.0499 6.94276 44.893 31.6619 0 6.45241 0 0 0 0 0
500.00 1333.15 0.758277 1.580290 -4410.385015 0.164351 0.716786 Fe''0.94Mg0.32Fe'''1.19Al0.27Cr0.00Ti0.27O4 0 10.0768 6.59495 45.103 32.0455 0 6.17982 0 0 0 0 0
500.00 1323.15 0.596611 1.237159 -3438.943165 0.128904 0.562095 Fe''0.96Mg0.31Fe'''1.20Al0.26Cr0.00Ti0.27O4 0 10.1006 6.27379 45.298 32.401 0 5.92668 0 0 0 0 0
500.00 1313.15 0.600755 1.238243 -3408.470183 0.129161 0.563174 Fe''0.98Mg0.29Fe'''1.21Al0.24Cr0.00Ti0.27O4 0 10.2388 5.71461 45.4612 33.08 0 5.50535 0 0 0 0 0
500.00 1303.15 0.475923 0.975039 -2659.281017 0.101835 0.444020 Fe''1.01Mg0.27Fe'''1.22Al0.22Cr0.00Ti0.28O4 0 10.3819 5.18522 45.585 33.7546 0 5.0933 0 0 0 0 0
500.00 1293.15 0.373738 0.761258 -2060.939511 0.079633 0.347226 Fe''1.03Mg0.25Fe'''1.23Al0.20Cr0.00Ti0.28O4 0 10.4983 4.73492 45.6951 34.3392 0 4.73255 0 0 0 0 0
500.00 1283.15 0.299578 0.606782 -1633.016439 0.063591 0.277293 Fe''1.05Mg0.24Fe'''1.24Al0.18Cr0.00Ti0.29O4 0 10.594 4.34462 45.7965 34.8524 0 4.41254 0 0 0 0 0
500.00 1273.15 0.243992 0.491494 -1316.495259 0.051615 0.225088 Fe''1.07Mg0.22Fe'''1.25Al0.17Cr0.00Ti0.29O4 0 10.6737 4.00154 45.8913 35.3076 0 4.12586 0 0 0 0 0
500.00 1263.15 0.201253 0.403231 -1076.055518 0.042441 0.185097 Fe''1.08Mg0.21Fe'''1.26Al0.16Cr0.00Ti0.29O4 0 10.7409 3.69672 45.9802 35.715 0 3.86709 0 0 0 0 0
500.00 1253.15 0.167738 0.334311 -889.587341 0.035272 0.153844 Fe''1.10Mg0.20Fe'''1.26Al0.15Cr0.00Ti0.30O4 0 10.7986 3.42361 46.0631 36.0825 0 3.63213 0 0 0 0 0
500.00 1243.15 0.141044 0.279650 -742.577462 0.029580 0.129031 Fe''1.11Mg0.19Fe'''1.27Al0.14Cr0.00Ti0.30O4 0 10.8492 3.17718 46.1395 36.4164 0 3.41772 0 0 0 0 0
500.00 1233.15 0.119515 0.235751 -625.119877 0.025004 0.109078 Fe''1.12Mg0.18Fe'''1.27Al0.13Cr0.00Ti0.30O4 0 10.8948 2.9535 46.2085 36.722 0 3.22124 0 0 0 0 0
500.00 1223.15 0.101972 0.200126 -530.227434 0.021285 0.092863 Fe''1.14Mg0.17Fe'''1.28Al0.12Cr0.00Ti0.30O4 0 10.9371 2.74943 46.2693 37.0037 0 3.04054 0 0 0 0 0
500.00 1213.15 0.087551 0.170959 -452.836450 0.018236 0.079567 Fe''1.15Mg0.16Fe'''1.28Al0.11Cr0.00Ti0.30O4 0 10.9775 2.56239 46.3212 37.2652 0 2.87378 0 0 0 0 0
500.00 1203.15 0.075657 0.146997 -389.468441 0.015727 0.068626 Fe''1.16Mg0.15Fe'''1.29Al0.10Cr0.00Ti0.31O4 0 11.019 2.38995 46.3605 37.5112 0 2.71941 0 0 0 0 0
500.00 1193.15 0.066003 0.127605 -338.363925 0.013695 0.059761 Fe''1.17Mg0.14Fe'''1.29Al0.10Cr0.00Ti0.31O4 0 11.0749 2.22837 46.3652 37.7554 0 2.57614 0 0 0 0 0
500.00 1183.15 0.057470 0.110560 -293.529740 0.011904 0.051945 Fe''1.17Mg0.13Fe'''1.29Al0.09Cr0.00Ti0.31O4 0 11.1303 2.07909 46.3619 37.9859 0 2.44284 0 0 0 0 0
500.00 1173.15 0.050300 0.096291 -256.067214 0.010402 0.045391 Fe''1.18Mg0.13Fe'''1.29Al0.08Cr0.00Ti0.31O4 0 11.1859 1.94073 46.3501 38.2048 0 2.31847 0 0 0 0 0
500.00 1163.15 0.044242 0.084278 -224.571054 0.009135 0.039863 Fe''1.19Mg0.12Fe'''1.29Al0.08Cr0.00Ti0.31O4 0 11.2423 1.81214 46.3295 38.4139 0 2.20214 0 0 0 0 0
500.00 1153.15 0.039096 0.074110 -197.941091 0.008060 0.035174 Fe''1.20Mg0.12Fe'''1.29Al0.07Cr0.00Ti0.32O4 0 11.3001 1.69232 46.3001 38.6145 0 2.09306 0 0 0 0 0
500.00 1143.15 0.034703 0.065460 -175.308210 0.007145 0.031178 Fe''1.21Mg0.11Fe'''1.30Al0.07Cr0.00Ti0.32O4 0 11.3594 1.58042 46.2617 38.8079 0 1.99054 0 0 0 0 0
500.00 1133.15 0.030937 0.058070 -155.980187 0.006361 0.027758 Fe''1.21Mg0.11Fe'''1.30Al0.06Cr0.00Ti0.32O4 0 11.4206 1.47572 46.2146 38.9951 0 1.89396 0 0 0 0 0

orthopyroxene_0 thermodynamic data and composition:
Pressure Temperature mass S H V Cp structure formula SiO2 TiO2 Al2O3 Fe2O3 FeO MnO MgO CaO Na2O K2O P2O5 H2O
500.00 1313.15 0.705174 1.604334 -8709.646232 0.213239 0.862841 opx Na0.00Ca0.07Fe''0.46Mg1.41Fe'''0.03Ti0.00Al0.10Si1.94O6 53.5184 0.111817 2.22975 1.04691 15.1658 0 26.0795 1.82588 0.0218912 0 0 0
500.00 1303.15 0.673068 1.523192 -8278.638481 0.203063 0.820934 opx Na0.00Ca0.07Fe''0.48Mg1.39Fe'''0.03Ti0.00Al0.09Si1.94O6 53.4778 0.0997388 2.09527 0.999264 15.768 0 25.6937 1.84355 0.022621 0 0 0
500.00 1293.15 0.530734 1.194723 -6502.037348 0.159761 0.645327 opx Na0.00Ca0.07Fe''0.50Mg1.37Fe'''0.03Ti0.00Al0.08Si1.94O6 53.4347 0.0892374 1.97164 0.954362 16.3477 0 25.3253 1.85391 0.0232381 0 0 0
500.00 1283.15 0.424385 0.950252 -5179.223133 0.127465 0.514454 opx Na0.00Ca0.07Fe''0.52Mg1.36Fe'''0.03Ti0.00Al0.08Si1.95O6 53.389 0.080047 1.85733 0.911907 16.9095 0 24.9708 1.85769 0.0237481 0 0 0
500.00 1273.15 0.342542 0.762912 -4164.844725 0.102659 0.414009 opx Na0.00Ca0.07Fe''0.53Mg1.34Fe'''0.02Ti0.00Al0.08Si1.95O6 53.3408 0.0719653 1.75122 0.871661 17.4569 0 24.6278 1.85549 0.0241562 0 0 0
500.00 1263.15 0.278135 0.616150 -3369.440894 0.083175 0.335182 opx Na0.00Ca0.07Fe''0.55Mg1.33Fe'''0.02Ti0.00Al0.07Si1.95O6 53.2901 0.0648339 1.65248 0.833433 17.9925 0 24.2945 1.84778 0.0244675 0 0 0
500.00 1253.15 0.226673 0.499445 -2736.211892 0.067640 0.272376 opx Na0.00Ca0.07Fe''0.57Mg1.31Fe'''0.02Ti0.00Al0.07Si1.95O6 53.2369 0.0585233 1.56044 0.797059 18.5179 0 23.9695 1.83501 0.0246875 0 0 0
500.00 1243.15 0.185114 0.405669 -2226.718275 0.055120 0.221804 opx Na0.00Ca0.07Fe''0.59Mg1.30Fe'''0.02Ti0.00Al0.06Si1.96O6 53.1814 0.0529255 1.47451 0.762391 19.0348 0 23.6516 1.81756 0.0248215 0 0 0
500.00 1233.15 0.151299 0.329760 -1813.668817 0.044955 0.180774 opx Na0.00Ca0.07Fe''0.60Mg1.28Fe'''0.02Ti0.00Al0.06Si1.96O6 53.1236 0.0479488 1.39418 0.7293 19.5442 0 23.3401 1.79581 0.0248754 0 0 0
500.00 1223.15 0.123629 0.267975 -1476.922943 0.036656 0.147300 opx Na0.00Ca0.07Fe''0.62Mg1.27Fe'''0.02Ti0.00Al0.06Si1.96O6 53.0637 0.0435141 1.31899 0.697666 20.047 0 23.0341 1.77012 0.0248544 0 0 0
500.00 1213.15 0.100888 0.217475 -1201.177583 0.029849 0.119870 opx Na0.00Ca0.07Fe''0.64Mg1.26Fe'''0.02Ti0.00Al0.05Si1.96O6 53.0018 0.0395534 1.2485 0.667383 20.544 0 22.7331 1.74084 0.0247641 0 0 0
500.00 1203.15 0.082677 0.177227 -981.059668 0.024410 0.097961 opx Na0.00Ca0.07Fe''0.65Mg1.24Fe'''0.02Ti0.00Al0.05Si1.97O6 52.938 0.0360099 1.18224 0.638331 21.0363 0 22.4362 1.70828 0.0246093 0 0 0
500.00 1193.15 0.071102 0.151557 -840.868605 0.020947 0.084013 opx Na0.00Ca0.07Fe''0.67Mg1.23Fe'''0.02Ti0.00Al0.05Si1.97O6 52.8721 0.0328484 1.11929 0.61025 21.5276 0 22.1408 1.67282 0.0243924 0 0 0
500.00 1183.15 0.057229 0.121296 -674.552281 0.016824 0.067435 opx Na0.00Ca0.07Fe''0.69Mg1.21Fe'''0.02Ti0.00Al0.05Si1.97O6 52.8044 0.0300022 1.06012 0.58331 22.0143 0 21.8491 1.63463 0.0241201 0 0 0
500.00 1173.15 0.045749 0.096409 -537.446622 0.013421 0.053760 opx Na0.00Ca0.06Fe''0.70Mg1.20Fe'''0.02Ti0.00Al0.04Si1.97O6 52.7353 0.0274336 1.00439 0.557438 22.4968 0 21.5608 1.59401 0.0237967 0 0 0
500.00 1163.15 0.036216 0.075881 -424.056726 0.010602 0.042442 opx Na0.00Ca0.06Fe''0.72Mg1.19Fe'''0.02Ti0.00Al0.04Si1.97O6 52.6648 0.0251099 0.95181 0.53257 22.9758 0 21.2753 1.55124 0.0234265 0 0 0
500.00 1153.15 0.028276 0.058900 -330.003041 0.008260 0.033047 opx Na0.00Ca0.06Fe''0.74Mg1.17Fe'''0.01Ti0.00Al0.04Si1.97O6 52.5928 0.0230028 0.902122 0.508649 23.4515 0 20.9923 1.50657 0.0230135 0 0 0
500.00 1143.15 0.021645 0.044821 -251.777164 0.006309 0.025228 opx Na0.00Ca0.06Fe''0.75Mg1.16Fe'''0.01Ti0.00Al0.04Si1.97O6 52.5196 0.0210877 0.855088 0.485628 23.9244 0 20.7114 1.46024 0.0225613 0 0 0
500.00 1133.15 0.016090 0.033122 -186.555445 0.004680 0.018703 opx Na0.00Ca0.06Fe''0.77Mg1.15Fe'''0.01Ti0.00Al0.04Si1.98O6 52.4451 0.0193433 0.810493 0.463464 24.3948 0 20.4322 1.4125 0.0220734 0 0 0

feldspar_0 thermodynamic data and composition:
Pressure Temperature mass S H V Cp formula SiO2 TiO2 Al2O3 Fe2O3 FeO MnO MgO CaO Na2O K2O P2O5 H2O
500.00 1413.15 1.932698 4.611444 -26818.417386 0.720595 2.367181 K0.00Na0.17Ca0.83Al1.83Si2.17O8 47.3025 0 33.8728 0 0 0 0 16.908 1.87802 0.0386052 0 0
500.00 1403.15 2.927769 6.965794 -40655.223499 1.092132 3.582844 K0.00Na0.18Ca0.82Al1.82Si2.18O8 47.5364 0 33.7144 0 0 0 0 16.7228 1.98402 0.0423649 0 0
500.00 1393.15 2.738015 6.495348 -38047.589106 1.021821 3.347683 K0.00Na0.19Ca0.81Al1.81Si2.19O8 47.7631 0 33.5609 0 0 0 0 16.5432 2.0866 0.0462285 0 0
500.00 1383.15 2.355582 5.571741 -32756.609605 0.879521 2.877546 K0.00Na0.19Ca0.80Al1.80Si2.20O8 47.9968 0 33.4025 0 0 0 0 16.358 2.19238 0.0502162 0 0
500.00 1373.15 2.050302 4.835391 -28531.539213 0.765924 2.502398 K0.00Na0.20Ca0.79Al1.79Si2.21O8 48.2391 0 33.2384 0 0 0 0 16.1661 2.30203 0.0543526 0 0
500.00 1363.15 1.802216 4.237777 -25096.742780 0.673606 2.197650 K0.00Na0.21Ca0.78Al1.78Si2.22O8 48.4915 0 33.0675 0 0 0 0 15.9662 2.41623 0.0586652 0 0
500.00 1353.15 2.324888 5.455028 -32392.791163 0.870093 2.833004 K0.00Na0.23Ca0.76Al1.76Si2.24O8 49.0036 0 32.7223 0 0 0 0 15.5619 2.65265 0.0595114 0 0
500.00 1343.15 1.394424 3.263446 -19440.299682 0.522372 1.697826 K0.00Na0.25Ca0.75Al1.75Si2.25O8 49.4064 0 32.4501 0 0 0 0 15.2434 2.83661 0.0635073 0 0
500.00 1333.15 1.424212 3.324422 -19867.601035 0.534042 1.732694 K0.00Na0.27Ca0.73Al1.73Si2.27O8 49.8057 0 32.1802 0 0 0 0 14.9275 3.01872 0.0679119 0 0
500.00 1323.15 1.299529 3.025403 -18139.070498 0.487773 1.579728 K0.00Na0.28Ca0.71Al1.71Si2.29O8 50.2185 0 31.901 0 0 0 0 14.6009 3.20684 0.0727439 0 0
500.00 1313.15 2.448560 5.691747 -34188.883779 0.920991 2.974860 K0.00Na0.31Ca0.68Al1.68Si2.32O8 51.01 0 31.3651 0 0 0 0 13.9741 3.56565 0.0851714 0 0
500.00 1303.15 2.288515 5.311874 -31963.761237 0.862716 2.778951 K0.01Na0.35Ca0.65Al1.65Si2.35O8 51.8493 0 30.7964 0 0 0 0 13.309 3.94504 0.100271 0 0
500.00 1293.15 1.949032 4.516626 -27230.527618 0.736345 2.365437 K0.01Na0.38Ca0.61Al1.61Si2.39O8 52.6756 0 30.236 0 0 0 0 12.6539 4.3174 0.117051 0 0
500.00 1283.15 1.684222 3.896010 -23538.339781 0.637638 2.053522 K0.01Na0.41Ca0.58Al1.58Si2.42O8 53.4791 0 29.6906 0 0 0 0 12.0165 4.6782 0.135561 0 0
500.00 1273.15 1.470684 3.395381 -20560.915260 0.557911 1.792881 K0.01Na0.44Ca0.55Al1.55Si2.45O8 54.2531 0 29.1648 0 0 0 0 11.402 5.02428 0.155831 0 0
500.00 1263.15 1.293925 2.980910 -18096.151842 0.491790 1.577088 K0.01Na0.47Ca0.52Al1.52Si2.48O8 54.9932 0 28.6613 0 0 0 0 10.8139 5.35367 0.177883 0 0
500.00 1253.15 1.144963 2.631627 -16018.809252 0.435953 1.395197 K0.01Na0.49Ca0.49Al1.49Si2.51O8 55.6978 0 28.1814 0 0 0 0 10.2536 5.66552 0.201735 0 0
500.00 1243.15 1.017855 2.333653 -14246.019700 0.388207 1.239964 K0.01Na0.52Ca0.47Al1.47Si2.53O8 56.3665 0 27.7251 0 0 0 0 9.72116 5.95976 0.227413 0 0
500.00 1233.15 0.908449 2.077285 -12719.903950 0.347027 1.106334 K0.01Na0.54Ca0.44Al1.44Si2.56O8 57.0006 0 27.2919 0 0 0 0 9.21575 6.23684 0.254955 0 0
500.00 1223.15 0.813689 1.855371 -11397.875692 0.311290 0.990585 K0.02Na0.56Ca0.42Al1.42Si2.58O8 57.6017 0 26.8803 0 0 0 0 8.73598 6.49755 0.284416 0 0
500.00 1213.15 0.731225 1.662395 -10247.155936 0.280131 0.889853 K0.02Na0.58Ca0.40Al1.40Si2.60O8 58.172 0 26.4892 0 0 0 0 8.28018 6.74282 0.315869 0 0
500.00 1203.15 0.659846 1.495464 -9250.943668 0.253118 0.802663 K0.02Na0.60Ca0.38Al1.38Si2.62O8 58.7143 0 26.1163 0 0 0 0 7.84607 6.97385 0.349493 0 0
500.00 1193.15 0.601172 1.358088 -8432.077325 0.230899 0.730981 K0.02Na0.62Ca0.36Al1.36Si2.64O8 59.2346 0 25.7576 0 0 0 0 7.42868 7.19302 0.386064 0 0
500.00 1183.15 0.544026 1.224864 -7633.975928 0.209197 0.661207 K0.02Na0.64Ca0.34Al1.34Si2.66O8 59.7299 0 25.4153 0 0 0 0 7.0307 7.39911 0.425068 0 0
500.00 1173.15 0.493830 1.107976 -6932.756362 0.190107 0.599933 K0.03Na0.66Ca0.32Al1.32Si2.68O8 60.2021 0 25.0878 0 0 0 0 6.65039 7.59301 0.466697 0 0
500.00 1163.15 0.449588 1.005078 -6314.533047 0.173260 0.545944 K0.03Na0.67Ca0.30Al1.30Si2.70O8 60.6533 0 24.7739 0 0 0 0 6.28612 7.77551 0.511181 0 0
500.00 1153.15 0.410463 0.914199 -5767.647079 0.158342 0.498218 K0.03Na0.69Ca0.28Al1.28Si2.72O8 61.0852 0 24.4722 0 0 0 0 5.93644 7.94727 0.558804 0 0
500.00 1143.15 0.375749 0.833678 -5282.273496 0.145092 0.455897 K0.03Na0.70Ca0.27Al1.27Si2.73O8 61.4996 0 24.1816 0 0 0 0 5.6 8.10884 0.609904 0 0
500.00 1133.15 0.344852 0.762111 -4850.110462 0.133286 0.418253 K0.04Na0.71Ca0.25Al1.25Si2.75O8 61.8978 0 23.901 0 0 0 0 5.27559 8.26063 0.664893 0 0

olivine_0 thermodynamic data and composition:
Pressure Temperature mass S H V Cp formula SiO2 TiO2 Al2O3 Fe2O3 FeO MnO MgO CaO Na2O K2O P2O5 H2O
500.00 1413.15 0.956919 2.269266 -11635.840776 0.289746 1.176354 (Ca0.01Mg0.81Fe''0.18Mn0.00Co0.00Ni0.00)2SiO4 39.3816 0 0 0 17.0941 0.350338 42.7177 0.456306 0 0 0 0
500.00 1403.15 0.700166 1.651393 -8430.546706 0.210866 0.855850 (Ca0.01Mg0.80Fe''0.19Mn0.00Co0.00Ni0.00)2SiO4 39.1632 0 0 0 18.2376 0.389376 41.7801 0.429763 0 0 0 0
500.00 1393.15 0.836315 1.961802 -9973.585516 0.250559 1.016575 (Ca0.01Mg0.79Fe''0.21Mn0.00Co0.00Ni0.00)2SiO4 38.9506 0 0 0 19.3466 0.425213 40.8643 0.413341 0 0 0 0
500.00 1383.15 0.737190 1.719621 -8701.860331 0.219658 0.890857 (Ca0.01Mg0.77Fe''0.22Mn0.01Co0.00Ni0.00)2SiO4 38.7274 0 0 0 20.5104 0.462281 39.9019 0.397971 0 0 0 0
500.00 1373.15 0.659977 1.530646 -7705.415997 0.195523 0.792661 (Ca0.01Mg0.76Fe''0.24Mn0.01Co0.00Ni0.00)2SiO4 38.4921 0 0 0 21.737 0.500722 38.8866 0.383606 0 0 0 0
500.00 1363.15 0.599773 1.382740 -6920.292631 0.176610 0.715697 (Ca0.01Mg0.74Fe''0.25Mn0.01Co0.00Ni0.00)2SiO4 38.2429 0 0 0 23.0352 0.540684 37.811 0.370205 0 0 0 0
500.00 1333.15 0.166624 0.379621 -1921.179068 0.048903 0.197824 (Ca0.00Mg0.74Fe''0.25Mn0.01Co0.00Ni0.00)2SiO4 38.1632 0 0 0 23.1329 0.914989 37.4818 0.307106 0 0 0 0
500.00 1323.15 0.154405 0.350151 -1773.756076 0.045202 0.182742 (Ca0.00Mg0.73Fe''0.26Mn0.01Co0.00Ni0.00)2SiO4 38.0709 0 0 0 23.5382 1.01278 37.0859 0.292101 0 0 0 0
