Title: Hr

Solid Composition:
Pressure Temperature mass SiO2 TiO2 Al2O3 Fe2O3 FeO MnO MgO CaO Na2O K2O P2O5 H2O 
500.00 1523.15 0.000000 ---
500.00 1513.15 0.000000 ---
500.00 1503.15 0.000000 ---
500.00 1493.15 0.000000 ---
500.00 1483.15 0.000000 ---
500.00 1473.15 0.000000 ---
500.00 1463.15 0.000000 ---
500.00 1453.15 0.000000 ---
500.00 1443.15 0.000000 ---
500.00 1433.15 0.000000 ---
500.00 1423.15 0.000000 ---
500.00 1413.15 2.889617 44.6794 0 22.6556 0 5.66085 0.116017 14.1463 11.4599 1.2561 0.0258208 0 0
500.00 1403.15 8.555653 47.793 0.50619 14.7974 1.68869 4.55485 0.0318652 12.0116 17.8171 0.784857 0.0144974 0 0
500.00 1393.15 6.405877 47.087 0.451359 16.8946 1.36342 5.00812 0.0555134 11.811 16.3318 0.977438 0.0197591 0 0
500.00 1383.15 5.486670 46.9532 0.517659 16.9134 1.41796 5.33721 0.0621122 11.6247 16.122 1.03018 0.0215592 0 0
500.00 1373.15 4.756836 46.7957 0.594778 16.9292 1.47669 5.6902 0.0694715 11.4299 15.906 1.08458 0.0234272 0 0
500.00 1363.15 4.169526 46.6056 0.687425 16.937 1.5421 6.07311 0.0777757 11.2269 15.6844 1.1403 0.0253572 0 0
500.00 1353.15 12.451568 28.7399 4.5838 11.2424 19.6382 15.6189 0 8.55586 11.0275 0.582375 0.0111116 0 0
500.00 1343.15 4.225119 37.386 2.84869 14.5951 12.0692 10.5988 0 7.87056 13.5801 1.03051 0.0209594 0 0
500.00 1333.15 3.523616 38.41 2.47794 16.0863 10.6157 10.3489 0.0432677 8.05004 12.6454 1.29493 0.0274493 0 0
500.00 1323.15 2.943088 39.2159 2.31537 16.8185 9.9782 10.0075 0.053134 7.67842 12.4157 1.4853 0.0321203 0 0
500.00 1313.15 4.255290 43.184 1.54856 19.684 6.84644 7.93345 0 6.58504 10.2956 2.07927 0.049009 0 1.79463
500.00 1303.15 3.778395 43.4408 1.36704 19.9017 6.04599 7.44969 0 5.96236 9.37685 2.40618 0.0607327 0 3.98862
500.00 1293.15 3.183374 42.9899 1.27688 19.5519 5.61379 7.04731 0 5.31477 8.77684 2.65691 0.071665 0 6.70006
500.00 1283.15 2.749527 42.3552 1.18787 19.057 5.19566 6.62689 0 4.7288 8.18157 2.87678 0.0830376 0 9.70719
500.00 1273.15 2.421559 41.5502 1.10171 18.4454 4.79669 6.20106 0 4.20294 7.60345 3.06086 0.094641 0 12.9431
500.00 1263.15 2.166062 40.5894 1.01955 17.7432 4.42009 5.7791 0 3.73395 7.0508 3.20655 0.106261 0 16.3511
500.00 1253.15 1.962360 39.4909 0.941972 16.9755 4.06707 5.3673 0 3.31726 6.52833 3.31366 0.117705 0 19.8804
500.00 1243.15 1.797005 38.2756 0.869222 16.1642 3.73777 4.9699 0 2.94788 6.03823 3.38378 0.128811 0 23.4845
500.00 1233.15 1.660889 36.9662 0.801365 15.3288 3.43175 4.58976 0 2.62089 5.58112 3.4198 0.139452 0 27.1209
500.00 1223.15 1.547598 35.5859 0.738348 14.4853 3.14824 4.22874 0 2.33164 5.15658 3.42537 0.149539 0 30.7503
500.00 1213.15 1.452463 34.1576 0.680046 13.6474 2.88632 3.88798 0 2.07589 4.76359 3.40451 0.15902 0 34.3377
500.00 1203.15 1.375128 32.6624 0.625195 12.8084 2.64018 3.56708 0 1.85056 4.4803 3.35707 0.167702 0.0693919 37.7717
500.00 1193.15 1.330742 30.8739 0.567339 11.8765 2.3814 3.26104 0 1.65522 4.82084 3.26015 0.174407 0.652865 40.4764
500.00 1183.15 1.267277 29.4499 0.523805 11.1266 2.18164 2.98278 0 1.47466 4.44675 3.18801 0.182477 0.595261 43.8481
500.00 1173.15 1.212954 28.0456 0.483859 10.4093 1.99898 2.72475 0 1.31549 4.10115 3.10399 0.190006 0.54082 47.0861
500.00 1163.15 1.166202 26.6729 0.447307 9.72788 1.83232 2.48627 0 1.17516 3.78189 3.01116 0.197068 0.489164 50.1789
500.00 1153.15 1.125758 25.3412 0.413943 9.08409 1.68055 2.26649 0 1.05139 3.48684 2.91211 0.203745 0.439922 53.1197
500.00 1143.15 1.090600 24.0573 0.383552 8.47862 1.5426 2.06441 0 0.942177 3.21391 2.80904 0.210133 0.39273 55.9055
500.00 1133.15 1.059893 22.8259 0.355921 7.91131 1.4174 1.87897 0 0.845746 2.96108 2.70372 0.216333 0.347219 58.5364