Title: Hr

System Thermodynamic Data:
Pressure Temperature mass F phi S H V dVdP*10^6 dVdT*10^6 Cp logfO2(absolute) logfO2-NNO rhol rhos viscosity aH2O chisqr
500.00 1523.15 98.074491 1.0000000000000000 1.000000 265.191538 -1163353.307011 36.051889 -198.853972 2415.316909 146.290772 -7.007 0.000 2.720370 0.000000 2.068 0 0.000
500.00 1513.15 98.075154 1.0000000000000000 1.000000 264.229196 -1164825.942909 36.028323 -199.039974 2415.465501 146.294175 -7.116 0.000 2.722168 0.000000 2.109 0 0.000
500.00 1503.15 98.075858 1.0000000000000000 1.000000 263.260495 -1166299.247162 36.004791 -199.227247 2415.623241 146.297787 -7.225 0.000 2.723967 0.000000 2.151 0 0.000
500.00 1493.15 98.076604 1.0000000000000000 1.000000 262.285347 -1167773.244473 35.981293 -199.415864 2415.790410 146.301614 -7.336 0.000 2.725767 0.000000 2.194 0 0.000
500.00 1483.15 98.076993 0.9877224068968834 0.987443 261.029940 -1169647.411342 35.937752 -197.339994 2402.040426 145.974293 -7.449 0.000 2.729853 2.668255 2.223 0 0.000
500.00 1473.15 98.076429 0.9480279090606339 0.946660 259.178750 -1172374.259869 35.848507 -190.105820 2357.511502 141.888121 -7.563 0.000 2.739813 2.665672 2.215 0 0.000
500.00 1463.15 98.075813 0.9102336400774636 0.907553 257.379592 -1175005.342456 35.760991 -183.075801 2315.619970 141.021888 -7.679 0.000 2.750637 2.663010 2.202 0 0.000
500.00 1453.15 98.068908 0.8327210263093740 0.830745 254.596479 -1178944.602962 35.592934 -170.822326 2211.289533 138.714975 -7.796 0.000 2.761845 2.723123 2.227 0 0.000
500.00 1443.15 98.064317 0.6827495998589501 0.684703 250.373078 -1184981.239236 35.008174 -145.411162 2048.732280 134.814948 -7.915 0.000 2.793191 2.818540 2.124 0 0.000
500.00 1433.15 98.057370 0.5707416314602241 0.572751 246.886408 -1189877.139601 34.604371 -127.065998 1916.457300 131.708464 -8.035 0.000 2.823730 2.846996 2.050 0 0.000
500.00 1423.15 98.050479 0.4778428221967122 0.477741 243.854935 -1194089.161398 34.267269 -111.427541 1806.922118 129.190849 -8.157 0.000 2.861955 2.860787 1.939 0 0.000
500.00 1413.15 98.042902 0.3965910847656995 0.392841 241.096253 -1197872.415229 33.971935 -97.314879 1711.372192 127.048081 -8.281 0.000 2.913545 2.868173 1.770 0 0.000
500.00 1403.15 98.033543 0.3217714988856392 0.313046 238.473227 -1201406.803255 33.700792 -83.888092 1623.420474 125.128610 -8.407 0.000 2.990021 2.871990 1.505 0 0.000
500.00 1393.15 98.024477 0.2609278436005282 0.247700 236.140310 -1204515.134129 33.473828 -72.952646 1549.130179 123.541752 -8.535 0.000 3.084770 2.876903 1.190 0 0.000
500.00 1383.15 98.020639 0.2235757094175445 0.208402 234.347436 -1206940.030471 33.319938 -66.620932 1498.119414 122.468968 -8.664 0.000 3.155995 2.885411 0.980 0 0.000
500.00 1373.15 98.020647 0.1982651909725957 0.182570 232.846316 -1209010.501056 33.204698 -62.630133 1458.747238 121.665200 -8.795 0.000 3.205793 2.895330 0.852 0 0.000
500.00 1363.15 98.023045 0.1777976489830672 0.162279 231.466816 -1210940.247522 33.105151 -59.601127 1422.962620 120.966737 -8.929 0.000 3.244123 2.906108 0.765 0 0.000
500.00 1353.15 98.027313 0.1590396754251994 0.144167 230.132483 -1212826.594228 33.010744 -56.972198 1386.692041 120.296743 -9.064 0.000 3.275916 2.917951 0.698 0 0.000
500.00 1343.15 98.030284 0.1362128522267678 0.122872 228.689939 -1214823.113783 32.912978 -54.129094 1339.337559 119.467626 -9.201 0.000 3.301847 2.933169 0.653 0 0.000

Title: Hr

Liquid Composition:
Pressure Temperature mass SiO2 TiO2 Al2O3 Fe2O3 FeO MnO MgO CaO Na2O K2O P2O5 H2O 
500.00 1523.15 98.074491 48.6686 1.37671 15.8715 2.57296 10.2624 0.196891 7.4265 10.8979 2.21842 0.347797 0.160286 0
500.00 1513.15 98.075154 48.6683 1.3767 15.8714 2.5797 10.2562 0.19689 7.42645 10.8979 2.2184 0.347795 0.160285 0
500.00 1503.15 98.075858 48.6679 1.37669 15.8713 2.58684 10.2497 0.196888 7.42639 10.8978 2.21838 0.347792 0.160284 0
500.00 1493.15 98.076604 48.6676 1.37668 15.8712 2.59442 10.2428 0.196887 7.42634 10.8977 2.21837 0.347789 0.160283 0
500.00 1483.15 96.872844 48.6697 1.39379 15.6573 2.63066 10.3665 0.199333 7.51862 10.8346 2.21588 0.351488 0.162275 0
500.00 1473.15 92.979192 48.6562 1.45215 14.9427 2.73477 10.806 0.207681 7.83347 10.6366 2.19771 0.363689 0.16907 0
500.00 1463.15 89.271904 48.6073 1.51246 14.2282 2.84145 11.261 0.216305 8.15878 10.4597 2.16324 0.375504 0.176091 0
500.00 1453.15 81.664042 48.7084 1.65336 13.3538 3.02177 11.9638 0.225312 7.91667 10.4237 2.13714 0.403498 0.192496 0
500.00 1443.15 66.953373 47.6304 1.98403 12.6044 3.34701 13.5226 0.28841 7.63945 10.0778 2.19698 0.474082 0.23479 0
500.00 1433.15 55.965423 46.741 2.33488 11.8622 3.64567 15.0866 0.345034 7.22569 9.76606 2.17311 0.538883 0.280888 0
500.00 1423.15 46.852717 45.581 2.7407 11.0311 3.95447 16.8245 0.412143 6.91326 9.54531 2.06597 0.596025 0.335519 0
500.00 1413.15 38.882941 43.9897 3.24325 10.0175 4.29433 18.9191 0.496619 6.72021 9.43262 1.84985 0.63255 0.40429 0
500.00 1403.15 31.544400 41.6638 3.92545 8.64546 4.69662 21.7234 0.612153 6.68332 9.44971 1.48707 0.614664 0.498345 0
500.00 1393.15 25.577315 38.8985 4.73738 7.11015 5.09345 24.9507 0.754966 6.73715 9.48512 1.09418 0.52384 0.614607 0
500.00 1383.15 21.915034 36.9009 5.36437 6.10245 5.3408 27.2605 0.88113 6.71738 9.3857 0.883086 0.44628 0.717316 0
500.00 1373.15 19.434082 35.5426 5.80872 5.48818 5.49316 28.8108 0.993615 6.64977 9.22286 0.781862 0.399492 0.808888 0
500.00 1363.15 17.428267 34.5206 6.13198 5.06661 5.60196 29.9636 1.10797 6.56381 9.04396 0.728061 0.369394 0.901983 0
500.00 1353.15 15.590232 33.6913 6.35087 4.74448 5.6898 30.8973 1.2386 6.46793 8.86611 0.697804 0.347433 1.00832 0
500.00 1343.15 13.352985 32.9875 6.65575 4.44146 5.77756 31.5863 1.30657 6.24835 8.83994 0.646834 0.332453 1.17726 0
Title: Hr

liquid_0 thermodynamic data and composition:
Pressure Temperature mass S H V Cp viscosity SiO2 TiO2 Al2O3 Fe2O3 FeO MnO MgO CaO Na2O K2O P2O5 H2O Mg#
500.00 1523.15 98.074491 265.191538 -1163353.307011 36.051889 146.290772 2.068 48.6686 1.37671 15.8715 2.57296 10.2624 0.196891 7.4265 10.8979 2.21842 0.347797 0.160286 0 56.3
500.00 1513.15 98.075154 264.229196 -1164825.942909 36.028323 146.294175 2.109 48.6683 1.3767 15.8714 2.5797 10.2562 0.19689 7.42645 10.8979 2.2184 0.347795 0.160285 0 56.3
500.00 1503.15 98.075858 263.260495 -1166299.247162 36.004791 146.297787 2.151 48.6679 1.37669 15.8713 2.58684 10.2497 0.196888 7.42639 10.8978 2.21838 0.347792 0.160284 0 56.4
500.00 1493.15 98.076604 262.285347 -1167773.244473 35.981293 146.301614 2.194 48.6676 1.37668 15.8712 2.59442 10.2428 0.196887 7.42634 10.8977 2.21837 0.347789 0.160283 0 56.4
500.00 1483.15 96.872844 258.073933 -1153055.737281 35.486464 144.488450 2.223 48.6697 1.39379 15.6573 2.63066 10.3665 0.199333 7.51862 10.8346 2.21588 0.351488 0.162275 0 56.4
500.00 1473.15 92.979192 246.692773 -1102097.885627 33.936330 135.602924 2.215 48.6562 1.45215 14.9427 2.73477 10.806 0.207681 7.83347 10.6366 2.19771 0.363689 0.16907 0 56.4
500.00 1463.15 89.271904 235.860572 -1053551.935964 32.454992 130.173880 2.202 48.6073 1.51246 14.2282 2.84145 11.261 0.216305 8.15878 10.4597 2.16324 0.375504 0.176091 0 56.4
500.00 1453.15 81.664042 214.651667 -955958.057735 29.568650 118.517423 2.227 48.7084 1.65336 13.3538 3.02177 11.9638 0.225312 7.91667 10.4237 2.13714 0.403498 0.192496 0 54.1
500.00 1443.15 66.953373 175.089869 -769281.796224 23.970211 96.655883 2.124 47.6304 1.98403 12.6044 3.34701 13.5226 0.28841 7.63945 10.0778 2.19698 0.474082 0.23479 0 50.2
500.00 1433.15 55.965423 145.494395 -631228.610515 19.819683 80.258602 2.050 46.741 2.33488 11.8622 3.64567 15.0866 0.345034 7.22569 9.76606 2.17311 0.538883 0.280888 0 46.1
500.00 1423.15 46.852717 121.000401 -517525.349887 16.370877 66.789385 1.939 45.581 2.7407 11.0311 3.95447 16.8245 0.412143 6.91326 9.54531 2.06597 0.596025 0.335519 0 42.3
500.00 1413.15 38.882941 99.637882 -418649.936210 13.345579 55.127541 1.770 43.9897 3.24325 10.0175 4.29433 18.9191 0.496619 6.72021 9.43262 1.84985 0.63255 0.40429 0 38.8
500.00 1403.15 31.544400 80.035913 -328010.470762 10.549893 44.494944 1.505 41.6638 3.92545 8.64546 4.69662 21.7234 0.612153 6.68332 9.44971 1.48707 0.614664 0.498345 0 35.4
500.00 1393.15 25.577315 64.162587 -255328.797935 8.291482 35.904198 1.190 38.8985 4.73738 7.11015 5.09345 24.9507 0.754966 6.73715 9.48512 1.09418 0.52384 0.614607 0 32.5
500.00 1383.15 21.915034 54.463757 -212387.218190 6.943938 30.644863 0.980 36.9009 5.36437 6.10245 5.3408 27.2605 0.88113 6.71738 9.3857 0.883086 0.44628 0.717316 0 30.5
500.00 1373.15 19.434082 47.931490 -184609.997965 6.062177 27.094281 0.852 35.5426 5.80872 5.48818 5.49316 28.8108 0.993615 6.64977 9.22286 0.781862 0.399492 0.808888 0 29.2
500.00 1363.15 17.428267 42.695155 -163095.592137 5.372258 24.237716 0.765 34.5206 6.13198 5.06661 5.60196 29.9636 1.10797 6.56381 9.04396 0.728061 0.369394 0.901983 0 28.1
500.00 1353.15 15.590232 37.951762 -144120.363727 4.759045 21.634917 0.698 33.6913 6.35087 4.74448 5.6898 30.8973 1.2386 6.46793 8.86611 0.697804 0.347433 1.00832 0 27.2
500.00 1343.15 13.352985 32.297479 -122262.159432 4.044096 18.490661 0.653 32.9875 6.65575 4.44146 5.77756 31.5863 1.30657 6.24835 8.83994 0.646834 0.332453 1.17726 0 26.1

feldspar_0 thermodynamic data and composition:
Pressure Temperature mass S H V Cp formula SiO2 TiO2 Al2O3 Fe2O3 FeO MnO MgO CaO Na2O K2O P2O5 H2O
500.00 1483.15 1.204149 2.956007 -16591.674061 0.451287 1.485843 K0.00Na0.21Ca0.78Al1.78Si2.22O8 48.4836 0 33.0747 0 0 0 0 15.9739 2.41764 0.0501082 0 0
500.00 1473.15 5.097237 12.485976 -70276.374242 1.912177 6.285197 K0.00Na0.23Ca0.77Al1.77Si2.23O8 48.8775 0 32.8076 0 0 0 0 15.6618 2.59532 0.0577808 0 0
500.00 1463.15 8.803909 21.519021 -121453.406492 3.305999 10.848008 K0.00Na0.25Ca0.75Al1.75Si2.25O8 49.2829 0 32.5326 0 0 0 0 15.3402 2.77756 0.0667886 0 0
500.00 1453.15 14.461201 35.273391 -199609.073930 5.436492 17.806222 K0.00Na0.26Ca0.73Al1.73Si2.27O8 49.7298 0 32.2285 0 0 0 0 14.9851 2.97643 0.0801284 0 0
500.00 1443.15 21.347011 51.988787 -294764.422301 8.038823 26.267695 K0.01Na0.29Ca0.71Al1.71Si2.29O8 50.37 0 31.7904 0 0 0 0 14.4742 3.25441 0.110958 0 0
500.00 1433.15 26.714642 64.954065 -369015.827330 10.076884 32.852819 K0.01Na0.31Ca0.68Al1.68Si2.32O8 50.9972 0 31.3596 0 0 0 0 13.9725 3.52276 0.147903 0 0
500.00 1423.15 31.293331 75.953178 -432405.467440 11.823046 38.456341 K0.01Na0.33Ca0.66Al1.66Si2.34O8 51.6089 0 30.9364 0 0 0 0 13.4807 3.7764 0.197634 0 0
500.00 1413.15 35.461086 85.910741 -490124.444182 13.419125 43.544446 K0.02Na0.35Ca0.63Al1.63Si2.37O8 52.2143 0 30.5127 0 0 0 0 12.9898 4.01481 0.268311 0 0
500.00 1403.15 39.483976 95.469273 -545814.698031 14.964784 48.441635 K0.02Na0.37Ca0.61Al1.61Si2.39O8 52.8016 0 30.0937 0 0 0 0 12.5071 4.22487 0.37283 0 0
500.00 1393.15 42.614146 102.777461 -589228.618812 16.167874 52.228512 K0.03Na0.38Ca0.59Al1.59Si2.41O8 53.2108 0 29.7925 0 0 0 0 12.1631 4.34746 0.486026 0 0
500.00 1383.15 44.067376 105.941718 -609658.045438 16.724430 53.953173 K0.03Na0.39Ca0.58Al1.58Si2.42O8 53.3856 0 29.66 0 0 0 0 12.013 4.38935 0.552103 0 0
500.00 1373.15 44.682664 107.049948 -618601.726158 16.958842 54.650412 K0.03Na0.39Ca0.58Al1.58Si2.42O8 53.4793 0 29.5884 0 0 0 0 11.9321 4.41057 0.58963 0 0
500.00 1363.15 44.928444 107.258171 -622468.817825 17.051964 54.895239 K0.04Na0.39Ca0.58Al1.58Si2.42O8 53.5543 0 29.532 0 0 0 0 11.868 4.42976 0.615915 0 0
500.00 1353.15 44.968223 106.970418 -623492.289524 17.066962 54.888242 K0.04Na0.39Ca0.57Al1.57Si2.43O8 53.6313 0 29.4751 0 0 0 0 11.8031 4.45232 0.638083 0 0
500.00 1343.15 45.025518 106.725844 -624755.579722 17.089429 54.902844 K0.04Na0.39Ca0.57Al1.57Si2.43O8 53.7249 0 29.4074 0 0 0 0 11.7255 4.48328 0.658977 0 0

clinopyroxene_1 thermodynamic data and composition:
Pressure Temperature mass S H V Cp structure formula SiO2 TiO2 Al2O3 Fe2O3 FeO MnO MgO CaO Na2O K2O P2O5 H2O
500.00 1443.15 1.721976 4.041450 -21719.729884 0.530581 2.052458 cpx Na0.01Ca0.68Fe''0.23Mg0.95Fe'''0.06Ti0.01Al0.18Si1.87O6 50.8974 0.402455 4.20887 2.34649 7.3358 0 17.2837 17.3392 0.186153 0 0 0
500.00 1433.15 4.162374 9.723109 -52265.659649 1.278652 4.941170 cpx Na0.01Ca0.69Fe''0.24Mg0.92Fe'''0.07Ti0.01Al0.18Si1.87O6 50.591 0.480898 4.24519 2.51926 7.75455 0 16.7821 17.426 0.200884 0 0 0
500.00 1423.15 6.079097 14.132666 -76009.739999 1.862006 7.187557 cpx Na0.02Ca0.70Fe''0.25Mg0.90Fe'''0.07Ti0.02Al0.19Si1.86O6 50.294 0.563396 4.27304 2.68335 8.14559 0 16.2899 17.5359 0.214847 0 0 0
500.00 1413.15 7.629610 17.651460 -95014.258128 2.330398 8.985273 cpx Na0.02Ca0.70Fe''0.26Mg0.88Fe'''0.08Ti0.02Al0.19Si1.86O6 50.0204 0.646405 4.27994 2.82881 8.52182 0 15.8172 17.6583 0.227148 0 0 0
500.00 1403.15 8.923530 20.543632 -110705.700519 2.718398 10.468830 cpx Na0.02Ca0.71Fe''0.28Mg0.85Fe'''0.08Ti0.02Al0.19Si1.85O6 49.7839 0.726863 4.25292 2.94135 8.90119 0 15.3714 17.7865 0.235893 0 0 0
500.00 1393.15 10.122067 23.186386 -125135.209734 3.075302 11.828647 cpx Na0.02Ca0.72Fe''0.29Mg0.83Fe'''0.09Ti0.02Al0.19Si1.85O6 49.5011 0.831192 4.26812 3.05995 9.23041 0 14.9138 17.9535 0.24196 0 0 0
500.00 1383.15 11.268272 25.682702 -138904.089281 3.413982 13.114941 cpx Na0.02Ca0.73Fe''0.29Mg0.80Fe'''0.09Ti0.03Al0.20Si1.84O6 49.0683 0.994567 4.42552 3.2548 9.39985 0 14.4144 18.1905 0.251987 0 0 0
500.00 1373.15 12.330081 27.961201 -151612.491358 3.724658 14.291091 cpx Na0.02Ca0.74Fe''0.30Mg0.78Fe'''0.10Ti0.03Al0.21Si1.82O6 48.5165 1.21616 4.67988 3.50935 9.45411 0 13.8885 18.4694 0.26607 0 0 0
500.00 1363.15 13.329169 30.071067 -163493.596906 4.013417 15.381266 cpx Na0.02Ca0.76Fe''0.30Mg0.75Fe'''0.11Ti0.04Al0.22Si1.80O6 47.8466 1.5055 5.00705 3.81335 9.43844 0 13.3288 18.7774 0.282891 0 0 0
500.00 1353.15 14.292948 32.072338 -174845.153680 4.287664 16.414820 cpx Na0.02Ca0.77Fe''0.30Mg0.72Fe'''0.12Ti0.05Al0.24Si1.78O6 47.0294 1.88459 5.40949 4.1701 9.37291 0 12.7182 19.1136 0.301662 0 0 0
500.00 1343.15 15.296160 34.121340 -186342.965001 4.567137 17.466988 cpx Na0.02Ca0.79Fe''0.30Mg0.68Fe'''0.13Ti0.07Al0.26Si1.75O6 46.0398 2.37274 5.84376 4.57363 9.39443 0 11.9944 19.463 0.31818 0 0 0

olivine_0 thermodynamic data and composition:
Pressure Temperature mass S H V Cp formula SiO2 TiO2 Al2O3 Fe2O3 FeO MnO MgO CaO Na2O K2O P2O5 H2O
500.00 1453.15 1.943666 4.671421 -23377.471297 0.587793 2.391330 (Ca0.01Mg0.81Fe''0.19Mn0.01Co0.00Ni0.00)2SiO4 39.2402 0 0 0 17.7398 0.468266 42.1076 0.44411 0 0 0 0
500.00 1343.15 0.481722 1.079379 -4891.640546 0.134222 0.542068 (Ca0.01Mg0.57Fe''0.38Mn0.05Co0.00Ni0.00)2SiO4 35.7905 0 0 0 32.8213 3.86829 27.1168 0.403089 0 0 0 0

clinopyroxene_0 thermodynamic data and composition:
Pressure Temperature mass S H V Cp structure formula SiO2 TiO2 Al2O3 Fe2O3 FeO MnO MgO CaO Na2O K2O P2O5 H2O
500.00 1443.15 8.041957 19.252972 -99215.290826 2.468559 9.838912 cpx Na0.01Ca0.27Fe''0.37Mg1.26Fe'''0.05Ti0.01Al0.14Si1.90O6 52.3804 0.185214 3.33293 1.74746 12.1364 0 23.2656 6.86712 0.0848735 0 0 0
500.00 1433.15 11.214931 26.714839 -137367.042107 3.429152 13.655873 cpx Na0.01Ca0.27Fe''0.40Mg1.23Fe'''0.05Ti0.01Al0.14Si1.90O6 52.1021 0.209143 3.32469 1.84891 12.9512 0 22.658 6.81626 0.0896657 0 0 0
500.00 1423.15 13.825333 32.768691 -168148.604071 4.211340 16.757566 cpx Na0.01Ca0.26Fe''0.42Mg1.21Fe'''0.05Ti0.01Al0.14Si1.90O6 51.847 0.23044 3.30341 1.9374 13.7611 0 22.0911 6.73613 0.0933918 0 0 0
500.00 1413.15 16.069265 37.896171 -194083.776709 4.876832 19.390820 cpx Na0.01Ca0.26Fe''0.45Mg1.18Fe'''0.06Ti0.01Al0.14Si1.90O6 51.6197 0.247752 3.2615 2.00719 14.5744 0 21.5548 6.63892 0.0958124 0 0 0
500.00 1403.15 18.081637 42.424409 -216875.933943 5.467718 21.723200 cpx Na0.01Ca0.26Fe''0.48Mg1.16Fe'''0.06Ti0.01Al0.14Si1.90O6 51.4238 0.260358 3.19139 2.05025 15.4063 0 21.0358 6.53581 0.0963209 0 0 0
500.00 1393.15 19.710948 46.013876 -234822.507648 5.939170 23.580394 cpx Na0.01Ca0.25Fe''0.50Mg1.14Fe'''0.06Ti0.01Al0.14Si1.90O6 51.2225 0.275842 3.14269 2.08884 16.2241 0 20.5507 6.40038 0.0949425 0 0 0
500.00 1383.15 20.769958 48.259260 -245990.677563 6.237589 24.755991 cpx Na0.01Ca0.25Fe''0.53Mg1.12Fe'''0.06Ti0.01Al0.14Si1.90O6 50.9864 0.301039 3.17525 2.16044 16.9238 0 20.1595 6.19964 0.0939143 0 0 0
500.00 1373.15 21.573820 49.903677 -254186.285575 6.459021 25.629416 cpx Na0.01Ca0.24Fe''0.55Mg1.10Fe'''0.06Ti0.01Al0.14Si1.89O6 50.7375 0.330836 3.25116 2.25157 17.5376 0 19.8329 5.9649 0.0935623 0 0 0
500.00 1363.15 22.337166 51.442423 -261882.240654 6.667512 26.452516 cpx Na0.01Ca0.23Fe''0.57Mg1.09Fe'''0.07Ti0.01Al0.15Si1.89O6 50.4831 0.361868 3.34514 2.35179 18.116 0 19.5321 5.71644 0.0934965 0 0 0
500.00 1353.15 23.175911 53.137965 -270368.787297 6.897074 27.358763 cpx Na0.01Ca0.22Fe''0.59Mg1.07Fe'''0.07Ti0.01Al0.15Si1.88O6 50.2246 0.391446 3.44584 2.45709 18.6912 0 19.2326 5.46379 0.093479 0 0 0
500.00 1343.15 23.873899 54.465897 -276570.769082 7.078094 28.065065 cpx Na0.01Ca0.21Fe''0.61Mg1.05Fe'''0.07Ti0.01Al0.16Si1.88O6 49.9376 0.412666 3.51061 2.55976 19.4731 0 18.7814 5.23257 0.092309 0 0 0

Title: Hr

Phase Masses:
Pressure Temperature mass liquid_0 olivine_0 clinopyroxene_0 clinopyroxene_1 feldspar_0 
500.00 1523.15 98.074491 98.074491 0.000000 0.000000 0.000000 0.000000 
500.00 1513.15 98.075154 98.075154 0.000000 0.000000 0.000000 0.000000 
500.00 1503.15 98.075858 98.075858 0.000000 0.000000 0.000000 0.000000 
500.00 1493.15 98.076604 98.076604 0.000000 0.000000 0.000000 0.000000 
500.00 1483.15 98.076993 96.872844 0.000000 0.000000 0.000000 1.204149 
500.00 1473.15 98.076429 92.979192 0.000000 0.000000 0.000000 5.097237 
500.00 1463.15 98.075813 89.271904 0.000000 0.000000 0.000000 8.803909 
500.00 1453.15 98.068908 81.664042 1.943666 0.000000 0.000000 14.461201 
500.00 1443.15 98.064317 66.953373 0.000000 8.041957 1.721976 21.347011 
500.00 1433.15 98.057370 55.965423 0.000000 11.214931 4.162374 26.714642 
500.00 1423.15 98.050479 46.852717 0.000000 13.825333 6.079097 31.293331 
500.00 1413.15 98.042902 38.882941 0.000000 16.069265 7.629610 35.461086 
500.00 1403.15 98.033543 31.544400 0.000000 18.081637 8.923530 39.483976 
500.00 1393.15 98.024477 25.577315 0.000000 19.710948 10.122067 42.614146 
500.00 1383.15 98.020639 21.915034 0.000000 20.769958 11.268272 44.067376 
500.00 1373.15 98.020647 19.434082 0.000000 21.573820 12.330081 44.682664 
500.00 1363.15 98.023045 17.428267 0.000000 22.337166 13.329169 44.928444 
500.00 1353.15 98.027313 15.590232 0.000000 23.175911 14.292948 44.968223 
500.00 1343.15 98.030284 13.352985 0.481722 23.873899 15.296160 45.025518 

Title: Hr

Phase Volumes:
Pressure Temperature mass V liquid_0 olivine_0 clinopyroxene_0 clinopyroxene_1 feldspar_0 
500.00 1523.15 98.074491 36.051889 36.051889 0.000000 0.000000 0.000000 0.000000 
500.00 1513.15 98.075154 36.028323 36.028323 0.000000 0.000000 0.000000 0.000000 
500.00 1503.15 98.075858 36.004791 36.004791 0.000000 0.000000 0.000000 0.000000 
500.00 1493.15 98.076604 35.981293 35.981293 0.000000 0.000000 0.000000 0.000000 
500.00 1483.15 98.076993 35.937752 35.486464 0.000000 0.000000 0.000000 0.451287 
500.00 1473.15 98.076429 35.848507 33.936330 0.000000 0.000000 0.000000 1.912177 
500.00 1463.15 98.075813 35.760991 32.454992 0.000000 0.000000 0.000000 3.305999 
500.00 1453.15 98.068908 35.592934 29.568650 0.587793 0.000000 0.000000 5.436492 
500.00 1443.15 98.064317 35.008174 23.970211 0.000000 2.468559 0.530581 8.038823 
500.00 1433.15 98.057370 34.604371 19.819683 0.000000 3.429152 1.278652 10.076884 
500.00 1423.15 98.050479 34.267269 16.370877 0.000000 4.211340 1.862006 11.823046 
500.00 1413.15 98.042902 33.971935 13.345579 0.000000 4.876832 2.330398 13.419125 
500.00 1403.15 98.033543 33.700792 10.549893 0.000000 5.467718 2.718398 14.964784 
500.00 1393.15 98.024477 33.473828 8.291482 0.000000 5.939170 3.075302 16.167874 
500.00 1383.15 98.020639 33.319938 6.943938 0.000000 6.237589 3.413982 16.724430 
500.00 1373.15 98.020647 33.204698 6.062177 0.000000 6.459021 3.724658 16.958842 
500.00 1363.15 98.023045 33.105151 5.372258 0.000000 6.667512 4.013417 17.051964 
500.00 1353.15 98.027313 33.010744 4.759045 0.000000 6.897074 4.287664 17.066962 
500.00 1343.15 98.030284 32.912978 4.044096 0.134222 7.078094 4.567137 17.089429 

Title: Hr

Solid Composition:
Pressure Temperature mass SiO2 TiO2 Al2O3 Fe2O3 FeO MnO MgO CaO Na2O K2O P2O5 H2O 
500.00 1523.15 0.000000 ---
500.00 1513.15 0.000000 ---
500.00 1503.15 0.000000 ---
500.00 1493.15 0.000000 ---
500.00 1483.15 1.204149 48.4836 0 33.0747 0 0 0 0 15.9739 2.41764 0.0501082 0 0
500.00 1473.15 5.097237 48.8775 0 32.8076 0 0 0 0 15.6618 2.59532 0.0577808 0 0
500.00 1463.15 8.803909 49.2829 0 32.5326 0 0 0 0 15.3402 2.77756 0.0667886 0 0
500.00 1453.15 16.404866 48.487 0 28.4101 0 2.10182 0.0554806 4.98896 13.2623 2.62378 0.0706347 0 0
500.00 1443.15 31.110944 50.9189 0.0701522 22.9077 0.581584 3.54319 0 6.97064 12.6664 2.26528 0.0761349 0 0
500.00 1433.15 42.091947 51.2514 0.103279 21.2088 0.741744 4.21754 0 7.69651 12.4073 2.27956 0.0938703 0 0
500.00 1423.15 51.197761 51.517 0.129124 20.3085 0.841786 4.68321 0 7.89966 12.1409 2.35896 0.120799 0 0
500.00 1413.15 59.159961 51.7699 0.15066 19.7275 0.91002 5.05777 0 7.89467 11.8668 2.46184 0.160828 0 0
500.00 1403.15 66.489143 52.0219 0.168357 19.3095 0.952324 5.38436 0 7.78366 11.5917 2.56675 0.221402 0 0
500.00 1393.15 72.447162 52.1515 0.191181 18.9756 0.995842 5.7038 0 7.675 11.4043 2.61685 0.285885 0 0
500.00 1383.15 76.105605 52.0916 0.229413 18.6958 1.07151 6.01042 0 7.63595 11.3411 2.6045 0.319684 0 0
500.00 1373.15 78.586565 51.948 0.281636 18.4501 1.16872 6.2978 0 7.62367 11.3196 2.57519 0.335251 0 0
500.00 1363.15 80.594778 51.7591 0.34928 18.2181 1.28248 6.5819 0 7.61779 11.3058 2.54211 0.343349 0 0
500.00 1353.15 82.437081 51.5289 0.436799 17.9849 1.41378 6.87981 0 7.61203 11.2884 2.50726 0.348065 0 0
500.00 1343.15 84.677299 51.1668 0.544961 17.6822 1.54788 7.37398 0.0220064 7.61616 11.2282 2.4674 0.350398 0 0
Title: Hr

Bulk Composition:
Pressure Temperature mass SiO2 TiO2 Al2O3 Fe2O3 FeO MnO MgO CaO Na2O K2O P2O5 H2O 
500.00 1523.15 98.074491 48.6686 1.37671 15.8715 2.57296 10.2624 0.196891 7.4265 10.8979 2.21842 0.347797 0.160286 0
500.00 1513.15 98.075154 48.6683 1.3767 15.8714 2.5797 10.2562 0.19689 7.42645 10.8979 2.2184 0.347795 0.160285 0
500.00 1503.15 98.075858 48.6679 1.37669 15.8713 2.58684 10.2497 0.196888 7.42639 10.8978 2.21838 0.347792 0.160284 0
500.00 1493.15 98.076604 48.6676 1.37668 15.8712 2.59442 10.2428 0.196887 7.42634 10.8977 2.21837 0.347789 0.160283 0
500.00 1483.15 98.076993 48.6674 1.37667 15.8711 2.59837 10.2392 0.196886 7.42631 10.8977 2.21836 0.347788 0.160282 0
500.00 1473.15 98.076429 48.6677 1.37668 15.8712 2.59264 10.2444 0.196887 7.42635 10.8977 2.21837 0.34779 0.160283 0
500.00 1463.15 98.075813 48.668 1.37669 15.8713 2.58638 10.2501 0.196889 7.4264 10.8978 2.21839 0.347792 0.160284 0
500.00 1453.15 98.068908 48.6714 1.37679 15.8724 2.51629 10.3141 0.196902 7.42692 10.8986 2.21854 0.347817 0.160295 0
500.00 1443.15 98.064317 48.6737 1.37685 15.8732 2.46968 10.3566 0.196912 7.42727 10.8991 2.21865 0.347833 0.160303 0
500.00 1433.15 98.057370 48.6771 1.37695 15.8743 2.39914 10.421 0.196926 7.42779 10.8998 2.2188 0.347858 0.160314 0
500.00 1423.15 98.050479 48.6805 1.37705 15.8754 2.32916 10.4848 0.196939 7.42832 10.9006 2.21896 0.347882 0.160326 0
500.00 1413.15 98.042902 48.6843 1.37715 15.8766 2.25221 10.555 0.196955 7.42889 10.9015 2.21913 0.347909 0.160338 0
500.00 1403.15 98.033543 48.6889 1.37728 15.8781 2.15713 10.6418 0.196973 7.4296 10.9025 2.21934 0.347942 0.160353 0
500.00 1393.15 98.024477 48.6934 1.37741 15.8796 2.06502 10.7258 0.196992 7.43029 10.9035 2.21955 0.347974 0.160368 0
500.00 1383.15 98.020639 48.6954 1.37747 15.8802 2.02602 10.7614 0.196999 7.43058 10.9039 2.21963 0.347988 0.160374 0
500.00 1373.15 98.020647 48.6954 1.37746 15.8802 2.0261 10.7614 0.196999 7.43058 10.9039 2.21963 0.347988 0.160374 0
500.00 1363.15 98.023045 48.6942 1.37743 15.8798 2.05047 10.7391 0.196994 7.4304 10.9037 2.21958 0.347979 0.16037 0
500.00 1353.15 98.027313 48.692 1.37737 15.8791 2.09384 10.6995 0.196986 7.43007 10.9032 2.21948 0.347964 0.160363 0
500.00 1343.15 98.030284 48.6906 1.37733 15.8787 2.12402 10.672 0.19698 7.42985 10.9029 2.21942 0.347954 0.160359 0
