Title: Hr

liquid_0 thermodynamic data and composition:
Pressure Temperature mass S H V Cp viscosity SiO2 TiO2 Al2O3 Fe2O3 FeO MnO MgO CaO Na2O K2O P2O5 H2O Mg#
500.00 1523.15 98.074491 265.191538 -1163353.307011 36.051889 146.290772 2.068 48.6686 1.37671 15.8715 2.57296 10.2624 0.196891 7.4265 10.8979 2.21842 0.347797 0.160286 0 56.3
500.00 1513.15 98.075154 264.229196 -1164825.942909 36.028323 146.294175 2.109 48.6683 1.3767 15.8714 2.5797 10.2562 0.19689 7.42645 10.8979 2.2184 0.347795 0.160285 0 56.3
500.00 1503.15 98.075858 263.260495 -1166299.247162 36.004791 146.297787 2.151 48.6679 1.37669 15.8713 2.58684 10.2497 0.196888 7.42639 10.8978 2.21838 0.347792 0.160284 0 56.4
500.00 1493.15 98.076604 262.285347 -1167773.244473 35.981293 146.301614 2.194 48.6676 1.37668 15.8712 2.59442 10.2428 0.196887 7.42634 10.8977 2.21837 0.347789 0.160283 0 56.4
500.00 1483.15 96.872844 258.073933 -1153055.737281 35.486464 144.488450 2.223 48.6697 1.39379 15.6573 2.63066 10.3665 0.199333 7.51862 10.8346 2.21588 0.351488 0.162275 0 56.4
500.00 1473.15 92.979192 246.692773 -1102097.885627 33.936330 135.602924 2.215 48.6562 1.45215 14.9427 2.73477 10.806 0.207681 7.83347 10.6366 2.19771 0.363689 0.16907 0 56.4
500.00 1463.15 89.271904 235.860572 -1053551.935964 32.454992 130.173880 2.202 48.6073 1.51246 14.2282 2.84145 11.261 0.216305 8.15878 10.4597 2.16324 0.375504 0.176091 0 56.4
500.00 1453.15 81.664042 214.651667 -955958.057735 29.568650 118.517423 2.227 48.7084 1.65336 13.3538 3.02177 11.9638 0.225312 7.91667 10.4237 2.13714 0.403498 0.192496 0 54.1
500.00 1443.15 66.953373 175.089869 -769281.796224 23.970211 96.655883 2.124 47.6304 1.98403 12.6044 3.34701 13.5226 0.28841 7.63945 10.0778 2.19698 0.474082 0.23479 0 50.2
500.00 1433.15 55.965423 145.494395 -631228.610515 19.819683 80.258602 2.050 46.741 2.33488 11.8622 3.64567 15.0866 0.345034 7.22569 9.76606 2.17311 0.538883 0.280888 0 46.1
500.00 1423.15 46.852717 121.000401 -517525.349887 16.370877 66.789385 1.939 45.581 2.7407 11.0311 3.95447 16.8245 0.412143 6.91326 9.54531 2.06597 0.596025 0.335519 0 42.3
500.00 1413.15 38.882941 99.637882 -418649.936210 13.345579 55.127541 1.770 43.9897 3.24325 10.0175 4.29433 18.9191 0.496619 6.72021 9.43262 1.84985 0.63255 0.40429 0 38.8
500.00 1403.15 31.544400 80.035913 -328010.470762 10.549893 44.494944 1.505 41.6638 3.92545 8.64546 4.69662 21.7234 0.612153 6.68332 9.44971 1.48707 0.614664 0.498345 0 35.4
500.00 1393.15 25.577315 64.162587 -255328.797935 8.291482 35.904198 1.190 38.8985 4.73738 7.11015 5.09345 24.9507 0.754966 6.73715 9.48512 1.09418 0.52384 0.614607 0 32.5
500.00 1383.15 21.915034 54.463757 -212387.218190 6.943938 30.644863 0.980 36.9009 5.36437 6.10245 5.3408 27.2605 0.88113 6.71738 9.3857 0.883086 0.44628 0.717316 0 30.5
500.00 1373.15 19.434082 47.931490 -184609.997965 6.062177 27.094281 0.852 35.5426 5.80872 5.48818 5.49316 28.8108 0.993615 6.64977 9.22286 0.781862 0.399492 0.808888 0 29.2
500.00 1363.15 17.428267 42.695155 -163095.592137 5.372258 24.237716 0.765 34.5206 6.13198 5.06661 5.60196 29.9636 1.10797 6.56381 9.04396 0.728061 0.369394 0.901983 0 28.1
500.00 1353.15 15.590232 37.951762 -144120.363727 4.759045 21.634917 0.698 33.6913 6.35087 4.74448 5.6898 30.8973 1.2386 6.46793 8.86611 0.697804 0.347433 1.00832 0 27.2
500.00 1343.15 13.352985 32.297479 -122262.159432 4.044096 18.490661 0.653 32.9875 6.65575 4.44146 5.77756 31.5863 1.30657 6.24835 8.83994 0.646834 0.332453 1.17726 0 26.1

feldspar_0 thermodynamic data and composition:
Pressure Temperature mass S H V Cp formula SiO2 TiO2 Al2O3 Fe2O3 FeO MnO MgO CaO Na2O K2O P2O5 H2O
500.00 1483.15 1.204149 2.956007 -16591.674061 0.451287 1.485843 K0.00Na0.21Ca0.78Al1.78Si2.22O8 48.4836 0 33.0747 0 0 0 0 15.9739 2.41764 0.0501082 0 0
500.00 1473.15 5.097237 12.485976 -70276.374242 1.912177 6.285197 K0.00Na0.23Ca0.77Al1.77Si2.23O8 48.8775 0 32.8076 0 0 0 0 15.6618 2.59532 0.0577808 0 0
500.00 1463.15 8.803909 21.519021 -121453.406492 3.305999 10.848008 K0.00Na0.25Ca0.75Al1.75Si2.25O8 49.2829 0 32.5326 0 0 0 0 15.3402 2.77756 0.0667886 0 0
500.00 1453.15 14.461201 35.273391 -199609.073930 5.436492 17.806222 K0.00Na0.26Ca0.73Al1.73Si2.27O8 49.7298 0 32.2285 0 0 0 0 14.9851 2.97643 0.0801284 0 0
500.00 1443.15 21.347011 51.988787 -294764.422301 8.038823 26.267695 K0.01Na0.29Ca0.71Al1.71Si2.29O8 50.37 0 31.7904 0 0 0 0 14.4742 3.25441 0.110958 0 0
500.00 1433.15 26.714642 64.954065 -369015.827330 10.076884 32.852819 K0.01Na0.31Ca0.68Al1.68Si2.32O8 50.9972 0 31.3596 0 0 0 0 13.9725 3.52276 0.147903 0 0
500.00 1423.15 31.293331 75.953178 -432405.467440 11.823046 38.456341 K0.01Na0.33Ca0.66Al1.66Si2.34O8 51.6089 0 30.9364 0 0 0 0 13.4807 3.7764 0.197634 0 0
500.00 1413.15 35.461086 85.910741 -490124.444182 13.419125 43.544446 K0.02Na0.35Ca0.63Al1.63Si2.37O8 52.2143 0 30.5127 0 0 0 0 12.9898 4.01481 0.268311 0 0
500.00 1403.15 39.483976 95.469273 -545814.698031 14.964784 48.441635 K0.02Na0.37Ca0.61Al1.61Si2.39O8 52.8016 0 30.0937 0 0 0 0 12.5071 4.22487 0.37283 0 0
500.00 1393.15 42.614146 102.777461 -589228.618812 16.167874 52.228512 K0.03Na0.38Ca0.59Al1.59Si2.41O8 53.2108 0 29.7925 0 0 0 0 12.1631 4.34746 0.486026 0 0
500.00 1383.15 44.067376 105.941718 -609658.045438 16.724430 53.953173 K0.03Na0.39Ca0.58Al1.58Si2.42O8 53.3856 0 29.66 0 0 0 0 12.013 4.38935 0.552103 0 0
500.00 1373.15 44.682664 107.049948 -618601.726158 16.958842 54.650412 K0.03Na0.39Ca0.58Al1.58Si2.42O8 53.4793 0 29.5884 0 0 0 0 11.9321 4.41057 0.58963 0 0
500.00 1363.15 44.928444 107.258171 -622468.817825 17.051964 54.895239 K0.04Na0.39Ca0.58Al1.58Si2.42O8 53.5543 0 29.532 0 0 0 0 11.868 4.42976 0.615915 0 0
500.00 1353.15 44.968223 106.970418 -623492.289524 17.066962 54.888242 K0.04Na0.39Ca0.57Al1.57Si2.43O8 53.6313 0 29.4751 0 0 0 0 11.8031 4.45232 0.638083 0 0
500.00 1343.15 45.025518 106.725844 -624755.579722 17.089429 54.902844 K0.04Na0.39Ca0.57Al1.57Si2.43O8 53.7249 0 29.4074 0 0 0 0 11.7255 4.48328 0.658977 0 0

clinopyroxene_1 thermodynamic data and composition:
Pressure Temperature mass S H V Cp structure formula SiO2 TiO2 Al2O3 Fe2O3 FeO MnO MgO CaO Na2O K2O P2O5 H2O
500.00 1443.15 1.721976 4.041450 -21719.729884 0.530581 2.052458 cpx Na0.01Ca0.68Fe''0.23Mg0.95Fe'''0.06Ti0.01Al0.18Si1.87O6 50.8974 0.402455 4.20887 2.34649 7.3358 0 17.2837 17.3392 0.186153 0 0 0
500.00 1433.15 4.162374 9.723109 -52265.659649 1.278652 4.941170 cpx Na0.01Ca0.69Fe''0.24Mg0.92Fe'''0.07Ti0.01Al0.18Si1.87O6 50.591 0.480898 4.24519 2.51926 7.75455 0 16.7821 17.426 0.200884 0 0 0
500.00 1423.15 6.079097 14.132666 -76009.739999 1.862006 7.187557 cpx Na0.02Ca0.70Fe''0.25Mg0.90Fe'''0.07Ti0.02Al0.19Si1.86O6 50.294 0.563396 4.27304 2.68335 8.14559 0 16.2899 17.5359 0.214847 0 0 0
500.00 1413.15 7.629610 17.651460 -95014.258128 2.330398 8.985273 cpx Na0.02Ca0.70Fe''0.26Mg0.88Fe'''0.08Ti0.02Al0.19Si1.86O6 50.0204 0.646405 4.27994 2.82881 8.52182 0 15.8172 17.6583 0.227148 0 0 0
500.00 1403.15 8.923530 20.543632 -110705.700519 2.718398 10.468830 cpx Na0.02Ca0.71Fe''0.28Mg0.85Fe'''0.08Ti0.02Al0.19Si1.85O6 49.7839 0.726863 4.25292 2.94135 8.90119 0 15.3714 17.7865 0.235893 0 0 0
500.00 1393.15 10.122067 23.186386 -125135.209734 3.075302 11.828647 cpx Na0.02Ca0.72Fe''0.29Mg0.83Fe'''0.09Ti0.02Al0.19Si1.85O6 49.5011 0.831192 4.26812 3.05995 9.23041 0 14.9138 17.9535 0.24196 0 0 0
500.00 1383.15 11.268272 25.682702 -138904.089281 3.413982 13.114941 cpx Na0.02Ca0.73Fe''0.29Mg0.80Fe'''0.09Ti0.03Al0.20Si1.84O6 49.0683 0.994567 4.42552 3.2548 9.39985 0 14.4144 18.1905 0.251987 0 0 0
500.00 1373.15 12.330081 27.961201 -151612.491358 3.724658 14.291091 cpx Na0.02Ca0.74Fe''0.30Mg0.78Fe'''0.10Ti0.03Al0.21Si1.82O6 48.5165 1.21616 4.67988 3.50935 9.45411 0 13.8885 18.4694 0.26607 0 0 0
500.00 1363.15 13.329169 30.071067 -163493.596906 4.013417 15.381266 cpx Na0.02Ca0.76Fe''0.30Mg0.75Fe'''0.11Ti0.04Al0.22Si1.80O6 47.8466 1.5055 5.00705 3.81335 9.43844 0 13.3288 18.7774 0.282891 0 0 0
500.00 1353.15 14.292948 32.072338 -174845.153680 4.287664 16.414820 cpx Na0.02Ca0.77Fe''0.30Mg0.72Fe'''0.12Ti0.05Al0.24Si1.78O6 47.0294 1.88459 5.40949 4.1701 9.37291 0 12.7182 19.1136 0.301662 0 0 0
500.00 1343.15 15.296160 34.121340 -186342.965001 4.567137 17.466988 cpx Na0.02Ca0.79Fe''0.30Mg0.68Fe'''0.13Ti0.07Al0.26Si1.75O6 46.0398 2.37274 5.84376 4.57363 9.39443 0 11.9944 19.463 0.31818 0 0 0

olivine_0 thermodynamic data and composition:
Pressure Temperature mass S H V Cp formula SiO2 TiO2 Al2O3 Fe2O3 FeO MnO MgO CaO Na2O K2O P2O5 H2O
500.00 1453.15 1.943666 4.671421 -23377.471297 0.587793 2.391330 (Ca0.01Mg0.81Fe''0.19Mn0.01Co0.00Ni0.00)2SiO4 39.2402 0 0 0 17.7398 0.468266 42.1076 0.44411 0 0 0 0
500.00 1343.15 0.481722 1.079379 -4891.640546 0.134222 0.542068 (Ca0.01Mg0.57Fe''0.38Mn0.05Co0.00Ni0.00)2SiO4 35.7905 0 0 0 32.8213 3.86829 27.1168 0.403089 0 0 0 0

clinopyroxene_0 thermodynamic data and composition:
Pressure Temperature mass S H V Cp structure formula SiO2 TiO2 Al2O3 Fe2O3 FeO MnO MgO CaO Na2O K2O P2O5 H2O
500.00 1443.15 8.041957 19.252972 -99215.290826 2.468559 9.838912 cpx Na0.01Ca0.27Fe''0.37Mg1.26Fe'''0.05Ti0.01Al0.14Si1.90O6 52.3804 0.185214 3.33293 1.74746 12.1364 0 23.2656 6.86712 0.0848735 0 0 0
500.00 1433.15 11.214931 26.714839 -137367.042107 3.429152 13.655873 cpx Na0.01Ca0.27Fe''0.40Mg1.23Fe'''0.05Ti0.01Al0.14Si1.90O6 52.1021 0.209143 3.32469 1.84891 12.9512 0 22.658 6.81626 0.0896657 0 0 0
500.00 1423.15 13.825333 32.768691 -168148.604071 4.211340 16.757566 cpx Na0.01Ca0.26Fe''0.42Mg1.21Fe'''0.05Ti0.01Al0.14Si1.90O6 51.847 0.23044 3.30341 1.9374 13.7611 0 22.0911 6.73613 0.0933918 0 0 0
500.00 1413.15 16.069265 37.896171 -194083.776709 4.876832 19.390820 cpx Na0.01Ca0.26Fe''0.45Mg1.18Fe'''0.06Ti0.01Al0.14Si1.90O6 51.6197 0.247752 3.2615 2.00719 14.5744 0 21.5548 6.63892 0.0958124 0 0 0
500.00 1403.15 18.081637 42.424409 -216875.933943 5.467718 21.723200 cpx Na0.01Ca0.26Fe''0.48Mg1.16Fe'''0.06Ti0.01Al0.14Si1.90O6 51.4238 0.260358 3.19139 2.05025 15.4063 0 21.0358 6.53581 0.0963209 0 0 0
500.00 1393.15 19.710948 46.013876 -234822.507648 5.939170 23.580394 cpx Na0.01Ca0.25Fe''0.50Mg1.14Fe'''0.06Ti0.01Al0.14Si1.90O6 51.2225 0.275842 3.14269 2.08884 16.2241 0 20.5507 6.40038 0.0949425 0 0 0
500.00 1383.15 20.769958 48.259260 -245990.677563 6.237589 24.755991 cpx Na0.01Ca0.25Fe''0.53Mg1.12Fe'''0.06Ti0.01Al0.14Si1.90O6 50.9864 0.301039 3.17525 2.16044 16.9238 0 20.1595 6.19964 0.0939143 0 0 0
500.00 1373.15 21.573820 49.903677 -254186.285575 6.459021 25.629416 cpx Na0.01Ca0.24Fe''0.55Mg1.10Fe'''0.06Ti0.01Al0.14Si1.89O6 50.7375 0.330836 3.25116 2.25157 17.5376 0 19.8329 5.9649 0.0935623 0 0 0
500.00 1363.15 22.337166 51.442423 -261882.240654 6.667512 26.452516 cpx Na0.01Ca0.23Fe''0.57Mg1.09Fe'''0.07Ti0.01Al0.15Si1.89O6 50.4831 0.361868 3.34514 2.35179 18.116 0 19.5321 5.71644 0.0934965 0 0 0
500.00 1353.15 23.175911 53.137965 -270368.787297 6.897074 27.358763 cpx Na0.01Ca0.22Fe''0.59Mg1.07Fe'''0.07Ti0.01Al0.15Si1.88O6 50.2246 0.391446 3.44584 2.45709 18.6912 0 19.2326 5.46379 0.093479 0 0 0
500.00 1343.15 23.873899 54.465897 -276570.769082 7.078094 28.065065 cpx Na0.01Ca0.21Fe''0.61Mg1.05Fe'''0.07Ti0.01Al0.16Si1.88O6 49.9376 0.412666 3.51061 2.55976 19.4731 0 18.7814 5.23257 0.092309 0 0 0
