Title: Nd3

Solid Composition:
Pressure Temperature mass SiO2 TiO2 Al2O3 Fe2O3 Cr2O3 FeO MnO MgO CaO Na2O K2O P2O5 H2O 
500.00 1523.15 0.000000 ---
500.00 1513.15 0.000000 ---
500.00 1503.15 0.000000 ---
500.00 1493.15 0.000000 ---
500.00 1483.15 0.000000 ---
500.00 1473.15 0.000000 ---
500.00 1463.15 0.000000 ---
500.00 1453.15 0.000000 ---
500.00 1443.15 0.000000 ---
500.00 1433.15 0.000000 ---
500.00 1423.15 0.000000 ---
500.00 1413.15 5.343826 49.2603 0.378516 12.4023 1.98531 0 3.92837 0 11.4351 20.0156 0.57741 0.017109 0 0
500.00 1403.15 11.986321 48.912 0.393211 14.2285 1.96856 0.03908 3.89471 0 10.4359 19.3859 0.718918 0.0232404 0 0
500.00 1393.15 17.986780 48.632 0.434593 14.7178 2.09217 0.0579217 4.17511 0.00185902 10.221 18.8532 0.787888 0.0265403 0 0
500.00 1383.15 23.874148 48 0.482118 15.1603 2.23418 0.0604421 4.78083 0.0147439 10.4026 17.9743 0.860055 0.0302881 0 0
500.00 1373.15 29.523332 47.2636 0.590866 15.2866 2.72267 0.0566589 5.4344 0.0230233 10.3793 17.2986 0.911304 0.0329818 0 0
500.00 1363.15 35.471514 46.1697 0.786178 15.1918 3.74503 0.0489372 6.2311 0.0271335 10.1942 16.6225 0.94862 0.0347349 0 0
500.00 1353.15 41.015639 45.2952 0.955728 15.1099 4.64923 0.0425541 6.86164 0.0292727 9.95746 16.0702 0.992232 0.0366158 0 0
500.00 1343.15 45.675020 44.812 1.06193 15.1063 5.19256 0.0382622 7.2606 0.0313237 9.74237 15.6698 1.04585 0.039029 0 0
500.00 1333.15 49.577900 44.572 1.12768 15.145 5.50361 0.0352671 7.51619 0.0335471 9.55418 15.3659 1.10481 0.0418255 0 0
500.00 1323.15 53.259793 44.6534 1.17341 15.1818 5.72927 0.0328376 7.60265 0.0253189 9.34702 15.0547 1.15482 0.0448392 0 0
500.00 1313.15 59.226465 45.1978 1.17952 15.4187 5.76887 0.0295358 7.51271 0 8.93295 14.4539 1.28479 0.0546477 0 0.166623
500.00 1303.15 64.281828 45.5142 1.16475 15.6815 5.59103 0.0272157 7.56902 0 8.62623 13.9823 1.45117 0.0677155 0 0.324807
500.00 1293.15 68.487659 45.8449 1.15013 15.8545 5.40829 0.025546 7.61043 0 8.37069 13.6105 1.60023 0.0817743 0 0.443077
500.00 1283.15 71.993456 46.166 1.13665 15.9687 5.22764 0.0243029 7.64618 0 8.15794 13.3121 1.73004 0.0965349 0 0.533949
500.00 1273.15 74.913642 46.4647 1.12478 16.044 5.05284 0.0233562 7.68134 0 7.98125 13.071 1.84025 0.111656 0 0.604912
500.00 1263.15 77.344856 46.7354 1.11466 16.0935 4.88584 0.0226225 7.71836 0 7.83466 12.8752 1.93192 0.126815 0 0.66096
500.00 1253.15 79.372031 46.9772 1.1062 16.1261 4.72744 0.022045 7.75809 0 7.7128 12.7157 2.00703 0.141763 0 0.705673
500.00 1243.15 81.068968 47.1917 1.09923 16.1475 4.57774 0.0215837 7.80047 0 7.61103 12.5847 2.06798 0.156336 0 0.741708
500.00 1233.15 82.498070 47.3817 1.09355 16.1616 4.43639 0.02121 7.84508 0 7.5254 12.4764 2.11715 0.170451 0 0.771061
500.00 1223.15 83.721632 47.548 1.08888 16.1697 4.30149 0.0209001 7.89139 0 7.45207 12.3884 2.15659 0.184183 0.00300221 0.79542
500.00 1213.15 84.807983 47.6871 1.08492 16.1704 4.16884 0.0206324 7.93908 0 7.3868 12.3233 2.18784 0.197876 0.0168075 0.816342
500.00 1203.15 85.742296 47.8128 1.08175 16.1698 4.04355 0.0204077 7.98768 0 7.33049 12.2677 2.21267 0.211133 0.0282079 0.833868
500.00 1193.15 86.553715 47.9269 1.07921 16.1685 3.92474 0.0202164 8.03677 0 7.28138 12.2194 2.23237 0.224004 0.0377311 0.848716
500.00 1183.15 87.265157 48.0314 1.07718 16.1669 3.8116 0.0200516 8.08607 0 7.23812 12.177 2.24795 0.236545 0.0457622 0.861432
500.00 1173.15 87.938902 48.1242 1.07532 16.1657 3.68169 0.0198979 8.15133 0.0103404 7.19702 12.1372 2.26017 0.249106 0.0539999 0.873925
500.00 1163.15 88.570097 48.2101 1.0737 16.1644 3.54435 0.0197561 8.22464 0.0259326 7.15823 12.0999 2.26939 0.261726 0.0619978 0.885808
500.00 1153.15 89.142681 48.2925 1.0724 16.1626 3.41241 0.0196292 8.29613 0.0403225 7.12269 12.0655 2.27611 0.274308 0.0690502 0.896404
500.00 1143.15 89.665854 48.3717 1.07134 16.1603 3.28524 0.0195146 8.36597 0.0535643 7.08991 12.0335 2.28078 0.286906 0.0752991 0.905919
500.00 1133.15 90.147420 48.4485 1.07049 16.1578 3.16221 0.0194104 8.43439 0.0657294 7.05945 12.0033 2.28376 0.299575 0.0808631 0.914525
500.00 1123.15 90.594069 48.5233 1.06978 16.1549 3.04266 0.0193146 8.50164 0.0768974 7.03095 11.9745 2.28535 0.31237 0.0858428 0.922366
500.00 1113.15 91.161683 48.6328 1.07052 16.1468 2.8976 0.0191943 8.57655 0.0907401 6.99363 11.9342 2.28362 0.330165 0.0921695 0.931996
500.00 1103.15 92.492950 48.9071 1.06901 16.1367 2.5834 0.0189179 8.71532 0.110973 6.90183 11.8185 2.26594 0.415024 0.106394 0.950872
500.00 1093.15 93.744801 49.1778 1.06609 16.1212 2.26026 0.018665 8.87322 0.128947 6.81679 11.7111 2.24804 0.49024 0.119275 0.968377
500.00 1083.15 94.892169 49.4379 1.0622 16.1013 1.93735 0.0184391 9.04414 0.144502 6.73998 11.6141 2.23078 0.554347 0.130729 0.984304
500.00 1073.15 95.935266 49.6851 1.05771 16.0781 1.62006 0.0182383 9.22248 0.157712 6.67105 11.5269 2.21443 0.608578 0.140919 0.998708
500.00 1063.15 96.848409 49.9104 1.05306 16.0538 1.3228 0.0180665 9.39727 0.168452 6.6114 11.4513 2.19962 0.652819 0.149738 1.01128
500.00 1053.15 97.576029 50.0967 1.04887 16.0312 1.07181 0.0179336 9.54986 0.176416 6.56432 11.3916 2.18746 0.68573 0.156773 1.02128
500.00 1043.15 97.722055 50.1355 1.04797 16.0264 1.01423 0.0179079 9.58702 0.177954 6.55492 11.3796 2.18497 0.692065 0.158204 1.02331
500.00 1033.15 97.721376 50.1358 1.04798 16.0265 1.0073 0.0179081 9.59333 0.177955 6.55496 11.3797 2.18499 0.69207 0.158205 1.02332
500.00 1023.15 97.720709 50.1361 1.04799 16.0266 1.0005 0.0179082 9.59952 0.177956 6.55501 11.3798 2.185 0.692074 0.158206 1.02332
500.00 1013.15 97.709167 50.1421 1.04811 16.0285 0.882713 0.0179103 9.70674 0.177977 6.55578 11.3811 2.18526 0.692156 0.158225 1.02345
500.00 1003.15 97.694058 50.1498 1.04827 16.031 0.728483 0.0179131 9.84714 0.178005 6.5568 11.3829 2.1856 0.692263 0.158249 1.0236
500.00 993.15 97.332160 50.3315 1.05197 16.0905 0.630999 0.0179083 9.97368 0.1737 6.57775 11.2369 2.19373 0.694813 0 1.0265
500.00 983.15 97.333635 50.331 1.05197 16.0903 0.638611 0.0179184 9.96667 0.173952 6.57783 11.2367 2.19369 0.694806 0 1.02651
500.00 973.15 97.332579 50.3317 1.052 16.0905 0.623783 0.0179148 9.98014 0.17413 6.57795 11.2369 2.19372 0.694817 0 1.02653
500.00 963.15 97.326224 50.3351 1.05209 16.0915 0.553025 0.0179251 10.0445 0.174377 6.57847 11.2376 2.19386 0.694865 0 1.02662
500.00 953.15 97.324095 50.3363 1.05213 16.0919 0.52752 0.0179177 10.0677 0.174546 6.57866 11.2379 2.19391 0.694883 0 1.02666
500.00 943.15 97.322105 50.3375 1.05216 16.0922 0.503688 0.0179094 10.0893 0.174707 6.57884 11.2381 2.19395 0.694899 0 1.02669
500.00 933.15 97.320247 50.3386 1.0522 16.0925 0.481419 0.0179004 10.1096 0.174861 6.579 11.2383 2.19399 0.694914 0 1.02673
500.00 923.15 97.318512 50.3395 1.05223 16.0928 0.460611 0.0178906 10.1285 0.175008 6.57916 11.2385 2.19403 0.694928 0 1.02676
500.00 913.15 97.316892 50.3405 1.05226 16.0931 0.441174 0.0178798 10.1462 0.17515 6.5793 11.2387 2.19407 0.694941 0 1.0268
500.00 903.15 97.315380 50.3413 1.05229 16.0933 0.423024 0.0178679 10.1627 0.175286 6.57943 11.2389 2.1941 0.694952 0 1.02683