Title: Hr

liquid_0 thermodynamic data and composition:
Pressure Temperature mass S H V Cp viscosity SiO2 TiO2 Al2O3 Fe2O3 FeO MnO MgO CaO Na2O K2O P2O5 H2O Mg#
500.00 1523.15 98.092789 274.723487 -1162666.418490 37.534660 147.621713 1.756 48.173 1.36269 15.7098 2.53825 10.1655 0.194917 7.3509 10.7869 2.19578 0.344164 0.158625 1.01944 56.3
500.00 1513.15 98.093444 273.752413 -1164152.172647 37.497893 147.621654 1.795 48.1726 1.36268 15.7097 2.54489 10.1595 0.194916 7.35085 10.7869 2.19576 0.344162 0.158624 1.01944 56.3
500.00 1503.15 98.094140 272.774946 -1165638.549438 37.461188 147.621796 1.834 48.1723 1.36267 15.7096 2.55195 10.153 0.194915 7.3508 10.7868 2.19575 0.344159 0.158623 1.01943 56.3
500.00 1493.15 98.094876 271.790999 -1167125.573117 37.424546 147.622145 1.874 48.1719 1.36266 15.7095 2.55943 10.1462 0.194913 7.35074 10.7867 2.19573 0.344157 0.158622 1.01942 56.4
500.00 1483.15 98.095656 270.800481 -1168613.268969 37.387967 147.622710 1.914 48.1716 1.36265 15.7094 2.56734 10.139 0.194912 7.35068 10.7866 2.19571 0.344154 0.158621 1.01941 56.4
500.00 1473.15 98.096480 269.818083 -1170079.837076 37.351455 144.434622 1.955 48.1711 1.36264 15.7092 2.5757 10.1314 0.19491 7.35062 10.7865 2.1957 0.344151 0.158619 1.0194 56.4
500.00 1463.15 98.097350 268.835899 -1171537.022727 37.315010 144.427373 1.997 48.1707 1.36263 15.7091 2.58452 10.1233 0.194908 7.35056 10.7864 2.19568 0.344148 0.158618 1.0194 56.4
500.00 1453.15 98.098266 267.847073 -1172994.872914 37.278634 144.419821 2.039 48.1703 1.36261 15.7089 2.59383 10.1148 0.194907 7.35049 10.7863 2.19566 0.344145 0.158616 1.01939 56.4
500.00 1443.15 98.099231 266.851515 -1174453.411646 37.242328 144.411965 2.082 48.1698 1.3626 15.7088 2.60362 10.1059 0.194905 7.35041 10.7862 2.19563 0.344141 0.158615 1.01938 56.5
500.00 1433.15 98.100247 265.849130 -1175912.664126 37.206095 144.403803 2.125 48.1693 1.36259 15.7086 2.61393 10.0965 0.194903 7.35034 10.7861 2.19561 0.344138 0.158613 1.01937 56.5
500.00 1423.15 97.989236 264.542058 -1176052.515996 37.133537 144.199322 2.173 48.1789 1.36413 15.7264 2.62463 10.0816 0.194752 7.30975 10.7978 2.1981 0.344528 0.158793 1.02052 56.4
500.00 1413.15 95.953275 258.173762 -1151807.788292 36.374566 140.906272 2.237 48.2857 1.39307 15.7096 2.65765 10.1253 0.195229 7.00517 10.8472 2.22541 0.351452 0.162162 1.04217 55.2
500.00 1403.15 88.619286 238.142397 -1059275.338476 33.649807 129.590629 2.280 48.3868 1.4844 15.5493 2.75516 10.5838 0.206989 6.59201 10.4294 2.32918 0.378984 0.175583 1.12842 52.6
500.00 1393.15 82.141462 220.479545 -977930.143939 31.246856 119.620022 2.323 48.4774 1.57215 15.4495 2.84447 11.0323 0.219245 6.179 9.97486 2.43681 0.40737 0.189429 1.21741 50.0
500.00 1383.15 76.587678 205.319954 -908427.969561 29.187238 111.087328 2.367 48.5754 1.65572 15.3494 2.92817 11.4535 0.23096 5.78259 9.54014 2.53987 0.435409 0.203166 1.30569 47.4
500.00 1373.15 71.768690 192.152203 -848343.198824 27.400781 103.697742 2.412 48.6814 1.73511 15.2488 3.00684 11.8479 0.242134 5.40184 9.12401 2.63867 0.463136 0.216808 1.39337 44.8
500.00 1363.15 67.542350 180.592269 -795857.773920 25.834851 97.229976 2.458 48.7964 1.81026 15.1476 3.08094 12.2159 0.252759 5.0358 8.72533 2.73348 0.490596 0.230374 1.48055 42.4
500.00 1353.15 63.799439 170.345313 -749579.475546 24.449106 91.514157 2.505 48.9218 1.88094 15.0463 3.15079 12.5573 0.262819 4.68346 8.34292 2.82461 0.517842 0.243889 1.56741 39.9
500.00 1343.15 51.064601 138.106791 -630890.423904 20.613379 73.172241 3.135 54.1783 1.16529 16.0295 2.23989 8.11043 0.328373 3.81418 7.84754 3.37939 0.644158 0.304712 1.9583 45.6
500.00 1333.15 47.487624 128.593911 -591839.063602 19.392413 67.912358 3.296 55.3689 1.05465 16.1026 2.08043 7.41212 0.353108 3.53144 7.42301 3.5493 0.690989 0.327664 2.10581 45.9
500.00 1323.15 44.296850 120.085085 -556055.173280 18.280214 63.215885 3.439 56.4418 0.971069 16.0639 1.94912 6.81599 0.378542 3.22803 7.09898 3.7051 0.738679 0.351267 2.2575 45.8
500.00 1313.15 40.511640 109.727929 -511697.223894 16.865998 57.593566 3.614 57.7235 0.90777 15.7795 1.83481 6.26903 0.413912 2.87883 6.77889 3.87876 0.803872 0.384087 2.34704 45.0
500.00 1303.15 36.790953 99.393961 -467307.286856 15.427961 52.054403 3.810 59.1257 0.855085 15.3392 1.72885 5.76146 0.455771 2.54409 6.45721 4.04571 0.879879 0.42293 2.38416 44.0
500.00 1293.15 33.754214 90.923235 -430935.128479 14.244788 47.545129 3.995 60.436 0.807907 14.8852 1.62944 5.30192 0.496775 2.26082 6.16941 4.18242 0.95341 0.460979 2.41574 43.2
500.00 1283.15 31.221194 83.828908 -400480.048512 13.250316 43.792768 4.169 61.6663 0.765412 14.4241 1.53574 4.88368 0.537079 2.01857 5.91049 4.29264 1.02477 0.498379 2.44287 42.4

orthopyroxene_0 thermodynamic data and composition:
Pressure Temperature mass S H V Cp structure formula SiO2 TiO2 Al2O3 Fe2O3 FeO MnO MgO CaO Na2O K2O P2O5 H2O
500.00 1323.15 0.312567 0.713917 -3852.127345 0.094495 0.382562 opx Na0.00Ca0.07Fe''0.46Mg1.40Fe'''0.03Ti0.00Al0.10Si1.93O6 53.4033 0.111113 2.3228 1.10011 15.2489 0 25.9411 1.85281 0.0199153 0 0 0
500.00 1313.15 0.650276 1.477696 -7986.153934 0.196183 0.793593 opx Na0.00Ca0.07Fe''0.48Mg1.38Fe'''0.03Ti0.00Al0.09Si1.94O6 53.3636 0.101484 2.21381 1.05586 15.7778 0 25.6054 1.86165 0.0203543 0 0 0
500.00 1303.15 0.674443 1.524421 -8246.261519 0.202977 0.820368 opx Na0.00Ca0.07Fe''0.50Mg1.37Fe'''0.03Ti0.00Al0.09Si1.94O6 53.3069 0.0910528 2.09034 1.01087 16.4073 0 25.1985 1.87413 0.0209269 0 0 0
500.00 1293.15 0.531301 1.194464 -6468.619728 0.159517 0.644187 opx Na0.00Ca0.07Fe''0.52Mg1.35Fe'''0.03Ti0.00Al0.09Si1.94O6 53.2487 0.0820237 1.97754 0.968535 17.0118 0 24.8111 1.87902 0.0213953 0 0 0
500.00 1283.15 0.425197 0.950808 -5155.715605 0.127362 0.513930 opx Na0.00Ca0.07Fe''0.54Mg1.33Fe'''0.03Ti0.00Al0.08Si1.95O6 53.1889 0.074141 1.8737 0.928519 17.5963 0 24.4395 1.8772 0.0217664 0 0 0

olivine_0 thermodynamic data and composition:
Pressure Temperature mass S H V Cp formula SiO2 TiO2 Al2O3 Fe2O3 FeO MnO MgO CaO Na2O K2O P2O5 H2O
500.00 1423.15 0.111770 0.266075 -1359.989886 0.033879 0.137649 (Ca0.01Mg0.82Fe''0.18Mn0.00Co0.00Ni0.00)2SiO4 39.4183 0 0 0 16.9425 0.325364 42.8883 0.425525 0 0 0 0
500.00 1413.15 1.042219 2.469697 -12619.338880 0.314947 1.278937 (Ca0.01Mg0.81Fe''0.19Mn0.00Co0.00Ni0.00)2SiO4 39.2975 0 0 0 17.5712 0.33689 42.3621 0.432316 0 0 0 0
500.00 1403.15 1.059096 2.496352 -12706.811911 0.318444 1.292652 (Ca0.01Mg0.80Fe''0.20Mn0.00Co0.00Ni0.00)2SiO4 39.0928 0 0 0 18.6412 0.368171 41.4795 0.418291 0 0 0 0
500.00 1393.15 0.832391 1.951199 -9887.578102 0.248939 1.010137 (Ca0.01Mg0.78Fe''0.21Mn0.00Co0.00Ni0.00)2SiO4 38.8734 0 0 0 19.7886 0.40185 40.5337 0.402495 0 0 0 0
500.00 1383.15 0.734734 1.712527 -8635.089970 0.218499 0.886281 (Ca0.01Mg0.77Fe''0.23Mn0.00Co0.00Ni0.00)2SiO4 38.643 0 0 0 20.9925 0.436649 39.5401 0.387839 0 0 0 0
500.00 1373.15 0.658976 1.526974 -7656.906817 0.194813 0.789891 (Ca0.01Mg0.75Fe''0.24Mn0.01Co0.00Ni0.00)2SiO4 38.4002 0 0 0 22.2606 0.472679 38.4923 0.374275 0 0 0 0
500.00 1363.15 0.600267 1.382526 -6889.710642 0.176349 0.714741 (Ca0.01Mg0.74Fe''0.26Mn0.01Co0.00Ni0.00)2SiO4 38.1435 0 0 0 23.6012 0.510048 37.3835 0.361765 0 0 0 0
500.00 1353.15 0.555317 1.270977 -6289.898145 0.162064 0.656575 (Ca0.00Mg0.72Fe''0.28Mn0.01Co0.00Ni0.00)2SiO4 37.871 0 0 0 25.0235 0.548856 36.2063 0.350274 0 0 0 0

water thermodynamic data and composition:
Pressure Temperature mass S H V Cp formula
500.00 1313.15 0.049176 0.521739 -558.786733 0.586442 0.137796 H2O
500.00 1303.15 0.122845 1.300716 -1399.338847 1.451355 0.344473 H2O
500.00 1293.15 0.184585 1.950442 -2107.797866 2.160215 0.518025 H2O
500.00 1283.15 0.237306 2.502359 -2716.495203 2.750668 0.666607 H2O

feldspar_0 thermodynamic data and composition:
Pressure Temperature mass S H V Cp formula SiO2 TiO2 Al2O3 Fe2O3 FeO MnO MgO CaO Na2O K2O P2O5 H2O
500.00 1413.15 0.992562 2.368084 -13773.214750 0.370045 1.215684 K0.00Na0.17Ca0.83Al1.83Si2.17O8 47.2801 0 33.8882 0 0 0 0 16.926 1.86843 0.0372875 0 0
500.00 1403.15 3.373807 8.025752 -46850.609410 1.258339 4.128571 K0.00Na0.17Ca0.82Al1.82Si2.18O8 47.4903 0 33.7459 0 0 0 0 16.7595 1.96358 0.0408206 0 0
500.00 1393.15 2.777036 6.586711 -38591.451906 1.036214 3.395286 K0.00Na0.18Ca0.81Al1.81Si2.19O8 47.7088 0 33.5978 0 0 0 0 16.5864 2.06257 0.0444145 0 0
500.00 1383.15 2.393582 5.660410 -33286.677092 0.893537 2.923857 K0.00Na0.19Ca0.81Al1.81Si2.19O8 47.9328 0 33.4461 0 0 0 0 16.4089 2.16403 0.0480931 0 0
500.00 1373.15 2.088217 4.923568 -29060.823624 0.779910 2.548557 K0.00Na0.20Ca0.80Al1.80Si2.20O8 48.1636 0 33.2899 0 0 0 0 16.2262 2.26853 0.0518749 0 0
500.00 1363.15 1.841206 4.328181 -25641.437003 0.687994 2.245073 K0.00Na0.21Ca0.79Al1.79Si2.21O8 48.4021 0 33.1283 0 0 0 0 16.0372 2.3766 0.0557793 0 0
500.00 1353.15 1.638442 3.839966 -22833.661175 0.612545 1.996030 K0.00Na0.22Ca0.78Al1.78Si2.22O8 48.6497 0 32.9606 0 0 0 0 15.8411 2.48874 0.0598267 0 0
500.00 1343.15 2.444049 5.715379 -34079.515600 0.914901 2.975337 K0.00Na0.24Ca0.76Al1.76Si2.24O8 49.1579 0 32.6185 0 0 0 0 15.4403 2.72425 0.0591004 0 0
500.00 1333.15 1.280002 2.985286 -17859.202142 0.479589 1.556970 K0.00Na0.26Ca0.74Al1.74Si2.26O8 49.5401 0 32.3602 0 0 0 0 15.138 2.89892 0.0627356 0 0
500.00 1323.15 1.383170 3.216858 -19310.884374 0.518670 1.681033 K0.00Na0.27Ca0.73Al1.73Si2.27O8 49.8948 0 32.1204 0 0 0 0 14.8574 3.06065 0.066759 0 0
500.00 1313.15 2.068402 4.800187 -28891.387469 0.776779 2.512065 K0.00Na0.29Ca0.70Al1.70Si2.30O8 50.4769 0 31.7265 0 0 0 0 14.3966 3.32507 0.0749468 0 0
500.00 1303.15 2.240166 5.190091 -31301.736586 0.842970 2.719087 K0.01Na0.32Ca0.67Al1.67Si2.33O8 51.2361 0 31.2125 0 0 0 0 13.7954 3.66923 0.0869 0 0
500.00 1293.15 1.901585 4.397776 -26580.363950 0.716971 2.306751 K0.01Na0.35Ca0.64Al1.64Si2.36O8 51.9867 0 30.7039 0 0 0 0 13.2006 4.00881 0.0999481 0 0
500.00 1283.15 1.640255 3.786055 -22936.080695 0.619618 1.998122 K0.01Na0.38Ca0.61Al1.61Si2.39O8 52.7208 0 30.2063 0 0 0 0 12.6188 4.34003 0.114102 0 0

spinel_0 thermodynamic data and composition:
Pressure Temperature mass S H V Cp formula SiO2 TiO2 Al2O3 Fe2O3 FeO MnO MgO CaO Na2O K2O P2O5 H2O
500.00 1343.15 5.723688 11.956954 -33038.940035 1.238905 5.406914 Fe''0.95Mg0.31Fe'''1.20Al0.27Cr0.00Ti0.26O4 0 9.83217 6.62282 45.4281 32.1486 0 5.96825 0 0 0 0 0
500.00 1333.15 0.834767 1.735798 -4786.506437 0.180231 0.786440 Fe''0.96Mg0.30Fe'''1.21Al0.27Cr0.00Ti0.26O4 0 9.83846 6.37393 45.6054 32.4053 0 5.77696 0 0 0 0 0
500.00 1323.15 0.641085 1.326392 -3642.765647 0.137975 0.601972 Fe''0.97Mg0.29Fe'''1.22Al0.25Cr0.00Ti0.26O4 0 9.89422 6.04471 45.7462 32.7947 0 5.52017 0 0 0 0 0
500.00 1313.15 0.580096 1.193403 -3252.558649 0.124314 0.542332 Fe''1.00Mg0.27Fe'''1.23Al0.23Cr0.00Ti0.27O4 0 10.0372 5.56629 45.8357 33.4057 0 5.15509 0 0 0 0 0
500.00 1303.15 0.496803 1.016083 -2746.812433 0.105991 0.462392 Fe''1.02Mg0.25Fe'''1.24Al0.21Cr0.00Ti0.27O4 0 10.2035 5.06967 45.892 34.0625 0 4.77235 0 0 0 0 0
500.00 1293.15 0.389484 0.792124 -2127.778785 0.082770 0.361093 Fe''1.04Mg0.24Fe'''1.24Al0.20Cr0.00Ti0.28O4 0 10.3462 4.64659 45.9335 34.6357 0 4.43804 0 0 0 0 0
500.00 1283.15 0.312020 0.631131 -1686.922601 0.066076 0.288272 Fe''1.06Mg0.22Fe'''1.25Al0.18Cr0.00Ti0.28O4 0 10.471 4.2793 45.9647 35.1429 0 4.14208 0 0 0 0 0

clinopyroxene_0 thermodynamic data and composition:
Pressure Temperature mass S H V Cp structure formula SiO2 TiO2 Al2O3 Fe2O3 FeO MnO MgO CaO Na2O K2O P2O5 H2O
500.00 1403.15 2.900366 6.657760 -36976.607094 0.891440 3.411954 cpx Na0.01Ca0.81Fe''0.17Mg0.84Fe'''0.08Ti0.02Al0.23Si1.83O6 49.5201 0.732019 5.37891 2.80444 5.63496 0 15.2054 20.5508 0.173292 0 0 0
500.00 1393.15 2.869306 6.560916 -36464.321227 0.879666 3.366641 cpx Na0.01Ca0.81Fe''0.19Mg0.83Fe'''0.08Ti0.02Al0.24Si1.82O6 49.2415 0.839465 5.45541 2.93759 5.97543 0 14.9666 20.4023 0.18174 0 0 0
500.00 1383.15 2.426549 5.526407 -30733.953642 0.741946 2.839257 cpx Na0.01Ca0.81Fe''0.20Mg0.81Fe'''0.09Ti0.03Al0.24Si1.82O6 48.934 0.961058 5.54501 3.08021 6.32173 0 14.7044 20.263 0.190574 0 0 0
500.00 1373.15 2.073030 4.701885 -26162.877896 0.632063 2.418407 cpx Na0.01Ca0.80Fe''0.21Mg0.80Fe'''0.09Ti0.03Al0.25Si1.81O6 48.5903 1.10071 5.65072 3.23514 6.67177 0 14.4141 20.1373 0.199895 0 0 0
500.00 1363.15 1.786242 4.034171 -22458.126502 0.542976 2.077137 cpx Na0.02Ca0.80Fe''0.22Mg0.78Fe'''0.10Ti0.04Al0.25Si1.80O6 48.2001 1.26448 5.77729 3.40631 7.02176 0 14.0889 20.0314 0.209835 0 0 0
500.00 1353.15 1.550651 3.486536 -19417.456490 0.469819 1.796825 cpx Na0.02Ca0.80Fe''0.23Mg0.76Fe'''0.10Ti0.04Al0.26Si1.79O6 47.7463 1.46237 5.93256 3.59959 7.36518 0 13.7189 19.9545 0.220567 0 0 0
500.00 1343.15 4.757335 10.672272 -60091.631091 1.449855 5.542661 cpx Na0.01Ca0.79Fe''0.23Mg0.81Fe'''0.08Ti0.02Al0.22Si1.83O6 49.3089 0.88773 5.00594 2.83926 7.32759 0 14.6977 19.7257 0.207163 0 0 0
500.00 1333.15 1.491708 3.335966 -18844.578554 0.454537 1.738437 cpx Na0.02Ca0.77Fe''0.24Mg0.83Fe'''0.08Ti0.02Al0.21Si1.84O6 49.567 0.817956 4.80619 2.69024 7.61538 0 14.9279 19.3664 0.208878 0 0 0
500.00 1323.15 0.876448 1.952075 -11075.508122 0.266941 1.020415 cpx Na0.02Ca0.77Fe''0.24Mg0.83Fe'''0.07Ti0.02Al0.21Si1.85O6 49.6758 0.798946 4.68466 2.61416 7.75541 0 14.9255 19.332 0.213472 0 0 0
500.00 1313.15 0.457685 1.014715 -5781.567587 0.139289 0.531922 cpx Na0.02Ca0.77Fe''0.25Mg0.82Fe'''0.07Ti0.02Al0.20Si1.85O6 49.7447 0.791668 4.5443 2.57045 7.91765 0 14.7933 19.4153 0.222676 0 0 0
500.00 1303.15 0.252976 0.558259 -3192.864068 0.076919 0.293454 cpx Na0.02Ca0.78Fe''0.25Mg0.81Fe'''0.07Ti0.02Al0.19Si1.86O6 49.8335 0.775818 4.36964 2.5247 8.14258 0 14.6517 19.4683 0.233763 0 0 0
500.00 1293.15 0.166812 0.366389 -2103.872127 0.050677 0.193143 cpx Na0.02Ca0.78Fe''0.26Mg0.81Fe'''0.07Ti0.02Al0.18Si1.86O6 49.9201 0.760862 4.20339 2.47753 8.34939 0 14.5135 19.5308 0.244483 0 0 0
500.00 1283.15 0.114755 0.250855 -1446.464945 0.034833 0.132625 cpx Na0.02Ca0.78Fe''0.27Mg0.80Fe'''0.07Ti0.02Al0.18Si1.87O6 50.0045 0.746786 4.04456 2.42933 8.54157 0 14.3784 19.6 0.254858 0 0 0
