Title: Hr

Solid Composition:
Pressure Temperature mass SiO2 TiO2 Al2O3 Fe2O3 FeO MnO MgO CaO Na2O K2O P2O5 H2O 
500.00 1523.15 0.000000 ---
500.00 1513.15 0.000000 ---
500.00 1503.15 0.000000 ---
500.00 1493.15 0.000000 ---
500.00 1483.15 0.000000 ---
500.00 1473.15 0.000000 ---
500.00 1463.15 0.000000 ---
500.00 1453.15 0.000000 ---
500.00 1443.15 0.000000 ---
500.00 1433.15 0.000000 ---
500.00 1423.15 0.111770 39.4183 0 1.26598e-012 0 16.9425 0.325364 42.8883 0.425525 0 0 0 0
500.00 1413.15 2.034781 43.1914 0 16.5306 0 9 0.172556 21.698 8.47789 0.911414 0.0181888 0 0
500.00 1403.15 7.333269 47.0803 0.28952 17.6528 1.10918 4.9209 0.0531725 12.0045 15.8989 0.971922 0.0187803 0 0
500.00 1393.15 6.478734 47.2524 0.371783 16.8174 1.301 5.18885 0.0516299 11.8362 16.197 0.964586 0.0190378 0 0
500.00 1383.15 5.554865 47.1414 0.419822 16.8341 1.34554 5.53818 0.0577549 11.6533 15.9734 1.01573 0.0207232 0 0
500.00 1373.15 4.820223 47.0123 0.473382 16.852 1.39134 5.91258 0.0646203 11.4614 15.7411 1.06874 0.0224732 0 0
500.00 1363.15 4.227716 46.8602 0.534254 16.8686 1.43919 6.31773 0.0724185 11.2605 15.4991 1.12369 0.0242924 0 0
500.00 1353.15 3.744411 46.677 0.605604 16.8794 1.49068 6.76123 0.0813985 11.0509 15.2472 1.18034 0.0261784 0 0
500.00 1343.15 12.925072 27.4446 4.68079 10.9433 21.1623 16.9336 0 8.05275 10.1801 0.59139 0.0111755 0 0
500.00 1333.15 3.606477 38.0845 2.61556 14.9485 11.6687 10.6505 0 7.51163 13.3831 1.11527 0.022266 0 0
500.00 1323.15 3.213270 40.2218 2.20274 16.5361 9.94694 10.1416 0 7.6958 11.8487 1.37764 0.0287368 0 0
500.00 1313.15 3.805635 42.5356 1.64252 19.017 7.47633 8.74027 0 6.94016 10.4778 1.83747 0.0407343 0 1.29218
500.00 1303.15 3.787233 43.1282 1.40651 19.7915 6.36869 7.93404 0 6.09215 9.7942 2.18971 0.0514018 0 3.24366
500.00 1293.15 3.173767 42.686 1.3234 19.5187 5.92931 7.53716 0 5.46093 9.25034 2.41834 0.0598846 0 5.81595
500.00 1283.15 2.729533 42.0693 1.23991 19.1029 5.50112 7.11747 0 4.88508 8.69945 2.62216 0.0685674 0 8.69402