Title: Hr

System Thermodynamic Data:
Pressure Temperature mass F phi S H V dVdP*10^6 dVdT*10^6 Cp logfO2(absolute) logfO2-NNO rhol rhos viscosity aH2O chisqr
500.00 1523.15 100.113279 0.9982038207070515 0.939548 288.518136 -1188525.004130 42.146039 -5556.057254 6707.259264 151.600789 -7.007 0.000 2.523686 0.070579 1.619 0.999805 0.000
500.00 1513.15 100.113924 0.9982452468730331 0.941211 287.519875 -1190051.838271 42.028818 -5405.753834 6668.985417 151.597529 -7.116 0.000 2.526373 0.071100 1.656 0.999802 0.000
500.00 1503.15 100.114609 0.9982874430828786 0.942889 286.515045 -1191579.282115 41.911453 -5254.862612 6629.799197 151.594462 -7.225 0.000 2.529062 0.071630 1.693 0.999799 0.000
500.00 1493.15 100.115335 0.9983304282882690 0.944583 285.503553 -1193107.360126 41.793948 -5103.374718 6589.671950 151.591592 -7.336 0.000 2.531753 0.072169 1.730 0.999796 0.000
500.00 1483.15 100.116103 0.9983742219914661 0.946293 284.485308 -1194636.097785 41.676304 -4951.281224 6548.573683 151.588925 -7.449 0.000 2.534444 0.072718 1.768 0.999792 0.000
500.00 1473.15 100.116915 0.9984188443712266 0.948018 283.476061 -1196142.121903 41.558526 -4798.572861 6506.472882 148.167708 -7.563 0.000 2.537135 0.073277 1.807 0.999788 0.000
500.00 1463.15 100.117772 0.9984643164275588 0.949759 282.467341 -1197638.023321 41.440614 -4645.239695 6463.336315 148.156644 -7.679 0.000 2.539828 0.073846 1.845 0.999785 0.000
500.00 1453.15 100.118675 0.9985106594464075 0.951515 281.451802 -1199134.571581 41.322574 -4491.272637 6419.129448 148.145226 -7.796 0.000 2.542521 0.074425 1.885 0.999781 0.000
500.00 1443.15 100.119626 0.9985578952987224 0.953289 280.429351 -1200631.790458 41.204409 -4336.662676 6373.816092 148.133449 -7.915 0.000 2.545215 0.075015 1.925 0.999777 0.000
500.00 1433.15 100.120627 0.9986060464769939 0.955078 279.399891 -1202129.704893 41.086123 -4181.400849 6327.358288 148.121311 -8.035 0.000 2.547909 0.075616 1.965 0.999772 0.000
500.00 1423.15 100.121680 0.9986551361091248 0.956884 278.363325 -1203628.341060 40.967722 -4025.478266 6279.716196 148.108806 -8.157 0.000 2.550603 0.076229 2.006 0.999768 0.000
500.00 1413.15 100.122785 0.9987051879712674 0.958706 277.319552 -1205127.726424 40.849210 -3868.886142 6230.847992 148.095929 -8.281 0.000 2.553297 0.076854 2.048 0.999763 0.000
500.00 1403.15 100.121824 0.9914031322387906 0.953970 276.061048 -1206883.543536 40.755570 -3805.504684 6199.715802 147.699748 -8.407 0.000 2.553039 0.458818 2.112 0.999767 0.000
500.00 1393.15 99.389075 0.9906003233655039 0.953796 273.057398 -1199761.738621 40.442198 -3747.869747 6158.728841 146.368142 -8.535 0.000 2.552388 0.499967 2.181 0.999774 0.000
500.00 1383.15 98.581635 0.9907819395360303 0.954420 269.896702 -1191748.428071 40.104991 -3683.544165 6114.506856 144.961566 -8.664 0.000 2.551738 0.497124 2.249 0.99978 0.000
500.00 1373.15 97.802449 0.9391103975258537 0.893699 265.434901 -1186013.917979 40.345250 -5539.783028 6738.494990 141.826380 -8.795 0.000 2.547317 1.388549 2.339 0.999775 0.000
500.00 1363.15 92.052094 0.9515894699832715 0.885419 250.258628 -1115647.972456 38.889819 -6827.924999 7118.956189 133.503522 -8.929 0.000 2.543893 1.000053 2.423 0.999789 0.000
500.00 1353.15 87.849137 0.9139696447484080 0.814802 238.066456 -1065925.477771 38.730663 -9985.200618 8219.538655 126.213741 -9.064 0.000 2.544266 1.053651 2.506 0.99979 0.000
500.00 1343.15 80.818296 0.8042395694465779 0.686222 217.028545 -980052.049692 38.265580 -15239.425773 9956.361157 112.612357 -9.201 0.000 2.475268 1.317661 2.960 0.999872 0.000
500.00 1333.15 65.645582 0.8684526265538964 0.668725 180.470490 -814599.072031 34.826442 -18458.521955 11023.456874 93.089268 -9.340 0.000 2.447906 0.748497 3.206 0.999906 0.000
500.00 1323.15 57.782396 0.8696061680466442 0.621754 160.471385 -722848.991361 33.334980 -21312.215177 12078.807765 81.975136 -9.481 0.000 2.424371 0.597556 3.439 0.99994 0.000
500.00 1313.15 51.136795 0.8818979786799720 0.587469 143.630697 -643638.894050 31.929078 -23486.863913 12928.059671 72.698342 -9.625 0.000 2.404253 0.458510 3.656 0.999974 0.000
500.00 1303.15 46.079204 0.8902362142038234 0.557039 130.722918 -583196.014624 30.853318 -25195.360859 13643.541932 65.613017 -9.771 0.000 2.386838 0.370081 3.859 1.00001 0.000
500.00 1293.15 42.079551 0.8959432350286963 0.530113 120.448909 -535255.522867 29.987510 -26566.395955 14262.226941 59.997264 -9.919 0.000 2.371606 0.310748 4.049 1.00003 0.000
500.00 1283.15 38.823395 0.8998499365973919 0.506261 112.034531 -496106.825456 29.262683 -27682.607623 14808.451647 55.429657 -10.069 0.000 2.358170 0.269112 4.229 1.00006 0.000
500.00 1273.15 36.112867 0.9024902501414387 0.485073 104.990642 -463417.693994 28.636856 -28599.770830 15297.996915 51.616507 -10.221 0.000 2.346239 0.238803 4.400 1.00008 0.000
500.00 1263.15 33.817041 0.9042250466211900 0.466199 98.992284 -435646.310476 28.083086 -29357.015137 15742.761373 48.386639 -10.376 0.000 2.335585 0.216055 4.563 1.0001 0.000
500.00 1253.15 31.845786 0.9052936365732492 0.449342 93.814802 -411732.346749 27.583465 -29982.944049 16151.292530 45.614282 -10.534 0.000 2.326032 0.198564 4.718 1.00011 0.000
500.00 1243.15 30.134565 0.9058604733906348 0.434249 89.296703 -390916.715963 27.125597 -30499.185039 16530.127340 43.209014 -10.694 0.000 2.317437 0.184856 4.866 1.00012 0.000
500.00 1233.15 28.635637 0.9060413651518848 0.420709 85.318086 -372637.645915 26.700607 -30922.564702 16884.425181 41.103742 -10.857 0.000 2.309682 0.173950 5.008 1.00012 0.000
500.00 1223.15 27.312692 0.9059200261534762 0.408540 81.787449 -356467.412517 26.301951 -31266.486353 17218.369655 39.247324 -11.022 0.000 2.302669 0.165177 5.144 1.00012 0.000
500.00 1213.15 26.137464 0.9055586658984660 0.397589 78.633338 -342072.468386 25.924676 -31541.830804 17535.431148 37.599892 -11.190 0.000 2.296318 0.158059 5.274 1.00012 0.000
500.00 1203.15 25.087514 0.9050047939032186 0.387723 75.798876 -329187.492527 25.564948 -31757.565131 17838.543998 36.129781 -11.361 0.000 2.290560 0.152253 5.399 1.00012 0.000
500.00 1193.15 24.144742 0.9042956209027392 0.378829 73.238076 -317597.960669 25.219739 -31921.168006 18130.230236 34.811446 -11.534 0.000 2.285334 0.147504 5.520 1.00012 0.000
500.00 1183.15 23.294353 0.9034609362404968 0.370806 70.913263 -307128.076611 24.886620 -32038.936564 18412.689117 33.624022 -11.711 0.000 2.280589 0.143616 5.636 1.00011 0.000
500.00 1173.15 22.524117 0.9025250199068986 0.363571 68.793238 -297632.172243 24.563611 -32116.214388 18687.864177 32.550281 -11.890 0.000 2.276281 0.140443 5.748 1.0001 0.000
500.00 1163.15 21.823834 0.9015079413343922 0.357048 66.851929 -288988.416387 24.249081 -32157.565286 18957.495088 31.575874 -12.073 0.000 2.272369 0.137866 5.855 1.0001 0.000
500.00 1153.15 21.184924 0.9004264656172526 0.351173 65.067373 -281094.104303 23.941666 -32166.908656 19223.158950 30.688758 -12.259 0.000 2.268821 0.135796 5.960 1.00009 0.000
500.00 1143.15 20.600121 0.8992947049579371 0.345889 63.420940 -273862.058970 23.640217 -32147.626785 19486.304064 29.878762 -12.448 0.000 2.265604 0.134159 6.060 1.00008 0.000
500.00 1133.15 20.063229 0.8980140532614749 0.341110 61.896604 -267217.924979 23.343846 -32103.036912 19748.438954 29.135768 -12.641 0.000 2.262648 0.133032 6.159 1.00007 0.000
500.00 1123.15 19.567740 0.8964253586475721 0.336729 60.478042 -261082.925028 23.051464 -32036.385672 20011.135904 28.448121 -12.837 0.000 2.259832 0.132558 6.259 1.00006 0.000
500.00 1113.15 19.102624 0.8948529347233403 0.332723 59.138115 -255323.080696 22.760116 -31949.765916 20275.575712 27.806070 -13.036 0.000 2.257290 0.132254 6.354 1.00006 0.000
500.00 1103.15 18.667046 0.8934797091416499 0.329173 57.874481 -249886.391677 22.469367 -31843.933915 20542.355261 27.207705 -13.239 0.000 2.254993 0.131919 6.446 1.00005 0.000
500.00 1093.15 18.261412 0.8922900007597682 0.326078 56.688210 -244819.428640 22.180481 -31720.166358 20812.489738 26.654639 -13.446 0.000 2.252929 0.131586 6.534 1.00004 0.000
500.00 1083.15 17.886341 0.8911027712116577 0.323391 55.578841 -240139.483489 21.894234 -31580.093230 21087.218756 26.147000 -13.656 0.000 2.251087 0.131483 6.620 1.00004 0.000
500.00 1073.15 17.538711 0.8896426956622774 0.320970 54.537001 -235808.402752 21.611859 -31429.891320 21370.538490 25.679038 -13.871 0.000 2.249345 0.131892 6.707 1.00003 0.000
500.00 1063.15 17.211957 0.8867570945393359 0.318309 53.544095 -231750.630348 21.337740 -31287.022267 21673.587469 25.238665 -14.089 0.000 2.247178 0.134000 6.807 1.00002 0.000
500.00 1053.15 16.878371 0.8857513293339541 0.316265 52.549029 -227671.948266 21.053329 -31127.082133 21982.586328 24.802881 -14.312 0.000 2.245281 0.133959 6.904 1.00002 0.000
500.00 1043.15 16.573626 0.8846409749832609 0.314614 51.623191 -223942.602587 20.770796 -30952.244197 22299.801980 24.409478 -14.539 0.000 2.243639 0.134302 6.998 1.00001 0.000
500.00 1033.15 16.292141 0.7759783553495435 0.271626 50.524213 -220739.718290 20.746645 -31598.256552 23175.703823 23.915893 -14.770 0.000 2.243412 0.241527 6.993 1.00001 0.000

Title: Hr

Liquid Composition:
Pressure Temperature mass SiO2 TiO2 Al2O3 Fe2O3 FeO MnO MgO CaO Na2O K2O P2O5 H2O 
500.00 1523.15 99.933458 48.8104 1.41041 15.1484 2.46534 9.87653 0.193435 7.07186 10.5234 2.16565 0.341931 0.157802 1.83482
500.00 1513.15 99.938249 48.8081 1.41035 15.1477 2.47166 9.87026 0.193426 7.07152 10.5229 2.16554 0.341915 0.157794 1.83888
500.00 1503.15 99.943157 48.8057 1.41028 15.1469 2.47838 9.86362 0.193416 7.07117 10.5224 2.16544 0.341898 0.157787 1.84302
500.00 1493.15 99.948185 48.8033 1.41021 15.1462 2.4855 9.8566 0.193407 7.07082 10.5218 2.16533 0.341881 0.157779 1.84723
500.00 1483.15 99.953336 48.8007 1.41013 15.1454 2.49305 9.84919 0.193397 7.07045 10.5213 2.16522 0.341863 0.157771 1.85152
500.00 1473.15 99.958614 48.7982 1.41006 15.1446 2.50102 9.84138 0.193386 7.07008 10.5207 2.1651 0.341845 0.157762 1.85589
500.00 1463.15 99.964022 48.7955 1.40998 15.1438 2.50944 9.83314 0.193376 7.0697 10.5202 2.16498 0.341827 0.157754 1.86034
500.00 1453.15 99.969564 48.7928 1.40991 15.1429 2.51832 9.82448 0.193365 7.06931 10.5196 2.16486 0.341808 0.157745 1.86488
500.00 1443.15 99.975243 48.79 1.40983 15.1421 2.52768 9.81538 0.193354 7.0689 10.519 2.16474 0.341789 0.157736 1.8695
500.00 1433.15 99.981064 48.7872 1.40974 15.1412 2.53752 9.80582 0.193343 7.06849 10.5184 2.16462 0.341769 0.157727 1.87421
500.00 1423.15 99.987030 48.7843 1.40966 15.1403 2.54788 9.79578 0.193332 7.06807 10.5178 2.16449 0.341748 0.157717 1.87902
500.00 1413.15 99.993145 48.7813 1.40957 15.1393 2.55875 9.78525 0.19332 7.06764 10.5171 2.16435 0.341727 0.157708 1.88391
500.00 1403.15 99.261090 48.8507 1.41997 15.251 2.56796 9.73777 0.19262 6.8055 10.5918 2.18032 0.344248 0.158871 1.89924
500.00 1393.15 98.454849 48.9295 1.4316 15.3759 2.57654 9.68156 0.191776 6.51647 10.6753 2.19817 0.347067 0.160172 1.91603
500.00 1383.15 97.672903 49.0079 1.44306 15.499 2.58477 9.62148 0.190882 6.23549 10.7575 2.21577 0.349845 0.161454 1.9329
500.00 1373.15 91.847296 49.0513 1.46933 16.1328 2.59614 9.84725 0.202993 5.71403 10.1227 2.34628 0.372035 0.171695 1.97349
500.00 1363.15 87.595803 49.1121 1.48257 16.6298 2.6039 10.0085 0.212845 5.30787 9.6123 2.45189 0.390092 0.180028 2.00807
500.00 1353.15 80.291445 49.4233 1.56941 16.438 2.69849 10.483 0.227937 4.90536 9.02026 2.58544 0.42401 0.196406 2.02846
500.00 1343.15 64.997272 52.9961 1.20519 16.6785 2.21834 8.23302 0.278457 4.22694 8.23543 2.99496 0.520379 0.242621 2.17003
500.00 1333.15 57.010078 54.7448 1.10334 16.503 2.06096 7.49061 0.317479 3.76633 7.67431 3.23987 0.590102 0.276613 2.23253
500.00 1323.15 50.247928 56.4153 1.03552 16.1292 1.93468 6.84997 0.360204 3.28013 7.26809 3.4627 0.665367 0.313838 2.28508
500.00 1313.15 45.097436 57.9535 0.975522 15.7228 1.81794 6.27861 0.401343 2.88043 6.90759 3.64687 0.737047 0.349681 2.32864
500.00 1303.15 41.021376 59.3808 0.922088 15.2956 1.70936 5.76541 0.441222 2.54662 6.58538 3.79806 0.805767 0.384426 2.36527
500.00 1293.15 37.700889 60.7133 0.874185 14.856 1.60781 5.30147 0.480082 2.2642 6.29552 3.92074 0.871983 0.418285 2.39643
500.00 1283.15 34.935229 61.9635 0.830986 14.4101 1.51242 4.87982 0.518088 2.02269 6.03326 4.01855 0.936008 0.451398 2.42322
500.00 1273.15 32.591510 63.1409 0.791831 13.9626 1.42254 4.49494 0.555345 1.81431 5.79471 4.09452 0.998048 0.483859 2.44643
500.00 1263.15 30.578216 64.2528 0.756177 13.5173 1.33764 4.1424 0.591909 1.63315 5.57665 4.15127 1.05823 0.515717 2.46668
500.00 1253.15 28.829788 65.3053 0.723581 13.0771 1.25735 3.81861 0.627806 1.47462 5.37641 4.19113 1.11662 0.546993 2.48448
500.00 1243.15 27.297711 66.303 0.693672 12.6442 1.18135 3.5206 0.663042 1.33513 5.19172 4.21612 1.17325 0.577693 2.5002
500.00 1233.15 25.945071 67.2501 0.666138 12.2203 1.10939 3.24587 0.697609 1.21177 5.02065 4.22808 1.22815 0.607811 2.51417
500.00 1223.15 24.743115 68.15 0.640715 11.8065 1.04127 2.99227 0.731497 1.1022 4.86159 4.22862 1.28132 0.637337 2.52666
500.00 1213.15 23.669007 69.0058 0.617174 11.4038 0.97679 2.75796 0.764693 1.00449 4.71315 4.21919 1.33278 0.66626 2.53789
500.00 1203.15 22.704321 69.8204 0.59532 11.0126 0.9158 2.54132 0.797184 0.917056 4.57417 4.20108 1.38253 0.694568 2.54803
500.00 1193.15 21.833985 70.5961 0.57498 10.6333 0.858142 2.34091 0.828961 0.838554 4.44362 4.17541 1.43058 0.722255 2.55723
500.00 1183.15 21.045538 71.3353 0.556004 10.2659 0.803674 2.15545 0.860017 0.76787 4.32067 4.14319 1.47696 0.749313 2.56564
500.00 1173.15 20.328579 72.04 0.53826 9.91062 0.752257 1.9838 0.890349 0.704052 4.20458 4.10531 1.52167 0.775741 2.57335
500.00 1163.15 19.674360 72.7122 0.521628 9.56719 0.70376 1.82492 0.919955 0.646293 4.09472 4.06254 1.56476 0.801536 2.58046
500.00 1153.15 19.075466 73.3538 0.506003 9.23546 0.658051 1.67787 0.948838 0.593899 3.99054 4.01558 1.60624 0.826701 2.58705
500.00 1143.15 18.525579 73.9663 0.49129 8.9152 0.615006 1.54177 0.977002 0.546271 3.89159 3.96502 1.64613 0.851239 2.59318
500.00 1133.15 18.017062 74.5597 0.477472 8.60693 0.574419 1.41589 1.00458 0.502806 3.79212 3.91181 1.68469 0.87063 2.59894
500.00 1123.15 17.541018 75.1535 0.464612 8.3119 0.536021 1.29953 1.03184 0.462909 3.68043 3.85722 1.72236 0.875262 2.6044
500.00 1113.15 17.094039 75.7235 0.435003 8.02312 0.505699 1.20574 1.05775 0.422509 3.57738 3.79948 1.75908 0.880509 2.61024
500.00 1103.15 16.678627 76.2675 0.401285 7.7431 0.478897 1.12255 1.08267 0.384251 3.48225 3.73964 1.79441 0.887423 2.61601
500.00 1093.15 16.294475 76.7843 0.37011 7.47295 0.453295 1.04407 1.10682 0.349369 3.39442 3.67834 1.82814 0.89668 2.62148
500.00 1083.15 15.938568 77.2747 0.341267 7.21232 0.428872 0.970124 1.13022 0.317534 3.31377 3.61586 1.86027 0.908417 2.62668
500.00 1073.15 15.603186 77.752 0.314574 6.95997 0.405402 0.900097 1.14396 0.288267 3.23914 3.55233 1.89138 0.922042 2.63087
500.00 1063.15 15.262825 78.272 0.294552 6.70105 0.372575 0.810542 1.12957 0.258291 3.18697 3.4846 1.92391 0.933658 2.63223
500.00 1053.15 14.950039 78.7592 0.276118 6.45225 0.341395 0.727291 1.11747 0.231123 3.14207 3.41696 1.95453 0.947989 2.6336
500.00 1043.15 14.661709 79.2153 0.258975 6.21322 0.312188 0.650848 1.10603 0.206398 3.1041 3.34962 1.98338 0.965109 2.63485
500.00 1033.15 12.642349 79.2359 0.250633 5.97235 0.26894 0.537961 1.18818 0.162009 3.09561 3.41819 2.25662 0.974372 2.63926
Title: Hr

liquid_0 thermodynamic data and composition:
Pressure Temperature mass S H V Cp viscosity SiO2 TiO2 Al2O3 Fe2O3 FeO MnO MgO CaO Na2O K2O P2O5 H2O Mg#
500.00 1523.15 99.933458 286.535648 -1186587.341779 39.598221 151.096342 1.619 48.8104 1.41041 15.1484 2.46534 9.87653 0.193435 7.07186 10.5234 2.16565 0.341931 0.157802 1.83482 56.1
500.00 1513.15 99.938249 285.586344 -1188153.926117 39.557988 151.104969 1.656 48.8081 1.41035 15.1477 2.47166 9.87026 0.193426 7.07152 10.5229 2.16554 0.341915 0.157794 1.83888 56.1
500.00 1503.15 99.943157 284.631182 -1189722.190012 39.517868 151.113977 1.693 48.8057 1.41028 15.1469 2.47838 9.86362 0.193416 7.07117 10.5224 2.16544 0.341898 0.157787 1.84302 56.1
500.00 1493.15 99.948185 283.670088 -1191292.184739 39.477865 151.123377 1.730 48.8033 1.41021 15.1462 2.4855 9.8566 0.193407 7.07082 10.5218 2.16533 0.341881 0.157779 1.84723 56.1
500.00 1483.15 99.953336 282.702985 -1192863.963403 39.437980 151.133181 1.768 48.8007 1.41013 15.1454 2.49305 9.84919 0.193397 7.07045 10.5213 2.16522 0.341863 0.157771 1.85152 56.1
500.00 1473.15 99.958614 281.745642 -1194414.181409 39.398218 147.724639 1.807 48.7982 1.41006 15.1446 2.50102 9.84138 0.193386 7.07008 10.5207 2.1651 0.341845 0.157762 1.85589 56.2
500.00 1463.15 99.964022 280.789603 -1195955.459321 39.358580 147.726462 1.845 48.7955 1.40998 15.1438 2.50944 9.83314 0.193376 7.0697 10.5202 2.16498 0.341827 0.157754 1.86034 56.2
500.00 1453.15 99.969564 279.827540 -1197498.596965 39.319070 147.728149 1.885 48.7928 1.40991 15.1429 2.51832 9.82448 0.193365 7.06931 10.5196 2.16486 0.341808 0.157745 1.86488 56.2
500.00 1443.15 99.975243 278.859376 -1199043.649294 39.279690 147.729702 1.925 48.79 1.40983 15.1421 2.52768 9.81538 0.193354 7.0689 10.519 2.16474 0.341789 0.157736 1.8695 56.2
500.00 1433.15 99.981064 277.885035 -1200590.673378 39.240445 147.731124 1.965 48.7872 1.40974 15.1412 2.53752 9.80582 0.193343 7.06849 10.5184 2.16462 0.341769 0.157727 1.87421 56.2
500.00 1423.15 99.987030 276.904437 -1202139.728484 39.201337 147.732418 2.006 48.7843 1.40966 15.1403 2.54788 9.79578 0.193332 7.06807 10.5178 2.16449 0.341748 0.157717 1.87902 56.3
500.00 1413.15 99.993145 275.917500 -1203690.876174 39.162369 147.733587 2.048 48.7813 1.40957 15.1393 2.55875 9.78525 0.19332 7.06764 10.5171 2.16435 0.341727 0.157708 1.88391 56.3
500.00 1403.15 99.261090 272.947185 -1196561.413334 38.879588 146.442464 2.112 48.8507 1.41997 15.251 2.56796 9.73777 0.19262 6.8055 10.5918 2.18032 0.344248 0.158871 1.89924 55.5
500.00 1393.15 98.454849 269.791479 -1188585.394286 38.573624 145.025921 2.181 48.9295 1.4316 15.3759 2.57654 9.68156 0.191776 6.51647 10.6753 2.19817 0.347067 0.160172 1.91603 54.5
500.00 1383.15 97.672903 266.714403 -1180919.661585 38.277015 143.656207 2.249 49.0079 1.44306 15.499 2.58477 9.62148 0.190882 6.23549 10.7575 2.21577 0.349845 0.161454 1.9329 53.6
500.00 1373.15 91.847296 250.243376 -1110404.276208 36.056490 134.538308 2.339 49.0513 1.46933 16.1328 2.59614 9.84725 0.202993 5.71403 10.1227 2.34628 0.372035 0.171695 1.97349 50.8
500.00 1363.15 87.595803 238.051637 -1059407.536977 34.433766 127.895832 2.423 49.1121 1.48257 16.6298 2.6039 10.0085 0.212845 5.30787 9.6123 2.45189 0.390092 0.180028 2.00807 48.6
500.00 1353.15 80.291445 217.485194 -967135.974401 31.557803 116.580475 2.506 49.4233 1.56941 16.438 2.69849 10.483 0.227937 4.90536 9.02026 2.58544 0.42401 0.196406 2.02846 45.5
500.00 1343.15 64.997272 176.615146 -803588.580625 26.258682 93.846740 2.960 52.9961 1.20519 16.6785 2.21834 8.23302 0.278457 4.22694 8.23543 2.99496 0.520379 0.242621 2.17003 47.8
500.00 1333.15 57.010078 154.745645 -711075.186899 23.289321 81.875131 3.206 54.7448 1.10334 16.503 2.06096 7.49061 0.317479 3.76633 7.67431 3.23987 0.590102 0.276613 2.23253 47.3
500.00 1323.15 50.247928 136.153555 -631174.349766 20.726169 71.748729 3.439 56.4153 1.03552 16.1292 1.93468 6.84997 0.360204 3.28013 7.26809 3.4627 0.665367 0.313838 2.28508 46.1
500.00 1313.15 45.097436 121.922331 -570092.569926 18.757358 64.057843 3.656 57.9535 0.975522 15.7228 1.81794 6.27861 0.401343 2.88043 6.90759 3.64687 0.737047 0.349681 2.32864 45.0
500.00 1303.15 41.021376 110.606822 -521569.328025 17.186491 57.987232 3.859 59.3808 0.922088 15.2956 1.70936 5.76541 0.441222 2.54662 6.58538 3.79806 0.805767 0.384426 2.36527 44.1
500.00 1293.15 37.700889 101.347790 -481890.647562 15.896774 53.053779 4.049 60.7133 0.874185 14.856 1.60781 5.30147 0.480082 2.2642 6.29552 3.92074 0.871983 0.418285 2.39643 43.2
500.00 1283.15 34.935229 93.603258 -448719.017205 14.814549 48.953695 4.229 61.9635 0.830986 14.4101 1.51242 4.87982 0.518088 2.02269 6.03326 4.01855 0.936008 0.451398 2.42322 42.5
500.00 1273.15 32.591510 87.013721 -420507.226567 13.890962 45.486084 4.400 63.1409 0.791831 13.9626 1.42254 4.49494 0.555345 1.81431 5.79471 4.09452 0.998048 0.483859 2.44643 41.8
500.00 1263.15 30.578216 81.331054 -396190.009841 13.092314 42.512715 4.563 64.2528 0.756177 13.5173 1.33764 4.1424 0.591909 1.63315 5.57665 4.15127 1.05823 0.515717 2.46668 41.3
500.00 1253.15 28.829788 76.377091 -375003.938535 12.394405 39.934665 4.718 65.3053 0.723581 13.0771 1.25735 3.81861 0.627806 1.47462 5.37641 4.19113 1.11662 0.546993 2.48448 40.8
500.00 1243.15 27.297711 72.019652 -356383.464193 11.779269 37.678808 4.866 66.303 0.693672 12.6442 1.18135 3.5206 0.663042 1.33513 5.19172 4.21612 1.17325 0.577693 2.5002 40.3
500.00 1233.15 25.945071 68.157907 -339897.581834 11.233181 35.689578 5.008 67.2501 0.666138 12.2203 1.10939 3.24587 0.697609 1.21177 5.02065 4.22808 1.22815 0.607811 2.51417 40.0
500.00 1223.15 24.743115 64.713127 -325209.887042 10.745406 33.923759 5.144 68.15 0.640715 11.8065 1.04127 2.99227 0.731497 1.1022 4.86159 4.22862 1.28132 0.637337 2.52666 39.6
500.00 1213.15 23.669007 61.622634 -312052.563269 10.307372 32.347085 5.274 69.0058 0.617174 11.4038 0.97679 2.75796 0.764693 1.00449 4.71315 4.21919 1.33278 0.66626 2.53789 39.4
500.00 1203.15 22.704321 58.835733 -300208.900118 9.912128 30.931953 5.399 69.8204 0.59532 11.0126 0.9158 2.54132 0.797184 0.917056 4.57417 4.20108 1.38253 0.694568 2.54803 39.1
500.00 1193.15 21.833985 56.310878 -289501.181509 9.553959 29.655828 5.520 70.5961 0.57498 10.6333 0.858142 2.34091 0.828961 0.838554 4.44362 4.17541 1.43058 0.722255 2.55723 39.0
500.00 1183.15 21.045538 54.013647 -279782.049575 9.228116 28.500110 5.636 71.3353 0.556004 10.2659 0.803674 2.15545 0.860017 0.76787 4.32067 4.14319 1.47696 0.749313 2.56564 38.8
500.00 1173.15 20.328579 51.915262 -270928.182940 8.930613 27.449301 5.748 72.04 0.53826 9.91062 0.752257 1.9838 0.890349 0.704052 4.20458 4.10531 1.52167 0.775741 2.57335 38.7
500.00 1163.15 19.674360 49.991467 -262835.560074 8.658082 26.490384 5.855 72.7122 0.521628 9.56719 0.70376 1.82492 0.919955 0.646293 4.09472 4.06254 1.56476 0.801536 2.58046 38.7
500.00 1153.15 19.075466 48.221683 -255415.838052 8.407656 25.612352 5.960 73.3538 0.506003 9.23546 0.658051 1.67787 0.948838 0.593899 3.99054 4.01558 1.60624 0.826701 2.58705 38.7
500.00 1143.15 18.525579 46.588341 -248593.536163 8.176882 24.805832 6.060 73.9663 0.49129 8.9152 0.615006 1.54177 0.977002 0.546271 3.89159 3.96502 1.64613 0.851239 2.59318 38.7
500.00 1133.15 18.017062 45.071402 -242276.306072 7.962823 24.058763 6.159 74.5597 0.477472 8.60693 0.574419 1.41589 1.00458 0.502806 3.79212 3.91181 1.68469 0.87063 2.59894 38.8
500.00 1123.15 17.541018 43.648630 -236355.649684 7.762088 23.356480 6.259 75.1535 0.464612 8.3119 0.536021 1.29953 1.03184 0.462909 3.68043 3.85722 1.72236 0.875262 2.6044 38.8
500.00 1113.15 17.094039 42.307876 -230756.422896 7.572815 22.696589 6.354 75.7235 0.435003 8.02312 0.505699 1.20574 1.05775 0.422509 3.57738 3.79948 1.75908 0.880509 2.61024 38.4
500.00 1103.15 16.678627 41.054857 -225540.315580 7.396311 22.083028 6.446 76.2675 0.401285 7.7431 0.478897 1.12255 1.08267 0.384251 3.48225 3.73964 1.79441 0.887423 2.61601 37.9
500.00 1093.15 16.294475 39.887935 -220717.435331 7.232573 21.515403 6.534 76.7843 0.37011 7.47295 0.453295 1.04407 1.10682 0.349369 3.39442 3.67834 1.82814 0.89668 2.62148 37.4
500.00 1083.15 15.938568 38.798637 -216250.033431 7.080388 20.989228 6.620 77.2747 0.341267 7.21232 0.428872 0.970124 1.13022 0.317534 3.31377 3.61586 1.86027 0.908417 2.62668 36.8
500.00 1073.15 15.603186 37.765997 -212050.430645 6.936768 20.493404 6.707 77.752 0.314574 6.95997 0.405402 0.900097 1.14396 0.288267 3.23914 3.55233 1.89138 0.922042 2.63087 36.3
500.00 1063.15 15.262825 36.725021 -207844.831042 6.791997 19.992544 6.807 78.272 0.294552 6.70105 0.372575 0.810542 1.12957 0.258291 3.18697 3.4846 1.92391 0.933658 2.63223 36.2
500.00 1053.15 14.950039 35.758817 -203979.240399 6.658426 19.531661 6.904 78.7592 0.276118 6.45225 0.341395 0.727291 1.11747 0.231123 3.14207 3.41696 1.95453 0.947989 2.6336 36.2
500.00 1043.15 14.661709 34.858621 -200415.316760 6.534791 19.106190 6.998 79.2153 0.258975 6.21322 0.312188 0.650848 1.10603 0.206398 3.1041 3.34962 1.98338 0.965109 2.63485 36.1
500.00 1033.15 12.642349 29.918741 -172804.777061 5.635321 16.444334 6.993 79.2359 0.250633 5.97235 0.26894 0.537961 1.18818 0.162009 3.09561 3.41819 2.25662 0.974372 2.63926 34.9

clinopyroxene_0 thermodynamic data and composition:
Pressure Temperature mass S H V Cp structure formula SiO2 TiO2 Al2O3 Fe2O3 FeO MnO MgO CaO Na2O K2O P2O5 H2O
500.00 1373.15 5.754323 13.035687 -73361.328230 1.761969 6.726680 cpx Na0.01Ca0.83Fe''0.18Mg0.81Fe'''0.08Ti0.03Al0.24Si1.81O6 48.9293 1.04163 5.57382 2.96348 5.66501 0 14.6432 21.0235 0.160058 0 0 0
500.00 1363.15 4.201857 9.480920 -53384.892776 1.282390 4.896309 cpx Na0.01Ca0.83Fe''0.19Mg0.79Fe'''0.09Ti0.03Al0.26Si1.80O6 48.3739 1.2108 5.96509 3.17069 5.96839 0 14.2521 20.8866 0.172375 0 0 0
500.00 1353.15 2.796734 6.285808 -35362.420235 0.850682 3.249024 cpx Na0.01Ca0.82Fe''0.20Mg0.78Fe'''0.09Ti0.04Al0.27Si1.79O6 47.9975 1.3796 6.05838 3.33727 6.46091 0 13.9769 20.6036 0.185808 0 0 0
500.00 1343.15 5.183828 11.632702 -65693.435691 1.581166 6.045978 cpx Na0.01Ca0.79Fe''0.22Mg0.82Fe'''0.08Ti0.03Al0.23Si1.83O6 49.1949 0.948807 5.23229 2.80437 6.97883 0 14.8278 19.826 0.187102 0 0 0
500.00 1333.15 1.950894 4.364421 -24684.037748 0.594692 2.275323 cpx Na0.01Ca0.77Fe''0.23Mg0.83Fe'''0.07Ti0.02Al0.22Si1.84O6 49.5131 0.853425 4.92145 2.65604 7.47604 0 15.0443 19.3416 0.194023 0 0 0
500.00 1323.15 0.763318 1.699867 -9644.776833 0.232430 0.888470 cpx Na0.01Ca0.77Fe''0.24Mg0.83Fe'''0.07Ti0.02Al0.21Si1.84O6 49.6004 0.837405 4.72872 2.61489 7.75746 0 14.8908 19.3651 0.205238 0 0 0
500.00 1313.15 0.478926 1.061624 -6044.732518 0.145687 0.556356 cpx Na0.02Ca0.77Fe''0.25Mg0.82Fe'''0.07Ti0.02Al0.20Si1.85O6 49.6842 0.822776 4.54967 2.5713 8.00752 0 14.7404 19.4082 0.216022 0 0 0
500.00 1303.15 0.312810 0.690168 -3944.602978 0.095066 0.362685 cpx Na0.02Ca0.78Fe''0.26Mg0.81Fe'''0.07Ti0.02Al0.19Si1.85O6 49.7651 0.809392 4.3815 2.526 8.23326 0 14.5933 19.4651 0.226432 0 0 0
500.00 1293.15 0.212382 0.466385 -2676.253294 0.064488 0.245780 cpx Na0.02Ca0.78Fe''0.26Mg0.80Fe'''0.07Ti0.02Al0.19Si1.86O6 49.8434 0.797134 4.22236 2.47943 8.43971 0 14.4498 19.5317 0.236501 0 0 0
500.00 1283.15 0.150346 0.328590 -1893.426019 0.045613 0.173665 cpx Na0.02Ca0.78Fe''0.27Mg0.80Fe'''0.07Ti0.02Al0.18Si1.86O6 49.9194 0.78593 4.07104 2.43191 8.63053 0 14.31 19.605 0.246253 0 0 0
500.00 1273.15 0.111570 0.242676 -1404.429241 0.033822 0.128639 cpx Na0.02Ca0.79Fe''0.28Mg0.79Fe'''0.07Ti0.02Al0.17Si1.87O6 49.993 0.775747 3.92673 2.38369 8.80838 0 14.1738 19.6829 0.255709 0 0 0
500.00 1263.15 0.087318 0.189009 -1098.733895 0.026449 0.100494 cpx Na0.02Ca0.79Fe''0.28Mg0.78Fe'''0.07Ti0.02Al0.17Si1.87O6 50.0642 0.766586 3.78891 2.335 8.97521 0 14.0413 19.764 0.264893 0 0 0
500.00 1253.15 0.072220 0.155569 -908.498079 0.021860 0.082969 cpx Na0.02Ca0.80Fe''0.29Mg0.78Fe'''0.06Ti0.02Al0.16Si1.88O6 50.1329 0.758463 3.6572 2.28601 9.13244 0 13.9122 19.8469 0.273829 0 0 0
500.00 1243.15 0.062914 0.134858 -791.258742 0.019029 0.072150 cpx Na0.02Ca0.80Fe''0.29Mg0.77Fe'''0.06Ti0.02Al0.16Si1.88O6 50.1991 0.751402 3.53133 2.23689 9.28118 0 13.7866 19.9309 0.282547 0 0 0
500.00 1233.15 0.057255 0.122122 -719.980805 0.017305 0.065545 cpx Na0.02Ca0.80Fe''0.30Mg0.76Fe'''0.06Ti0.02Al0.15Si1.88O6 50.2628 0.745426 3.41105 2.18779 9.42224 0 13.6643 20.0153 0.291075 0 0 0
500.00 1223.15 0.053866 0.114320 -677.298652 0.016269 0.061557 cpx Na0.02Ca0.81Fe''0.30Mg0.76Fe'''0.06Ti0.02Al0.15Si1.89O6 50.3238 0.740557 3.29613 2.13883 9.55631 0 13.5451 20.0997 0.299444 0 0 0
500.00 1213.15 0.051858 0.109507 -652.034903 0.015652 0.059160 cpx Na0.02Ca0.81Fe''0.30Mg0.75Fe'''0.06Ti0.02Al0.14Si1.89O6 50.3823 0.736811 3.18637 2.09014 9.68391 0 13.4291 20.1837 0.307685 0 0 0
500.00 1203.15 0.050663 0.106442 -637.020981 0.015281 0.057697 cpx Na0.02Ca0.82Fe''0.31Mg0.75Fe'''0.06Ti0.02Al0.14Si1.89O6 50.4381 0.734203 3.08154 2.0418 9.80549 0 13.316 20.267 0.315831 0 0 0
500.00 1193.15 0.049919 0.104343 -627.700110 0.015047 0.056752 cpx Na0.02Ca0.82Fe''0.31Mg0.74Fe'''0.06Ti0.02Al0.13Si1.90O6 50.4914 0.732743 2.98144 1.99393 9.92146 0 13.2058 20.3493 0.323914 0 0 0
500.00 1183.15 0.049398 0.102724 -621.218879 0.014880 0.056065 cpx Na0.02Ca0.82Fe''0.32Mg0.73Fe'''0.06Ti0.02Al0.13Si1.90O6 50.5422 0.73244 2.88586 1.9466 10.0321 0 13.0983 20.4305 0.331963 0 0 0
500.00 1173.15 0.048963 0.101290 -615.831847 0.014739 0.055476 cpx Na0.02Ca0.83Fe''0.32Mg0.73Fe'''0.05Ti0.02Al0.12Si1.90O6 50.5904 0.733303 2.79463 1.89991 10.1379 0 12.9934 20.5105 0.340011 0 0 0
500.00 1163.15 0.048531 0.099871 -610.510012 0.014600 0.054893 cpx Na0.03Ca0.83Fe''0.32Mg0.72Fe'''0.05Ti0.02Al0.12Si1.91O6 50.6362 0.735343 2.70754 1.85392 10.2389 0 12.8909 20.589 0.34809 0 0 0
500.00 1153.15 0.048058 0.098375 -604.683217 0.014449 0.054266 cpx Na0.03Ca0.83Fe''0.33Mg0.72Fe'''0.05Ti0.02Al0.12Si1.91O6 50.6795 0.738572 2.62443 1.80871 10.3356 0 12.7908 20.6661 0.356228 0 0 0
500.00 1143.15 0.047521 0.096757 -598.071008 0.014278 0.053568 cpx Na0.03Ca0.84Fe''0.33Mg0.71Fe'''0.05Ti0.02Al0.11Si1.91O6 50.7204 0.743006 2.54514 1.76435 10.4282 0 12.6929 20.7416 0.364459 0 0 0
500.00 1133.15 0.046562 0.094295 -586.158018 0.013982 0.052398 cpx Na0.03Ca0.84Fe''0.33Mg0.71Fe'''0.05Ti0.02Al0.11Si1.91O6 50.7587 0.748791 2.46952 1.7209 10.5169 0 12.5969 20.8155 0.372819 0 0 0
500.00 1123.15 0.044821 0.090277 -564.407167 0.013451 0.050353 cpx Na0.03Ca0.84Fe''0.33Mg0.70Fe'''0.05Ti0.02Al0.11Si1.92O6 50.7943 0.756234 2.39747 1.67836 10.6019 0 12.5027 20.8878 0.38135 0 0 0
500.00 1113.15 0.040328 0.080774 -507.440491 0.012091 0.045210 cpx Na0.03Ca0.85Fe''0.34Mg0.70Fe'''0.05Ti0.02Al0.10Si1.92O6 50.8325 0.732625 2.3111 1.64658 10.8076 0 12.3561 20.9253 0.388219 0 0 0
500.00 1103.15 0.038459 0.076593 -483.334611 0.011518 0.043015 cpx Na0.03Ca0.85Fe''0.35Mg0.69Fe'''0.05Ti0.02Al0.10Si1.92O6 50.866 0.699508 2.22255 1.61997 11.0635 0 12.1848 20.9491 0.394569 0 0 0
500.00 1093.15 0.038045 0.075332 -477.512368 0.011381 0.042451 cpx Na0.03Ca0.85Fe''0.36Mg0.68Fe'''0.05Ti0.02Al0.10Si1.93O6 50.8928 0.669029 2.13833 1.59498 11.3246 0 12.0078 20.9713 0.401114 0 0 0
500.00 1083.15 0.037596 0.074010 -471.232272 0.011234 0.041848 cpx Na0.03Ca0.85Fe''0.37Mg0.67Fe'''0.04Ti0.02Al0.09Si1.93O6 50.9128 0.64091 2.05809 1.57167 11.5922 0 11.8249 20.9915 0.407873 0 0 0
500.00 1073.15 0.037267 0.072929 -466.420227 0.011122 0.041377 cpx Na0.03Ca0.85Fe''0.38Mg0.66Fe'''0.04Ti0.02Al0.09Si1.93O6 50.9255 0.615116 1.98157 1.55024 11.8698 0 11.634 21.0089 0.414835 0 0 0
500.00 1063.15 0.018212 0.035422 -227.963478 0.005431 0.020176 cpx Na0.03Ca0.86Fe''0.38Mg0.65Fe'''0.04Ti0.02Al0.09Si1.93O6 50.9452 0.611365 1.92236 1.5174 11.9536 0 11.4786 21.1494 0.422071 0 0 0
500.00 1053.15 0.017844 0.034494 -223.410656 0.005318 0.019726 cpx Na0.03Ca0.87Fe''0.38Mg0.64Fe'''0.04Ti0.02Al0.08Si1.94O6 50.9653 0.609043 1.86589 1.48343 12.0291 0 11.331 21.2869 0.429254 0 0 0
500.00 1043.15 0.017624 0.033857 -220.695966 0.005249 0.019440 cpx Na0.03Ca0.87Fe''0.38Mg0.63Fe'''0.04Ti0.02Al0.08Si1.94O6 50.9828 0.607808 1.81216 1.44989 12.1083 0 11.185 21.4176 0.436463 0 0 0
500.00 1033.15 0.049952 0.095285 -625.964696 0.014867 0.054932 cpx Na0.03Ca0.89Fe''0.38Mg0.62Fe'''0.04Ti0.02Al0.08Si1.94O6 50.9009 0.675702 1.7992 1.47421 12.0129 0 10.8661 21.8068 0.464159 0 0 0

olivine_0 thermodynamic data and composition:
Pressure Temperature mass S H V Cp formula SiO2 TiO2 Al2O3 Fe2O3 FeO MnO MgO CaO Na2O K2O P2O5 H2O
500.00 1403.15 0.732521 1.729794 -8897.518783 0.221428 0.898951 (Ca0.01Mg0.81Fe''0.18Mn0.00Co0.00Ni0.00)2SiO4 39.3451 0 0 0 17.3916 0.288066 42.5839 0.391356 0 0 0 0
500.00 1393.15 0.807227 1.897499 -9761.677523 0.243320 0.987282 (Ca0.01Mg0.81Fe''0.19Mn0.00Co0.00Ni0.00)2SiO4 39.2345 0 0 0 17.9694 0.295584 42.1023 0.398232 0 0 0 0
500.00 1383.15 0.783231 1.832539 -9427.270982 0.235393 0.954583 (Ca0.01Mg0.80Fe''0.20Mn0.00Co0.00Ni0.00)2SiO4 39.1193 0 0 0 18.5721 0.303348 41.6 0.405297 0 0 0 0
500.00 1353.15 0.835180 1.919587 -9702.618328 0.246413 0.998177 (Ca0.00Mg0.75Fe''0.25Mn0.00Co0.00Ni0.00)2SiO4 38.3605 0 0 0 22.5505 0.410651 38.3311 0.347173 0 0 0 0
500.00 1343.15 0.361484 0.827490 -4195.311280 0.106496 0.431160 (Ca0.00Mg0.75Fe''0.25Mn0.01Co0.00Ni0.00)2SiO4 38.319 0 0 0 22.6439 0.561035 38.1598 0.316219 0 0 0 0
500.00 1073.15 0.009953 0.019016 -82.218308 0.002502 0.009825 (Ca0.00Mg0.24Fe''0.57Mn0.19Co0.00Ni0.00)2SiO4 31.8546 0 0 0 43.6202 14.3753 9.96635 0.183532 0 0 0 0
500.00 1063.15 0.040175 0.076239 -329.256543 0.010060 0.039456 (Ca0.00Mg0.22Fe''0.58Mn0.20Co0.00Ni0.00)2SiO4 31.7112 0 0 0 43.7746 14.9984 9.33611 0.179661 0 0 0 0
500.00 1053.15 0.033865 0.063831 -275.534470 0.008451 0.033094 (Ca0.00Mg0.21Fe''0.58Mn0.21Co0.00Ni0.00)2SiO4 31.5769 0 0 0 43.8332 15.6694 8.74464 0.175884 0 0 0 0
500.00 1043.15 0.029830 0.055849 -241.088242 0.007420 0.029011 (Ca0.00Mg0.20Fe''0.58Mn0.22Co0.00Ni0.00)2SiO4 31.4501 0 0 0 43.8214 16.3713 8.185 0.17217 0 0 0 0
500.00 1033.15 0.061638 0.114516 -493.295061 0.015267 0.059477 (Ca0.00Mg0.17Fe''0.57Mn0.26Co0.00Ni0.00)2SiO4 31.2248 0 0 0 42.3985 19.0306 7.1598 0.186262 0 0 0 0

feldspar_0 thermodynamic data and composition:
Pressure Temperature mass S H V Cp formula SiO2 TiO2 Al2O3 Fe2O3 FeO MnO MgO CaO Na2O K2O P2O5 H2O
500.00 1353.15 3.541035 8.261547 -49395.684353 1.318546 4.310052 K0.00Na0.17Ca0.83Al1.83Si2.17O8 47.3092 0 33.869 0 0 0 0 16.9033 1.8829 0.0355824 0 0
500.00 1343.15 5.297105 12.345215 -73915.565436 1.976824 6.444132 K0.00Na0.20Ca0.80Al1.80Si2.20O8 48.1261 0 33.3174 0 0 0 0 16.2576 2.25717 0.0417645 0 0
500.00 1333.15 3.723747 8.664217 -51982.187653 1.392184 4.527271 K0.00Na0.23Ca0.77Al1.77Si2.23O8 48.8097 0 32.8553 0 0 0 0 15.7169 2.5693 0.0487359 0 0
500.00 1323.15 3.642049 8.460217 -50861.551523 1.364198 4.425248 K0.00Na0.26Ca0.74Al1.74Si2.26O8 49.5186 0 32.3759 0 0 0 0 15.156 2.89222 0.0572491 0 0
500.00 1313.15 2.923905 6.780444 -40848.398875 1.097274 3.550514 K0.00Na0.28Ca0.71Al1.71Si2.29O8 50.2352 0 31.8912 0 0 0 0 14.5889 3.21826 0.0664996 0 0
500.00 1303.15 2.421146 5.604524 -33837.721180 0.910310 2.938214 K0.00Na0.31Ca0.68Al1.68Si2.32O8 50.9523 0 31.4059 0 0 0 0 14.0212 3.54406 0.0765415 0 0
500.00 1293.15 2.050657 4.737925 -28671.047399 0.772439 2.487055 K0.01Na0.34Ca0.65Al1.65Si2.35O8 51.6621 0 30.9254 0 0 0 0 13.4591 3.86604 0.087399 0 0
500.00 1283.15 1.766130 4.072261 -24702.952645 0.666459 2.150567 K0.01Na0.37Ca0.63Al1.63Si2.37O8 52.3578 0 30.4542 0 0 0 0 12.908 4.18096 0.0990735 0 0
500.00 1273.15 1.540356 3.543973 -21554.034560 0.582266 1.875136 K0.01Na0.39Ca0.60Al1.60Si2.40O8 53.0336 0 29.9961 0 0 0 0 12.3724 4.48626 0.111553 0 0
500.00 1263.15 1.356268 3.113206 -18986.307268 0.513525 1.650542 K0.01Na0.42Ca0.57Al1.57Si2.43O8 53.6857 0 29.5539 0 0 0 0 11.8555 4.78009 0.124815 0 0
500.00 1253.15 1.203093 2.754801 -16849.557240 0.456242 1.463650 K0.01Na0.44Ca0.55Al1.55Si2.45O8 54.3115 0 29.1293 0 0 0 0 11.3591 5.06132 0.138834 0 0
500.00 1243.15 1.073663 2.452017 -15043.831226 0.407762 1.305720 K0.01Na0.47Ca0.53Al1.53Si2.47O8 54.91 0 28.7228 0 0 0 0 10.8841 5.32949 0.153586 0 0
500.00 1233.15 0.963013 2.193253 -13499.881007 0.366249 1.170699 K0.01Na0.49Ca0.50Al1.50Si2.50O8 55.4812 0 28.3346 0 0 0 0 10.4305 5.58461 0.169052 0 0
500.00 1223.15 0.867563 1.970145 -12167.823097 0.330382 1.054227 K0.01Na0.51Ca0.48Al1.48Si2.52O8 56.0259 0 27.9641 0 0 0 0 9.99779 5.82704 0.185216 0 0
500.00 1213.15 0.784642 1.776439 -11010.395658 0.299173 0.953047 K0.01Na0.53Ca0.46Al1.46Si2.54O8 56.5452 0 27.6105 0 0 0 0 9.58489 6.05735 0.202074 0 0
500.00 1203.15 0.712188 1.607308 -9998.869444 0.271864 0.864647 K0.01Na0.55Ca0.44Al1.44Si2.56O8 57.0407 0 27.2728 0 0 0 0 9.19068 6.27621 0.219625 0 0
500.00 1193.15 0.648570 1.458925 -9110.509254 0.247851 0.787038 K0.01Na0.56Ca0.42Al1.42Si2.58O8 57.5139 0 26.9499 0 0 0 0 8.81389 6.48438 0.237877 0 0
500.00 1183.15 0.592470 1.328197 -8326.951250 0.226647 0.718616 K0.01Na0.58Ca0.41Al1.41Si2.59O8 57.9666 0 26.6408 0 0 0 0 8.45321 6.68259 0.256846 0 0
500.00 1173.15 0.542807 1.212584 -7633.129146 0.207852 0.658062 K0.02Na0.60Ca0.39Al1.39Si2.61O8 58.4002 0 26.3443 0 0 0 0 8.10741 6.87157 0.276556 0 0
500.00 1163.15 0.498683 1.109975 -7016.536044 0.191133 0.604282 K0.02Na0.61Ca0.37Al1.37Si2.63O8 58.8163 0 26.0594 0 0 0 0 7.77527 7.05199 0.297037 0 0
500.00 1153.15 0.459347 1.018604 -6466.697201 0.176211 0.556360 K0.02Na0.63Ca0.36Al1.36Si2.64O8 59.2163 0 25.7852 0 0 0 0 7.45569 7.22449 0.318328 0 0
500.00 1143.15 0.424165 0.936977 -5974.779855 0.162851 0.513524 K0.02Na0.64Ca0.34Al1.34Si2.66O8 59.6016 0 25.5207 0 0 0 0 7.14763 7.38964 0.340475 0 0
500.00 1133.15 0.392817 0.864313 -5536.371758 0.150936 0.475384 K0.02Na0.65Ca0.33Al1.33Si2.67O8 59.9735 0 25.265 0 0 0 0 6.8499 7.54805 0.363589 0 0
500.00 1123.15 0.364946 0.799748 -5146.512192 0.140335 0.441505 K0.02Na0.66Ca0.31Al1.31Si2.69O8 60.3336 0 25.0169 0 0 0 0 6.56121 7.70035 0.387868 0 0
500.00 1113.15 0.344762 0.752370 -4864.698019 0.132666 0.416967 K0.02Na0.68Ca0.30Al1.30Si2.70O8 60.6698 0 24.7848 0 0 0 0 6.2912 7.84081 0.413424 0 0
500.00 1103.15 0.322217 0.700168 -4549.254941 0.124072 0.389625 K0.02Na0.69Ca0.29Al1.29Si2.71O8 60.9913 0 24.5622 0 0 0 0 6.0326 7.97376 0.440149 0 0
500.00 1093.15 0.299728 0.648456 -4234.225145 0.115485 0.362407 K0.03Na0.70Ca0.28Al1.28Si2.72O8 61.3035 0 24.3456 0 0 0 0 5.78106 8.10176 0.468037 0 0
500.00 1083.15 0.279386 0.601749 -3949.180047 0.107713 0.337846 K0.03Na0.71Ca0.26Al1.26Si2.74O8 61.6072 0 24.1345 0 0 0 0 5.53604 8.22505 0.497189 0 0
500.00 1073.15 0.263326 0.564571 -3724.361681 0.101581 0.318529 K0.03Na0.72Ca0.25Al1.25Si2.75O8 61.9025 0 23.9288 0 0 0 0 5.29741 8.34368 0.527666 0 0
500.00 1063.15 0.265795 0.567161 -3761.600492 0.102580 0.321692 K0.03Na0.73Ca0.24Al1.24Si2.76O8 62.1527 0 23.7537 0 0 0 0 5.09458 8.44243 0.556535 0 0
500.00 1053.15 0.246265 0.522943 -3487.381555 0.095084 0.298333 K0.03Na0.73Ca0.23Al1.23Si2.77O8 62.3946 0 23.5841 0 0 0 0 4.89822 8.53668 0.586417 0 0
500.00 1043.15 0.228806 0.483462 -3242.159060 0.088380 0.277580 K0.03Na0.74Ca0.22Al1.22Si2.78O8 62.6288 0 23.4194 0 0 0 0 4.70767 8.62673 0.617448 0 0
500.00 1033.15 0.673701 1.417129 -9545.448057 0.260595 0.819107 K0.05Na0.75Ca0.20Al1.20Si2.80O8 63.1135 0 23.0477 0 0 0 0 4.28793 8.73249 0.81839 0 0

water thermodynamic data and composition:
Pressure Temperature mass S H V Cp formula
500.00 1523.15 0.179821 1.982487 -1937.662351 2.547818 0.504447 H2O
500.00 1513.15 0.175675 1.933532 -1897.912154 2.470829 0.492560 H2O
500.00 1503.15 0.171452 1.883862 -1857.092103 2.393585 0.480485 H2O
500.00 1493.15 0.167150 1.833465 -1815.175387 2.316083 0.468215 H2O
500.00 1483.15 0.162767 1.782323 -1772.134381 2.238324 0.455745 H2O
500.00 1473.15 0.158300 1.730420 -1727.940494 2.160308 0.443069 H2O
500.00 1463.15 0.153749 1.677739 -1682.564000 2.082035 0.430182 H2O
500.00 1453.15 0.149111 1.624263 -1635.974616 2.003504 0.417077 H2O
500.00 1443.15 0.144383 1.569974 -1588.141163 1.924718 0.403747 H2O
500.00 1433.15 0.139564 1.514855 -1539.031516 1.845678 0.390187 H2O
500.00 1423.15 0.134650 1.458888 -1488.612577 1.766385 0.376388 H2O
500.00 1413.15 0.129640 1.402053 -1436.850250 1.686841 0.362343 H2O
500.00 1403.15 0.128213 1.384069 -1424.611419 1.654553 0.358332 H2O
500.00 1393.15 0.126998 1.368420 -1414.666812 1.625255 0.354939 H2O
500.00 1383.15 0.125501 1.349760 -1401.495503 1.592583 0.350777 H2O
500.00 1373.15 0.200829 2.155838 -2248.313540 2.526791 0.561392 H2O
500.00 1363.15 0.254434 2.726072 -2855.542703 3.173662 0.711381 H2O
500.00 1353.15 0.384743 4.114320 -4328.780455 4.757219 1.076013 H2O
500.00 1343.15 0.602963 6.435383 -6800.857994 7.389608 1.686904 H2O
500.00 1333.15 0.740652 7.889440 -8374.587042 8.995890 2.073020 H2O
500.00 1323.15 0.865215 9.198048 -9807.247837 10.413632 2.422932 H2O
500.00 1313.15 0.963265 10.219942 -10945.633338 11.487351 2.699178 H2O
500.00 1303.15 1.043157 11.045217 -11882.688718 12.324387 2.925143 H2O
500.00 1293.15 1.109945 11.728395 -12674.607978 12.989804 3.114986 H2O
500.00 1283.15 1.166865 12.304413 -13357.345273 13.525379 3.277789 H2O
500.00 1273.15 1.216094 12.796789 -13955.063325 13.959311 3.419676 H2O
500.00 1263.15 1.259154 13.221968 -14484.620722 14.311383 3.544938 H2O
500.00 1253.15 1.297153 13.591935 -14958.279253 14.596053 3.656711 H2O
500.00 1243.15 1.330925 13.915725 -15385.269727 14.824251 3.757372 H2O
500.00 1233.15 1.361117 14.200351 -15772.750151 15.004476 3.848779 H2O
500.00 1223.15 1.388246 14.451392 -16126.410532 15.143489 3.932419 H2O
500.00 1213.15 1.412729 14.673369 -16450.866268 15.246773 4.009515 H2O
500.00 1203.15 1.434910 14.870007 -16749.922188 15.318839 4.081086 H2O
500.00 1193.15 1.455076 15.044409 -17026.755629 15.363439 4.147997 H2O
500.00 1183.15 1.473469 15.199188 -17284.047515 15.383726 4.210994 H2O
500.00 1173.15 1.490296 15.336563 -17524.079084 15.382363 4.270724 H2O
500.00 1163.15 1.505733 15.458426 -17748.805223 15.361618 4.327761 H2O
500.00 1153.15 1.519930 15.566401 -17959.911378 15.323427 4.382615 H2O
500.00 1143.15 1.533020 15.661890 -18158.858568 15.269449 4.435748 H2O
500.00 1133.15 1.545134 15.746299 -18347.144934 15.201300 4.487639 H2O
500.00 1123.15 1.556407 15.821037 -18526.303963 15.120545 4.538785 H2O
500.00 1113.15 1.566923 15.886972 -18697.264980 15.028182 4.589545 H2O
500.00 1103.15 1.576697 15.944302 -18860.188308 14.924548 4.640100 H2O
500.00 1093.15 1.585775 15.993497 -19015.562573 14.810225 4.690728 H2O
500.00 1083.15 1.594221 16.035225 -19164.128014 14.685955 4.741781 H2O
500.00 1073.15 1.602337 16.072523 -19309.489376 14.554594 4.794344 H2O
500.00 1063.15 1.611026 16.114403 -19462.548609 14.424220 4.851351 H2O
500.00 1053.15 1.619022 16.148155 -19608.074436 14.283309 4.909269 H2O
500.00 1043.15 1.626422 16.174740 -19747.199525 14.132813 4.968641 H2O
500.00 1033.15 1.678297 16.641052 -20428.515330 14.358401 5.168560 H2O

rhm-oxide_0 thermodynamic data and composition:
Pressure Temperature mass S H V Cp formula SiO2 TiO2 Al2O3 Fe2O3 FeO MnO MgO CaO Na2O K2O P2O5 H2O
500.00 1113.15 0.009785 0.017902 -72.057624 0.002099 0.008869 Mn0.04Fe''0.78Mg0.07Fe'''0.22Ti0.89O3 0 47.3024 0 11.6593 37.2896 1.86656 1.88217 0 0 0 0 0
500.00 1103.15 0.013041 0.023743 -95.981532 0.002795 0.011806 Mn0.04Fe''0.78Mg0.07Fe'''0.22Ti0.89O3 0 47.2993 0 11.566 37.407 1.97399 1.7537 0 0 0 0 0
500.00 1093.15 0.011676 0.021153 -85.901656 0.002500 0.010557 Mn0.04Fe''0.79Mg0.06Fe'''0.22Ti0.89O3 0 47.3041 0 11.4649 37.5126 2.08393 1.63439 0 0 0 0 0
500.00 1083.15 0.010488 0.018907 -77.147627 0.002243 0.009471 Mn0.05Fe''0.79Mg0.06Fe'''0.21Ti0.89O3 0 47.3162 0 11.3566 37.6075 2.19643 1.52329 0 0 0 0 0
500.00 1073.15 0.010368 0.018596 -76.260563 0.002216 0.009350 Mn0.05Fe''0.79Mg0.05Fe'''0.21Ti0.89O3 0 47.3367 0 11.2385 37.7087 2.29526 1.42077 0 0 0 0 0
500.00 1063.15 0.009704 0.017313 -71.470410 0.002072 0.008737 Mn0.05Fe''0.80Mg0.05Fe'''0.21Ti0.90O3 0 47.484 0 10.898 37.9024 2.37377 1.3418 0 0 0 0 0
500.00 1053.15 0.008500 0.015085 -62.700825 0.001814 0.007640 Mn0.05Fe''0.80Mg0.05Fe'''0.20Ti0.90O3 0 47.6411 0 10.5427 38.0868 2.46192 1.26753 0 0 0 0 0
500.00 1043.15 0.007709 0.013607 -56.956935 0.001645 0.006918 Mn0.05Fe''0.80Mg0.04Fe'''0.19Ti0.90O3 0 47.8025 0 10.1817 38.2629 2.55633 1.19651 0 0 0 0 0
500.00 1033.15 0.013368 0.023470 -99.065884 0.002851 0.011969 Mn0.07Fe''0.80Mg0.04Fe'''0.18Ti0.91O3 0 48.1061 0 9.52103 38.2371 3.05493 1.08084 0 0 0 0 0

quartz thermodynamic data and composition:
Pressure Temperature mass S H V Cp formula
500.00 1033.15 1.128620 2.226007 -16186.402293 0.444905 1.308432 SiO2

apatite thermodynamic data and composition:
Pressure Temperature mass S H V Cp formula
500.00 1133.15 0.001970 0.004126 -24.566955 0.000643 0.002222 Ca5(PO4)3OH
500.00 1123.15 0.008861 0.018466 -110.582181 0.002893 0.009980 Ca5(PO4)3OH
500.00 1113.15 0.008114 0.016827 -101.348721 0.002649 0.009125 Ca5(PO4)3OH
500.00 1103.15 0.006909 0.014257 -86.371434 0.002256 0.007757 Ca5(PO4)3OH
500.00 1093.15 0.005484 0.011262 -68.626556 0.001791 0.006148 Ca5(PO4)3OH
500.00 1083.15 0.004115 0.008409 -51.543800 0.001344 0.004606 Ca5(PO4)3OH
500.00 1073.15 0.003173 0.006449 -39.769316 0.001036 0.003545 Ca5(PO4)3OH
500.00 1063.15 0.004221 0.008536 -52.959775 0.001378 0.004709 Ca5(PO4)3OH
500.00 1053.15 0.002835 0.005704 -35.605925 0.000926 0.003158 Ca5(PO4)3OH
500.00 1043.15 0.001526 0.003055 -19.186099 0.000498 0.001697 Ca5(PO4)3OH
500.00 1033.15 0.044216 0.088013 -556.249908 0.014438 0.049082 Ca5(PO4)3OH

orthopyroxene_0 thermodynamic data and composition:
Pressure Temperature mass S H V Cp structure formula SiO2 TiO2 Al2O3 Fe2O3 FeO MnO MgO CaO Na2O K2O P2O5 H2O
500.00 1333.15 0.849202 1.950055 -10516.450976 0.257373 1.043012 opx Na0.00Ca0.07Fe''0.44Mg1.42Fe'''0.03Ti0.00Al0.11Si1.93O6 53.4386 0.129837 2.48975 1.15053 14.5709 0 26.3829 1.81914 0.0183223 0 0 0
500.00 1323.15 1.277606 2.917945 -15740.717439 0.386178 1.563473 opx Na0.00Ca0.07Fe''0.46Mg1.40Fe'''0.03Ti0.00Al0.10Si1.93O6 53.3801 0.115492 2.33999 1.09935 15.2837 0 25.9128 1.84958 0.0190535 0 0 0
500.00 1313.15 0.950298 2.158739 -11652.457910 0.286509 1.158905 opx Na0.00Ca0.07Fe''0.48Mg1.38Fe'''0.03Ti0.00Al0.09Si1.94O6 53.3205 0.103454 2.20727 1.05195 15.9516 0 25.4763 1.86928 0.0196637 0 0 0
500.00 1303.15 0.730331 1.650171 -8915.165693 0.219647 0.887695 opx Na0.00Ca0.07Fe''0.51Mg1.36Fe'''0.03Ti0.00Al0.09Si1.94O6 53.2599 0.0931839 2.08782 1.00768 16.5853 0 25.0659 1.88 0.0201657 0 0 0
500.00 1293.15 0.574500 1.291129 -6983.041171 0.172365 0.696043 opx Na0.00Ca0.07Fe''0.53Mg1.34Fe'''0.03Ti0.00Al0.09Si1.94O6 53.1982 0.0843095 1.97909 0.966071 17.1925 0 24.6763 1.88303 0.0205687 0 0 0
500.00 1283.15 0.459499 1.027149 -5562.356146 0.137538 0.554973 opx Na0.00Ca0.07Fe''0.54Mg1.33Fe'''0.03Ti0.00Al0.08Si1.95O6 53.1354 0.0765673 1.8793 0.926764 17.7782 0 24.3035 1.87936 0.0208803 0 0 0
500.00 1273.15 0.371936 0.826953 -4484.579786 0.111071 0.447844 opx Na0.00Ca0.07Fe''0.56Mg1.31Fe'''0.02Ti0.00Al0.08Si1.95O6 53.0715 0.0697622 1.78716 0.889483 18.3465 0 23.9447 1.86975 0.0211069 0 0 0
500.00 1263.15 0.303579 0.671335 -3646.307331 0.090451 0.364440 opx Na0.00Ca0.07Fe''0.58Mg1.29Fe'''0.02Ti0.00Al0.07Si1.95O6 53.0065 0.0637457 1.70169 0.854008 18.9001 0 23.5978 1.85485 0.0212546 0 0 0
500.00 1253.15 0.249231 0.548168 -2982.304908 0.074090 0.298314 opx Na0.00Ca0.07Fe''0.60Mg1.28Fe'''0.02Ti0.00Al0.07Si1.95O6 52.9404 0.0584006 1.62214 0.820161 19.4412 0 23.2612 1.8352 0.0213291 0 0 0
500.00 1243.15 0.205423 0.449360 -2449.085703 0.060931 0.245164 opx Na0.00Ca0.07Fe''0.62Mg1.26Fe'''0.02Ti0.00Al0.07Si1.95O6 52.8732 0.0536323 1.54787 0.787793 19.9714 0 22.9335 1.81126 0.021336 0 0 0
500.00 1233.15 0.169742 0.369279 -2016.417560 0.050236 0.201999 opx Na0.00Ca0.07Fe''0.63Mg1.25Fe'''0.02Ti0.00Al0.06Si1.96O6 52.8051 0.0493629 1.47836 0.756775 20.4918 0 22.6138 1.78347 0.0212808 0 0 0
500.00 1223.15 0.140446 0.303865 -1662.508501 0.041475 0.166662 opx Na0.00Ca0.07Fe''0.65Mg1.23Fe'''0.02Ti0.00Al0.06Si1.96O6 52.7361 0.0455269 1.41315 0.726997 21.0036 0 22.3012 1.75221 0.0211686 0 0 0
500.00 1213.15 0.116239 0.250098 -1371.170335 0.034251 0.137548 opx Na0.00Ca0.07Fe''0.67Mg1.22Fe'''0.02Ti0.00Al0.06Si1.96O6 52.6662 0.0420692 1.35185 0.698363 21.5076 0 21.995 1.71785 0.0210042 0 0 0
500.00 1203.15 0.096131 0.205681 -1130.085365 0.028265 0.113438 opx Na0.00Ca0.07Fe''0.69Mg1.21Fe'''0.02Ti0.00Al0.06Si1.96O6 52.5956 0.0389425 1.29408 0.670788 22.0045 0 21.6946 1.68072 0.0207923 0 0 0
500.00 1193.15 0.079354 0.168832 -929.704995 0.023281 0.093382 opx Na0.00Ca0.07Fe''0.70Mg1.19Fe'''0.02Ti0.00Al0.05Si1.96O6 52.5243 0.0361067 1.23955 0.644201 22.4948 0 21.3994 1.64112 0.0205369 0 0 0
500.00 1183.15 0.065303 0.138150 -762.521236 0.019118 0.076636 opx Na0.00Ca0.06Fe''0.72Mg1.18Fe'''0.02Ti0.00Al0.05Si1.96O6 52.4524 0.0335271 1.18795 0.618538 22.9791 0 21.1089 1.59933 0.0202422 0 0 0
500.00 1173.15 0.053494 0.112522 -622.565914 0.015627 0.062607 opx Na0.00Ca0.06Fe''0.74Mg1.17Fe'''0.02Ti0.00Al0.05Si1.97O6 52.3799 0.0311737 1.13904 0.593744 23.4578 0 20.8228 1.55564 0.0199118 0 0 0
500.00 1163.15 0.043539 0.091056 -505.054340 0.012692 0.050819 opx Na0.00Ca0.06Fe''0.75Mg1.15Fe'''0.02Ti0.00Al0.05Si1.97O6 52.3069 0.0290207 1.09258 0.569773 23.9312 0 20.5407 1.51029 0.0195491 0 0 0
500.00 1153.15 0.035125 0.073032 -406.124297 0.010218 0.040888 opx Na0.00Ca0.06Fe''0.77Mg1.14Fe'''0.02Ti0.00Al0.05Si1.97O6 52.2334 0.0270457 1.04836 0.546582 24.3997 0 20.2623 1.46351 0.0191573 0 0 0
500.00 1143.15 0.027995 0.057866 -322.640389 0.008126 0.032500 opx Na0.00Ca0.06Fe''0.79Mg1.13Fe'''0.01Ti0.00Al0.04Si1.97O6 52.1595 0.0252293 1.00621 0.524137 24.8635 0 19.9872 1.41554 0.0187394 0 0 0
500.00 1133.15 0.022300 0.045822 -256.183961 0.006459 0.025820 opx Na0.00Ca0.06Fe''0.80Mg1.11Fe'''0.01Ti0.00Al0.04Si1.97O6 52.0852 0.0235574 0.965888 0.502381 25.3229 0 19.7151 1.36659 0.0182979 0 0 0
500.00 1123.15 0.018182 0.037139 -208.222824 0.005256 0.020997 opx Na0.00Ca0.05Fe''0.82Mg1.10Fe'''0.01Ti0.00Al0.04Si1.97O6 52.0108 0.0220208 0.927159 0.481234 25.778 0 19.4461 1.31689 0.017835 0 0 0
500.00 1113.15 0.020148 0.040891 -229.599778 0.005808 0.023188 opx Na0.00Ca0.05Fe''0.84Mg1.08Fe'''0.01Ti0.00Al0.04Si1.97O6 51.8831 0.0197968 0.896381 0.468239 26.4047 0 19.0487 1.26176 0.0172789 0 0 0
500.00 1103.15 0.018121 0.036533 -205.328026 0.005207 0.020777 opx Na0.00Ca0.05Fe''0.86Mg1.06Fe'''0.01Ti0.00Al0.04Si1.97O6 51.7338 0.017551 0.869574 0.458642 27.0985 0 18.6013 1.20398 0.0166804 0 0 0
500.00 1093.15 0.014151 0.028339 -159.431544 0.004053 0.016164 opx Na0.00Ca0.05Fe''0.89Mg1.04Fe'''0.01Ti0.00Al0.04Si1.97O6 51.5829 0.0155759 0.844144 0.449564 27.7929 0 18.153 1.14579 0.0160727 0 0 0
500.00 1083.15 0.010701 0.021286 -119.873381 0.003056 0.012177 opx Na0.00Ca0.04Fe''0.91Mg1.01Fe'''0.01Ti0.00Al0.04Si1.98O6 51.4309 0.0138362 0.819871 0.440959 28.4875 0 17.7038 1.08771 0.0154605 0 0 0
500.00 1073.15 0.002298 0.004541 -25.597965 0.000654 0.002605 opx Na0.00Ca0.04Fe''0.94Mg0.99Fe'''0.01Ti0.00Al0.04Si1.98O6 51.2769 0.0123043 0.796557 0.432822 29.185 0 17.2514 1.03015 0.0148451 0 0 0

spinel_0 thermodynamic data and composition:
Pressure Temperature mass S H V Cp formula SiO2 TiO2 Al2O3 Fe2O3 FeO MnO MgO CaO Na2O K2O P2O5 H2O
500.00 1343.15 4.375644 9.172610 -25858.298666 0.952805 4.157443 Fe''0.92Mg0.34Fe'''1.18Al0.30Cr0.00Ti0.26O4 0 9.772 7.35929 44.9741 31.3784 0 6.51615 0 0 0 0 0
500.00 1333.15 1.371009 2.856711 -7966.621712 0.296982 1.295510 Fe''0.95Mg0.32Fe'''1.19Al0.28Cr0.00Ti0.26O4 0 9.9694 6.71495 45.1115 32.1311 0 6.07302 0 0 0 0 0
500.00 1323.15 0.986279 2.041752 -5620.347963 0.212374 0.926285 Fe''0.98Mg0.29Fe'''1.20Al0.25Cr0.00Ti0.27O4 0 10.2334 5.99677 45.1638 33.0561 0 5.54983 0 0 0 0 0
500.00 1313.15 0.722965 1.487617 -4055.101482 0.154899 0.675546 Fe''1.01Mg0.27Fe'''1.21Al0.23Cr0.00Ti0.28O4 0 10.4542 5.42153 45.1782 33.8331 0 5.11297 0 0 0 0 0
500.00 1303.15 0.550383 1.126016 -3046.508029 0.117416 0.512049 Fe''1.03Mg0.25Fe'''1.22Al0.21Cr0.00Ti0.29O4 0 10.6442 4.94382 45.1712 34.5021 0 4.73871 0 0 0 0 0
500.00 1293.15 0.431178 0.877284 -2359.925463 0.091639 0.399621 Fe''1.06Mg0.24Fe'''1.22Al0.19Cr0.00Ti0.29O4 0 10.8113 4.5368 45.151 35.0888 0 4.41212 0 0 0 0 0
500.00 1283.15 0.345326 0.698860 -1871.728168 0.073145 0.318968 Fe''1.08Mg0.22Fe'''1.23Al0.18Cr0.00Ti0.30O4 0 10.9612 4.18338 45.1211 35.6111 0 4.12322 0 0 0 0 0
500.00 1273.15 0.281400 0.566530 -1512.360515 0.059424 0.259129 Fe''1.09Mg0.21Fe'''1.23Al0.17Cr0.00Ti0.30O4 0 11.0983 3.87207 45.0832 36.0815 0 3.86498 0 0 0 0 0
500.00 1263.15 0.232507 0.465711 -1240.331419 0.048964 0.213511 Fe''1.11Mg0.20Fe'''1.23Al0.15Cr0.00Ti0.31O4 0 11.2257 3.59476 45.0376 36.5096 0 3.63225 0 0 0 0 0
500.00 1253.15 0.194302 0.387238 -1029.768734 0.040815 0.177973 Fe''1.13Mg0.19Fe'''1.23Al0.14Cr0.00Ti0.31O4 0 11.3462 3.34553 44.9843 36.9029 0 3.42113 0 0 0 0 0
500.00 1243.15 0.163929 0.325092 -863.806373 0.034355 0.149800 Fe''1.14Mg0.18Fe'''1.24Al0.13Cr0.00Ti0.32O4 0 11.4617 3.1199 44.9227 37.2672 0 3.22857 0 0 0 0 0
500.00 1233.15 0.139438 0.275174 -731.034558 0.029160 0.127142 Fe''1.15Mg0.17Fe'''1.24Al0.13Cr0.00Ti0.32O4 0 11.574 2.91434 44.8522 37.6073 0 3.05213 0 0 0 0 0
500.00 1223.15 0.119456 0.234600 -623.484694 0.024932 0.108700 Fe''1.16Mg0.16Fe'''1.24Al0.12Cr0.00Ti0.32O4 0 11.6847 2.72609 44.7723 37.9271 0 2.8898 0 0 0 0 0
500.00 1213.15 0.102989 0.201290 -535.437953 0.021455 0.093537 Fe''1.18Mg0.15Fe'''1.24Al0.11Cr0.00Ti0.33O4 0 11.7949 2.55287 44.6823 38.23 0 2.73991 0 0 0 0 0
500.00 1203.15 0.089302 0.173706 -462.694431 0.018572 0.080960 Fe''1.19Mg0.14Fe'''1.24Al0.10Cr0.00Ti0.33O4 0 11.9057 2.39283 44.5817 38.5187 0 2.60105 0 0 0 0 0
500.00 1193.15 0.077839 0.150690 -402.109171 0.016162 0.070448 Fe''1.20Mg0.14Fe'''1.24Al0.10Cr0.00Ti0.33O4 0 12.0179 2.24442 44.47 38.7956 0 2.47203 0 0 0 0 0
500.00 1183.15 0.068175 0.131356 -351.288156 0.014134 0.061602 Fe''1.21Mg0.13Fe'''1.23Al0.09Cr0.00Ti0.34O4 0 12.1322 2.10635 44.3468 39.0628 0 2.3518 0 0 0 0 0
500.00 1173.15 0.059978 0.115017 -308.383312 0.012417 0.054112 Fe''1.22Mg0.12Fe'''1.23Al0.09Cr0.00Ti0.34O4 0 12.2492 1.97753 44.2118 39.322 0 2.23948 0 0 0 0 0
500.00 1163.15 0.052988 0.101134 -271.950694 0.010956 0.047735 Fe''1.23Mg0.12Fe'''1.23Al0.08Cr0.00Ti0.34O4 0 12.3694 1.85703 44.0648 39.5745 0 2.13428 0 0 0 0 0
500.00 1153.15 0.046998 0.089278 -240.850159 0.009705 0.042279 Fe''1.24Mg0.11Fe'''1.23Al0.08Cr0.00Ti0.35O4 0 12.493 1.74406 43.9057 39.8217 0 2.03552 0 0 0 0 0
500.00 1143.15 0.041841 0.079108 -214.172987 0.008631 0.037589 Fe''1.25Mg0.11Fe'''1.22Al0.07Cr0.00Ti0.35O4 0 12.6204 1.63793 43.7344 40.0647 0 1.94259 0 0 0 0 0
500.00 1133.15 0.037384 0.070348 -191.193281 0.007703 0.033541 Fe''1.25Mg0.10Fe'''1.22Al0.07Cr0.00Ti0.36O4 0 12.7537 1.53789 43.5475 40.3058 0 1.85504 0 0 0 0 0
500.00 1123.15 0.033503 0.062746 -171.247018 0.006896 0.030020 Fe''1.26Mg0.10Fe'''1.21Al0.06Cr0.00Ti0.36O4 0 12.8972 1.44316 43.3374 40.5496 0 1.77259 0 0 0 0 0
500.00 1113.15 0.018525 0.034504 -94.248187 0.003806 0.016577 Fe''1.26Mg0.09Fe'''1.23Al0.06Cr0.00Ti0.36O4 0 12.6706 1.37015 43.7992 40.5014 0 1.6587 0 0 0 0 0
500.00 1103.15 0.012975 0.024027 -65.617245 0.002661 0.011596 Fe''1.26Mg0.09Fe'''1.25Al0.06Cr0.00Ti0.35O4 0 12.3112 1.3068 44.5033 40.3383 0 1.54031 0 0 0 0 0
500.00 1093.15 0.012077 0.022235 -60.733467 0.002472 0.010780 Fe''1.26Mg0.08Fe'''1.27Al0.05Cr0.00Ti0.34O4 0 11.9608 1.24639 45.1915 40.1704 0 1.43083 0 0 0 0 0
500.00 1083.15 0.011265 0.020618 -56.344915 0.002301 0.010043 Fe''1.25Mg0.07Fe'''1.29Al0.05Cr0.00Ti0.33O4 0 11.6189 1.1887 45.8646 39.9985 0 1.32937 0 0 0 0 0
500.00 1073.15 0.006803 0.012378 -33.854670 0.001387 0.006058 Fe''1.25Mg0.07Fe'''1.31Al0.05Cr0.00Ti0.32O4 0 11.2888 1.13322 46.516 39.827 0 1.23501 0 0 0 0 0

Title: Hr

Phase Masses:
Pressure Temperature mass liquid_0 olivine_0 orthopyroxene_0 clinopyroxene_0 feldspar_0 quartz spinel_0 rhm-oxide_0 apatite water 
500.00 1523.15 100.113279 99.933458 0.000000 0.000000 0.000000 0.000000 0.000000 0.000000 0.000000 0.000000 0.179821 
500.00 1513.15 100.113924 99.938249 0.000000 0.000000 0.000000 0.000000 0.000000 0.000000 0.000000 0.000000 0.175675 
500.00 1503.15 100.114609 99.943157 0.000000 0.000000 0.000000 0.000000 0.000000 0.000000 0.000000 0.000000 0.171452 
500.00 1493.15 100.115335 99.948185 0.000000 0.000000 0.000000 0.000000 0.000000 0.000000 0.000000 0.000000 0.167150 
500.00 1483.15 100.116103 99.953336 0.000000 0.000000 0.000000 0.000000 0.000000 0.000000 0.000000 0.000000 0.162767 
500.00 1473.15 100.116915 99.958614 0.000000 0.000000 0.000000 0.000000 0.000000 0.000000 0.000000 0.000000 0.158300 
500.00 1463.15 100.117772 99.964022 0.000000 0.000000 0.000000 0.000000 0.000000 0.000000 0.000000 0.000000 0.153749 
500.00 1453.15 100.118675 99.969564 0.000000 0.000000 0.000000 0.000000 0.000000 0.000000 0.000000 0.000000 0.149111 
500.00 1443.15 100.119626 99.975243 0.000000 0.000000 0.000000 0.000000 0.000000 0.000000 0.000000 0.000000 0.144383 
500.00 1433.15 100.120627 99.981064 0.000000 0.000000 0.000000 0.000000 0.000000 0.000000 0.000000 0.000000 0.139564 
500.00 1423.15 100.121680 99.987030 0.000000 0.000000 0.000000 0.000000 0.000000 0.000000 0.000000 0.000000 0.134650 
500.00 1413.15 100.122785 99.993145 0.000000 0.000000 0.000000 0.000000 0.000000 0.000000 0.000000 0.000000 0.129640 
500.00 1403.15 100.121824 99.261090 0.732521 0.000000 0.000000 0.000000 0.000000 0.000000 0.000000 0.000000 0.128213 
500.00 1393.15 99.389075 98.454849 0.807227 0.000000 0.000000 0.000000 0.000000 0.000000 0.000000 0.000000 0.126998 
500.00 1383.15 98.581635 97.672903 0.783231 0.000000 0.000000 0.000000 0.000000 0.000000 0.000000 0.000000 0.125501 
500.00 1373.15 97.802449 91.847296 0.000000 0.000000 5.754323 0.000000 0.000000 0.000000 0.000000 0.000000 0.200829 
500.00 1363.15 92.052094 87.595803 0.000000 0.000000 4.201857 0.000000 0.000000 0.000000 0.000000 0.000000 0.254434 
500.00 1353.15 87.849137 80.291445 0.835180 0.000000 2.796734 3.541035 0.000000 0.000000 0.000000 0.000000 0.384743 
500.00 1343.15 80.818296 64.997272 0.361484 0.000000 5.183828 5.297105 0.000000 4.375644 0.000000 0.000000 0.602963 
500.00 1333.15 65.645582 57.010078 0.000000 0.849202 1.950894 3.723747 0.000000 1.371009 0.000000 0.000000 0.740652 
500.00 1323.15 57.782396 50.247928 0.000000 1.277606 0.763318 3.642049 0.000000 0.986279 0.000000 0.000000 0.865215 
500.00 1313.15 51.136795 45.097436 0.000000 0.950298 0.478926 2.923905 0.000000 0.722965 0.000000 0.000000 0.963265 
500.00 1303.15 46.079204 41.021376 0.000000 0.730331 0.312810 2.421146 0.000000 0.550383 0.000000 0.000000 1.043157 
500.00 1293.15 42.079551 37.700889 0.000000 0.574500 0.212382 2.050657 0.000000 0.431178 0.000000 0.000000 1.109945 
500.00 1283.15 38.823395 34.935229 0.000000 0.459499 0.150346 1.766130 0.000000 0.345326 0.000000 0.000000 1.166865 
500.00 1273.15 36.112867 32.591510 0.000000 0.371936 0.111570 1.540356 0.000000 0.281400 0.000000 0.000000 1.216094 
500.00 1263.15 33.817041 30.578216 0.000000 0.303579 0.087318 1.356268 0.000000 0.232507 0.000000 0.000000 1.259154 
500.00 1253.15 31.845786 28.829788 0.000000 0.249231 0.072220 1.203093 0.000000 0.194302 0.000000 0.000000 1.297153 
500.00 1243.15 30.134565 27.297711 0.000000 0.205423 0.062914 1.073663 0.000000 0.163929 0.000000 0.000000 1.330925 
500.00 1233.15 28.635637 25.945071 0.000000 0.169742 0.057255 0.963013 0.000000 0.139438 0.000000 0.000000 1.361117 
500.00 1223.15 27.312692 24.743115 0.000000 0.140446 0.053866 0.867563 0.000000 0.119456 0.000000 0.000000 1.388246 
500.00 1213.15 26.137464 23.669007 0.000000 0.116239 0.051858 0.784642 0.000000 0.102989 0.000000 0.000000 1.412729 
500.00 1203.15 25.087514 22.704321 0.000000 0.096131 0.050663 0.712188 0.000000 0.089302 0.000000 0.000000 1.434910 
500.00 1193.15 24.144742 21.833985 0.000000 0.079354 0.049919 0.648570 0.000000 0.077839 0.000000 0.000000 1.455076 
500.00 1183.15 23.294353 21.045538 0.000000 0.065303 0.049398 0.592470 0.000000 0.068175 0.000000 0.000000 1.473469 
500.00 1173.15 22.524117 20.328579 0.000000 0.053494 0.048963 0.542807 0.000000 0.059978 0.000000 0.000000 1.490296 
500.00 1163.15 21.823834 19.674360 0.000000 0.043539 0.048531 0.498683 0.000000 0.052988 0.000000 0.000000 1.505733 
500.00 1153.15 21.184924 19.075466 0.000000 0.035125 0.048058 0.459347 0.000000 0.046998 0.000000 0.000000 1.519930 
500.00 1143.15 20.600121 18.525579 0.000000 0.027995 0.047521 0.424165 0.000000 0.041841 0.000000 0.000000 1.533020 
500.00 1133.15 20.063229 18.017062 0.000000 0.022300 0.046562 0.392817 0.000000 0.037384 0.000000 0.001970 1.545134 
500.00 1123.15 19.567740 17.541018 0.000000 0.018182 0.044821 0.364946 0.000000 0.033503 0.000000 0.008861 1.556407 
500.00 1113.15 19.102624 17.094039 0.000000 0.020148 0.040328 0.344762 0.000000 0.018525 0.009785 0.008114 1.566923 
500.00 1103.15 18.667046 16.678627 0.000000 0.018121 0.038459 0.322217 0.000000 0.012975 0.013041 0.006909 1.576697 
500.00 1093.15 18.261412 16.294475 0.000000 0.014151 0.038045 0.299728 0.000000 0.012077 0.011676 0.005484 1.585775 
500.00 1083.15 17.886341 15.938568 0.000000 0.010701 0.037596 0.279386 0.000000 0.011265 0.010488 0.004115 1.594221 
500.00 1073.15 17.538711 15.603186 0.009953 0.002298 0.037267 0.263326 0.000000 0.006803 0.010368 0.003173 1.602337 
500.00 1063.15 17.211957 15.262825 0.040175 0.000000 0.018212 0.265795 0.000000 0.000000 0.009704 0.004221 1.611026 
500.00 1053.15 16.878371 14.950039 0.033865 0.000000 0.017844 0.246265 0.000000 0.000000 0.008500 0.002835 1.619022 
500.00 1043.15 16.573626 14.661709 0.029830 0.000000 0.017624 0.228806 0.000000 0.000000 0.007709 0.001526 1.626422 
500.00 1033.15 16.292141 12.642349 0.061638 0.000000 0.049952 0.673701 1.128620 0.000000 0.013368 0.044216 1.678297 

Title: Hr

Phase Volumes:
Pressure Temperature mass V liquid_0 olivine_0 orthopyroxene_0 clinopyroxene_0 feldspar_0 quartz spinel_0 rhm-oxide_0 apatite water 
500.00 1523.15 100.113279 42.146039 39.598221 0.000000 0.000000 0.000000 0.000000 0.000000 0.000000 0.000000 0.000000 2.547818 
500.00 1513.15 100.113924 42.028818 39.557988 0.000000 0.000000 0.000000 0.000000 0.000000 0.000000 0.000000 0.000000 2.470829 
500.00 1503.15 100.114609 41.911453 39.517868 0.000000 0.000000 0.000000 0.000000 0.000000 0.000000 0.000000 0.000000 2.393585 
500.00 1493.15 100.115335 41.793948 39.477865 0.000000 0.000000 0.000000 0.000000 0.000000 0.000000 0.000000 0.000000 2.316083 
500.00 1483.15 100.116103 41.676304 39.437980 0.000000 0.000000 0.000000 0.000000 0.000000 0.000000 0.000000 0.000000 2.238324 
500.00 1473.15 100.116915 41.558526 39.398218 0.000000 0.000000 0.000000 0.000000 0.000000 0.000000 0.000000 0.000000 2.160308 
500.00 1463.15 100.117772 41.440614 39.358580 0.000000 0.000000 0.000000 0.000000 0.000000 0.000000 0.000000 0.000000 2.082035 
500.00 1453.15 100.118675 41.322574 39.319070 0.000000 0.000000 0.000000 0.000000 0.000000 0.000000 0.000000 0.000000 2.003504 
500.00 1443.15 100.119626 41.204409 39.279690 0.000000 0.000000 0.000000 0.000000 0.000000 0.000000 0.000000 0.000000 1.924718 
500.00 1433.15 100.120627 41.086123 39.240445 0.000000 0.000000 0.000000 0.000000 0.000000 0.000000 0.000000 0.000000 1.845678 
500.00 1423.15 100.121680 40.967722 39.201337 0.000000 0.000000 0.000000 0.000000 0.000000 0.000000 0.000000 0.000000 1.766385 
500.00 1413.15 100.122785 40.849210 39.162369 0.000000 0.000000 0.000000 0.000000 0.000000 0.000000 0.000000 0.000000 1.686841 
500.00 1403.15 100.121824 40.755570 38.879588 0.221428 0.000000 0.000000 0.000000 0.000000 0.000000 0.000000 0.000000 1.654553 
500.00 1393.15 99.389075 40.442198 38.573624 0.243320 0.000000 0.000000 0.000000 0.000000 0.000000 0.000000 0.000000 1.625255 
500.00 1383.15 98.581635 40.104991 38.277015 0.235393 0.000000 0.000000 0.000000 0.000000 0.000000 0.000000 0.000000 1.592583 
500.00 1373.15 97.802449 40.345250 36.056490 0.000000 0.000000 1.761969 0.000000 0.000000 0.000000 0.000000 0.000000 2.526791 
500.00 1363.15 92.052094 38.889819 34.433766 0.000000 0.000000 1.282390 0.000000 0.000000 0.000000 0.000000 0.000000 3.173662 
500.00 1353.15 87.849137 38.730663 31.557803 0.246413 0.000000 0.850682 1.318546 0.000000 0.000000 0.000000 0.000000 4.757219 
500.00 1343.15 80.818296 38.265580 26.258682 0.106496 0.000000 1.581166 1.976824 0.000000 0.952805 0.000000 0.000000 7.389608 
500.00 1333.15 65.645582 34.826442 23.289321 0.000000 0.257373 0.594692 1.392184 0.000000 0.296982 0.000000 0.000000 8.995890 
500.00 1323.15 57.782396 33.334980 20.726169 0.000000 0.386178 0.232430 1.364198 0.000000 0.212374 0.000000 0.000000 10.413632 
500.00 1313.15 51.136795 31.929078 18.757358 0.000000 0.286509 0.145687 1.097274 0.000000 0.154899 0.000000 0.000000 11.487351 
500.00 1303.15 46.079204 30.853318 17.186491 0.000000 0.219647 0.095066 0.910310 0.000000 0.117416 0.000000 0.000000 12.324387 
500.00 1293.15 42.079551 29.987510 15.896774 0.000000 0.172365 0.064488 0.772439 0.000000 0.091639 0.000000 0.000000 12.989804 
500.00 1283.15 38.823395 29.262683 14.814549 0.000000 0.137538 0.045613 0.666459 0.000000 0.073145 0.000000 0.000000 13.525379 
500.00 1273.15 36.112867 28.636856 13.890962 0.000000 0.111071 0.033822 0.582266 0.000000 0.059424 0.000000 0.000000 13.959311 
500.00 1263.15 33.817041 28.083086 13.092314 0.000000 0.090451 0.026449 0.513525 0.000000 0.048964 0.000000 0.000000 14.311383 
500.00 1253.15 31.845786 27.583465 12.394405 0.000000 0.074090 0.021860 0.456242 0.000000 0.040815 0.000000 0.000000 14.596053 
500.00 1243.15 30.134565 27.125597 11.779269 0.000000 0.060931 0.019029 0.407762 0.000000 0.034355 0.000000 0.000000 14.824251 
500.00 1233.15 28.635637 26.700607 11.233181 0.000000 0.050236 0.017305 0.366249 0.000000 0.029160 0.000000 0.000000 15.004476 
500.00 1223.15 27.312692 26.301951 10.745406 0.000000 0.041475 0.016269 0.330382 0.000000 0.024932 0.000000 0.000000 15.143489 
500.00 1213.15 26.137464 25.924676 10.307372 0.000000 0.034251 0.015652 0.299173 0.000000 0.021455 0.000000 0.000000 15.246773 
500.00 1203.15 25.087514 25.564948 9.912128 0.000000 0.028265 0.015281 0.271864 0.000000 0.018572 0.000000 0.000000 15.318839 
500.00 1193.15 24.144742 25.219739 9.553959 0.000000 0.023281 0.015047 0.247851 0.000000 0.016162 0.000000 0.000000 15.363439 
500.00 1183.15 23.294353 24.886620 9.228116 0.000000 0.019118 0.014880 0.226647 0.000000 0.014134 0.000000 0.000000 15.383726 
500.00 1173.15 22.524117 24.563611 8.930613 0.000000 0.015627 0.014739 0.207852 0.000000 0.012417 0.000000 0.000000 15.382363 
500.00 1163.15 21.823834 24.249081 8.658082 0.000000 0.012692 0.014600 0.191133 0.000000 0.010956 0.000000 0.000000 15.361618 
500.00 1153.15 21.184924 23.941666 8.407656 0.000000 0.010218 0.014449 0.176211 0.000000 0.009705 0.000000 0.000000 15.323427 
500.00 1143.15 20.600121 23.640217 8.176882 0.000000 0.008126 0.014278 0.162851 0.000000 0.008631 0.000000 0.000000 15.269449 
500.00 1133.15 20.063229 23.343846 7.962823 0.000000 0.006459 0.013982 0.150936 0.000000 0.007703 0.000000 0.000643 15.201300 
500.00 1123.15 19.567740 23.051464 7.762088 0.000000 0.005256 0.013451 0.140335 0.000000 0.006896 0.000000 0.002893 15.120545 
500.00 1113.15 19.102624 22.760116 7.572815 0.000000 0.005808 0.012091 0.132666 0.000000 0.003806 0.002099 0.002649 15.028182 
500.00 1103.15 18.667046 22.469367 7.396311 0.000000 0.005207 0.011518 0.124072 0.000000 0.002661 0.002795 0.002256 14.924548 
500.00 1093.15 18.261412 22.180481 7.232573 0.000000 0.004053 0.011381 0.115485 0.000000 0.002472 0.002500 0.001791 14.810225 
500.00 1083.15 17.886341 21.894234 7.080388 0.000000 0.003056 0.011234 0.107713 0.000000 0.002301 0.002243 0.001344 14.685955 
500.00 1073.15 17.538711 21.611859 6.936768 0.002502 0.000654 0.011122 0.101581 0.000000 0.001387 0.002216 0.001036 14.554594 
500.00 1063.15 17.211957 21.337740 6.791997 0.010060 0.000000 0.005431 0.102580 0.000000 0.000000 0.002072 0.001378 14.424220 
500.00 1053.15 16.878371 21.053329 6.658426 0.008451 0.000000 0.005318 0.095084 0.000000 0.000000 0.001814 0.000926 14.283309 
500.00 1043.15 16.573626 20.770796 6.534791 0.007420 0.000000 0.005249 0.088380 0.000000 0.000000 0.001645 0.000498 14.132813 
500.00 1033.15 16.292141 20.746645 5.635321 0.015267 0.000000 0.014867 0.260595 0.444905 0.000000 0.002851 0.014438 14.358401 

Title: Hr

Solid Composition:
Pressure Temperature mass SiO2 TiO2 Al2O3 Fe2O3 FeO MnO MgO CaO Na2O K2O P2O5 H2O 
500.00 1523.15 0.179821 -2.00841e-011 6.32038e-012 2.14182e-011 -3.7127e-011 9.21542e-010 1.19757e-013 0 -5.70613e-011 7.17487e-013 -4.54387e-014 8.0448e-013 100
500.00 1513.15 0.175675 3.23353e-012 0 -7.80291e-013 0 0 0 0 3.32257e-013 0 0 0 100
500.00 1503.15 0.171452 3.73873e-012 0 5.93186e-013 0 0 0 0 -9.92954e-014 0 0 0 100
500.00 1493.15 0.167150 5.92392e-013 0 3.96818e-013 0 0 0 0 2.76453e-013 0 0 0 100
500.00 1483.15 0.162767 3.10576e-012 0 1.35835e-013 0 0 0 0 -1.94246e-013 0 0 0 100
500.00 1473.15 0.158300 9.87644e-014 0 -2.79334e-014 0 0 0 0 1.07545e-013 0 0 0 100
500.00 1463.15 0.153749 2.37272e-013 0 -3.73883e-013 0 0 0 0 -2.8473e-013 0 0 0 100
500.00 1453.15 0.149111 -3.73969e-012 0 -6.82063e-013 0 0 0 0 2.28346e-013 0 0 0 100
500.00 1443.15 0.144383 -1.04675e-012 0 9.49404e-013 0 0 0 0 -2.86356e-013 0 0 0 100
500.00 1433.15 0.139564 6.60941e-012 0 6.65354e-013 0 0 0 0 2.61392e-013 0 0 0 100
500.00 1423.15 0.134650 7.35374e-013 0 4.92595e-013 0 0 0 0 -5.238e-013 0 0 0 100
500.00 1413.15 0.129640 4.42195e-013 0 -8.52719e-013 0 0 0 0 -5.06521e-013 0 0 0 100
500.00 1403.15 0.860734 33.4844 0 1.07884e-013 0 14.801 0.245157 36.2407 0.333061 0 0 0 14.8957
500.00 1393.15 0.934225 33.901 0 4.25987e-014 0 15.5266 0.255403 36.3789 0.344096 0 0 0 13.594
500.00 1383.15 0.908731 33.7167 0 -1.02185e-013 0 16.0072 0.261454 35.8548 0.349324 0 0 0 13.8106
500.00 1373.15 5.955152 47.2793 1.0065 5.38585 2.86355 5.47397 0 14.1494 20.3145 0.15466 0 0 3.37236
500.00 1363.15 4.456291 45.612 1.14167 5.62451 2.98966 5.62762 0 13.4384 19.6941 0.162534 0 0 5.70954
500.00 1353.15 7.557692 44.1666 0.510522 18.1107 1.23496 4.88287 0.0453799 9.40805 15.5825 0.950959 0.0166716 0 5.09075
500.00 1343.15 15.821024 33.1077 3.01354 14.9049 13.3574 11.4824 0.0128187 7.53245 11.9466 0.817038 0.0139833 0 3.81115
500.00 1333.15 8.635504 37.4883 1.78835 16.5904 7.87527 8.2231 0 6.95738 11.3258 1.15355 0.0210156 0 8.57683
500.00 1323.15 7.534468 38.0131 1.444 17.3109 6.36338 7.70466 0 6.62906 9.60168 1.42208 0.0276734 0 11.4834
500.00 1313.15 6.039359 36.651 1.33299 16.797 5.77766 7.19512 0 5.78971 8.89629 1.57832 0.0321952 0 15.9498
500.00 1303.15 5.057828 35.1588 1.22179 16.1442 5.21717 6.65851 0 5.03763 8.18716 1.71343 0.0366399 0 20.6246
500.00 1293.15 4.378662 33.5923 1.11434 15.3945 4.69315 6.12037 0 4.37298 7.49771 1.82475 0.0409315 0 25.3489
500.00 1283.15 3.888165 31.9923 1.01295 14.5843 4.21097 5.59751 0 3.79169 6.84343 1.91111 0.0450024 0 30.0107
500.00 1273.15 3.521357 30.3882 0.91884 13.7439 3.77218 5.10026 0 3.28705 6.23323 1.97277 0.048797 0 34.5348
500.00 1263.15 3.238826 28.7991 0.832509 12.8955 3.37613 4.63444 0 2.85115 5.6712 2.01081 0.0522668 0 38.8769
500.00 1253.15 3.015999 27.2403 0.753951 12.0569 3.02057 4.20266 0 2.47576 5.15808 2.0273 0.0553816 0 43.0091
500.00 1243.15 2.836854 25.7237 0.682867 11.2414 2.70254 3.80551 0 2.15298 4.69248 2.02486 0.0581278 0 46.9155
500.00 1233.15 2.690565 24.2589 0.6188 10.4585 2.41876 3.44228 0 1.87561 4.27176 2.00639 0.0605073 0 50.5885
500.00 1223.15 2.569577 22.8533 0.561219 9.71455 2.16598 3.11151 0 1.63721 3.89266 1.97481 0.0625344 0 54.0263
500.00 1213.15 2.468457 21.5124 0.50957 9.01359 1.94104 2.81126 0 1.43217 3.55164 1.93289 0.0642327 0 57.2313
500.00 1203.15 2.383194 20.2397 0.463305 8.35751 1.74101 2.5394 0 1.25564 3.24516 1.88312 0.0656321 0 60.2095
500.00 1193.15 2.310758 19.0372 0.421899 7.74673 1.56319 2.29368 0 1.10343 2.96979 1.8277 0.0667659 0 62.9696
500.00 1183.15 2.248815 17.9052 0.384861 7.18049 1.40513 2.07187 0 0.971993 2.7223 1.76847 0.0676684 0 65.522
500.00 1173.15 2.195538 16.8428 0.351738 6.65724 1.26461 1.87183 0 0.858288 2.49972 1.70694 0.0683735 0 67.8784
500.00 1163.15 2.149474 15.8483 0.322114 6.17488 1.13966 1.69149 0 0.759736 2.29934 1.64433 0.0689133 0 70.0512
500.00 1153.15 2.109458 14.9191 0.295614 5.73098 1.0285 1.52896 0 0.674142 2.11871 1.58161 0.0693178 0 72.0531
500.00 1143.15 2.074541 14.052 0.2719 5.32293 0.929562 1.38245 0 0.599647 1.95564 1.5195 0.0696142 0 73.8968
500.00 1133.15 2.046167 13.2362 0.250313 4.94512 0.84027 1.2517 0 0.535405 1.85734 1.45773 0.0698008 0.0408163 75.5153
500.00 1123.15 2.026722 12.4541 0.230119 4.58993 0.757824 1.13603 0 0.480259 1.89927 1.39518 0.0698424 0.18532 76.8022
500.00 1113.15 2.008585 11.9547 0.362196 4.32219 0.498508 1.03706 0.00909276 0.463633 1.73814 1.3538 0.0709618 0.171225 78.0185
500.00 1103.15 1.988419 11.3387 0.404238 4.03967 0.401759 0.969486 0.0129465 0.426742 1.58767 1.29991 0.0713248 0.147269 79.3002
500.00 1093.15 1.966937 10.6971 0.367302 3.76495 0.379624 0.888327 0.0123707 0.381344 1.45045 1.24245 0.071321 0.118185 80.6266
500.00 1083.15 1.947773 10.1021 0.334432 3.51293 0.359164 0.814098 0.0118274 0.341398 1.32318 1.18775 0.0713162 0.089559 81.8522
500.00 1073.15 1.935525 9.62699 0.305104 3.29857 0.254051 0.829475 0.0862155 0.307689 1.21888 1.14315 0.0717884 0.0694757 82.7886
500.00 1063.15 1.949132 9.60513 0.24211 3.25715 0.0684333 1.20266 0.320965 0.306366 1.01692 1.1552 0.0758923 0.0917913 82.6574
500.00 1053.15 1.928331 8.9945 0.215637 3.02917 0.0601989 1.04898 0.286033 0.264009 0.907691 1.09418 0.0748908 0.0623235 83.9624
500.00 1043.15 1.911917 8.45565 0.198343 2.81939 0.0544176 0.949589 0.265733 0.235627 0.80806 1.03642 0.0738923 0.0338411 85.069
500.00 1033.15 3.649792 43.7967 0.185444 4.27891 0.0550485 1.02048 0.332578 0.273588 1.76934 1.61825 0.151063 0.513505 46.0051
Title: Hr

Bulk Composition:
Pressure Temperature mass SiO2 TiO2 Al2O3 Fe2O3 FeO MnO MgO CaO Na2O K2O P2O5 H2O 
500.00 1523.15 100.113279 48.7228 1.40788 15.1212 2.46091 9.85879 0.193088 7.05916 10.5045 2.16176 0.341317 0.157519 2.01114
500.00 1513.15 100.113924 48.7225 1.40787 15.1211 2.46733 9.85294 0.193086 7.05911 10.5044 2.16174 0.341315 0.157518 2.01113
500.00 1503.15 100.114609 48.7221 1.40786 15.121 2.47414 9.84673 0.193085 7.05906 10.5043 2.16173 0.341313 0.157517 2.01112
500.00 1493.15 100.115335 48.7218 1.40785 15.1209 2.48135 9.84014 0.193084 7.05901 10.5043 2.16171 0.34131 0.157515 2.0111
500.00 1483.15 100.116103 48.7214 1.40784 15.1208 2.48899 9.83318 0.193082 7.05896 10.5042 2.1617 0.341308 0.157514 2.01109
500.00 1473.15 100.116915 48.721 1.40783 15.1206 2.49707 9.82581 0.193081 7.0589 10.5041 2.16168 0.341305 0.157513 2.01107
500.00 1463.15 100.117772 48.7206 1.40782 15.1205 2.50559 9.81804 0.193079 7.05884 10.504 2.16166 0.341302 0.157512 2.01105
500.00 1453.15 100.118675 48.7201 1.40781 15.1204 2.51457 9.80985 0.193077 7.05878 10.5039 2.16164 0.341299 0.15751 2.01104
500.00 1443.15 100.119626 48.7197 1.40779 15.1202 2.52403 9.80122 0.193075 7.05871 10.5038 2.16162 0.341296 0.157509 2.01102
500.00 1433.15 100.120627 48.7192 1.40778 15.1201 2.53399 9.79215 0.193074 7.05864 10.5037 2.1616 0.341292 0.157507 2.011
500.00 1423.15 100.121680 48.7187 1.40776 15.1199 2.54445 9.78261 0.193072 7.05856 10.5036 2.16158 0.341289 0.157505 2.01097
500.00 1413.15 100.122785 48.7181 1.40775 15.1197 2.55544 9.77258 0.193069 7.05849 10.5035 2.16155 0.341285 0.157504 2.01095
500.00 1403.15 100.121824 48.7186 1.40776 15.1199 2.54588 9.7813 0.193071 7.05855 10.5036 2.16157 0.341288 0.157505 2.01097
500.00 1393.15 99.389075 48.7882 1.41814 15.2314 2.55232 9.7365 0.192374 6.79717 10.5781 2.17751 0.343804 0.158666 2.0258
500.00 1383.15 98.581635 48.8669 1.42976 15.3561 2.56095 9.68034 0.191533 6.50852 10.6615 2.19534 0.34662 0.159966 2.04239
500.00 1373.15 97.802449 48.9434 1.44115 15.4785 2.61242 9.58096 0.190632 6.22765 10.7432 2.21283 0.349382 0.16124 2.05866
500.00 1363.15 92.052094 48.9427 1.46607 16.097 2.62258 9.79644 0.202541 5.70147 10.1004 2.34106 0.371207 0.171313 2.18726
500.00 1353.15 87.849137 48.971 1.47831 16.5819 2.57258 10.0012 0.212231 5.29273 9.58481 2.44482 0.388967 0.179509 2.29191
500.00 1343.15 80.818296 49.1027 1.55919 16.3313 4.39893 8.86912 0.226456 4.87403 8.96193 2.56861 0.421247 0.195125 2.49129
500.00 1333.15 65.645582 52.4748 1.19345 16.5145 2.82582 7.58697 0.275716 4.1861 8.15465 2.96542 0.51524 0.240225 3.06711
500.00 1323.15 57.782396 54.0157 1.08878 16.2832 2.51215 6.96142 0.313236 3.71681 7.57237 3.19661 0.582216 0.272915 3.48449
500.00 1313.15 51.136795 55.4376 1.01774 15.8497 2.28559 6.38685 0.353943 3.22402 7.14246 3.40257 0.653803 0.308383 3.93732
500.00 1303.15 46.079204 56.7221 0.954984 15.3888 2.09439 5.86344 0.392792 2.82004 6.7612 3.56924 0.721345 0.34223 4.36948
500.00 1293.15 42.079551 57.8912 0.899174 14.912 1.92886 5.38669 0.430126 2.48364 6.42062 3.70264 0.785506 0.374759 4.7848
500.00 1283.15 38.823395 58.9619 0.84921 14.4275 1.78268 4.9517 0.466201 2.19986 6.1144 3.80749 0.846773 0.406191 5.1861
500.00 1273.15 36.112867 59.9472 0.804215 13.9413 1.65165 4.55396 0.501193 1.95792 5.83747 3.88763 0.905487 0.436678 5.57536
500.00 1263.15 33.817041 60.8573 0.763488 13.4578 1.53288 4.18952 0.535219 1.7498 5.58571 3.94627 0.961882 0.466324 5.95387
500.00 1253.15 31.845786 61.7003 0.726457 12.9805 1.42434 3.85498 0.568349 1.56944 5.35574 3.9862 1.01611 0.49519 6.32241
500.00 1243.15 30.134565 62.4829 0.692655 12.5122 1.32455 3.54742 0.600623 1.41212 5.14472 4.00984 1.06827 0.523309 6.68144
500.00 1233.15 28.635637 63.2107 0.66169 12.0548 1.23242 3.26432 0.632063 1.27415 4.95029 4.01933 1.11844 0.550702 7.03118
500.00 1223.15 27.312692 63.8885 0.633236 11.6097 1.14708 3.00349 0.662678 1.15254 4.77043 4.01658 1.16666 0.577376 7.37174
500.00 1213.15 26.137464 64.5205 0.607012 11.178 1.06786 2.76299 0.692474 1.04489 4.60346 4.00327 1.21297 0.603337 7.7032
500.00 1203.15 25.087514 65.1105 0.582779 10.7604 0.99419 2.54113 0.721455 0.949219 4.44792 3.98088 1.25743 0.628588 8.02559
500.00 1193.15 24.144742 65.6617 0.560329 10.357 0.925618 2.33639 0.749626 0.863904 4.30257 3.95073 1.30006 0.653132 8.33897
500.00 1183.15 23.294353 66.1772 0.539482 9.96807 0.861738 2.14738 0.776992 0.787575 4.16637 3.91394 1.3409 0.676975 8.64339
500.00 1173.15 22.524117 66.6597 0.520078 9.5935 0.802199 1.97289 0.803562 0.719086 4.0384 3.87153 1.38001 0.700125 8.93896
500.00 1163.15 21.823834 67.1116 0.501977 9.23307 0.746692 1.81178 0.829347 0.657466 3.91789 3.82437 1.41743 0.722591 9.22579
500.00 1153.15 21.184924 67.5352 0.485054 8.88651 0.694938 1.66304 0.854359 0.601889 3.80416 3.77322 1.4532 0.744383 9.50403
500.00 1143.15 20.600121 67.9326 0.469196 8.55344 0.646683 1.52573 0.878612 0.551647 3.69663 3.71875 1.48737 0.765515 9.77383
500.00 1133.15 20.063229 68.3056 0.454305 8.23347 0.601532 1.39914 0.902124 0.506131 3.5948 3.66153 1.51999 0.786 10.0354
500.00 1123.15 19.567740 68.6594 0.440325 7.9264 0.558994 1.2826 0.924967 0.464706 3.49594 3.60222 1.5512 0.803801 10.2894
500.00 1113.15 19.102624 69.0184 0.427347 7.63398 0.504943 1.18801 0.947489 0.426833 3.38399 3.54233 1.58158 0.805929 10.5392
500.00 1103.15 18.667046 69.3513 0.401599 7.34861 0.47068 1.10624 0.968719 0.388777 3.28044 3.47976 1.61087 0.808582 10.7844
500.00 1093.15 18.261412 69.6661 0.369808 7.07357 0.44536 1.02729 0.988935 0.352813 3.18503 3.41597 1.63891 0.812828 11.0234
500.00 1083.15 17.886341 69.9598 0.340522 6.80947 0.421281 0.953133 1.00843 0.320133 3.097 3.35145 1.66546 0.819246 11.2541
500.00 1073.15 17.538711 70.2339 0.313529 6.55591 0.388699 0.892304 1.02723 0.29041 3.01619 3.28646 1.69058 0.827955 11.4769
500.00 1063.15 17.211957 70.496 0.288614 6.31106 0.338134 0.854947 1.038 0.263735 2.94123 3.22081 1.71463 0.838323 11.6945
500.00 1053.15 16.878371 70.7887 0.269208 6.06117 0.309269 0.764044 1.02248 0.23488 2.8868 3.15159 1.73979 0.846802 11.9253
500.00 1043.15 16.573626 71.0525 0.25198 5.82171 0.282452 0.685311 1.0091 0.20977 2.83923 3.08277 1.7631 0.857679 12.1444
500.00 1033.15 16.292141 71.2967 0.236029 5.59298 0.221024 0.646057 0.996509 0.187005 2.79849 3.01496 1.78493 0.871128 12.3541
