Title: Hr

System Thermodynamic Data:
Pressure Temperature mass F phi S H V dVdP*10^6 dVdT*10^6 Cp logfO2(absolute) logfO2-NNO rhol rhos viscosity aH2O chisqr
500.00 1523.15 100.110556 0.9973221933824908 0.912039 289.570648 -1186176.757138 43.181302 -8023.262980 7681.536165 152.218038 -7.007 0.000 2.535165 0.070579 1.495 0.99974 0.000
500.00 1513.15 100.111211 0.9973655928764041 0.913840 288.568260 -1187710.033197 43.051927 -7851.031686 7643.613069 152.214729 -7.116 0.000 2.537899 0.071100 1.531 0.999737 0.000
500.00 1503.15 100.111905 0.9974098067475939 0.915659 287.559276 -1189243.929803 42.922370 -7678.160765 7604.790267 152.211623 -7.225 0.000 2.540634 0.071630 1.567 0.999734 0.000
500.00 1493.15 100.112642 0.9974548554351280 0.917495 286.543602 -1190778.471872 42.792633 -7504.639601 7565.039329 152.208724 -7.336 0.000 2.543370 0.072169 1.603 0.99973 0.000
500.00 1483.15 100.113421 0.9975007599939345 0.919349 285.521147 -1192313.685350 42.662716 -7330.457448 7524.330481 152.206039 -7.449 0.000 2.546107 0.072718 1.640 0.999726 0.000
500.00 1473.15 100.114245 0.9975475422475224 0.921221 284.506225 -1193828.316900 42.532622 -7155.603077 7482.632401 149.094460 -7.563 0.000 2.548845 0.073277 1.677 0.999722 0.000
500.00 1463.15 100.115114 0.9975952249624051 0.923112 283.491125 -1195333.819237 42.402352 -6980.064386 7439.911999 149.084154 -7.679 0.000 2.551583 0.073846 1.715 0.999717 0.000
500.00 1453.15 100.116030 0.9976438312069944 0.925021 282.469155 -1196839.989401 42.271908 -6803.830195 7396.134924 149.073556 -7.796 0.000 2.554322 0.074425 1.753 0.999713 0.000
500.00 1443.15 100.116996 0.9976933847120627 0.926949 281.440222 -1198346.852199 42.141293 -6626.889326 7351.265168 149.062663 -7.915 0.000 2.557062 0.075015 1.792 0.999708 0.000
500.00 1433.15 100.118011 0.9977439099166916 0.928896 280.404228 -1199854.433630 42.010511 -6449.230552 7305.264936 149.051473 -8.035 0.000 2.559802 0.075616 1.832 0.999703 0.000
500.00 1423.15 100.119079 0.9977954319868126 0.930862 279.361075 -1201362.760950 41.879564 -6270.842615 7258.094540 149.039982 -8.157 0.000 2.562542 0.076229 1.871 0.999698 0.000
500.00 1413.15 100.120200 0.9978479768329680 0.932847 278.310660 -1202871.862742 41.748457 -6091.714256 7209.712287 149.028188 -8.281 0.000 2.565282 0.076854 1.912 0.999693 0.000
500.00 1403.15 100.119474 0.9909741777313139 0.928886 277.058736 -1204622.419911 41.637000 -5991.523029 7174.752338 148.652744 -8.407 0.000 2.565304 0.305192 1.972 0.999698 0.000
500.00 1393.15 100.118326 0.9829897508194783 0.924008 275.772355 -1206401.589869 41.527663 -5901.119162 7140.662646 148.220683 -8.535 0.000 2.564774 0.539662 2.037 0.999706 0.000
500.00 1383.15 100.121075 0.9344212797322790 0.872153 273.366876 -1209787.279964 41.874789 -7349.378369 7633.529502 146.360059 -8.664 0.000 2.561670 1.226433 2.111 0.999696 0.000
500.00 1373.15 100.125289 0.8835453576655281 0.819082 270.911442 -1213243.480308 42.239641 -8862.824966 8158.417986 144.417843 -8.795 0.000 2.556967 1.525802 2.192 0.999704 0.000
500.00 1363.15 100.123215 0.7888154848496575 0.706749 267.550399 -1217806.968039 43.712230 -12946.328363 9626.321929 141.282960 -8.929 0.000 2.556477 1.649510 2.273 0.999677 0.000
500.00 1353.15 100.120306 0.7055633252178795 0.614322 264.503451 -1221896.397916 45.002202 -16527.835228 10951.603589 138.565743 -9.064 0.000 2.555219 1.698462 2.358 0.99967 0.000
500.00 1343.15 100.294477 0.5245687457096504 0.450382 259.224734 -1232003.053586 47.437524 -22985.954794 13220.471728 132.846664 -9.201 0.000 2.462502 1.828865 2.909 0.999825 0.000
500.00 1333.15 100.319922 0.4460488424255379 0.376958 256.415082 -1236194.624807 48.718128 -26442.767319 14581.451310 130.536848 -9.340 0.000 2.436613 1.830840 3.140 0.999873 0.000
500.00 1323.15 100.334987 0.3799062184834283 0.316713 253.936823 -1239741.481221 49.837285 -29487.400989 15838.891467 128.684076 -9.481 0.000 2.414954 1.827057 3.357 0.99992 0.000
500.00 1313.15 100.357296 0.3014782154013649 0.246702 251.320182 -1243567.735255 51.171942 -33281.270472 17444.890111 126.872582 -9.625 0.000 2.396622 1.818572 3.509 0.999959 0.000
500.00 1303.15 100.370085 0.2403695945830051 0.193946 249.079014 -1246715.829177 52.204841 -36262.417393 18782.144346 125.500085 -9.771 0.000 2.382826 1.811889 3.635 1 0.000
500.00 1293.15 100.373380 0.1952963258421731 0.156051 247.162945 -1249258.961855 52.944882 -38439.288766 19836.953345 124.468266 -9.919 0.000 2.372591 1.807649 3.756 1.00005 0.000
500.00 1283.15 100.370597 0.1606405176763494 0.127482 245.456055 -1251410.973845 53.479909 -40069.584472 20707.501383 123.870907 -10.069 0.000 2.364959 1.805466 3.873 1.0001 0.000
500.00 1273.15 100.363378 0.1323395027949732 0.104542 243.878721 -1253305.701825 53.873800 -41337.281051 21448.250150 123.199681 -10.221 0.000 2.358286 1.805104 4.008 1.00013 0.000
500.00 1263.15 100.352771 0.1085847010040580 0.085564 242.395115 -1255009.078539 54.157341 -42329.151098 22095.590073 122.605877 -10.376 0.000 2.351530 1.806337 4.176 1.00016 0.000
500.00 1253.15 100.340671 0.0895116898088765 0.070473 241.004965 -1256555.233033 54.333732 -43051.050329 22648.767524 122.114542 -10.534 0.000 2.345650 1.808922 4.350 1.00018 0.000
500.00 1243.15 100.327906 0.0740390212473373 0.058317 239.685864 -1257987.928077 54.424753 -43559.663378 23127.843413 121.701180 -10.694 0.000 2.340408 1.812647 4.529 1.00019 0.000
500.00 1233.15 100.315010 0.0613446625075596 0.048389 238.420524 -1259338.939602 54.448299 -43900.575434 23549.335660 121.347437 -10.857 0.000 2.335664 1.817307 4.711 1.00019 0.000
500.00 1223.15 100.302305 0.0507951326190361 0.040159 237.195473 -1260631.285115 54.418792 -44110.243783 23926.786458 121.039431 -11.022 0.000 2.331338 1.822731 4.896 1.00018 0.000
500.00 1213.15 100.289970 0.0419043270299925 0.033225 236.000279 -1261881.467736 54.347554 -44217.279547 24271.082200 120.766711 -11.190 0.000 2.327384 1.828778 5.082 1.00017 0.000
500.00 1203.15 100.278091 0.0343008715484658 0.027288 234.826890 -1263101.224845 54.243310 -44243.823778 24590.857291 120.521441 -11.361 0.000 2.323775 1.835344 5.270 1.00016 0.000
500.00 1193.15 100.266695 0.0277008554257415 0.022119 233.669081 -1264298.869765 54.112728 -44206.914173 24892.940191 120.297755 -11.534 0.000 2.320494 1.842346 5.457 1.00015 0.000
500.00 1183.15 100.255771 0.0218859795548350 0.017546 232.521997 -1265480.280492 53.960890 -44119.678436 25182.765996 120.091254 -11.711 0.000 2.317527 1.849726 5.645 1.00014 0.000
500.00 1173.15 100.245284 0.0166867773374216 0.013434 231.381803 -1266649.606499 53.791684 -43992.292648 25464.719869 119.898633 -11.890 0.000 2.314862 1.857438 5.832 1.00013 0.000
500.00 1163.15 100.235187 0.0119700621527236 0.009678 230.245418 -1267809.765682 53.608091 -43832.715980 25742.407434 119.717415 -12.073 0.000 2.312486 1.865451 6.017 1.00012 0.000
500.00 1153.15 100.225423 0.0076296274020689 0.006197 229.110319 -1268962.791587 53.412410 -43647.241914 26018.862666 119.545758 -12.259 0.000 2.310383 1.873739 6.202 1.00011 0.000
500.00 1143.15 100.215720 0.0014895780667685 0.001215 227.931713 -1270155.626080 53.238268 -43536.279915 26347.173344 119.356833 -12.448 0.000 2.308016 1.881882 6.397 1.0001 0.000
500.00 1133.15 100.214948 0.0000000000000000 0.000000 226.831864 -1271394.745471 52.993373 -43206.559833 26573.886229 119.239477 -12.641 0.000 0.000000 1.891085 6.495 1 0.000

Title: Hr

Liquid Composition:
Pressure Temperature mass SiO2 TiO2 Al2O3 Fe2O3 FeO MnO MgO CaO Na2O K2O P2O5 H2O 
500.00 1523.15 99.842480 47.3497 1.42504 15.6868 2.51591 9.87462 0.19924 7.23391 11.034 2.34505 0.348581 0.160369 1.82686
500.00 1513.15 99.847477 47.3473 1.42497 15.686 2.52232 9.86824 0.19923 7.23354 11.0334 2.34493 0.348564 0.160361 1.83112
500.00 1503.15 99.852596 47.3449 1.4249 15.6852 2.52914 9.86149 0.19922 7.23317 11.0328 2.34481 0.348546 0.160353 1.83546
500.00 1493.15 99.857840 47.3424 1.42482 15.6844 2.53636 9.85435 0.199209 7.23279 11.0323 2.34469 0.348528 0.160344 1.83987
500.00 1483.15 99.863213 47.3398 1.42475 15.6835 2.54402 9.84681 0.199199 7.2324 11.0317 2.34456 0.348509 0.160336 1.84438
500.00 1473.15 99.868719 47.3372 1.42467 15.6827 2.55211 9.83886 0.199188 7.23201 11.0311 2.34443 0.34849 0.160327 1.84896
500.00 1463.15 99.874360 47.3346 1.42459 15.6818 2.56065 9.83049 0.199177 7.2316 11.0304 2.3443 0.34847 0.160318 1.85363
500.00 1453.15 99.880140 47.3318 1.4245 15.6809 2.56966 9.82168 0.199165 7.23118 11.0298 2.34416 0.34845 0.160308 1.8584
500.00 1443.15 99.886064 47.329 1.42442 15.68 2.57916 9.81241 0.199153 7.23075 11.0291 2.34403 0.348429 0.160299 1.86325
500.00 1433.15 99.892136 47.3261 1.42433 15.679 2.58915 9.80269 0.199141 7.23031 11.0285 2.34388 0.348408 0.160289 1.8682
500.00 1423.15 99.898360 47.3232 1.42424 15.678 2.59965 9.79248 0.199129 7.22986 11.0278 2.34374 0.348386 0.160279 1.87324
500.00 1413.15 99.904739 47.3202 1.42415 15.677 2.61069 9.78177 0.199116 7.2294 11.0271 2.34359 0.348364 0.160269 1.87839
500.00 1403.15 99.215813 47.374 1.43404 15.7859 2.62151 9.74036 0.198488 6.97934 11.1007 2.35986 0.350783 0.161382 1.89369
500.00 1393.15 98.415288 47.4395 1.44571 15.9143 2.63119 9.68629 0.19764 6.69165 11.1873 2.37906 0.353636 0.162695 1.911
500.00 1383.15 93.555263 47.4356 1.46409 16.4461 2.64568 9.86281 0.206776 6.24514 10.7089 2.49472 0.372007 0.171146 1.94699
500.00 1373.15 88.465234 47.4934 1.4638 17.0147 2.65189 10.0277 0.217391 5.78771 10.1527 2.62803 0.393411 0.180993 1.98815
500.00 1363.15 78.978743 47.8301 1.54565 16.765 2.77037 10.5818 0.235524 5.30694 9.47722 2.83088 0.438535 0.202733 2.01522
500.00 1353.15 70.641216 48.227 1.61557 16.4739 2.87857 11.072 0.252231 4.85155 8.85055 3.023 0.487295 0.226661 2.04162
500.00 1343.15 52.611348 52.7357 1.15854 16.8523 2.19751 7.85527 0.323195 4.06541 8.00323 3.62983 0.64543 0.304338 2.2292
500.00 1333.15 44.747585 54.3786 1.07519 16.6703 2.03502 7.11243 0.358444 3.65114 7.46106 3.86491 0.748669 0.357821 2.28635
500.00 1323.15 38.117885 55.8704 1.01117 16.4447 1.88383 6.445 0.393677 3.30368 7.00909 4.02459 0.863764 0.420056 2.33008
500.00 1313.15 30.255538 56.9107 0.942645 16.2132 1.75559 5.81964 0.516807 2.96922 6.64599 4.26321 1.05501 0.529213 2.37878
500.00 1303.15 24.125917 57.7288 0.896774 15.9622 1.6355 5.2627 0.687117 2.68054 6.41074 4.38509 1.27067 0.663669 2.41614
500.00 1293.15 19.602552 58.4487 0.873464 15.7006 1.51709 4.76134 0.871275 2.43517 6.28271 4.36151 1.49193 0.816814 2.43939
500.00 1283.15 16.123585 59.0822 0.865898 15.4407 1.4005 4.30181 1.05534 2.22222 6.24053 4.22692 1.71962 0.993056 2.4512
500.00 1273.15 13.282040 59.7783 0.869247 15.2221 1.2833 3.87886 1.23167 2.02543 6.16394 4.02052 1.96371 1.10811 2.45475
500.00 1263.15 10.896776 60.6323 0.879932 15.0683 1.16579 3.4903 1.38996 1.83738 5.97467 3.77106 2.23061 1.10778 2.45194
500.00 1253.15 8.981663 61.4434 0.894022 14.9388 1.05501 3.13268 1.51712 1.66846 5.79871 3.49435 2.50561 1.10839 2.44336
500.00 1243.15 7.428180 62.2105 0.908915 14.8325 0.952144 2.80568 1.61231 1.51615 5.62693 3.2094 2.78623 1.10851 2.4307
500.00 1233.15 6.153790 62.9325 0.92285 14.7464 0.857785 2.50862 1.67749 1.37852 5.45449 2.92869 3.06995 1.10747 2.41523
500.00 1223.15 5.094869 63.6091 0.934728 14.6772 0.772003 2.24023 1.71605 1.254 5.27949 2.65973 3.35445 1.10508 2.39789
500.00 1213.15 4.202584 64.2409 0.943936 14.6218 0.694511 1.9988 1.73192 1.14127 5.10185 2.40656 3.63771 1.10145 2.37935
500.00 1203.15 3.439626 64.8286 0.950189 14.5774 0.624817 1.78234 1.72901 1.03919 4.92251 2.17105 3.91793 1.09685 2.3601
500.00 1193.15 2.777473 65.3738 0.95342 14.5418 0.562323 1.58877 1.71098 0.946735 4.74289 1.95372 4.1935 1.09162 2.34053
500.00 1183.15 2.194196 65.8781 0.953689 14.5129 0.506398 1.41602 1.68104 0.862997 4.56458 1.75436 4.46294 1.08613 2.32092
500.00 1173.15 1.672771 66.3436 0.951129 14.4891 0.456416 1.26208 1.64196 0.787144 4.38913 1.57229 4.72493 1.08072 2.30149
500.00 1163.15 1.199821 66.7728 0.945912 14.4689 0.411781 1.12507 1.59609 0.718421 4.21796 1.40665 4.97827 1.07573 2.28245
500.00 1153.15 0.764683 67.1681 0.938215 14.451 0.371935 1.00323 1.54536 0.656138 4.05231 1.25641 5.22192 1.07145 2.26392
500.00 1143.15 0.149279 67.4845 0.891796 14.5056 0.335744 0.891238 1.45395 0.591495 3.86038 1.10964 5.57314 1.0635 2.23904
500.00 1133.15 0.000000 ---
Title: Hr

liquid_0 thermodynamic data and composition:
Pressure Temperature mass S H V Cp viscosity SiO2 TiO2 Al2O3 Fe2O3 FeO MnO MgO CaO Na2O K2O P2O5 H2O Mg#
500.00 1523.15 99.842480 286.615167 -1183288.101227 39.383030 151.466012 1.495 47.3497 1.42504 15.6868 2.51591 9.87462 0.19924 7.23391 11.034 2.34505 0.348581 0.160369 1.82686 56.6
500.00 1513.15 99.847477 285.665532 -1184860.778967 39.342577 151.475270 1.531 47.3473 1.42497 15.686 2.52232 9.86824 0.19923 7.23354 11.0334 2.34493 0.348564 0.160361 1.83112 56.6
500.00 1503.15 99.852596 284.710065 -1186435.207083 39.302240 151.484923 1.567 47.3449 1.4249 15.6852 2.52914 9.86149 0.19922 7.23317 11.0328 2.34481 0.348546 0.160353 1.83546 56.7
500.00 1493.15 99.857840 283.748690 -1188011.439190 39.262023 151.494983 1.603 47.3424 1.42482 15.6844 2.53636 9.85435 0.199209 7.23279 11.0323 2.34469 0.348528 0.160344 1.83987 56.7
500.00 1483.15 99.863213 282.781330 -1189589.530841 39.221927 151.505461 1.640 47.3398 1.42475 15.6835 2.54402 9.84681 0.199199 7.2324 11.0317 2.34456 0.348509 0.160336 1.84438 56.7
500.00 1473.15 99.868719 281.822322 -1191148.259378 39.181957 148.407254 1.677 47.3372 1.42467 15.6827 2.55211 9.83886 0.199188 7.23201 11.0311 2.34443 0.34849 0.160327 1.84896 56.7
500.00 1463.15 99.874360 280.863971 -1192699.109477 39.142115 148.410537 1.715 47.3346 1.42459 15.6818 2.56065 9.83049 0.199177 7.2316 11.0304 2.3443 0.34847 0.160318 1.85363 56.7
500.00 1453.15 99.880140 279.899604 -1194251.910731 39.102405 148.413749 1.753 47.3318 1.4245 15.6809 2.56966 9.82168 0.199165 7.23118 11.0298 2.34416 0.34845 0.160308 1.8584 56.8
500.00 1443.15 99.886064 278.929148 -1195806.721493 39.062829 148.416895 1.792 47.329 1.42442 15.68 2.57916 9.81241 0.199153 7.23075 11.0291 2.34403 0.348429 0.160299 1.86325 56.8
500.00 1433.15 99.892136 277.952525 -1197363.602368 39.023390 148.419979 1.832 47.3261 1.42433 15.679 2.58915 9.80269 0.199141 7.23031 11.0285 2.34388 0.348408 0.160289 1.8682 56.8
500.00 1423.15 99.898360 276.969655 -1198922.616305 38.984093 148.423005 1.871 47.3232 1.42424 15.678 2.59965 9.79248 0.199129 7.22986 11.0278 2.34374 0.348386 0.160279 1.87324 56.8
500.00 1413.15 99.904739 275.980459 -1200483.828701 38.944940 148.425977 1.912 47.3202 1.42415 15.677 2.61069 9.78177 0.199116 7.2294 11.0271 2.34359 0.348364 0.160269 1.87839 56.8
500.00 1403.15 99.215813 273.124696 -1193810.720182 38.676041 147.207122 1.972 47.374 1.43404 15.7859 2.62151 9.74036 0.198488 6.97934 11.1007 2.35986 0.350783 0.161382 1.89369 56.1
500.00 1393.15 98.415288 269.984460 -1185880.702244 38.371913 145.800148 2.037 47.4395 1.44571 15.9143 2.63119 9.68629 0.19764 6.69165 11.1873 2.37906 0.353636 0.162695 1.911 55.2
500.00 1383.15 93.555263 256.037735 -1127440.661994 36.521203 138.154357 2.111 47.4356 1.46409 16.4461 2.64568 9.86281 0.206776 6.24514 10.7089 2.49472 0.372007 0.171146 1.94699 53.0
500.00 1373.15 88.465234 241.581972 -1066546.253170 34.597721 130.191577 2.192 47.4934 1.4638 17.0147 2.65189 10.0277 0.217391 5.78771 10.1527 2.62803 0.393411 0.180993 1.98815 50.7
500.00 1363.15 78.978743 215.076159 -947228.005071 30.893591 115.500112 2.273 47.8301 1.54565 16.765 2.77037 10.5818 0.235524 5.30694 9.47722 2.83088 0.438535 0.202733 2.01522 47.2
500.00 1353.15 70.641216 191.816817 -843321.709071 27.645857 102.676131 2.358 48.227 1.61557 16.4739 2.87857 11.072 0.252231 4.85155 8.85055 3.023 0.487295 0.226661 2.04162 43.9
500.00 1343.15 52.611348 143.747488 -651094.352378 21.364998 76.079402 2.909 52.7357 1.15854 16.8523 2.19751 7.85527 0.323195 4.06541 8.00323 3.62983 0.64543 0.304338 2.2292 48.0
500.00 1333.15 44.747585 122.112248 -558578.794215 18.364667 64.393963 3.140 54.3786 1.07519 16.6703 2.03502 7.11243 0.358444 3.65114 7.46106 3.86491 0.748669 0.357821 2.28635 47.8
500.00 1323.15 38.117885 103.802279 -479520.656687 15.784103 54.608560 3.357 55.8704 1.01117 16.4447 1.88383 6.445 0.393677 3.30368 7.00909 4.02459 0.863764 0.420056 2.33008 47.7
500.00 1313.15 30.255538 82.269473 -382752.274193 12.624241 43.194969 3.509 56.9107 0.942645 16.2132 1.75559 5.81964 0.516807 2.96922 6.64599 4.26321 1.05501 0.529213 2.37878 47.6
500.00 1303.15 24.125917 65.440760 -306580.486002 10.124917 34.338934 3.635 57.7288 0.896774 15.9622 1.6355 5.2627 0.687117 2.68054 6.41074 4.38509 1.27067 0.663669 2.41614 47.6
500.00 1293.15 19.602552 52.973767 -250107.576180 8.262087 27.820264 3.756 58.4487 0.873464 15.7006 1.51709 4.76134 0.871275 2.43517 6.28271 4.36151 1.49193 0.816814 2.43939 47.7
500.00 1283.15 16.123585 43.365840 -206494.989849 6.817702 22.821472 3.873 59.0822 0.865898 15.4407 1.4005 4.30181 1.05534 2.22222 6.24053 4.22692 1.71962 0.993056 2.4512 47.9
500.00 1273.15 13.282040 35.533226 -170743.206480 5.632073 18.738680 4.008 59.7783 0.869247 15.2221 1.2833 3.87886 1.23167 2.02543 6.16394 4.02052 1.96371 1.10811 2.45475 48.2
500.00 1263.15 10.896776 28.988856 -140630.595269 4.633908 15.308069 4.176 60.6323 0.879932 15.0683 1.16579 3.4903 1.38996 1.83738 5.97467 3.77106 2.23061 1.10778 2.45194 48.4
500.00 1253.15 8.981663 23.750789 -116361.125940 3.829072 12.565455 4.350 61.4434 0.894022 14.9388 1.05501 3.13268 1.51712 1.66846 5.79871 3.49435 2.50561 1.10839 2.44336 48.7
500.00 1243.15 7.428180 19.520063 -96595.719323 3.173883 10.350519 4.529 62.2105 0.908915 14.8325 0.952144 2.80568 1.61231 1.51615 5.62693 3.2094 2.78623 1.10851 2.4307 49.1
500.00 1233.15 6.153790 16.067696 -80312.905412 2.634707 8.541709 4.711 62.9325 0.92285 14.7464 0.857785 2.50862 1.67749 1.37852 5.45449 2.92869 3.06995 1.10747 2.41523 49.5
500.00 1223.15 5.094869 13.216633 -66723.117425 2.185384 7.045695 4.896 63.6091 0.934728 14.6772 0.772003 2.24023 1.71605 1.254 5.27949 2.65973 3.35445 1.10508 2.39789 49.9
500.00 1213.15 4.202584 10.830921 -55218.938151 1.805712 5.791125 5.082 64.2409 0.943936 14.6218 0.694511 1.9988 1.73192 1.14127 5.10185 2.40656 3.63771 1.10145 2.37935 50.4
500.00 1203.15 3.439626 8.806793 -45335.278334 1.480189 4.723675 5.270 64.8286 0.950189 14.5774 0.624817 1.78234 1.72901 1.03919 4.92251 2.17105 3.91793 1.09685 2.3601 51.0
500.00 1193.15 2.777473 7.065093 -36715.822895 1.196932 3.801950 5.457 65.3738 0.95342 14.5418 0.562323 1.58877 1.71098 0.946735 4.74289 1.95372 4.1935 1.09162 2.34053 51.5
500.00 1183.15 2.194196 5.545147 -29085.984428 0.946783 2.994218 5.645 65.8781 0.953689 14.5129 0.506398 1.41602 1.68104 0.862997 4.56458 1.75436 4.46294 1.08613 2.32092 52.1
500.00 1173.15 1.672771 4.200052 -22232.057945 0.722622 2.275926 5.832 66.3436 0.951129 14.4891 0.456416 1.26208 1.64196 0.787144 4.38913 1.57229 4.72493 1.08072 2.30149 52.6
500.00 1163.15 1.199821 2.993143 -15985.586900 0.518845 1.627840 6.017 66.7728 0.945912 14.4689 0.411781 1.12507 1.59609 0.718421 4.21796 1.40665 4.97827 1.07573 2.28245 53.2
500.00 1153.15 0.764683 1.895383 -10211.756542 0.330977 1.034682 6.202 67.1681 0.938215 14.451 0.371935 1.00323 1.54536 0.656138 4.05231 1.25641 5.22192 1.07145 2.26392 53.8
500.00 1143.15 0.149279 0.367551 -1997.851235 0.064679 0.201450 6.397 67.4845 0.891796 14.5056 0.335744 0.891238 1.45395 0.591495 3.86038 1.10964 5.57314 1.0635 2.23904 54.2

spinel_0 thermodynamic data and composition:
Pressure Temperature mass S H V Cp formula SiO2 TiO2 Al2O3 Fe2O3 FeO MnO MgO CaO Na2O K2O P2O5 H2O
500.00 1343.15 5.782328 12.140945 -34523.172494 1.262792 5.508055 Fe''0.91Mg0.36Fe'''1.17Al0.31Cr0.00Ti0.26O4 0 9.98706 7.47767 44.5924 31.1071 0 6.8358 0 0 0 0 0
500.00 1333.15 6.864436 14.330894 -40373.807616 1.491993 6.505001 Fe''0.93Mg0.34Fe'''1.18Al0.28Cr0.00Ti0.27O4 0 10.2827 6.82429 44.5775 31.8734 0 6.4421 0 0 0 0 0
500.00 1323.15 7.639754 15.863519 -44380.423949 1.653721 7.207422 Fe''0.96Mg0.32Fe'''1.18Al0.26Cr0.00Ti0.28O4 0 10.5599 6.27636 44.5036 32.557 0 6.1031 0 0 0 0 0
500.00 1313.15 8.448857 17.450314 -48540.782908 1.822208 7.939992 Fe''0.98Mg0.31Fe'''1.19Al0.24Cr0.00Ti0.28O4 0 10.672 5.84235 44.6396 33.0356 0 5.81047 0 0 0 0 0
500.00 1303.15 8.969807 18.428137 -50993.708611 1.927744 8.398523 Fe''1.00Mg0.29Fe'''1.20Al0.23Cr0.00Ti0.29O4 0 10.7689 5.44681 44.7618 33.5005 0 5.52197 0 0 0 0 0
500.00 1293.15 9.249634 18.903840 -52075.343479 1.981167 8.629967 Fe''1.01Mg0.28Fe'''1.20Al0.21Cr0.00Ti0.29O4 0 10.9042 5.07679 44.7823 33.9991 0 5.23759 0 0 0 0 0
500.00 1283.15 9.376091 19.064378 -52330.142178 2.001900 8.718891 Fe''1.03Mg0.26Fe'''1.20Al0.20Cr0.00Ti0.30O4 0 11.0722 4.73752 44.7097 34.5156 0 4.96494 0 0 0 0 0
500.00 1273.15 9.397725 19.012800 -52049.379087 2.000600 8.711611 Fe''1.05Mg0.25Fe'''1.20Al0.19Cr0.00Ti0.30O4 0 11.2785 4.42354 44.5401 35.0536 0 4.70427 0 0 0 0 0
500.00 1263.15 9.341364 18.806367 -51394.840034 1.983184 8.633818 Fe''1.07Mg0.24Fe'''1.20Al0.18Cr0.00Ti0.31O4 0 11.523 4.1333 44.276 35.6104 0 4.45727 0 0 0 0 0
500.00 1253.15 9.237776 18.509347 -50549.320707 1.956424 8.515080 Fe''1.09Mg0.23Fe'''1.20Al0.17Cr0.00Ti0.32O4 0 11.7778 3.87758 43.9642 36.1469 0 4.23353 0 0 0 0 0
500.00 1243.15 9.105769 18.160044 -49608.524185 1.924288 8.372716 Fe''1.11Mg0.22Fe'''1.19Al0.16Cr0.00Ti0.33O4 0 12.035 3.65231 43.6236 36.6572 0 4.03181 0 0 0 0 0
500.00 1233.15 8.957819 17.783413 -48630.549215 1.889348 8.217990 Fe''1.13Mg0.21Fe'''1.18Al0.15Cr0.00Ti0.34O4 0 12.2891 3.45304 43.2693 37.1388 0 3.84974 0 0 0 0 0
500.00 1223.15 8.801902 17.395103 -47648.921196 1.853211 8.057950 Fe''1.14Mg0.20Fe'''1.17Al0.14Cr0.00Ti0.34O4 0 12.5359 3.27558 42.9125 37.5914 0 3.68463 0 0 0 0 0
500.00 1213.15 8.642876 17.004429 -46681.402482 1.816824 7.896774 Fe''1.16Mg0.19Fe'''1.17Al0.13Cr0.00Ti0.35O4 0 12.7728 3.11635 42.561 38.016 0 3.53386 0 0 0 0 0
500.00 1203.15 8.483493 16.616497 -45735.848066 1.780699 7.736736 Fe''1.17Mg0.18Fe'''1.16Al0.13Cr0.00Ti0.36O4 0 12.9982 2.97234 42.2204 38.414 0 3.39512 0 0 0 0 0
500.00 1193.15 8.325100 16.233662 -44813.948229 1.745064 7.578862 Fe''1.19Mg0.18Fe'''1.15Al0.12Cr0.00Ti0.36O4 0 13.2112 2.8411 41.8941 38.7872 0 3.26642 0 0 0 0 0
500.00 1183.15 8.168106 15.856478 -43913.531280 1.709959 7.423359 Fe''1.20Mg0.17Fe'''1.14Al0.12Cr0.00Ti0.37O4 0 13.4114 2.72065 41.5845 39.1374 0 3.14608 0 0 0 0 0
500.00 1173.15 8.012283 15.484296 -43029.926133 1.675298 7.269883 Fe''1.21Mg0.17Fe'''1.14Al0.11Cr0.00Ti0.37O4 0 13.5984 2.60936 41.2931 39.4664 0 3.03268 0 0 0 0 0
500.00 1163.15 7.856940 15.115634 -42156.720336 1.640906 7.117700 Fe''1.22Mg0.16Fe'''1.13Al0.11Cr0.00Ti0.38O4 0 13.7722 2.50593 41.0211 39.7757 0 2.92503 0 0 0 0 0
500.00 1153.15 7.701031 14.748372 -41286.120011 1.606541 6.965781 Fe''1.23Mg0.15Fe'''1.13Al0.10Cr0.00Ti0.38O4 0 13.9327 2.40926 40.7694 40.0665 0 2.82211 0 0 0 0 0
500.00 1143.15 7.337504 13.976064 -39108.647151 1.527448 6.626497 Fe''1.23Mg0.15Fe'''1.15Al0.10Cr0.00Ti0.38O4 0 13.6093 2.35612 41.3747 39.9889 0 2.67105 0 0 0 0 0
500.00 1133.15 7.214752 13.670987 -38293.083695 1.499419 6.507982 Fe''1.23Mg0.14Fe'''1.16Al0.10Cr0.00Ti0.37O4 0 13.2599 2.3352 42.0237 39.8024 0 2.57875 0 0 0 0 0

orthopyroxene_0 thermodynamic data and composition:
Pressure Temperature mass S H V Cp structure formula SiO2 TiO2 Al2O3 Fe2O3 FeO MnO MgO CaO Na2O K2O P2O5 H2O
500.00 1313.15 3.805921 8.665530 -47179.971807 1.152492 4.664653 opx Na0.00Ca0.07Fe''0.45Mg1.42Fe'''0.03Ti0.00Al0.10Si1.93O6 53.5883 0.125019 2.27892 1.04521 14.7681 0 26.3816 1.79118 0.0216737 0 0 0
500.00 1303.15 6.768798 15.338127 -83765.172876 2.046925 8.278646 opx Na0.00Ca0.07Fe''0.46Mg1.41Fe'''0.03Ti0.00Al0.09Si1.94O6 53.5958 0.116388 2.17728 1.0006 15.105 0 26.1919 1.7907 0.0223534 0 0 0
500.00 1293.15 8.466822 19.092091 -104557.149580 2.556478 10.331787 opx Na0.00Ca0.07Fe''0.47Mg1.40Fe'''0.03Ti0.00Al0.09Si1.94O6 53.5854 0.108467 2.08355 0.958132 15.484 0 25.9688 1.78899 0.0226616 0 0 0
500.00 1283.15 9.504815 21.325845 -117094.055677 2.865070 11.570402 opx Na0.00Ca0.07Fe''0.48Mg1.39Fe'''0.03Ti0.00Al0.09Si1.94O6 53.5599 0.101368 1.99891 0.91801 15.8922 0 25.7222 1.78471 0.0226608 0 0 0
500.00 1273.15 10.234087 22.845348 -125740.233260 3.079289 12.426457 opx Na0.00Ca0.07Fe''0.50Mg1.38Fe'''0.02Ti0.00Al0.08Si1.94O6 53.5203 0.0950011 1.9221 0.880001 16.3298 0 25.4526 1.77774 0.0224073 0 0 0
500.00 1263.15 10.825575 24.040598 -132617.956503 3.250941 13.109759 opx Na0.00Ca0.07Fe''0.51Mg1.37Fe'''0.02Ti0.00Al0.08Si1.95O6 53.4682 0.0893264 1.85275 0.844028 16.7926 0 25.1636 1.76763 0.0219464 0 0 0
500.00 1253.15 11.349380 25.072530 -138633.457557 3.401613 13.707879 opx Na0.00Ca0.07Fe''0.53Mg1.35Fe'''0.02Ti0.00Al0.08Si1.95O6 53.4105 0.0844683 1.793 0.810385 17.2487 0 24.8789 1.75272 0.0213512 0 0 0
500.00 1243.15 11.848719 26.038790 -144331.126800 3.544464 14.274013 opx Na0.00Ca0.07Fe''0.54Mg1.34Fe'''0.02Ti0.00Al0.08Si1.95O6 53.3504 0.0802993 1.74159 0.778791 17.6908 0 24.6041 1.73328 0.020675 0 0 0
500.00 1233.15 12.338499 26.972993 -149901.765142 3.684065 14.826627 opx Na0.00Ca0.07Fe''0.55Mg1.33Fe'''0.02Ti0.00Al0.07Si1.95O6 53.2897 0.0766874 1.6972 0.748965 18.1156 0 24.3421 1.70981 0.0199569 0 0 0
500.00 1223.15 12.822072 27.882820 -155391.151450 3.821480 15.370011 opx Na0.00Ca0.07Fe''0.57Mg1.32Fe'''0.02Ti0.00Al0.07Si1.95O6 53.2297 0.0735156 1.6586 0.720663 18.5219 0 24.0935 1.68287 0.0192232 0 0 0
500.00 1213.15 13.298862 28.767215 -160794.963004 3.956572 15.903621 opx Na0.00Ca0.07Fe''0.58Mg1.31Fe'''0.02Ti0.00Al0.07Si1.95O6 53.1709 0.0706868 1.62475 0.693686 18.9104 0 23.8581 1.653 0.0184909 0 0 0
500.00 1203.15 13.767520 29.623422 -166098.007642 4.088963 16.425926 opx Na0.00Ca0.06Fe''0.59Mg1.30Fe'''0.02Ti0.00Al0.07Si1.95O6 53.1135 0.0681244 1.59486 0.667883 19.2824 0 23.6347 1.62068 0.0177702 0 0 0
500.00 1193.15 14.227062 30.449487 -171288.523413 4.218368 16.935795 opx Na0.00Ca0.06Fe''0.61Mg1.29Fe'''0.02Ti0.00Al0.07Si1.96O6 53.0575 0.0657683 1.56826 0.643136 19.64 0 23.4219 1.5863 0.0170668 0 0 0
500.00 1183.15 14.677187 31.244925 -176362.216129 4.344703 17.432885 opx Na0.00Ca0.06Fe''0.62Mg1.28Fe'''0.02Ti0.00Al0.07Si1.96O6 53.0027 0.0635716 1.54447 0.619359 19.9853 0 23.218 1.55021 0.0163834 0 0 0
500.00 1173.15 15.118289 32.010713 -181322.501691 4.468077 17.917657 opx Na0.00Ca0.06Fe''0.63Mg1.27Fe'''0.02Ti0.00Al0.07Si1.96O6 52.9487 0.0614975 1.5231 0.596486 20.3204 0 23.0215 1.51267 0.0157211 0 0 0
500.00 1163.15 15.551382 32.749100 -186179.633038 4.588779 18.391277 opx Na0.00Ca0.06Fe''0.64Mg1.26Fe'''0.02Ti0.00Al0.07Si1.96O6 52.8951 0.0595166 1.50386 0.574473 20.6475 0 22.8305 1.4739 0.0150797 0 0 0
500.00 1153.15 15.978024 33.463410 -190949.762487 4.707250 18.855528 opx Na0.00Ca0.06Fe''0.65Mg1.25Fe'''0.02Ti0.00Al0.06Si1.96O6 52.8415 0.0576048 1.48653 0.553286 20.969 0 22.6435 1.43407 0.0144583 0 0 0
500.00 1143.15 16.457239 34.270806 -196161.792444 4.839026 19.372575 opx Na0.00Ca0.06Fe''0.66Mg1.24Fe'''0.02Ti0.00Al0.06Si1.96O6 52.7588 0.0534739 1.47715 0.538816 21.3755 0 22.388 1.3945 0.0138373 0 0 0
500.00 1133.15 16.640524 34.470753 -198315.681426 4.888393 19.559376 opx Na0.00Ca0.05Fe''0.67Mg1.24Fe'''0.01Ti0.00Al0.06Si1.96O6 52.7405 0.0510653 1.47451 0.522045 21.5221 0 22.3222 1.3541 0.0135016 0 0 0

olivine_0 thermodynamic data and composition:
Pressure Temperature mass S H V Cp formula SiO2 TiO2 Al2O3 Fe2O3 FeO MnO MgO CaO Na2O K2O P2O5 H2O
500.00 1403.15 0.690437 1.632272 -8442.506513 0.209363 0.849699 (Ca0.01Mg0.82Fe''0.18Mn0.00Co0.00Ni0.00)2SiO4 39.4783 0 0 0 16.6558 0.288906 43.1472 0.429865 0 0 0 0
500.00 1393.15 1.491697 3.510675 -18166.707312 0.451125 1.829872 (Ca0.01Mg0.81Fe''0.18Mn0.00Co0.00Ni0.00)2SiO4 39.3749 0 0 0 17.1951 0.296189 42.6967 0.437102 0 0 0 0
500.00 1383.15 1.715381 4.016305 -20729.163503 0.516478 2.094162 (Ca0.01Mg0.80Fe''0.19Mn0.00Co0.00Ni0.00)2SiO4 39.1978 0 0 0 18.1289 0.319239 41.9353 0.41868 0 0 0 0
500.00 1373.15 1.906222 4.439097 -22831.017020 0.571115 2.314846 (Ca0.01Mg0.79Fe''0.21Mn0.00Co0.00Ni0.00)2SiO4 38.9993 0 0 0 19.1741 0.346801 41.0822 0.39751 0 0 0 0
500.00 1363.15 3.222431 7.457140 -38050.925731 0.958513 3.883637 (Ca0.01Mg0.77Fe''0.22Mn0.00Co0.00Ni0.00)2SiO4 38.697 0 0 0 20.7457 0.400702 39.7778 0.378885 0 0 0 0
500.00 1353.15 4.519287 10.389772 -52547.181906 1.333960 5.402800 (Ca0.01Mg0.75Fe''0.24Mn0.01Co0.00Ni0.00)2SiO4 38.3747 0 0 0 22.4178 0.459089 38.386 0.362449 0 0 0 0
500.00 1343.15 4.294379 9.842429 -50145.216792 1.268565 5.134681 (Ca0.00Mg0.75Fe''0.24Mn0.01Co0.00Ni0.00)2SiO4 38.4337 0 0 0 21.9158 0.672717 38.6513 0.326467 0 0 0 0
500.00 1333.15 4.740375 10.809818 -54986.804666 1.394908 5.642897 (Ca0.00Mg0.74Fe''0.25Mn0.01Co0.00Ni0.00)2SiO4 38.2822 0 0 0 22.5984 0.812835 37.9994 0.307138 0 0 0 0
500.00 1323.15 5.048369 11.454267 -58186.687395 1.479996 5.983493 (Ca0.00Mg0.73Fe''0.25Mn0.01Co0.00Ni0.00)2SiO4 38.136 0 0 0 23.2369 0.967935 37.3695 0.289624 0 0 0 0
500.00 1313.15 3.076684 6.946251 -35203.609155 0.898290 3.628360 (Ca0.00Mg0.72Fe''0.26Mn0.02Co0.00Ni0.00)2SiO4 37.9652 0 0 0 23.7448 1.38343 36.6253 0.281342 0 0 0 0
500.00 1303.15 1.665909 3.741515 -18882.904656 0.483977 1.952685 (Ca0.00Mg0.71Fe''0.27Mn0.02Co0.00Ni0.00)2SiO4 37.7497 0 0 0 24.3002 1.99009 35.6832 0.276824 0 0 0 0
500.00 1293.15 1.038168 2.318660 -11635.865996 0.299882 1.208437 (Ca0.00Mg0.69Fe''0.28Mn0.03Co0.00Ni0.00)2SiO4 37.4982 0 0 0 24.9354 2.70998 34.5828 0.273529 0 0 0 0
500.00 1283.15 0.820770 1.822340 -9084.333220 0.235606 0.948183 (Ca0.00Mg0.67Fe''0.29Mn0.04Co0.00Ni0.00)2SiO4 37.2227 0 0 0 25.6247 3.50504 33.3766 0.271006 0 0 0 0
500.00 1273.15 0.809339 1.785837 -8834.835377 0.230762 0.927416 (Ca0.00Mg0.65Fe''0.30Mn0.05Co0.00Ni0.00)2SiO4 36.9254 0 0 0 26.3646 4.36591 32.075 0.269139 0 0 0 0
500.00 1263.15 0.900014 1.973074 -9680.028888 0.254795 1.022547 (Ca0.00Mg0.63Fe''0.31Mn0.06Co0.00Ni0.00)2SiO4 36.6123 0 0 0 27.1424 5.27384 30.7038 0.267699 0 0 0 0
500.00 1253.15 1.018340 2.217864 -10794.342145 0.286295 1.147346 (Ca0.00Mg0.61Fe''0.32Mn0.07Co0.00Ni0.00)2SiO4 36.3089 0 0 0 27.8968 6.15354 29.375 0.265808 0 0 0 0
500.00 1243.15 1.132952 2.451307 -11842.763749 0.316402 1.266261 (Ca0.00Mg0.59Fe''0.33Mn0.08Co0.00Ni0.00)2SiO4 36.0212 0 0 0 28.6128 6.98714 28.1156 0.26326 0 0 0 0
500.00 1233.15 1.232141 2.648538 -12710.967510 0.341943 1.366648 (Ca0.00Mg0.57Fe''0.34Mn0.09Co0.00Ni0.00)2SiO4 35.7521 0 0 0 29.2837 7.76673 26.9376 0.259982 0 0 0 0
500.00 1223.15 1.313123 2.804378 -13380.260682 0.362268 1.446000 (Ca0.00Mg0.55Fe''0.35Mn0.10Co0.00Ni0.00)2SiO4 35.5019 0 0 0 29.9081 8.49089 25.8431 0.255981 0 0 0 0
500.00 1213.15 1.376795 2.921560 -13868.477231 0.377733 1.505826 (Ca0.00Mg0.53Fe''0.36Mn0.11Co0.00Ni0.00)2SiO4 35.27 0 0 0 30.4881 9.16194 24.8287 0.251319 0 0 0 0
500.00 1203.15 1.425332 3.005422 -14204.090415 0.389021 1.548914 (Ca0.00Mg0.51Fe''0.37Mn0.12Co0.00Ni0.00)2SiO4 35.0548 0 0 0 31.0275 9.78401 23.8877 0.246077 0 0 0 0
500.00 1193.15 1.461158 3.061656 -14415.805121 0.396852 1.578194 (Ca0.00Mg0.50Fe''0.38Mn0.13Co0.00Ni0.00)2SiO4 34.8545 0 0 0 31.5309 10.3619 23.0123 0.240346 0 0 0 0
500.00 1183.15 1.486534 3.095468 -14528.935613 0.401884 1.596316 (Ca0.00Mg0.48Fe''0.39Mn0.13Co0.00Ni0.00)2SiO4 34.6674 0 0 0 32.0029 10.9006 22.1949 0.234216 0 0 0 0
500.00 1173.15 1.503432 3.111320 -14564.588069 0.404675 1.605536 (Ca0.00Mg0.47Fe''0.39Mn0.14Co0.00Ni0.00)2SiO4 34.4917 0 0 0 32.4482 11.4046 21.4277 0.22777 0 0 0 0
500.00 1163.15 1.513514 3.112928 -14539.909623 0.405692 1.607721 (Ca0.00Mg0.45Fe''0.40Mn0.15Co0.00Ni0.00)2SiO4 34.3259 0 0 0 32.8712 11.8781 20.7038 0.221083 0 0 0 0
500.00 1153.15 1.518165 3.103346 -14468.675526 0.405315 1.604396 (Ca0.00Mg0.44Fe''0.41Mn0.15Co0.00Ni0.00)2SiO4 34.1685 0 0 0 33.2759 12.3247 20.0167 0.214222 0 0 0 0
500.00 1143.15 1.528212 3.104318 -14443.311856 0.406320 1.606804 (Ca0.00Mg0.43Fe''0.42Mn0.16Co0.00Ni0.00)2SiO4 34.0117 0 0 0 33.8611 12.5843 19.3352 0.207737 0 0 0 0
500.00 1133.15 1.524457 3.080849 -14381.207024 0.404680 1.599000 (Ca0.00Mg0.42Fe''0.42Mn0.16Co0.00Ni0.00)2SiO4 33.9646 0 0 0 34.0828 12.6198 19.1341 0.198661 0 0 0 0

rhm-oxide_0 thermodynamic data and composition:
Pressure Temperature mass S H V Cp formula SiO2 TiO2 Al2O3 Fe2O3 FeO MnO MgO CaO Na2O K2O P2O5 H2O
500.00 1143.15 0.182604 0.340126 -1367.619156 0.039485 0.166379 Mn0.05Fe''0.73Mg0.11Fe'''0.22Ti0.89O3 0 47.682 0 11.738 35.2534 2.43192 2.89465 0 0 0 0 0
500.00 1133.15 0.272491 0.505187 -2042.019564 0.058886 0.248010 Mn0.05Fe''0.74Mg0.11Fe'''0.22Ti0.89O3 0 47.7223 0 11.6171 35.4213 2.40092 2.8384 0 0 0 0 0

apatite thermodynamic data and composition:
Pressure Temperature mass S H V Cp formula
500.00 1273.15 0.030520 0.067955 -375.668131 0.009966 0.035082 Ca5(PO4)3OH
500.00 1263.15 0.092962 0.206144 -1145.318485 0.030355 0.106725 Ca5(PO4)3OH
500.00 1253.15 0.142886 0.315546 -1762.028972 0.046657 0.163835 Ca5(PO4)3OH
500.00 1243.15 0.183487 0.403524 -2264.814197 0.059915 0.210123 Ca5(PO4)3OH
500.00 1233.15 0.216967 0.475147 -2680.541205 0.070847 0.248143 Ca5(PO4)3OH
500.00 1223.15 0.244922 0.534088 -3028.714947 0.079975 0.279751 Ca5(PO4)3OH
500.00 1213.15 0.268545 0.583086 -3323.908859 0.087689 0.306330 Ca5(PO4)3OH
500.00 1203.15 0.288745 0.624220 -3577.218064 0.094285 0.328931 Ca5(PO4)3OH
500.00 1193.15 0.306222 0.659093 -3797.225939 0.099992 0.348369 Ca5(PO4)3OH
500.00 1183.15 0.321528 0.688960 -3990.678434 0.104990 0.365279 Ca5(PO4)3OH
500.00 1173.15 0.335102 0.714818 -4162.964360 0.109422 0.380171 Ca5(PO4)3OH
500.00 1163.15 0.347302 0.737472 -4318.462635 0.113406 0.393456 Ca5(PO4)3OH
500.00 1153.15 0.358423 0.757582 -4460.798049 0.117037 0.405473 Ca5(PO4)3OH
500.00 1143.15 0.374007 0.786840 -4658.980726 0.122126 0.422488 Ca5(PO4)3OH
500.00 1133.15 0.377752 0.790973 -4709.902199 0.123349 0.426091 Ca5(PO4)3OH

clinopyroxene_0 thermodynamic data and composition:
Pressure Temperature mass S H V Cp structure formula SiO2 TiO2 Al2O3 Fe2O3 FeO MnO MgO CaO Na2O K2O P2O5 H2O
500.00 1383.15 4.579886 10.403135 -58596.225583 1.403947 5.355365 cpx Na0.01Ca0.86Fe''0.15Mg0.80Fe'''0.09Ti0.03Al0.26Si1.80O6 48.5645 1.15871 6.02409 3.09523 4.94418 0 14.4218 21.6297 0.161773 0 0 0
500.00 1373.15 9.420595 21.313167 -120135.558529 2.878072 10.979895 cpx Na0.01Ca0.86Fe''0.16Mg0.78Fe'''0.09Ti0.04Al0.28Si1.78O6 47.9429 1.35707 6.47488 3.32239 5.20339 0 14.0042 21.5204 0.174759 0 0 0
500.00 1363.15 12.784704 28.805923 -162273.656286 3.892078 14.851124 cpx Na0.01Ca0.85Fe''0.18Mg0.76Fe'''0.10Ti0.04Al0.29Si1.77O6 47.4946 1.58048 6.5852 3.52211 5.62794 0 13.6831 21.3156 0.190914 0 0 0
500.00 1353.15 15.445162 34.652571 -195073.996341 4.684709 17.878273 cpx Na0.02Ca0.85Fe''0.19Mg0.74Fe'''0.10Ti0.05Al0.29Si1.76O6 47.0249 1.82281 6.68833 3.72805 6.06639 0 13.341 21.1209 0.20757 0 0 0
500.00 1343.15 20.896065 46.826293 -265595.476511 6.374469 24.336794 cpx Na0.02Ca0.82Fe''0.20Mg0.80Fe'''0.08Ti0.03Al0.24Si1.81O6 48.8615 1.12839 5.50226 2.93386 6.38697 0 14.4934 20.4831 0.210594 0 0 0
500.00 1333.15 22.742106 50.800879 -288895.461727 6.936014 26.489426 cpx Na0.02Ca0.80Fe''0.21Mg0.81Fe'''0.08Ti0.03Al0.23Si1.83O6 49.2012 1.03696 5.18584 2.77473 6.75798 0 14.7092 20.1149 0.219196 0 0 0
500.00 1323.15 24.185437 53.851651 -307028.300121 7.373859 28.173088 cpx Na0.02Ca0.78Fe''0.22Mg0.83Fe'''0.07Ti0.03Al0.21Si1.84O6 49.5153 0.953506 4.89338 2.62128 7.13806 0 14.928 19.7247 0.225771 0 0 0
500.00 1313.15 24.808385 55.009258 -315079.290115 7.561285 28.870812 cpx Na0.02Ca0.78Fe''0.23Mg0.83Fe'''0.07Ti0.03Al0.21Si1.84O6 49.6615 0.931831 4.72915 2.54837 7.2498 0 14.9237 19.7166 0.239043 0 0 0
500.00 1303.15 25.015313 55.218312 -317905.437703 7.621252 29.071754 cpx Na0.02Ca0.79Fe''0.23Mg0.82Fe'''0.07Ti0.03Al0.20Si1.85O6 49.7484 0.929873 4.60417 2.49837 7.30095 0 14.8436 19.8233 0.251339 0 0 0
500.00 1293.15 25.097821 55.146794 -319094.624754 7.642547 29.124911 cpx Na0.02Ca0.79Fe''0.23Mg0.82Fe'''0.07Ti0.03Al0.20Si1.85O6 49.819 0.931537 4.48693 2.44846 7.37356 0 14.754 19.9262 0.260251 0 0 0
500.00 1283.15 25.108589 54.913981 -319334.503998 7.641402 29.092421 cpx Na0.02Ca0.80Fe''0.23Mg0.81Fe'''0.07Ti0.03Al0.19Si1.85O6 49.8731 0.937547 4.38045 2.39903 7.45934 0 14.656 20.0283 0.26635 0 0 0
500.00 1273.15 25.066578 54.563398 -318866.037099 7.623629 28.996602 cpx Na0.02Ca0.80Fe''0.24Mg0.81Fe'''0.07Ti0.03Al0.19Si1.86O6 49.9112 0.948277 4.28385 2.35028 7.55752 0 14.5491 20.1297 0.270134 0 0 0
500.00 1263.15 24.979276 54.113055 -317790.968583 7.591591 28.846590 cpx Na0.02Ca0.81Fe''0.24Mg0.80Fe'''0.06Ti0.03Al0.18Si1.86O6 49.9335 0.964148 4.19756 2.30242 7.66516 0 14.4339 20.2313 0.27199 0 0 0
500.00 1253.15 24.857968 53.589771 -316300.219012 7.549169 28.657324 cpx Na0.02Ca0.81Fe''0.24Mg0.79Fe'''0.06Ti0.03Al0.18Si1.86O6 49.9418 0.985237 4.12626 2.25562 7.76467 0 14.3167 20.3372 0.272564 0 0 0
500.00 1243.15 24.710930 53.012799 -314508.964076 7.499021 28.439079 cpx Na0.02Ca0.82Fe''0.24Mg0.79Fe'''0.06Ti0.03Al0.18Si1.86O6 49.9384 1.01123 4.06892 2.20985 7.85229 0 14.2 20.447 0.272327 0 0 0
500.00 1233.15 24.546023 52.400006 -312521.115890 7.443620 28.201367 cpx Na0.02Ca0.82Fe''0.25Mg0.78Fe'''0.06Ti0.03Al0.18Si1.86O6 49.9254 1.04176 4.02407 2.16508 7.92645 0 14.0857 20.56 0.271631 0 0 0
500.00 1223.15 24.370116 51.766703 -310424.045958 7.385090 27.952329 cpx Na0.02Ca0.83Fe''0.25Mg0.78Fe'''0.06Ti0.03Al0.18Si1.86O6 49.9043 1.07653 3.99027 2.12129 7.98695 0 13.9747 20.6752 0.270723 0 0 0
500.00 1213.15 24.188776 51.125060 -308286.268642 7.325124 27.698432 cpx Na0.02Ca0.83Fe''0.25Mg0.77Fe'''0.06Ti0.03Al0.17Si1.86O6 49.8764 1.11535 3.96628 2.07847 8.03446 0 13.8677 20.7916 0.269769 0 0 0
500.00 1203.15 24.006279 50.484232 -306158.756185 7.265002 27.444541 cpx Na0.02Ca0.84Fe''0.25Mg0.77Fe'''0.06Ti0.03Al0.17Si1.86O6 49.842 1.15816 3.95113 2.03666 8.07 0 13.7645 20.9086 0.268878 0 0 0
500.00 1193.15 23.825801 49.850846 -304078.037937 7.205657 27.194177 cpx Na0.02Ca0.84Fe''0.25Mg0.76Fe'''0.06Ti0.03Al0.17Si1.86O6 49.8014 1.20504 3.94415 1.99592 8.0948 0 13.665 21.0256 0.268122 0 0 0
500.00 1183.15 23.649655 49.229570 -302069.617058 7.147748 26.949825 cpx Na0.02Ca0.85Fe''0.25Mg0.76Fe'''0.06Ti0.04Al0.17Si1.86O6 49.7544 1.2562 3.94495 1.95634 8.11009 0 13.5685 21.1419 0.267549 0 0 0
500.00 1173.15 23.479521 48.623642 -300151.013528 7.091738 26.713208 cpx Na0.02Ca0.85Fe''0.25Mg0.75Fe'''0.05Ti0.04Al0.17Si1.86O6 49.7005 1.31199 3.95337 1.91803 8.11709 0 13.4745 21.2574 0.267191 0 0 0
500.00 1163.15 23.316632 48.035299 -298334.243083 7.037949 26.485515 cpx Na0.02Ca0.86Fe''0.25Mg0.75Fe'''0.05Ti0.04Al0.18Si1.86O6 49.6387 1.37292 3.96951 1.88113 8.11695 0 13.3821 21.3716 0.267074 0 0 0
500.00 1153.15 23.161935 47.466122 -296627.772848 6.986611 26.267588 cpx Na0.02Ca0.86Fe''0.25Mg0.74Fe'''0.05Ti0.04Al0.18Si1.86O6 49.568 1.43967 3.99372 1.84582 8.11077 0 13.2903 21.4845 0.267221 0 0 0
500.00 1143.15 22.998547 46.885748 -294712.472199 6.934197 26.042998 cpx Na0.02Ca0.86Fe''0.26Mg0.74Fe'''0.05Ti0.04Al0.17Si1.86O6 49.5995 1.4219 3.9571 1.80497 8.17182 0 13.2201 21.5596 0.264982 0 0 0
500.00 1133.15 22.890001 46.424616 -293838.949820 6.900759 25.892195 cpx Na0.02Ca0.87Fe''0.25Mg0.74Fe'''0.05Ti0.04Al0.17Si1.86O6 49.618 1.43115 3.96378 1.76258 8.09254 0 13.2045 21.6608 0.266653 0 0 0

water thermodynamic data and composition:
Pressure Temperature mass S H V Cp formula
500.00 1523.15 0.268077 2.955481 -2888.655911 3.798272 0.752026 H2O
500.00 1513.15 0.263734 2.902728 -2849.254230 3.709350 0.739460 H2O
500.00 1503.15 0.259309 2.849211 -2808.722721 3.620130 0.726700 H2O
500.00 1493.15 0.254801 2.794913 -2767.032681 3.530610 0.713741 H2O
500.00 1483.15 0.250207 2.739816 -2724.154509 3.440789 0.700578 H2O
500.00 1473.15 0.245526 2.683903 -2680.057522 3.350665 0.687206 H2O
500.00 1463.15 0.240754 2.627154 -2634.709760 3.260237 0.673617 H2O
500.00 1453.15 0.235890 2.569551 -2588.078671 3.169503 0.659807 H2O
500.00 1443.15 0.230931 2.511074 -2540.130706 3.078465 0.645768 H2O
500.00 1433.15 0.225875 2.451704 -2490.831262 2.987120 0.631494 H2O
500.00 1423.15 0.220719 2.391419 -2440.144646 2.895471 0.616978 H2O
500.00 1413.15 0.215461 2.330201 -2388.034041 2.803517 0.602211 H2O
500.00 1403.15 0.213223 2.301769 -2369.193215 2.751596 0.595923 H2O
500.00 1393.15 0.211341 2.277220 -2354.180314 2.704624 0.590662 H2O
500.00 1383.15 0.270544 2.909701 -3021.228884 3.433160 0.756175 H2O
500.00 1373.15 0.333238 3.577206 -3730.651589 4.192733 0.931525 H2O
500.00 1363.15 0.500468 5.362152 -5616.819996 6.242557 1.399278 H2O
500.00 1353.15 0.649836 6.949132 -7311.358231 8.034996 1.817397 H2O
500.00 1343.15 0.919248 9.811065 -10368.250791 11.265830 2.571771 H2O
500.00 1333.15 1.068972 11.386709 -12086.913815 12.983631 2.991958 H2O
500.00 1323.15 1.203885 12.798421 -13646.078766 14.489819 3.371335 H2O
500.00 1313.15 1.372348 14.560178 -15594.057927 16.365834 3.845473 H2O
500.00 1303.15 1.509145 15.979211 -17190.789694 17.829799 4.231829 H2O
500.00 1293.15 1.613877 17.053271 -18429.080029 18.887380 4.529238 H2O
500.00 1283.15 1.696840 17.892920 -19424.081607 19.668434 4.766519 H2O
500.00 1273.15 1.765472 18.577819 -20259.350980 20.265518 4.964537 H2O
500.00 1263.15 1.823211 19.144944 -20973.220124 20.722377 5.132945 H2O
500.00 1253.15 1.870043 19.594845 -21564.638030 21.042434 5.271706 H2O
500.00 1243.15 1.908213 19.951668 -22058.627574 21.254268 5.387132 H2O
500.00 1233.15 1.939541 20.234966 -22475.574911 21.380813 5.484365 H2O
500.00 1223.15 1.965499 20.460487 -22832.001349 21.440367 5.567575 H2O
500.00 1213.15 1.987250 20.640662 -23141.022202 21.447254 5.640084 H2O
500.00 1203.15 2.005704 20.785159 -23412.888147 21.412533 5.704504 H2O
500.00 1193.15 2.021561 20.901451 -23655.559510 21.344686 5.762883 H2O
500.00 1183.15 2.035369 20.995317 -23875.226133 21.250227 5.816834 H2O
500.00 1173.15 2.047552 21.071256 -24076.733982 21.134181 5.867646 H2O
500.00 1163.15 2.058447 21.132800 -24263.916979 21.000457 5.916366 H2O
500.00 1153.15 2.068321 21.182760 -24439.848758 20.852120 5.963862 H2O
500.00 1143.15 2.082011 21.270588 -24661.749389 20.737610 6.024239 H2O
500.00 1133.15 2.085286 21.250937 -24760.994473 20.515416 6.056442 H2O

feldspar_0 thermodynamic data and composition:
Pressure Temperature mass S H V Cp formula SiO2 TiO2 Al2O3 Fe2O3 FeO MnO MgO CaO Na2O K2O P2O5 H2O
500.00 1363.15 4.636870 10.849025 -64637.560955 1.725492 5.648809 K0.00Na0.16Ca0.84Al1.84Si2.16O8 47.0234 0 34.0614 0 0 0 0 17.1287 1.75026 0.0362903 0 0
500.00 1353.15 8.864806 20.695159 -123642.152368 3.302681 10.791142 K0.00Na0.17Ca0.82Al1.82Si2.18O8 47.4867 0 33.7478 0 0 0 0 16.7619 1.96072 0.0428821 0 0
500.00 1343.15 15.791109 36.856513 -220276.584619 5.900871 19.215962 K0.00Na0.22Ca0.78Al1.78Si2.22O8 48.5685 0 33.0167 0 0 0 0 15.9064 2.45483 0.0535925 0 0
500.00 1333.15 20.156447 46.974534 -281272.842768 7.546915 24.513602 K0.00Na0.25Ca0.75Al1.75Si2.25O8 49.3037 0 32.5191 0 0 0 0 15.3242 2.78845 0.064601 0 0
500.00 1323.15 24.139657 56.166685 -336979.334302 9.055787 29.340179 K0.00Na0.28Ca0.72Al1.72Si2.28O8 50.0328 0 32.025 0 0 0 0 14.7465 3.11795 0.0778134 0 0
500.00 1313.15 28.589563 66.419177 -399217.749150 10.747593 34.728323 K0.01Na0.31Ca0.69Al1.69Si2.31O8 50.818 0 31.4909 0 0 0 0 14.1227 3.4676 0.100854 0 0
500.00 1303.15 32.315197 74.932951 -451397.329636 12.170227 39.227713 K0.01Na0.33Ca0.66Al1.66Si2.34O8 51.5117 0 31.0175 0 0 0 0 13.5702 3.7723 0.128334 0 0
500.00 1293.15 35.304505 81.674521 -493359.321838 13.315341 42.823662 K0.01Na0.35Ca0.64Al1.64Si2.36O8 52.0836 0 30.6257 0 0 0 0 13.1135 4.01975 0.15742 0 0
500.00 1283.15 37.739909 87.070751 -527648.867316 14.249794 45.953020 K0.01Na0.37Ca0.62Al1.62Si2.38O8 52.5444 0 30.3086 0 0 0 0 12.7444 4.21515 0.187514 0 0
500.00 1273.15 39.777619 91.492338 -556436.991411 15.031963 48.399296 K0.01Na0.38Ca0.60Al1.60Si2.40O8 52.9145 0 30.0522 0 0 0 0 12.4465 4.36764 0.219249 0 0
500.00 1263.15 41.493593 95.122078 -580776.150652 15.690189 50.445424 K0.01Na0.39Ca0.59Al1.59Si2.41O8 53.2066 0 29.8478 0 0 0 0 12.2097 4.48289 0.252973 0 0
500.00 1253.15 42.882615 97.954273 -600590.100671 16.222069 52.085918 K0.02Na0.40Ca0.58Al1.58Si2.42O8 53.4259 0 29.6925 0 0 0 0 12.0304 4.56438 0.286799 0 0
500.00 1243.15 44.009656 100.147670 -616777.388173 16.652514 53.401337 K0.02Na0.41Ca0.58Al1.58Si2.42O8 53.5889 0 29.5751 0 0 0 0 11.8955 4.61992 0.320534 0 0
500.00 1233.15 44.930229 101.837765 -630105.520316 17.002956 54.460588 K0.02Na0.41Ca0.57Al1.57Si2.43O8 53.7099 0 29.486 0 0 0 0 11.7938 4.65609 0.354136 0 0
500.00 1223.15 45.689802 103.135262 -641203.072109 17.291018 55.320121 K0.02Na0.41Ca0.57Al1.57Si2.43O8 53.8002 0 29.4177 0 0 0 0 11.7164 4.67808 0.387674 0 0
500.00 1213.15 46.324282 104.127345 -650566.487164 17.530646 56.024519 K0.02Na0.41Ca0.56Al1.56Si2.44O8 53.8683 0 29.3643 0 0 0 0 11.6564 4.68977 0.421279 0 0
500.00 1203.15 46.861393 104.881144 -658579.137990 17.732619 56.608214 K0.03Na0.41Ca0.56Al1.56Si2.44O8 53.9206 0 29.3214 0 0 0 0 11.6088 4.69402 0.455108 0 0
500.00 1193.15 47.322318 105.447792 -665533.946721 17.905177 57.097526 K0.03Na0.41Ca0.56Al1.56Si2.44O8 53.9617 0 29.286 0 0 0 0 11.57 4.69288 0.489323 0 0
500.00 1183.15 47.723195 105.866131 -671654.091417 18.054597 57.512537 K0.03Na0.41Ca0.56Al1.56Si2.44O8 53.9951 0 29.2557 0 0 0 0 11.5373 4.68783 0.524078 0 0
500.00 1173.15 48.076335 106.165705 -677109.820789 18.185670 57.868607 K0.03Na0.41Ca0.56Al1.56Si2.44O8 54.0232 0 29.2288 0 0 0 0 11.5085 4.67994 0.559517 0 0
500.00 1163.15 48.391149 106.369042 -682031.293087 18.302056 58.177540 K0.03Na0.41Ca0.56Al1.56Si2.44O8 54.0479 0 29.204 0 0 0 0 11.4823 4.66999 0.595774 0 0
500.00 1153.15 48.674842 106.493345 -686518.057367 18.406560 58.448447 K0.04Na0.41Ca0.56Al1.56Si2.44O8 54.0706 0 29.1804 0 0 0 0 11.4575 4.65855 0.632978 0 0
500.00 1143.15 49.106317 106.929672 -693043.201923 18.567377 58.893403 K0.04Na0.41Ca0.55Al1.55Si2.45O8 54.0964 0 29.1498 0 0 0 0 11.4262 4.63582 0.69179 0 0
500.00 1133.15 49.209684 106.637562 -695052.907270 18.602470 58.950382 K0.04Na0.41Ca0.55Al1.55Si2.45O8 54.1021 0 29.1425 0 0 0 0 11.4189 4.62932 0.707244 0 0

Title: Hr

Phase Masses:
Pressure Temperature mass liquid_0 olivine_0 orthopyroxene_0 clinopyroxene_0 feldspar_0 spinel_0 rhm-oxide_0 apatite water 
500.00 1523.15 100.110556 99.842480 0.000000 0.000000 0.000000 0.000000 0.000000 0.000000 0.000000 0.268077 
500.00 1513.15 100.111211 99.847477 0.000000 0.000000 0.000000 0.000000 0.000000 0.000000 0.000000 0.263734 
500.00 1503.15 100.111905 99.852596 0.000000 0.000000 0.000000 0.000000 0.000000 0.000000 0.000000 0.259309 
500.00 1493.15 100.112642 99.857840 0.000000 0.000000 0.000000 0.000000 0.000000 0.000000 0.000000 0.254801 
500.00 1483.15 100.113421 99.863213 0.000000 0.000000 0.000000 0.000000 0.000000 0.000000 0.000000 0.250207 
500.00 1473.15 100.114245 99.868719 0.000000 0.000000 0.000000 0.000000 0.000000 0.000000 0.000000 0.245526 
500.00 1463.15 100.115114 99.874360 0.000000 0.000000 0.000000 0.000000 0.000000 0.000000 0.000000 0.240754 
500.00 1453.15 100.116030 99.880140 0.000000 0.000000 0.000000 0.000000 0.000000 0.000000 0.000000 0.235890 
500.00 1443.15 100.116996 99.886064 0.000000 0.000000 0.000000 0.000000 0.000000 0.000000 0.000000 0.230931 
500.00 1433.15 100.118011 99.892136 0.000000 0.000000 0.000000 0.000000 0.000000 0.000000 0.000000 0.225875 
500.00 1423.15 100.119079 99.898360 0.000000 0.000000 0.000000 0.000000 0.000000 0.000000 0.000000 0.220719 
500.00 1413.15 100.120200 99.904739 0.000000 0.000000 0.000000 0.000000 0.000000 0.000000 0.000000 0.215461 
500.00 1403.15 100.119474 99.215813 0.690437 0.000000 0.000000 0.000000 0.000000 0.000000 0.000000 0.213223 
500.00 1393.15 100.118326 98.415288 1.491697 0.000000 0.000000 0.000000 0.000000 0.000000 0.000000 0.211341 
500.00 1383.15 100.121075 93.555263 1.715381 0.000000 4.579886 0.000000 0.000000 0.000000 0.000000 0.270544 
500.00 1373.15 100.125289 88.465234 1.906222 0.000000 9.420595 0.000000 0.000000 0.000000 0.000000 0.333238 
500.00 1363.15 100.123215 78.978743 3.222431 0.000000 12.784704 4.636870 0.000000 0.000000 0.000000 0.500468 
500.00 1353.15 100.120306 70.641216 4.519287 0.000000 15.445162 8.864806 0.000000 0.000000 0.000000 0.649836 
500.00 1343.15 100.294477 52.611348 4.294379 0.000000 20.896065 15.791109 5.782328 0.000000 0.000000 0.919248 
500.00 1333.15 100.319922 44.747585 4.740375 0.000000 22.742106 20.156447 6.864436 0.000000 0.000000 1.068972 
500.00 1323.15 100.334987 38.117885 5.048369 0.000000 24.185437 24.139657 7.639754 0.000000 0.000000 1.203885 
500.00 1313.15 100.357296 30.255538 3.076684 3.805921 24.808385 28.589563 8.448857 0.000000 0.000000 1.372348 
500.00 1303.15 100.370085 24.125917 1.665909 6.768798 25.015313 32.315197 8.969807 0.000000 0.000000 1.509145 
500.00 1293.15 100.373380 19.602552 1.038168 8.466822 25.097821 35.304505 9.249634 0.000000 0.000000 1.613877 
500.00 1283.15 100.370597 16.123585 0.820770 9.504815 25.108589 37.739909 9.376091 0.000000 0.000000 1.696840 
500.00 1273.15 100.363378 13.282040 0.809339 10.234087 25.066578 39.777619 9.397725 0.000000 0.030520 1.765472 
500.00 1263.15 100.352771 10.896776 0.900014 10.825575 24.979276 41.493593 9.341364 0.000000 0.092962 1.823211 
500.00 1253.15 100.340671 8.981663 1.018340 11.349380 24.857968 42.882615 9.237776 0.000000 0.142886 1.870043 
500.00 1243.15 100.327906 7.428180 1.132952 11.848719 24.710930 44.009656 9.105769 0.000000 0.183487 1.908213 
500.00 1233.15 100.315010 6.153790 1.232141 12.338499 24.546023 44.930229 8.957819 0.000000 0.216967 1.939541 
500.00 1223.15 100.302305 5.094869 1.313123 12.822072 24.370116 45.689802 8.801902 0.000000 0.244922 1.965499 
500.00 1213.15 100.289970 4.202584 1.376795 13.298862 24.188776 46.324282 8.642876 0.000000 0.268545 1.987250 
500.00 1203.15 100.278091 3.439626 1.425332 13.767520 24.006279 46.861393 8.483493 0.000000 0.288745 2.005704 
500.00 1193.15 100.266695 2.777473 1.461158 14.227062 23.825801 47.322318 8.325100 0.000000 0.306222 2.021561 
500.00 1183.15 100.255771 2.194196 1.486534 14.677187 23.649655 47.723195 8.168106 0.000000 0.321528 2.035369 
500.00 1173.15 100.245284 1.672771 1.503432 15.118289 23.479521 48.076335 8.012283 0.000000 0.335102 2.047552 
500.00 1163.15 100.235187 1.199821 1.513514 15.551382 23.316632 48.391149 7.856940 0.000000 0.347302 2.058447 
500.00 1153.15 100.225423 0.764683 1.518165 15.978024 23.161935 48.674842 7.701031 0.000000 0.358423 2.068321 
500.00 1143.15 100.215720 0.149279 1.528212 16.457239 22.998547 49.106317 7.337504 0.182604 0.374007 2.082011 
500.00 1133.15 100.214948 0.000000 1.524457 16.640524 22.890001 49.209684 7.214752 0.272491 0.377752 2.085286 

Title: Hr

Phase Volumes:
Pressure Temperature mass V liquid_0 olivine_0 orthopyroxene_0 clinopyroxene_0 feldspar_0 spinel_0 rhm-oxide_0 apatite water 
500.00 1523.15 100.110556 43.181302 39.383030 0.000000 0.000000 0.000000 0.000000 0.000000 0.000000 0.000000 3.798272 
500.00 1513.15 100.111211 43.051927 39.342577 0.000000 0.000000 0.000000 0.000000 0.000000 0.000000 0.000000 3.709350 
500.00 1503.15 100.111905 42.922370 39.302240 0.000000 0.000000 0.000000 0.000000 0.000000 0.000000 0.000000 3.620130 
500.00 1493.15 100.112642 42.792633 39.262023 0.000000 0.000000 0.000000 0.000000 0.000000 0.000000 0.000000 3.530610 
500.00 1483.15 100.113421 42.662716 39.221927 0.000000 0.000000 0.000000 0.000000 0.000000 0.000000 0.000000 3.440789 
500.00 1473.15 100.114245 42.532622 39.181957 0.000000 0.000000 0.000000 0.000000 0.000000 0.000000 0.000000 3.350665 
500.00 1463.15 100.115114 42.402352 39.142115 0.000000 0.000000 0.000000 0.000000 0.000000 0.000000 0.000000 3.260237 
500.00 1453.15 100.116030 42.271908 39.102405 0.000000 0.000000 0.000000 0.000000 0.000000 0.000000 0.000000 3.169503 
500.00 1443.15 100.116996 42.141293 39.062829 0.000000 0.000000 0.000000 0.000000 0.000000 0.000000 0.000000 3.078465 
500.00 1433.15 100.118011 42.010511 39.023390 0.000000 0.000000 0.000000 0.000000 0.000000 0.000000 0.000000 2.987120 
500.00 1423.15 100.119079 41.879564 38.984093 0.000000 0.000000 0.000000 0.000000 0.000000 0.000000 0.000000 2.895471 
500.00 1413.15 100.120200 41.748457 38.944940 0.000000 0.000000 0.000000 0.000000 0.000000 0.000000 0.000000 2.803517 
500.00 1403.15 100.119474 41.637000 38.676041 0.209363 0.000000 0.000000 0.000000 0.000000 0.000000 0.000000 2.751596 
500.00 1393.15 100.118326 41.527663 38.371913 0.451125 0.000000 0.000000 0.000000 0.000000 0.000000 0.000000 2.704624 
500.00 1383.15 100.121075 41.874789 36.521203 0.516478 0.000000 1.403947 0.000000 0.000000 0.000000 0.000000 3.433160 
500.00 1373.15 100.125289 42.239641 34.597721 0.571115 0.000000 2.878072 0.000000 0.000000 0.000000 0.000000 4.192733 
500.00 1363.15 100.123215 43.712230 30.893591 0.958513 0.000000 3.892078 1.725492 0.000000 0.000000 0.000000 6.242557 
500.00 1353.15 100.120306 45.002202 27.645857 1.333960 0.000000 4.684709 3.302681 0.000000 0.000000 0.000000 8.034996 
500.00 1343.15 100.294477 47.437524 21.364998 1.268565 0.000000 6.374469 5.900871 1.262792 0.000000 0.000000 11.265830 
500.00 1333.15 100.319922 48.718128 18.364667 1.394908 0.000000 6.936014 7.546915 1.491993 0.000000 0.000000 12.983631 
500.00 1323.15 100.334987 49.837285 15.784103 1.479996 0.000000 7.373859 9.055787 1.653721 0.000000 0.000000 14.489819 
500.00 1313.15 100.357296 51.171942 12.624241 0.898290 1.152492 7.561285 10.747593 1.822208 0.000000 0.000000 16.365834 
500.00 1303.15 100.370085 52.204841 10.124917 0.483977 2.046925 7.621252 12.170227 1.927744 0.000000 0.000000 17.829799 
500.00 1293.15 100.373380 52.944882 8.262087 0.299882 2.556478 7.642547 13.315341 1.981167 0.000000 0.000000 18.887380 
500.00 1283.15 100.370597 53.479909 6.817702 0.235606 2.865070 7.641402 14.249794 2.001900 0.000000 0.000000 19.668434 
500.00 1273.15 100.363378 53.873800 5.632073 0.230762 3.079289 7.623629 15.031963 2.000600 0.000000 0.009966 20.265518 
500.00 1263.15 100.352771 54.157341 4.633908 0.254795 3.250941 7.591591 15.690189 1.983184 0.000000 0.030355 20.722377 
500.00 1253.15 100.340671 54.333732 3.829072 0.286295 3.401613 7.549169 16.222069 1.956424 0.000000 0.046657 21.042434 
500.00 1243.15 100.327906 54.424753 3.173883 0.316402 3.544464 7.499021 16.652514 1.924288 0.000000 0.059915 21.254268 
500.00 1233.15 100.315010 54.448299 2.634707 0.341943 3.684065 7.443620 17.002956 1.889348 0.000000 0.070847 21.380813 
500.00 1223.15 100.302305 54.418792 2.185384 0.362268 3.821480 7.385090 17.291018 1.853211 0.000000 0.079975 21.440367 
500.00 1213.15 100.289970 54.347554 1.805712 0.377733 3.956572 7.325124 17.530646 1.816824 0.000000 0.087689 21.447254 
500.00 1203.15 100.278091 54.243310 1.480189 0.389021 4.088963 7.265002 17.732619 1.780699 0.000000 0.094285 21.412533 
500.00 1193.15 100.266695 54.112728 1.196932 0.396852 4.218368 7.205657 17.905177 1.745064 0.000000 0.099992 21.344686 
500.00 1183.15 100.255771 53.960890 0.946783 0.401884 4.344703 7.147748 18.054597 1.709959 0.000000 0.104990 21.250227 
500.00 1173.15 100.245284 53.791684 0.722622 0.404675 4.468077 7.091738 18.185670 1.675298 0.000000 0.109422 21.134181 
500.00 1163.15 100.235187 53.608091 0.518845 0.405692 4.588779 7.037949 18.302056 1.640906 0.000000 0.113406 21.000457 
500.00 1153.15 100.225423 53.412410 0.330977 0.405315 4.707250 6.986611 18.406560 1.606541 0.000000 0.117037 20.852120 
500.00 1143.15 100.215720 53.238268 0.064679 0.406320 4.839026 6.934197 18.567377 1.527448 0.039485 0.122126 20.737610 
500.00 1133.15 100.214948 52.993373 0.000000 0.404680 4.888393 6.900759 18.602470 1.499419 0.058886 0.123349 20.515416 

Title: Hr

Solid Composition:
Pressure Temperature mass SiO2 TiO2 Al2O3 Fe2O3 FeO MnO MgO CaO Na2O K2O P2O5 H2O 
500.00 1523.15 0.268077 -3.82779e-011 4.2396e-012 1.33773e-011 -2.54208e-011 6.17411e-010 9.18071e-014 0 -4.00086e-011 4.81279e-013 -3.04795e-014 5.39632e-013 100
500.00 1513.15 0.263734 -2.1934e-012 0 -4.52693e-013 0 0 0 0 2.39763e-013 0 0 0 100
500.00 1503.15 0.259309 -2.21073e-013 0 4.26312e-013 0 0 0 0 9.37898e-015 0 0 0 100
500.00 1493.15 0.254801 2.06577e-012 0 1.56188e-013 0 0 0 0 -1.04994e-013 0 0 0 100
500.00 1483.15 0.250207 -6.24859e-014 0 1.76728e-014 0 0 0 0 1.45802e-013 0 0 0 100
500.00 1473.15 0.245526 -1.33722e-012 0 -1.98107e-013 0 0 0 0 -9.9055e-014 0 0 0 100
500.00 1463.15 0.240754 -1.32043e-012 0 -3.12234e-013 0 0 0 0 9.09164e-014 0 0 0 100
500.00 1453.15 0.235890 -2.23138e-012 0 -4.68636e-013 0 0 0 0 -2.98993e-013 0 0 0 100
500.00 1443.15 0.230931 -1.69254e-012 0 4.78699e-013 0 0 0 0 1.79036e-013 0 0 0 100
500.00 1433.15 0.225875 -6.69099e-013 0 2.93649e-013 0 0 0 0 -1.61509e-013 0 0 0 100
500.00 1423.15 0.220719 -1.62918e-012 0 1.40237e-013 0 0 0 0 1.21207e-013 0 0 0 100
500.00 1413.15 0.215461 1.76569e-012 0 5.95162e-013 0 0 0 0 2.25754e-013 0 0 0 100
500.00 1403.15 0.903661 30.1632 0 6.36127e-014 0 12.7258 0.220737 32.9664 0.328436 0 0 0 23.5955
500.00 1393.15 1.703038 34.4886 0 2.59646e-015 0 15.0613 0.259433 37.3982 0.382859 0 0 0 12.4096
500.00 1383.15 6.565812 44.1163 0.808244 4.20202 2.15903 8.1851 0.0834043 21.0157 15.1968 0.112843 0 0 4.1205
500.00 1373.15 11.660055 45.1106 1.09642 5.2313 2.68428 7.33866 0.0566962 18.0308 17.4521 0.141194 0 0 2.85794
500.00 1363.15 21.144473 44.9263 0.955614 11.4511 2.12959 6.56451 0.0610673 14.3355 16.7022 0.499256 0.00795826 0 2.3669
500.00 1353.15 29.479090 44.801 0.955037 13.6527 1.95326 6.61516 0.0703806 12.8746 16.1621 0.698371 0.0128953 0 2.2044
500.00 1343.15 47.683129 40.9581 1.70558 14.2521 6.69323 8.54493 0.0605854 10.6613 14.2733 0.905249 0.0177481 0 1.92783
500.00 1333.15 55.572337 41.2831 1.6945 14.7601 6.64184 8.63035 0.0693357 10.0566 13.8161 1.10109 0.0234312 0 1.92357
500.00 1323.15 62.217101 41.7546 1.66732 15.0983 6.48365 8.65796 0.0785394 9.58453 13.4125 1.2975 0.0301909 0 1.93497
500.00 1313.15 70.101757 42.8755 1.62278 15.3444 6.33868 8.39109 0.060717 9.0214 12.8468 1.49996 0.0411314 0 1.95765
500.00 1303.15 76.244168 43.7377 1.58234 15.4911 6.17458 8.20854 0.0434828 8.62467 12.4205 1.68329 0.054393 0 1.97936
500.00 1293.15 80.770828 44.3448 1.54954 15.5803 5.98958 8.12826 0.0348321 8.35098 12.1145 1.84025 0.0688075 0 1.99809
500.00 1283.15 84.247013 44.8074 1.52312 15.6355 5.79443 8.10711 0.0341476 8.14772 11.8822 1.97019 0.0840001 0 2.01412
500.00 1273.15 87.081339 45.1708 1.50129 15.6638 5.58667 8.12257 0.040577 7.98505 11.7108 2.07547 0.10015 0.0148557 2.02801
500.00 1263.15 89.455995 45.4616 1.48331 15.6727 5.36854 8.16421 0.0530599 7.85 11.5873 2.15797 0.11734 0.0440479 2.03997
500.00 1253.15 91.359008 45.7059 1.46948 15.6748 5.15986 8.22142 0.0685909 7.74161 11.4885 2.21927 0.134619 0.0662928 2.04972
500.00 1243.15 92.899726 45.914 1.45886 15.6731 4.96301 8.287 0.0852112 7.65329 11.4086 2.26368 0.151847 0.0837181 2.0576
500.00 1233.15 94.161220 46.0937 1.45071 15.6695 4.77887 8.35637 0.101631 7.58028 11.3432 2.29514 0.168981 0.0976673 2.06394
500.00 1223.15 95.207436 46.2509 1.4444 15.6651 4.60728 8.42667 0.117108 7.51897 11.2886 2.31688 0.186044 0.10904 2.06905
500.00 1213.15 96.087386 46.3904 1.43945 15.6603 4.44752 8.49615 0.131277 7.46669 11.242 2.33144 0.203101 0.118462 2.07318
500.00 1203.15 96.838465 46.5158 1.4355 15.6556 4.29854 8.56386 0.144008 7.4214 11.2014 2.34068 0.220233 0.126385 2.07653
500.00 1193.15 97.489222 46.6301 1.43228 15.6512 4.15919 8.6293 0.155304 7.38155 11.1652 2.34599 0.237523 0.13314 2.07926
500.00 1183.15 98.061575 46.7355 1.42958 15.6469 4.02832 8.6923 0.165244 7.34597 11.1322 2.34838 0.255051 0.138979 2.08148
500.00 1173.15 98.572513 46.8339 1.42726 15.643 3.90479 8.75289 0.173943 7.31375 11.1016 2.34858 0.272891 0.144095 2.0833
500.00 1163.15 99.035366 46.9266 1.4252 15.6393 3.7875 8.81124 0.181527 7.28416 11.0728 2.34712 0.29111 0.148643 2.08479
500.00 1153.15 99.460740 47.015 1.4233 15.6359 3.67542 8.86758 0.188124 7.25663 11.0452 2.34439 0.309772 0.152747 2.086
500.00 1143.15 100.066441 47.143 1.42052 15.63 3.55873 8.90733 0.196625 7.21683 11.0035 2.33815 0.339487 0.158423 2.08733
500.00 1133.15 100.214948 47.1737 1.41975 15.6285 3.54627 8.90238 0.1985 7.20702 10.993 2.33633 0.347286 0.159773 2.08757
Title: Hr

Bulk Composition:
Pressure Temperature mass SiO2 TiO2 Al2O3 Fe2O3 FeO MnO MgO CaO Na2O K2O P2O5 H2O 
500.00 1523.15 100.110556 47.2229 1.42123 15.6448 2.50917 9.84818 0.198707 7.21453 11.0044 2.33877 0.347648 0.159939 2.08975
500.00 1513.15 100.111211 47.2226 1.42122 15.6447 2.51568 9.84225 0.198705 7.21449 11.0043 2.33875 0.347646 0.159938 2.08974
500.00 1503.15 100.111905 47.2222 1.42121 15.6446 2.52258 9.83595 0.198704 7.21444 11.0043 2.33874 0.347643 0.159937 2.08972
500.00 1493.15 100.112642 47.2219 1.4212 15.6445 2.52991 9.82927 0.198702 7.21438 11.0042 2.33872 0.347641 0.159936 2.08971
500.00 1483.15 100.113421 47.2215 1.42118 15.6443 2.53766 9.8222 0.198701 7.21433 11.0041 2.3387 0.347638 0.159935 2.08969
500.00 1473.15 100.114245 47.2211 1.42117 15.6442 2.54585 9.81473 0.198699 7.21427 11.004 2.33868 0.347635 0.159934 2.08967
500.00 1463.15 100.115114 47.2207 1.42116 15.6441 2.55449 9.80685 0.198698 7.21421 11.0039 2.33866 0.347632 0.159932 2.08965
500.00 1453.15 100.116030 47.2203 1.42115 15.6439 2.56361 9.79853 0.198696 7.21414 11.0038 2.33864 0.347629 0.159931 2.08964
500.00 1443.15 100.116996 47.2198 1.42113 15.6438 2.57321 9.78978 0.198694 7.21407 11.0037 2.33862 0.347626 0.159929 2.08962
500.00 1433.15 100.118011 47.2194 1.42112 15.6436 2.5833 9.78057 0.198692 7.214 11.0036 2.3386 0.347622 0.159928 2.08959
500.00 1423.15 100.119079 47.2189 1.4211 15.6435 2.59392 9.77089 0.19869 7.21392 11.0035 2.33857 0.347618 0.159926 2.08957
500.00 1413.15 100.120200 47.2183 1.42109 15.6433 2.60507 9.76072 0.198687 7.21384 11.0034 2.33854 0.347615 0.159924 2.08955
500.00 1403.15 100.119474 47.2187 1.4211 15.6434 2.59785 9.76731 0.198689 7.21389 11.0034 2.33856 0.347617 0.159925 2.08956
500.00 1393.15 100.118326 47.2192 1.42112 15.6436 2.58643 9.77772 0.198691 7.21397 11.0036 2.33859 0.347621 0.159927 2.08959
500.00 1383.15 100.121075 47.2179 1.42108 15.6431 2.61376 9.75279 0.198686 7.21378 11.0033 2.33852 0.347611 0.159923 2.08953
500.00 1373.15 100.125289 47.2159 1.42102 15.6425 2.65567 9.71458 0.198677 7.21347 11.0028 2.33843 0.347597 0.159916 2.08944
500.00 1363.15 100.123215 47.2169 1.42105 15.6428 2.63505 9.73338 0.198681 7.21362 11.003 2.33847 0.347604 0.159919 2.08949
500.00 1353.15 100.120306 47.2183 1.42109 15.6433 2.60612 9.75976 0.198687 7.21383 11.0033 2.33854 0.347614 0.159924 2.08955
500.00 1343.15 100.294477 47.1363 1.41862 15.6161 4.33491 8.18316 0.198342 7.2013 10.9842 2.33448 0.34701 0.159646 2.08592
500.00 1333.15 100.319922 47.1243 1.41826 15.6121 4.58697 7.95328 0.198292 7.19948 10.9814 2.33389 0.346922 0.159606 2.08539
500.00 1323.15 100.334987 47.1172 1.41805 15.6098 4.73615 7.81724 0.198262 7.1984 10.9798 2.33354 0.34687 0.159582 2.08508
500.00 1313.15 100.357296 47.1068 1.41773 15.6063 4.95697 7.61585 0.198218 7.1968 10.9774 2.33302 0.346793 0.159546 2.08461
500.00 1303.15 100.370085 47.1008 1.41755 15.6043 5.08352 7.50045 0.198193 7.19588 10.976 2.33272 0.346749 0.159526 2.08435
500.00 1293.15 100.373380 47.0992 1.4175 15.6038 5.11612 7.47072 0.198186 7.19564 10.9756 2.33265 0.346738 0.159521 2.08428
500.00 1283.15 100.370597 47.1005 1.41754 15.6043 5.08859 7.49582 0.198192 7.19584 10.9759 2.33271 0.346747 0.159525 2.08434
500.00 1273.15 100.363378 47.1039 1.41765 15.6054 5.01716 7.56096 0.198206 7.19636 10.9767 2.33288 0.346772 0.159537 2.08449
500.00 1263.15 100.352771 47.1089 1.4178 15.607 4.91219 7.6567 0.198227 7.19712 10.9779 2.33312 0.346809 0.159553 2.08471
500.00 1253.15 100.340671 47.1146 1.41797 15.6089 4.79242 7.76592 0.198251 7.19799 10.9792 2.33341 0.346851 0.159573 2.08496
500.00 1243.15 100.327906 47.1206 1.41815 15.6109 4.66605 7.88117 0.198276 7.19891 10.9806 2.3337 0.346895 0.159593 2.08522
500.00 1233.15 100.315010 47.1266 1.41833 15.6129 4.53833 7.99765 0.198302 7.19983 10.982 2.334 0.346939 0.159614 2.08549
500.00 1223.15 100.302305 47.1326 1.41851 15.6149 4.41247 8.11242 0.198327 7.20074 10.9834 2.3343 0.346983 0.159634 2.08575
500.00 1213.15 100.289970 47.1384 1.41868 15.6168 4.29025 8.22388 0.198351 7.20163 10.9847 2.33459 0.347026 0.159653 2.08601
500.00 1203.15 100.278091 47.144 1.41885 15.6187 4.17253 8.33125 0.198375 7.20248 10.986 2.33486 0.347067 0.159672 2.08626
500.00 1193.15 100.266695 47.1493 1.41901 15.6204 4.05956 8.43427 0.198397 7.2033 10.9873 2.33513 0.347107 0.15969 2.0865
500.00 1183.15 100.255771 47.1545 1.41917 15.6221 3.95124 8.53305 0.198419 7.20408 10.9885 2.33538 0.347144 0.159708 2.08672
500.00 1173.15 100.245284 47.1594 1.41932 15.6238 3.84724 8.6279 0.19844 7.20484 10.9896 2.33563 0.347181 0.159725 2.08694
500.00 1163.15 100.235187 47.1642 1.41946 15.6253 3.74709 8.71923 0.19846 7.20556 10.9907 2.33586 0.347216 0.159741 2.08715
500.00 1153.15 100.225423 47.1688 1.4196 15.6269 3.65022 8.80758 0.198479 7.20627 10.9918 2.33609 0.34725 0.159756 2.08735
500.00 1143.15 100.215720 47.1733 1.41973 15.6284 3.55393 8.89539 0.198498 7.20696 10.9929 2.33632 0.347283 0.159772 2.08756
500.00 1133.15 100.214948 47.1737 1.41975 15.6285 3.54627 8.90238 0.1985 7.20702 10.993 2.33633 0.347286 0.159773 2.08757
