Title: Hr

liquid_0 thermodynamic data and composition:
Pressure Temperature mass S H V Cp viscosity SiO2 TiO2 Al2O3 Fe2O3 FeO MnO MgO CaO Na2O K2O P2O5 H2O Mg#
500.00 1523.15 98.192143 265.587876 -1170906.548305 36.279179 146.425044 2.155 49.5462 1.36162 15.4921 2.49455 9.66309 0.199914 7.27899 11.1827 2.27085 0.349519 0.160502 0 57.3
500.00 1513.15 98.192784 264.624587 -1172380.167149 36.255837 146.428329 2.197 49.5459 1.36161 15.492 2.50104 9.65717 0.199913 7.27895 11.1826 2.27084 0.349517 0.160501 0 57.3
500.00 1503.15 98.193464 263.654932 -1173854.429536 36.232527 146.431816 2.240 49.5456 1.3616 15.4919 2.50793 9.65088 0.199911 7.2789 11.1825 2.27082 0.349514 0.160499 0 57.3
500.00 1493.15 98.194184 262.678821 -1175329.359218 36.209250 146.435511 2.283 49.5452 1.36159 15.4918 2.51524 9.64422 0.19991 7.27884 11.1824 2.27081 0.349512 0.160498 0 57.4
500.00 1483.15 98.064838 261.347325 -1175055.902731 36.135078 146.243201 2.326 49.5461 1.36338 15.4684 2.52596 9.65028 0.200174 7.28844 11.1761 2.27055 0.349908 0.16071 0 57.4
500.00 1473.15 94.233834 250.126944 -1124950.519075 34.609948 137.289553 2.323 49.5701 1.41881 14.7658 2.6258 10.0452 0.208312 7.58475 10.9964 2.25575 0.361854 0.167244 0 57.4
500.00 1463.15 90.602036 239.490234 -1077429.359171 33.158943 131.970082 2.316 49.5622 1.47568 14.067 2.72773 10.4508 0.216662 7.88879 10.8378 2.22596 0.373431 0.173948 0 57.4
500.00 1453.15 82.312815 216.603343 -971463.728688 29.999700 119.449098 2.325 49.4914 1.61267 13.4834 2.88426 11.191 0.235733 7.79986 10.4613 2.24356 0.405295 0.191465 0 55.4
500.00 1443.15 68.155853 178.453750 -792312.775516 24.652693 98.192393 2.299 48.9432 1.91382 12.8654 3.15854 12.4843 0.288016 7.27575 10.0466 2.31817 0.474949 0.231235 0 51.0
500.00 1433.15 57.349530 149.343882 -656740.567074 20.576268 82.063855 2.267 48.3527 2.23367 12.2311 3.41671 13.7563 0.342287 6.798 9.72769 2.32433 0.54236 0.274806 0 46.8
500.00 1423.15 48.489184 125.531304 -546549.724791 17.233201 68.962793 2.211 47.597 2.59062 11.5717 3.67101 15.0764 0.404833 6.40003 9.49029 2.2657 0.607397 0.325021 0 43.1
500.00 1413.15 40.943872 105.317084 -453546.852355 14.386102 57.914002 2.126 46.6196 3.00454 10.8585 3.92948 16.5006 0.479437 6.08086 9.34196 2.1342 0.665878 0.384917 0 39.6
500.00 1403.15 34.278024 87.529962 -372066.393001 11.869785 48.249881 1.996 45.3111 3.51217 10.0343 4.2056 18.1329 0.57267 5.84841 9.30215 1.91275 0.708206 0.45977 0 36.5
500.00 1393.15 28.151305 71.258867 -297684.535468 9.554148 39.454938 1.794 43.4515 4.18879 8.98206 4.5239 20.1833 0.697303 5.72248 9.40783 1.57159 0.71146 0.559832 0 33.6
500.00 1383.15 22.551864 56.475479 -230351.466927 7.443477 31.483230 1.498 40.8501 5.12714 7.61145 4.89436 22.8254 0.870438 5.69884 9.65769 1.12613 0.639627 0.698834 0 30.8
500.00 1373.15 18.374543 45.534383 -181615.221961 5.903460 25.564968 1.220 38.3091 6.12522 6.38621 5.20329 25.2307 1.06833 5.65442 9.84346 0.785432 0.536102 0.857708 0 28.5
500.00 1363.15 15.562857 38.238379 -150378.701288 4.905286 21.599000 1.035 36.4566 6.94517 5.60627 5.39824 26.8 1.26134 5.5523 9.89358 0.606223 0.467606 1.01267 0 27.0
500.00 1353.15 13.420986 32.736357 -127699.649130 4.172519 18.594092 0.909 35.0772 7.61241 5.1062 5.52632 27.7884 1.46263 5.42775 9.89115 0.505497 0.428145 1.17428 0 25.8
500.00 1343.15 11.571692 28.039718 -108913.826338 3.560310 16.014289 0.814 33.9716 8.17016 4.76068 5.61836 28.3949 1.69638 5.29182 9.88962 0.439329 0.405225 1.36194 0 24.9
500.00 1333.15 9.832241 23.676174 -91831.274592 3.000519 13.600874 0.735 33.0227 8.63368 4.50424 5.68964 28.6995 1.99649 5.14482 9.92622 0.388355 0.391382 1.60289 0 24.2
500.00 1323.15 5.500075 13.116105 -50252.489019 1.658790 7.644766 0.496 31.5308 6.47541 3.77287 5.96025 30.0497 3.06932 5.31703 10.2719 0.401431 0.285825 2.86542 0 24.0
500.00 1313.15 0.813233 1.847203 -8211.583267 0.254237 1.298252 -1.034 16.7037 3.12759 1.65555 7.6669 17.0651 2.66859 5.64508 25.7658 1.28017e-031 0.322339 19.3794 0 37.1
500.00 1303.15 0.810201 1.830847 -8187.488271 0.253021 1.292659 -1.011 16.7662 3.1393 1.66175 7.70858 17.1172 2.67857 5.6662 25.6585 1.28496e-031 0.323546 19.2801 0 37.1
500.00 1293.15 0.810240 1.820980 -8201.065355 0.252883 1.292834 -0.994 16.7654 3.13914 1.66167 7.75649 17.0729 2.67844 5.66593 25.6573 1.2849e-031 0.32353 19.2792 0 37.2

clinopyroxene_4 thermodynamic data and composition:
Pressure Temperature mass S H V Cp structure formula SiO2 TiO2 Al2O3 Fe2O3 FeO MnO MgO CaO Na2O K2O P2O5 H2O
500.00 1313.15 0.000000 0.000000 -0.000000 0.000000 0.000000 cpx Na0.01Ca0.20Fe''0.74Mg0.94Fe'''0.07Ti0.01Al0.15Si1.89O6 49.3655 0.233574 3.24902 2.59127 23.0308 0 16.5704 4.86512 0.094324 0 0 0
500.00 1303.15 0.000000 0.000000 -0.000000 0.000000 0.000000 cpx Na0.01Ca0.20Fe''0.74Mg0.94Fe'''0.07Ti0.01Al0.15Si1.89O6 49.3655 0.233574 3.24902 2.59127 23.0308 0 16.5704 4.86512 0.094324 0 0 0
500.00 1293.15 0.000000 0.000000 -0.000000 0.000000 0.000000 cpx Na0.01Ca0.20Fe''0.74Mg0.94Fe'''0.07Ti0.01Al0.15Si1.89O6 49.3655 0.233574 3.24902 2.59127 23.0308 0 16.5704 4.86512 0.094324 0 0 0

clinopyroxene_2 thermodynamic data and composition:
Pressure Temperature mass S H V Cp structure formula SiO2 TiO2 Al2O3 Fe2O3 FeO MnO MgO CaO Na2O K2O P2O5 H2O
500.00 1313.15 0.000000 0.000000 -0.000000 0.000000 0.000000 cpx Na0.01Ca0.20Fe''0.74Mg0.94Fe'''0.07Ti0.01Al0.15Si1.89O6 49.3655 0.233574 3.24902 2.59127 23.0308 0 16.5704 4.86512 0.094324 0 0 0
500.00 1303.15 0.000000 0.000000 -0.000000 0.000000 0.000000 cpx Na0.01Ca0.20Fe''0.74Mg0.94Fe'''0.07Ti0.01Al0.15Si1.89O6 49.3655 0.233574 3.24902 2.59127 23.0308 0 16.5704 4.86512 0.094324 0 0 0
500.00 1293.15 0.000000 0.000000 -0.000000 0.000000 0.000000 cpx Na0.01Ca0.20Fe''0.74Mg0.94Fe'''0.07Ti0.01Al0.15Si1.89O6 49.3655 0.233574 3.24902 2.59127 23.0308 0 16.5704 4.86512 0.094324 0 0 0

clinopyroxene_0 thermodynamic data and composition:
Pressure Temperature mass S H V Cp structure formula SiO2 TiO2 Al2O3 Fe2O3 FeO MnO MgO CaO Na2O K2O P2O5 H2O
500.00 1453.15 3.001542 7.075840 -38040.947210 0.927893 3.591986 cpx Na0.01Ca0.68Fe''0.21Mg0.97Fe'''0.06Ti0.01Al0.18Si1.88O6 51.2897 0.318708 4.06934 2.12141 6.91282 0 17.7959 17.322 0.170134 0 0 0
500.00 1443.15 6.168975 14.478438 -77795.948870 1.901037 7.354161 cpx Na0.01Ca0.68Fe''0.23Mg0.95Fe'''0.06Ti0.01Al0.18Si1.88O6 50.9914 0.388536 4.10388 2.29274 7.41116 0 17.3336 17.294 0.184771 0 0 0
500.00 1433.15 8.572983 20.025254 -107595.513737 2.633589 10.177538 cpx Na0.01Ca0.69Fe''0.24Mg0.92Fe'''0.07Ti0.01Al0.18Si1.87O6 50.6799 0.464043 4.13784 2.46787 7.86334 0 16.8149 17.3731 0.199088 0 0 0
500.00 1423.15 10.446876 24.284546 -130509.131466 3.199369 12.350201 cpx Na0.02Ca0.69Fe''0.26Mg0.90Fe'''0.07Ti0.02Al0.18Si1.86O6 50.3667 0.545285 4.17116 2.64114 8.28913 0 16.2953 17.4784 0.212937 0 0 0
500.00 1413.15 11.954003 27.651621 -148671.401907 3.649889 14.072698 cpx Na0.02Ca0.70Fe''0.27Mg0.87Fe'''0.08Ti0.02Al0.18Si1.86O6 50.0582 0.630886 4.19836 2.80829 8.69589 0 15.7811 17.6014 0.225932 0 0 0
500.00 1403.15 13.181422 30.339273 -163232.989722 4.012899 15.453465 cpx Na0.02Ca0.71Fe''0.28Mg0.85Fe'''0.08Ti0.02Al0.18Si1.85O6 49.7681 0.717024 4.20868 2.95923 9.09403 0 15.2826 17.7332 0.237209 0 0 0
500.00 1393.15 14.167419 32.444746 -174723.799524 4.301149 16.542909 cpx Na0.02Ca0.72Fe''0.30Mg0.83Fe'''0.09Ti0.02Al0.18Si1.85O6 49.522 0.796037 4.18296 3.07395 9.5022 0 14.8148 17.8632 0.244937 0 0 0
500.00 1383.15 14.964133 34.094409 -183833.997770 4.531188 17.405620 cpx Na0.02Ca0.72Fe''0.31Mg0.80Fe'''0.09Ti0.02Al0.18Si1.85O6 49.3197 0.868963 4.12361 3.1415 9.92746 0 14.3773 17.9943 0.247176 0 0 0
500.00 1373.15 15.735755 35.667843 -192655.758242 4.752198 18.231114 cpx Na0.02Ca0.73Fe''0.32Mg0.78Fe'''0.09Ti0.03Al0.18Si1.84O6 49.0317 0.981983 4.1451 3.23992 10.256 0 13.9201 18.1755 0.249661 0 0 0
500.00 1363.15 16.526221 37.267256 -201772.799666 4.977098 19.069874 cpx Na0.02Ca0.74Fe''0.33Mg0.76Fe'''0.10Ti0.03Al0.19Si1.83O6 48.6026 1.16016 4.29102 3.41493 10.4224 0 13.4343 18.4169 0.257724 0 0 0
500.00 1353.15 17.303941 38.819320 -210760.256322 5.196017 19.884755 cpx Na0.02Ca0.76Fe''0.33Mg0.73Fe'''0.10Ti0.04Al0.20Si1.82O6 48.0559 1.40322 4.52411 3.64702 10.4754 0 12.9271 18.6972 0.26998 0 0 0
500.00 1343.15 18.062189 40.306169 -219490.607190 5.406293 20.666311 cpx Na0.02Ca0.77Fe''0.33Mg0.70Fe'''0.11Ti0.05Al0.22Si1.80O6 47.3924 1.71951 4.82661 3.92332 10.4544 0 12.3929 19.0061 0.284794 0 0 0
500.00 1333.15 18.801088 41.725395 -227934.291645 5.607307 21.413318 cpx Na0.02Ca0.79Fe''0.33Mg0.67Fe'''0.12Ti0.06Al0.23Si1.77O6 46.6026 2.12158 5.19359 4.2351 10.3825 0 11.8264 19.3374 0.300826 0 0 0
500.00 1323.15 20.687044 45.751917 -250066.514494 6.171015 23.541146 cpx Na0.02Ca0.78Fe''0.35Mg0.67Fe'''0.12Ti0.05Al0.22Si1.80O6 47.1802 1.578 4.88344 4.19988 11.0142 0 11.8215 19.0271 0.295754 0 0 0
500.00 1313.15 23.709844 52.261679 -284103.730423 7.052861 26.917050 cpx Na0.02Ca0.74Fe''0.39Mg0.66Fe'''0.12Ti0.03Al0.21Si1.81O6 47.4695 1.17879 4.74767 4.18921 12.2917 0 11.5878 18.1994 0.336004 0 0 0
500.00 1303.15 23.709844 52.056010 -284372.775600 7.049975 26.891943 cpx Na0.02Ca0.74Fe''0.39Mg0.66Fe'''0.12Ti0.03Al0.21Si1.81O6 47.4695 1.17879 4.74767 4.18921 12.2917 0 11.5878 18.1994 0.336004 0 0 0
500.00 1293.15 23.709844 51.848951 -284641.568446 7.047099 26.866583 cpx Na0.02Ca0.74Fe''0.39Mg0.66Fe'''0.12Ti0.03Al0.21Si1.81O6 47.4695 1.17879 4.74767 4.18921 12.2917 0 11.5878 18.1994 0.336004 0 0 0

rhm-oxide_0 thermodynamic data and composition:
Pressure Temperature mass S H V Cp formula SiO2 TiO2 Al2O3 Fe2O3 FeO MnO MgO CaO Na2O K2O P2O5 H2O
500.00 1323.15 1.357849 2.727831 -9490.127057 0.292567 1.270456 Mn0.04Fe''0.66Mg0.10Fe'''0.39Ti0.80O3 0 42.748 0 20.9206 31.6463 2.02417 2.66089 0 0 0 0 0
500.00 1313.15 2.383227 4.761642 -16186.910109 0.508839 2.234436 Mn0.05Fe''0.68Mg0.06Fe'''0.43Ti0.78O3 0 41.3437 0 22.7648 32.0271 2.25874 1.60565 0 0 0 0 0
500.00 1303.15 2.383227 4.744567 -16209.246643 0.508670 2.232867 Mn0.05Fe''0.68Mg0.06Fe'''0.43Ti0.78O3 0 41.3437 0 22.7648 32.0271 2.25874 1.60565 0 0 0 0 0
500.00 1293.15 2.383227 4.727373 -16231.567360 0.508500 2.231273 Mn0.05Fe''0.68Mg0.06Fe'''0.43Ti0.78O3 0 41.3437 0 22.7648 32.0271 2.25874 1.60565 0 0 0 0 0

clinopyroxene_6 thermodynamic data and composition:
Pressure Temperature mass S H V Cp structure formula SiO2 TiO2 Al2O3 Fe2O3 FeO MnO MgO CaO Na2O K2O P2O5 H2O
500.00 1313.15 0.000000 0.000000 -0.000000 0.000000 0.000000 cpx Na0.01Ca0.20Fe''0.74Mg0.94Fe'''0.07Ti0.01Al0.15Si1.89O6 49.3655 0.233574 3.24902 2.59127 23.0308 0 16.5704 4.86512 0.094324 0 0 0
500.00 1303.15 0.000000 0.000000 -0.000000 0.000000 0.000000 cpx Na0.01Ca0.20Fe''0.74Mg0.94Fe'''0.07Ti0.01Al0.15Si1.89O6 49.3655 0.233574 3.24902 2.59127 23.0308 0 16.5704 4.86512 0.094324 0 0 0
500.00 1293.15 0.000000 0.000000 -0.000000 0.000000 0.000000 cpx Na0.01Ca0.20Fe''0.74Mg0.94Fe'''0.07Ti0.01Al0.15Si1.89O6 49.3655 0.233574 3.24902 2.59127 23.0308 0 16.5704 4.86512 0.094324 0 0 0

clinopyroxene_3 thermodynamic data and composition:
Pressure Temperature mass S H V Cp structure formula SiO2 TiO2 Al2O3 Fe2O3 FeO MnO MgO CaO Na2O K2O P2O5 H2O
500.00 1313.15 0.000000 0.000000 -0.000000 0.000000 0.000000 cpx Na0.01Ca0.20Fe''0.74Mg0.94Fe'''0.07Ti0.01Al0.15Si1.89O6 49.3655 0.233574 3.24902 2.59127 23.0308 0 16.5704 4.86512 0.094324 0 0 0
500.00 1303.15 0.000000 0.000000 -0.000000 0.000000 0.000000 cpx Na0.01Ca0.20Fe''0.74Mg0.94Fe'''0.07Ti0.01Al0.15Si1.89O6 49.3655 0.233574 3.24902 2.59127 23.0308 0 16.5704 4.86512 0.094324 0 0 0
500.00 1293.15 0.000000 0.000000 -0.000000 0.000000 0.000000 cpx Na0.01Ca0.20Fe''0.74Mg0.94Fe'''0.07Ti0.01Al0.15Si1.89O6 49.3655 0.233574 3.24902 2.59127 23.0308 0 16.5704 4.86512 0.094324 0 0 0

clinopyroxene_5 thermodynamic data and composition:
Pressure Temperature mass S H V Cp structure formula SiO2 TiO2 Al2O3 Fe2O3 FeO MnO MgO CaO Na2O K2O P2O5 H2O
500.00 1313.15 0.000000 0.000000 -0.000000 0.000000 0.000000 cpx Na0.01Ca0.20Fe''0.74Mg0.94Fe'''0.07Ti0.01Al0.15Si1.89O6 49.3655 0.233574 3.24902 2.59127 23.0308 0 16.5704 4.86512 0.094324 0 0 0
500.00 1303.15 0.000000 0.000000 -0.000000 0.000000 0.000000 cpx Na0.01Ca0.20Fe''0.74Mg0.94Fe'''0.07Ti0.01Al0.15Si1.89O6 49.3655 0.233574 3.24902 2.59127 23.0308 0 16.5704 4.86512 0.094324 0 0 0
500.00 1293.15 0.000000 0.000000 -0.000000 0.000000 0.000000 cpx Na0.01Ca0.20Fe''0.74Mg0.94Fe'''0.07Ti0.01Al0.15Si1.89O6 49.3655 0.233574 3.24902 2.59127 23.0308 0 16.5704 4.86512 0.094324 0 0 0

olivine_0 thermodynamic data and composition:
Pressure Temperature mass S H V Cp formula SiO2 TiO2 Al2O3 Fe2O3 FeO MnO MgO CaO Na2O K2O P2O5 H2O
500.00 1453.15 0.456215 1.096922 -5499.404441 0.138103 0.561813 (Ca0.01Mg0.81Fe''0.19Mn0.01Co0.00Ni0.00)2SiO4 39.2843 0 0 0 17.4764 0.495744 42.2976 0.445931 0 0 0 0
500.00 1313.15 0.947876 2.073446 -8966.189978 0.255852 1.023245 (Ca0.00Mg0.45Fe''0.39Mn0.16Co0.00Ni0.00)2SiO4 34.3187 0 0 0 32.0211 12.7408 20.6358 0.283667 0 0 0 0
500.00 1303.15 0.947876 2.065628 -8976.417302 0.255743 1.022218 (Ca0.00Mg0.45Fe''0.39Mn0.16Co0.00Ni0.00)2SiO4 34.3187 0 0 0 32.0211 12.7408 20.6358 0.283667 0 0 0 0
500.00 1293.15 0.947876 2.057757 -8986.634292 0.255635 1.021178 (Ca0.00Mg0.45Fe''0.39Mn0.16Co0.00Ni0.00)2SiO4 34.3187 0 0 0 32.0211 12.7408 20.6358 0.283667 0 0 0 0

whitlockite thermodynamic data and composition:
Pressure Temperature mass S H V Cp formula
500.00 1303.15 0.003042 0.006789 -36.881635 0.000957 0.004164 Ca3(PO4)2
500.00 1293.15 0.003042 0.006757 -36.923156 0.000957 0.004140 Ca3(PO4)2

spinel_0 thermodynamic data and composition:
Pressure Temperature mass S H V Cp formula SiO2 TiO2 Al2O3 Fe2O3 FeO MnO MgO CaO Na2O K2O P2O5 H2O
500.00 1313.15 0.002106 0.004348 -13.243100 0.000454 0.001946 Fe''1.62Mg0.17Fe'''0.24Al0.18Cr0.00Ti0.79O4 0 29.4441 4.33042 8.74025 54.3523 0 3.13292 0 0 0 0 0
500.00 1303.15 0.002106 0.004333 -13.262552 0.000454 0.001944 Fe''1.62Mg0.17Fe'''0.24Al0.18Cr0.00Ti0.79O4 0 29.4441 4.33042 8.74025 54.3523 0 3.13292 0 0 0 0 0
500.00 1293.15 0.002106 0.004318 -13.281983 0.000454 0.001942 Fe''1.62Mg0.17Fe'''0.24Al0.18Cr0.00Ti0.79O4 0 29.4441 4.33042 8.74025 54.3523 0 3.13292 0 0 0 0 0

clinopyroxene_1 thermodynamic data and composition:
Pressure Temperature mass S H V Cp structure formula SiO2 TiO2 Al2O3 Fe2O3 FeO MnO MgO CaO Na2O K2O P2O5 H2O
500.00 1443.15 4.819540 11.535280 -59437.517337 1.479333 5.894799 cpx Na0.01Ca0.27Fe''0.37Mg1.26Fe'''0.05Ti0.00Al0.14Si1.90O6 52.4287 0.179427 3.25518 1.71146 12.1986 0 23.2231 6.91866 0.0848716 0 0 0
500.00 1433.15 8.004393 19.060250 -97967.021001 2.446944 9.741684 cpx Na0.01Ca0.27Fe''0.40Mg1.23Fe'''0.05Ti0.01Al0.14Si1.90O6 52.1364 0.202614 3.24806 1.81667 13.0524 0 22.5781 6.87612 0.089615 0 0 0
500.00 1423.15 10.659569 25.253598 -129481.315215 3.245606 12.910583 cpx Na0.01Ca0.27Fe''0.43Mg1.20Fe'''0.05Ti0.01Al0.14Si1.90O6 51.8596 0.223876 3.23366 1.91354 13.9081 0 21.9684 6.79954 0.0933663 0 0 0
500.00 1413.15 12.958436 30.543048 -156221.380400 3.929972 15.620655 cpx Na0.01Ca0.26Fe''0.45Mg1.17Fe'''0.06Ti0.01Al0.14Si1.90O6 51.5994 0.24237 3.20884 1.99947 14.7705 0 21.3852 6.69817 0.09604 0 0 0
500.00 1403.15 15.023536 35.227857 -179755.401475 4.538501 18.025456 cpx Na0.01Ca0.26Fe''0.48Mg1.15Fe'''0.06Ti0.01Al0.14Si1.90O6 51.361 0.256831 3.16739 2.06872 15.6441 0 20.8221 6.58239 0.0974327 0 0 0
500.00 1393.15 16.957765 39.554205 -201370.316137 5.103153 20.251695 cpx Na0.01Ca0.26Fe''0.51Mg1.12Fe'''0.06Ti0.01Al0.14Si1.90O6 51.1539 0.265504 3.09848 2.11051 16.5382 0 20.2714 6.46495 0.0970638 0 0 0
500.00 1383.15 18.810411 43.639320 -221679.015671 5.639164 22.359886 cpx Na0.01Ca0.25Fe''0.54Mg1.10Fe'''0.06Ti0.01Al0.13Si1.90O6 50.9757 0.269539 3.00487 2.11926 17.4607 0 19.7272 6.34842 0.0943319 0 0 0
500.00 1373.15 20.364136 46.997774 -238287.920502 6.082614 24.102133 cpx Na0.01Ca0.25Fe''0.57Mg1.07Fe'''0.06Ti0.01Al0.13Si1.90O6 50.7819 0.279885 2.9549 2.13655 18.3264 0 19.2397 6.18984 0.0909169 0 0 0
500.00 1363.15 21.561961 49.520131 -250753.761346 6.418771 25.423541 cpx Na0.01Ca0.24Fe''0.60Mg1.05Fe'''0.06Ti0.01Al0.13Si1.90O6 50.5666 0.298689 2.96785 2.18395 19.0691 0 18.8439 5.98125 0.0886529 0 0 0
500.00 1353.15 22.596267 51.653083 -261338.867209 6.705625 26.551988 cpx Na0.01Ca0.23Fe''0.62Mg1.04Fe'''0.06Ti0.01Al0.13Si1.90O6 50.3464 0.320972 3.01227 2.24677 19.73 0 18.5076 5.74867 0.0871906 0 0 0
500.00 1343.15 23.606925 53.714472 -271619.441078 6.984536 27.649387 cpx Na0.01Ca0.22Fe''0.64Mg1.02Fe'''0.07Ti0.01Al0.14Si1.89O6 50.1294 0.343093 3.06781 2.31374 20.351 0 18.2007 5.50825 0.0860299 0 0 0
500.00 1333.15 24.675055 55.884668 -282489.521518 7.279262 28.808231 cpx Na0.01Ca0.21Fe''0.66Mg1.01Fe'''0.07Ti0.01Al0.14Si1.89O6 49.9228 0.361646 3.12117 2.37654 20.9568 0 17.905 5.27126 0.0848543 0 0 0
500.00 1323.15 25.192390 56.752389 -286727.175232 7.409238 29.283472 cpx Na0.01Ca0.22Fe''0.69Mg0.98Fe'''0.07Ti0.01Al0.14Si1.89O6 49.7239 0.293555 3.16241 2.49003 21.5726 0 17.3597 5.31196 0.0859453 0 0 0
500.00 1313.15 24.760621 55.465470 -279611.002651 7.252720 28.627001 cpx Na0.00Ca0.22Fe''0.71Mg0.95Fe'''0.08Ti0.01Al0.15Si1.88O6 49.3161 0.186351 3.44159 2.67791 22.3603 0 16.6398 5.31067 0.0672169 0 0 0
500.00 1303.15 24.760621 55.246747 -279897.124095 7.249761 28.597239 cpx Na0.00Ca0.22Fe''0.71Mg0.95Fe'''0.08Ti0.01Al0.15Si1.88O6 49.3161 0.186351 3.44159 2.67791 22.3603 0 16.6398 5.31067 0.0672169 0 0 0
500.00 1293.15 24.760621 55.026569 -280182.946445 7.246813 28.567182 cpx Na0.00Ca0.22Fe''0.71Mg0.95Fe'''0.08Ti0.01Al0.15Si1.88O6 49.3161 0.186351 3.44159 2.67791 22.3603 0 16.6398 5.31067 0.0672169 0 0 0

feldspar_0 thermodynamic data and composition:
Pressure Temperature mass S H V Cp formula SiO2 TiO2 Al2O3 Fe2O3 FeO MnO MgO CaO Na2O K2O P2O5 H2O
500.00 1483.15 0.130074 0.319392 -1792.169360 0.048760 0.160511 K0.00Na0.22Ca0.78Al1.78Si2.22O8 48.5629 0 33.0216 0 0 0 0 15.9117 2.45511 0.0487325 0 0
500.00 1473.15 3.960808 9.704334 -54606.130931 1.486170 4.884156 K0.00Na0.23Ca0.76Al1.76Si2.24O8 48.9473 0 32.7611 0 0 0 0 15.607 2.62877 0.0558358 0 0
500.00 1463.15 7.592305 18.560840 -104735.893763 2.851519 9.355522 K0.00Na0.25Ca0.75Al1.75Si2.25O8 49.3409 0 32.4941 0 0 0 0 15.295 2.80597 0.0640672 0 0
500.00 1453.15 12.420404 30.308404 -171426.008407 4.671249 15.294880 K0.00Na0.27Ca0.73Al1.73Si2.27O8 49.8701 0 32.1347 0 0 0 0 14.8749 3.04305 0.0772111 0 0
500.00 1443.15 19.040483 46.392827 -262896.949074 7.173559 23.432538 K0.01Na0.29Ca0.70Al1.70Si2.30O8 50.5258 0 31.6873 0 0 0 0 14.3529 3.33155 0.102385 0 0
500.00 1433.15 24.251912 58.990627 -334984.909073 9.151774 29.828367 K0.01Na0.32Ca0.68Al1.68Si2.32O8 51.1402 0 31.2668 0 0 0 0 13.8625 3.59792 0.132605 0 0
500.00 1423.15 28.577527 69.384256 -394887.755611 10.800523 35.124401 K0.01Na0.34Ca0.65Al1.65Si2.35O8 51.7237 0 30.8652 0 0 0 0 13.3951 3.84562 0.170337 0 0
500.00 1413.15 32.311209 78.294202 -446647.348150 12.229200 39.684146 K0.01Na0.36Ca0.63Al1.63Si2.37O8 52.2797 0 30.4799 0 0 0 0 12.9475 4.07451 0.218388 0 0
500.00 1403.15 35.678405 86.271547 -493360.069352 13.522137 43.784726 K0.02Na0.38Ca0.61Al1.61Si2.39O8 52.8117 0 30.1074 0 0 0 0 12.516 4.28338 0.281517 0 0
500.00 1393.15 38.877330 93.796038 -537744.039857 14.753666 47.668363 K0.02Na0.39Ca0.59Al1.59Si2.41O8 53.3159 0 29.7484 0 0 0 0 12.1022 4.46588 0.367604 0 0
500.00 1383.15 41.817951 100.633310 -578567.342672 15.886207 51.222399 K0.03Na0.40Ca0.57Al1.57Si2.43O8 53.7306 0 29.4447 0 0 0 0 11.7549 4.59397 0.475758 0 0
500.00 1373.15 43.662760 104.743240 -604369.520439 16.594378 53.424654 K0.03Na0.41Ca0.56Al1.56Si2.44O8 53.9466 0 29.2802 0 0 0 0 11.5688 4.64396 0.560417 0 0
500.00 1363.15 44.483589 106.341130 -616137.346275 16.907591 54.371589 K0.04Na0.41Ca0.56Al1.56Si2.44O8 54.0458 0 29.2028 0 0 0 0 11.4817 4.66182 0.607926 0 0
500.00 1353.15 44.813942 106.746198 -621171.216933 17.032684 54.718684 K0.04Na0.41Ca0.55Al1.55Si2.45O8 54.1144 0 29.1498 0 0 0 0 11.422 4.67609 0.637611 0 0
500.00 1343.15 44.896788 106.555158 -622794.674511 17.063491 54.763560 K0.04Na0.41Ca0.55Al1.55Si2.45O8 54.1805 0 29.1003 0 0 0 0 11.3658 4.69346 0.659977 0 0
500.00 1333.15 44.832927 106.015232 -622385.862849 17.038856 54.629605 K0.04Na0.41Ca0.55Al1.55Si2.45O8 54.2533 0 29.0468 0 0 0 0 11.3046 4.71555 0.679675 0 0
500.00 1323.15 45.420578 106.977409 -631018.282105 17.256968 55.281089 K0.04Na0.41Ca0.55Al1.55Si2.45O8 54.2254 0 29.0564 0 0 0 0 11.319 4.67825 0.720994 0 0
500.00 1313.15 45.556396 106.888305 -633384.581674 17.306864 55.386173 K0.04Na0.41Ca0.55Al1.55Si2.45O8 54.2699 0 29.0203 0 0 0 0 11.2789 4.68319 0.747598 0 0
500.00 1303.15 45.556396 106.465135 -633938.149787 17.302578 55.327328 K0.04Na0.41Ca0.55Al1.55Si2.45O8 54.2699 0 29.0203 0 0 0 0 11.2789 4.68319 0.747598 0 0
500.00 1293.15 45.556396 106.039161 -634491.125766 17.298304 55.267743 K0.04Na0.41Ca0.55Al1.55Si2.45O8 54.2699 0 29.0203 0 0 0 0 11.2789 4.68319 0.747598 0 0
