Title: Hr

Solid Composition:
Pressure Temperature mass SiO2 TiO2 Al2O3 Fe2O3 FeO MnO MgO CaO Na2O K2O P2O5 H2O 
500.00 1523.15 0.000000 ---
500.00 1513.15 0.000000 ---
500.00 1503.15 0.000000 ---
500.00 1493.15 0.000000 ---
500.00 1483.15 0.130074 48.5629 0 33.0216 0 0 0 0 15.9117 2.45511 0.0487325 0 0
500.00 1473.15 3.960808 48.9473 0 32.7611 0 0 0 0 15.607 2.62877 0.0558358 0 0
500.00 1463.15 7.592305 49.3409 0 32.4941 0 0 0 0 15.295 2.80597 0.0640672 0 0
500.00 1453.15 15.878160 49.8343 0.0602473 25.906 0.401022 1.8089 0.0142438 4.57936 14.923 2.41253 0.060397 0 0
500.00 1443.15 30.028997 50.9269 0.108616 21.4575 0.745688 3.48034 0 7.28812 13.7639 2.16402 0.0649195 0 0
500.00 1433.15 40.829288 51.2388 0.137157 20.0775 0.874332 4.20994 0 7.95698 13.23 2.19648 0.078765 0 0
500.00 1423.15 49.683972 51.4675 0.162687 19.3241 0.96589 4.72687 0 8.13961 12.8386 2.27675 0.0979753 0 0
500.00 1413.15 57.223649 51.6616 0.186677 18.8141 1.03943 5.16139 0 8.13939 12.5045 2.36961 0.123312 0 0
500.00 1403.15 63.883363 51.8425 0.208347 18.428 1.0971 5.55547 0 8.05011 12.1971 2.4641 0.157226 0 0
500.00 1393.15 70.002514 52.0243 0.225423 18.1185 1.13338 5.9294 0 7.90892 11.9025 2.5533 0.204157 0 0
500.00 1383.15 75.592495 52.1719 0.23909 17.8529 1.14924 6.31014 0 7.75501 11.6447 2.6138 0.26319 0 0
500.00 1373.15 79.762652 52.169 0.265185 17.6004 1.18466 6.70223 0 7.65825 11.4989 2.61461 0.306777 0 0
500.00 1363.15 82.571771 52.0478 0.310195 17.3661 1.25377 7.06548 0 7.60951 11.4334 2.58618 0.327506 0 0
500.00 1353.15 84.714150 51.8718 0.37224 17.1479 1.34424 7.40244 0 7.57718 11.3948 2.55206 0.337298 0 0
500.00 1343.15 86.565902 51.6594 0.452342 16.9364 1.44958 7.73115 0 7.54922 11.3626 2.51711 0.342293 0 0
500.00 1333.15 88.309070 51.4145 0.552736 16.7244 1.5657 8.06613 0 7.5208 11.329 2.48176 0.345059 0 0
500.00 1323.15 92.657861 50.6339 1.05857 16.1934 1.92126 8.78809 0.0296631 7.39814 11.2409 2.38266 0.353429 0 0
500.00 1313.15 97.360069 49.8301 1.34713 15.6106 2.25867 9.77693 0.179332 7.29405 11.063 2.29026 0.349813 8.91512e-015 0
500.00 1303.15 97.363111 49.8286 1.34709 15.6102 2.2586 9.77663 0.179327 7.29382 11.0644 2.29019 0.349803 0.00142985 0
500.00 1293.15 97.363111 49.8286 1.34709 15.6102 2.2586 9.77663 0.179327 7.29382 11.0644 2.29019 0.349803 0.00142985 0