Title: Mk

System Thermodynamic Data:
Pressure Temperature mass F phi S H V dVdP*10^6 dVdT*10^6 Cp logfO2(absolute) logfO2-NNO rhol rhos viscosity aH2O chisqr
500.00 1523.15 98.169879 1.0000000000000000 1.000000 274.900497 -1172151.007938 37.732004 -369.775687 3704.085150 147.853944 -7.007 0.000 2.601767 0.000000 1.832 0.382093 0.000
500.00 1513.15 98.170501 1.0000000000000000 1.000000 273.927815 -1173638.567158 37.695529 -368.691563 3701.407866 147.853718 -7.116 0.000 2.604301 0.000000 1.872 0.381152 0.000
500.00 1503.15 98.171162 1.0000000000000000 1.000000 272.948727 -1175126.713522 37.659113 -367.610385 3698.672871 147.853684 -7.225 0.000 2.606837 0.000000 1.912 0.380202 0.000
500.00 1493.15 98.171862 1.0000000000000000 1.000000 271.963147 -1176615.469947 37.622759 -366.532223 3695.880430 147.853846 -7.336 0.000 2.609374 0.000000 1.953 0.379241 0.000
500.00 1483.15 98.172603 1.0000000000000000 1.000000 270.970983 -1178104.860322 37.586466 -365.457148 3693.030816 147.854212 -7.449 0.000 2.611914 0.000000 1.994 0.378271 0.000
500.00 1473.15 98.173386 1.0000000000000000 1.000000 269.987263 -1179572.586676 37.550238 -364.385235 3690.124317 144.593361 -7.563 0.000 2.614454 0.000000 2.035 0.377292 0.000
500.00 1463.15 98.174213 1.0000000000000000 1.000000 269.003901 -1181030.659905 37.514076 -363.316563 3687.161230 144.585734 -7.679 0.000 2.616997 0.000000 2.078 0.376302 0.000
500.00 1453.15 98.175084 1.0000000000000000 1.000000 268.013890 -1182489.353493 37.477980 -362.251214 3684.141868 144.577782 -7.796 0.000 2.619540 0.000000 2.120 0.375303 0.000
500.00 1443.15 98.176001 1.0000000000000000 1.000000 267.017137 -1183948.689697 37.441953 -361.189273 3681.066557 144.569502 -7.915 0.000 2.622085 0.000000 2.164 0.374293 0.000
500.00 1433.15 98.176966 1.0000000000000000 1.000000 266.013551 -1185408.691892 37.405997 -360.130829 3677.935635 144.560892 -8.035 0.000 2.624632 0.000000 2.208 0.373274 0.000
500.00 1423.15 98.177980 1.0000000000000000 1.000000 265.003035 -1186869.384633 37.370112 -359.075974 3674.749460 144.551951 -8.157 0.000 2.627179 0.000000 2.252 0.372245 0.000
500.00 1413.15 98.179093 0.9467765963458935 0.953695 262.621526 -1190264.033506 37.127951 -350.724695 3604.179147 142.796908 -8.281 0.000 2.625162 3.039415 2.290 0.403884 0.000
500.00 1403.15 98.177295 0.8712195300927206 0.886091 259.719103 -1194320.678765 36.851884 -339.128644 3498.433113 140.282663 -8.407 0.000 2.619394 3.011911 2.335 0.45727 0.000
500.00 1393.15 98.181009 0.8021223747063413 0.824238 257.003532 -1198181.700863 36.603650 -328.570305 3395.745701 137.964419 -8.535 0.000 2.610303 3.019781 2.396 0.51422 0.000
500.00 1383.15 98.187239 0.7398522016300891 0.768241 254.470271 -1201804.946698 36.382279 -318.989973 3299.842703 135.880809 -8.664 0.000 2.599039 3.029341 2.465 0.573836 0.000
500.00 1373.15 98.209091 0.6760677906149930 0.711950 251.913398 -1205701.340506 36.170416 -309.612924 3191.640902 133.745789 -8.795 0.000 2.578334 3.053400 2.575 0.640616 0.000
500.00 1363.15 98.251737 0.6082555473617712 0.653292 249.269170 -1210045.391538 35.966949 -300.143596 3065.665062 131.491647 -8.929 0.000 2.543405 3.086565 2.747 0.719055 0.000
500.00 1353.15 98.290310 0.5493143897206045 0.601655 246.852031 -1213984.443100 35.794065 -291.619625 2954.740679 129.559419 -9.064 0.000 2.507110 3.106803 2.924 0.802271 0.000
500.00 1343.15 98.318646 0.5010806374160048 0.558460 244.705958 -1217359.087723 35.650276 -284.184386 2864.827668 127.998862 -9.201 0.000 2.474507 3.116255 3.084 0.886347 0.000
500.00 1333.15 98.339942 0.4603482495813355 0.521159 242.756897 -1220328.456401 35.521524 -277.410429 2790.940677 126.714533 -9.340 0.000 2.445427 3.120043 3.222 0.972627 0.000
500.00 1323.15 98.377213 0.3691027166661189 0.406774 239.919019 -1224728.000309 36.850065 -4117.822321 4235.661096 124.621776 -9.481 0.000 2.422426 2.839191 3.352 0.99993 0.000
500.00 1313.15 98.384621 0.3084188720729361 0.332321 237.658858 -1227832.903016 37.967680 -7106.868890 5398.288722 123.081987 -9.625 0.000 2.404899 2.684036 3.541 0.999975 0.000
500.00 1303.15 98.385009 0.2606929114686415 0.276107 235.682215 -1230425.383871 38.857730 -9503.843297 6366.081147 121.883211 -9.771 0.000 2.390579 2.585843 3.721 1.00002 0.000
500.00 1293.15 98.381631 0.2220778671159769 0.232085 233.907521 -1232672.396484 39.570311 -11455.640647 7187.486699 120.926947 -9.919 0.000 2.379042 2.518650 3.888 1.00006 0.000
500.00 1283.15 98.375699 0.1908825986341676 0.197456 232.291983 -1234653.680077 40.129703 -13023.683168 7884.792869 120.341992 -10.069 0.000 2.369839 2.471521 4.042 1.00009 0.000
500.00 1273.15 98.368117 0.1656839344026052 0.170078 230.802346 -1236430.224862 40.560305 -14268.628422 8465.633316 119.730469 -10.221 0.000 2.362575 2.438071 4.185 1.00012 0.000
500.00 1263.15 98.359544 0.1452640595698776 0.148273 229.410844 -1238050.951893 40.885528 -15248.691121 8953.691428 119.224566 -10.376 0.000 2.356909 2.414229 4.315 1.00014 0.000
500.00 1253.15 98.350447 0.1286054841284308 0.130730 228.094628 -1239554.431806 41.126328 -16016.144083 9366.646276 118.798443 -10.534 0.000 2.352557 2.397268 4.434 1.00015 0.000
500.00 1243.15 98.340773 0.1144289570393638 0.116002 226.828381 -1240972.879356 41.304587 -16629.055599 9725.509939 118.412835 -10.694 0.000 2.348584 2.385105 4.560 1.00015 0.000
500.00 1233.15 98.330893 0.1024134048313327 0.103650 225.603758 -1242323.926972 41.430624 -17111.583670 10038.589860 118.065911 -10.857 0.000 2.345067 2.376662 4.687 1.00015 0.000
500.00 1223.15 98.321201 0.0923663857218517 0.093396 224.414628 -1243622.475101 41.512802 -17482.697996 10312.478711 117.760247 -11.022 0.000 2.342356 2.371144 4.805 1.00015 0.000
500.00 1213.15 98.308526 0.0829519502529269 0.083881 223.226179 -1244858.741808 41.586539 -17830.724849 10585.001125 117.455485 -11.190 0.000 2.337769 2.366348 4.971 1.00014 0.000
500.00 1203.15 98.295138 0.0744783672323800 0.075370 222.050358 -1246056.287904 41.638863 -18127.026690 10843.316068 117.168698 -11.361 0.000 2.332730 2.362935 5.157 1.00013 0.000
500.00 1193.15 98.282135 0.0670252748981710 0.067912 220.890752 -1247229.350083 41.665946 -18362.502087 11082.564536 116.905237 -11.534 0.000 2.328021 2.361055 5.343 1.00012 0.000
500.00 1183.15 98.269542 0.0604203325688591 0.061319 219.743396 -1248383.348992 41.671742 -18546.957964 11306.448852 116.661153 -11.711 0.000 2.323636 2.360438 5.531 1.00011 0.000
500.00 1173.15 98.257358 0.0545218815620481 0.055439 218.604980 -1249522.418957 41.659487 -18688.515921 11518.124600 116.433295 -11.890 0.000 2.319569 2.360873 5.720 1.0001 0.000
500.00 1163.15 98.245569 0.0492130328477813 0.050149 217.472723 -1250649.711387 41.631822 -18793.902666 11720.292845 116.219159 -12.073 0.000 2.315813 2.362193 5.909 1.00009 0.000
500.00 1153.15 98.232182 0.0427373302763686 0.043635 216.305012 -1251780.477134 41.617442 -18951.071349 11958.395064 115.994157 -12.259 0.000 2.311819 2.362576 6.109 1.00009 0.000
500.00 1143.15 98.217240 0.0354167317180810 0.036225 215.111480 -1252903.878515 41.609694 -19141.252225 12224.430498 115.764101 -12.448 0.000 2.307796 2.362420 6.318 1.00008 0.000
500.00 1133.15 98.202495 0.0286886461154020 0.029401 213.926735 -1254008.936657 41.585641 -19292.603413 12480.880833 115.548390 -12.641 0.000 2.304272 2.363184 6.525 1.00008 0.000
500.00 1123.15 98.188010 0.0224593334174923 0.023065 212.748541 -1255099.342066 41.547383 -19410.269585 12729.963117 115.345195 -12.837 0.000 2.301243 2.364742 6.730 1.00007 0.000
500.00 1113.15 98.173828 0.0166456745323707 0.017132 211.574916 -1256178.155431 41.496743 -19498.802086 12973.766890 115.153129 -13.036 0.000 2.298700 2.366990 6.933 1.00007 0.000
500.00 1103.15 98.159971 0.0111722022357117 0.011524 210.404048 -1257247.836631 41.435314 -19562.304892 13214.322866 114.971205 -13.239 0.000 2.296626 2.369837 7.132 1.00006 0.000
500.00 1093.15 98.146440 0.0059690628700739 0.006171 209.234243 -1258310.267842 41.364499 -19604.531369 13453.652284 114.798829 -13.446 0.000 2.294997 2.373204 7.327 1.00006 0.000
500.00 1083.15 98.130559 0.0000000000000000 0.000000 208.031457 -1259358.672972 41.297231 -19669.779485 13717.951970 114.622744 -13.656 0.000 0.000000 2.376202 7.438 1 0.000
500.00 1073.15 98.130657 0.0000000000000000 0.000000 206.938086 -1260539.089832 41.158526 -19478.528951 13840.101354 114.533824 -13.871 0.000 0.000000 2.384212 7.438 1 0.000
500.00 1063.15 98.130751 0.0000000000000000 0.000000 205.835560 -1261718.275168 41.018526 -19286.921433 13969.121645 114.452983 -14.089 0.000 0.000000 2.392352 7.438 1 0.000
500.00 1053.15 98.130839 0.0000000000000000 0.000000 204.723610 -1262896.323323 40.877155 -19094.938618 14105.607897 114.382800 -14.312 0.000 0.000000 2.400628 7.438 1 0.000
500.00 1043.15 98.113159 0.0000000000000000 0.000000 203.440203 -1263952.879569 40.510609 -18395.554516 13895.759807 114.296564 -14.539 0.000 0.000000 2.421913 7.438 1 0.000
500.00 1033.15 98.105675 0.0000000000000000 0.000000 202.231049 -1265087.472840 40.279446 -18000.740134 13897.163814 114.245828 -14.770 0.000 0.000000 2.435626 7.438 1 0.000
500.00 1023.15 98.098935 0.0000000000000000 0.000000 201.021036 -1266223.052729 40.060148 -17634.098082 13922.350970 114.221791 -15.006 0.000 0.000000 2.448791 7.438 1 0.000

Title: Mk

Liquid Composition:
Pressure Temperature mass SiO2 TiO2 Al2O3 Fe2O3 Cr2O3 FeO MnO MgO CaO Na2O K2O P2O5 H2O 
500.00 1523.15 98.169879 48.8161 1.25324 15.7195 2.42415 0.0207803 9.42335 0.197311 7.15413 11.3677 2.16105 0.305898 0.138128 1.01864
500.00 1513.15 98.170501 48.8158 1.25323 15.7194 2.43046 0.0207802 9.4176 0.19731 7.15408 11.3677 2.16104 0.305896 0.138127 1.01864
500.00 1503.15 98.171162 48.8155 1.25322 15.7193 2.43717 0.02078 9.41149 0.197308 7.15404 11.3676 2.16102 0.305894 0.138126 1.01863
500.00 1493.15 98.171862 48.8151 1.25321 15.7192 2.44427 0.0207799 9.40501 0.197307 7.15398 11.3675 2.16101 0.305892 0.138125 1.01862
500.00 1483.15 98.172603 48.8147 1.2532 15.719 2.45179 0.0207797 9.39816 0.197306 7.15393 11.3674 2.16099 0.30589 0.138124 1.01861
500.00 1473.15 98.173386 48.8143 1.25319 15.7189 2.45973 0.0207796 9.39093 0.197304 7.15387 11.3673 2.16097 0.305887 0.138123 1.01861
500.00 1463.15 98.174213 48.8139 1.25318 15.7188 2.46811 0.0207794 9.38329 0.197302 7.15381 11.3672 2.16095 0.305885 0.138122 1.0186
500.00 1453.15 98.175084 48.8135 1.25317 15.7187 2.47694 0.0207792 9.37524 0.197301 7.15375 11.3671 2.16094 0.305882 0.138121 1.01859
500.00 1443.15 98.176001 48.813 1.25316 15.7185 2.48624 0.020779 9.36676 0.197299 7.15368 11.367 2.16092 0.305879 0.138119 1.01858
500.00 1433.15 98.176966 48.8126 1.25315 15.7184 2.49603 0.0207788 9.35784 0.197297 7.15361 11.3669 2.16089 0.305876 0.138118 1.01857
500.00 1423.15 98.177980 48.8121 1.25313 15.7182 2.50631 0.0207786 9.34846 0.197295 7.15354 11.3668 2.16087 0.305873 0.138117 1.01856
500.00 1413.15 92.953668 48.7966 1.3011 15.7908 2.55997 0.0219464 9.66182 0.208383 6.9623 10.9104 2.24249 0.322464 0.145879 1.0758
500.00 1403.15 85.533977 48.9086 1.38329 15.7129 2.64705 0.0238502 10.0988 0.222613 6.54799 10.4219 2.35625 0.349046 0.158533 1.16913
500.00 1393.15 78.753184 49.152 1.45091 15.6673 2.70669 0.00839993 10.3982 0.237049 6.11752 9.96777 2.4746 0.377558 0.172184 1.26979
500.00 1383.15 72.644045 49.47 1.49923 15.6495 2.74395 0.0033757 10.5866 0.251416 5.69909 9.53258 2.59354 0.407603 0.186664 1.37658
500.00 1373.15 66.396003 50.142 1.48686 15.739 2.70503 0.000710437 10.4009 0.268935 5.26076 9.10183 2.73954 0.444094 0.204229 1.50611
500.00 1363.15 59.762164 51.3677 1.38377 15.9723 2.54723 0.000161966 9.64759 0.29265 4.79989 8.66818 2.92897 0.491311 0.226899 1.6733
500.00 1353.15 53.992281 52.6736 1.2651 16.1938 2.36222 7.1654e-005 8.78584 0.317544 4.3846 8.25959 3.113 0.541438 0.251147 1.85212
500.00 1343.15 49.265570 53.8585 1.16082 16.3554 2.19166 4.50067e-005 8.01165 0.341124 4.02779 7.88541 3.27188 0.590683 0.275243 2.02982
500.00 1333.15 45.270620 54.8897 1.06979 16.4727 2.03997 3.33915e-005 7.33551 0.365908 3.71972 7.5464 3.41196 0.639741 0.299532 2.20894
500.00 1323.15 36.311297 55.8616 0.979348 16.3699 1.91434 2.17774e-005 6.67778 0.526191 3.3443 7.13438 3.7235 0.781437 0.373438 2.31383
500.00 1313.15 30.343674 57.1578 0.943306 16.0396 1.78779 1.85713e-005 6.08631 0.638354 2.96648 6.84936 3.81916 0.913043 0.446881 2.35195
500.00 1303.15 25.648274 58.3385 0.920985 15.708 1.66381 1.7086e-005 5.54525 0.755217 2.65133 6.63829 3.82005 1.05092 0.528691 2.37897
500.00 1293.15 21.848383 59.3789 0.908021 15.3965 1.54373 1.64616e-005 5.04982 0.886564 2.38804 6.48484 3.7486 1.19617 0.620641 2.39817
500.00 1283.15 18.778209 60.2862 0.902231 15.111 1.42872 1.64073e-005 4.59715 1.03151 2.16557 6.37751 3.62055 1.34591 0.722114 2.41151
500.00 1273.15 16.298017 61.0691 0.901495 14.8529 1.31993 1.67636e-005 4.18479 1.18849 1.97546 6.30538 3.45255 1.49711 0.832003 2.42073
500.00 1263.15 14.288107 61.7375 0.903957 14.6209 1.21819 1.74354e-005 3.81021 1.35567 1.81121 6.25917 3.2597 1.64712 0.949041 2.42732
500.00 1253.15 12.648407 62.3021 0.908147 14.4118 1.1239 1.83648e-005 3.47062 1.53142 1.66782 6.23173 3.05407 1.7939 1.07207 2.43241
500.00 1243.15 11.253032 62.8945 0.913326 14.2484 1.03499 1.95026e-005 3.16619 1.72131 1.53653 6.13143 2.84832 1.94157 1.12573 2.43772
500.00 1233.15 10.070402 63.4857 0.918534 14.1198 0.952462 2.08321e-005 2.893 1.92346 1.41726 5.98056 2.64691 2.08737 1.13133 2.44361
500.00 1223.15 9.081574 64.0005 0.922994 14.0053 0.87738 2.23541e-005 2.64596 2.13289 1.31117 5.83631 2.45122 2.22689 1.13946 2.4499
500.00 1213.15 8.154884 64.7058 0.927047 13.8756 0.801655 2.41968e-005 2.39846 2.19474 1.20165 5.67063 2.26106 2.38125 1.13539 2.44679
500.00 1203.15 7.320861 65.4533 0.929346 13.7482 0.729986 2.62677e-005 2.16542 2.19113 1.09809 5.49548 2.08044 2.54257 1.12658 2.43942
500.00 1193.15 6.587387 66.1627 0.929501 13.6309 0.664458 2.85346e-005 1.95321 2.17168 1.00416 5.31952 1.91073 2.70443 1.11768 2.43105
500.00 1183.15 5.937478 66.8338 0.92751 13.5225 0.604682 3.10146e-005 1.76037 2.13931 0.918855 5.14373 1.7519 2.86644 1.109 2.42186
500.00 1173.15 5.357176 67.4669 0.923417 13.4222 0.550243 3.37318e-005 1.58542 2.09654 0.841297 4.96912 1.60368 3.02828 1.1008 2.41204
500.00 1163.15 4.834962 68.0625 0.917291 13.3294 0.500722 3.67186e-005 1.42689 2.04549 0.770691 4.79662 1.46565 3.18971 1.09335 2.4017
500.00 1153.15 4.198181 68.634 0.882219 13.2648 0.456979 4.07046e-005 1.28573 1.9609 0.699425 4.60799 1.33366 3.4036 1.08287 2.38774
500.00 1143.15 3.478534 69.159 0.826084 13.2342 0.417457 4.59367e-005 1.15742 1.84992 0.629422 4.40687 1.20608 3.67298 1.07073 2.36972
500.00 1133.15 2.817297 69.6195 0.77402 13.2205 0.38064 5.20187e-005 1.03875 1.73905 0.56661 4.21144 1.08585 3.95244 1.06084 2.35039
500.00 1123.15 2.205237 70.0163 0.725688 13.2223 0.346494 5.91285e-005 0.929607 1.62982 0.510289 4.02274 0.973169 4.24019 1.0533 2.33
500.00 1113.15 1.634170 70.3519 0.680761 13.2381 0.314962 6.74988e-005 0.829769 1.52351 0.459827 3.8419 0.868242 4.5339 1.04825 2.30882
500.00 1103.15 1.096663 70.6294 0.638923 13.2659 0.285973 7.74457e-005 0.738948 1.42114 0.414653 3.67003 0.771203 4.83077 1.04581 2.28716
500.00 1093.15 0.585842 70.8533 0.599877 13.3034 0.259436 8.94155e-005 0.656779 1.32353 0.374244 3.50819 0.682109 5.12764 1.0461 2.26532
500.00 1083.15 0.000000 ---
500.00 1073.15 0.000000 ---
500.00 1063.15 0.000000 ---
500.00 1053.15 0.000000 ---
500.00 1043.15 0.000000 ---
500.00 1033.15 0.000000 ---
500.00 1023.15 0.000000 ---
Title: Mk

liquid_0 thermodynamic data and composition:
Pressure Temperature mass S H V Cp viscosity SiO2 TiO2 Al2O3 Fe2O3 Cr2O3 FeO MnO MgO CaO Na2O K2O P2O5 H2O Mg#
500.00 1523.15 98.169879 274.900497 -1172151.007938 37.732004 147.853944 1.832 48.8161 1.25324 15.7195 2.42415 0.0207803 9.42335 0.197311 7.15413 11.3677 2.16105 0.305898 0.138128 1.01864 57.5
500.00 1513.15 98.170501 273.927815 -1173638.567158 37.695529 147.853718 1.872 48.8158 1.25323 15.7194 2.43046 0.0207802 9.4176 0.19731 7.15408 11.3677 2.16104 0.305896 0.138127 1.01864 57.5
500.00 1503.15 98.171162 272.948727 -1175126.713522 37.659113 147.853684 1.912 48.8155 1.25322 15.7193 2.43717 0.02078 9.41149 0.197308 7.15404 11.3676 2.16102 0.305894 0.138126 1.01863 57.5
500.00 1493.15 98.171862 271.963147 -1176615.469947 37.622759 147.853846 1.953 48.8151 1.25321 15.7192 2.44427 0.0207799 9.40501 0.197307 7.15398 11.3675 2.16101 0.305892 0.138125 1.01862 57.5
500.00 1483.15 98.172603 270.970983 -1178104.860322 37.586466 147.854212 1.994 48.8147 1.2532 15.719 2.45179 0.0207797 9.39816 0.197306 7.15393 11.3674 2.16099 0.30589 0.138124 1.01861 57.6
500.00 1473.15 98.173386 269.987263 -1179572.586676 37.550238 144.593361 2.035 48.8143 1.25319 15.7189 2.45973 0.0207796 9.39093 0.197304 7.15387 11.3673 2.16097 0.305887 0.138123 1.01861 57.6
500.00 1463.15 98.174213 269.003901 -1181030.659905 37.514076 144.585734 2.078 48.8139 1.25318 15.7188 2.46811 0.0207794 9.38329 0.197302 7.15381 11.3672 2.16095 0.305885 0.138122 1.0186 57.6
500.00 1453.15 98.175084 268.013890 -1182489.353493 37.477980 144.577782 2.120 48.8135 1.25317 15.7187 2.47694 0.0207792 9.37524 0.197301 7.15375 11.3671 2.16094 0.305882 0.138121 1.01859 57.6
500.00 1443.15 98.176001 267.017137 -1183948.689697 37.441953 144.569502 2.164 48.813 1.25316 15.7185 2.48624 0.020779 9.36676 0.197299 7.15368 11.367 2.16092 0.305879 0.138119 1.01858 57.6
500.00 1433.15 98.176966 266.013551 -1185408.691892 37.405997 144.560892 2.208 48.8126 1.25315 15.7184 2.49603 0.0207788 9.35784 0.197297 7.15361 11.3669 2.16089 0.305876 0.138118 1.01857 57.7
500.00 1423.15 98.177980 265.003035 -1186869.384633 37.370112 144.551951 2.252 48.8121 1.25313 15.7182 2.50631 0.0207786 9.34846 0.197295 7.15354 11.3668 2.16087 0.305873 0.138117 1.01856 57.7
500.00 1413.15 92.953668 250.442991 -1121572.328602 35.408730 136.555297 2.290 48.7966 1.3011 15.7908 2.55997 0.0219464 9.66182 0.208383 6.9623 10.9104 2.24249 0.322464 0.145879 1.0758 56.2
500.00 1403.15 85.533977 230.239919 -1028166.614103 32.654110 125.136405 2.335 48.9086 1.38329 15.7129 2.64705 0.0238502 10.0988 0.222613 6.54799 10.4219 2.35625 0.349046 0.158533 1.16913 53.6
500.00 1393.15 78.753184 211.859379 -944565.505917 30.170128 114.752388 2.396 49.152 1.45091 15.6673 2.70669 0.00839993 10.3982 0.237049 6.11752 9.96777 2.4746 0.377558 0.172184 1.26979 51.2
500.00 1383.15 72.644045 195.345966 -870389.053333 27.950350 105.456637 2.465 49.47 1.49923 15.6495 2.74395 0.0033757 10.5866 0.251416 5.69909 9.53258 2.59354 0.407603 0.186664 1.37658 49.0
500.00 1373.15 66.396003 178.657966 -798027.051290 25.751510 96.069432 2.575 50.142 1.48686 15.739 2.70503 0.000710437 10.4009 0.268935 5.26076 9.10183 2.73954 0.444094 0.204229 1.50611 47.4
500.00 1363.15 59.762164 161.176191 -725102.752777 23.496912 86.244677 2.747 51.3677 1.38377 15.9723 2.54723 0.000161966 9.64759 0.29265 4.79989 8.66818 2.92897 0.491311 0.226899 1.6733 47.0
500.00 1353.15 53.992281 145.986666 -662039.146915 21.535668 77.752757 2.924 52.6736 1.2651 16.1938 2.36222 7.1654e-005 8.78584 0.317544 4.3846 8.25959 3.113 0.541438 0.251147 1.85212 47.1
500.00 1343.15 49.265570 133.501727 -609839.328278 19.909243 70.818298 3.084 53.8585 1.16082 16.3554 2.19166 4.50067e-005 8.01165 0.341124 4.02779 7.88541 3.27188 0.590683 0.275243 2.02982 47.3
500.00 1333.15 45.270620 122.923584 -565050.555121 18.512360 64.981197 3.222 54.8897 1.06979 16.4727 2.03997 3.33915e-005 7.33551 0.365908 3.71972 7.5464 3.41196 0.639741 0.299532 2.20894 47.5
500.00 1323.15 36.311297 98.666060 -455877.775983 14.989642 51.969484 3.352 55.8616 0.979348 16.3699 1.91434 2.17774e-005 6.67778 0.526191 3.3443 7.13438 3.7235 0.781437 0.373438 2.31383 47.2
500.00 1313.15 30.343674 82.228916 -383208.164570 12.617443 43.226747 3.541 57.1578 0.943306 16.0396 1.78779 1.85713e-005 6.08631 0.638354 2.96648 6.84936 3.81916 0.913043 0.446881 2.35195 46.5
500.00 1303.15 25.648274 69.258175 -325684.772193 10.728897 36.381580 3.721 58.3385 0.920985 15.708 1.66381 1.7086e-005 5.54525 0.755217 2.65133 6.63829 3.82005 1.05092 0.528691 2.37897 46.0
500.00 1293.15 21.848383 58.750642 -278815.653970 9.183691 30.871746 3.888 59.3789 0.908021 15.3965 1.54373 1.64616e-005 5.04982 0.886564 2.38804 6.48484 3.7486 1.19617 0.620641 2.39817 45.7
500.00 1283.15 18.778209 50.258158 -240716.681446 7.923833 26.440896 4.042 60.2862 0.902231 15.111 1.42872 1.64073e-005 4.59715 1.03151 2.16557 6.37751 3.62055 1.34591 0.722114 2.41151 45.6
500.00 1273.15 16.298017 43.398972 -209770.312076 6.898412 22.876210 4.185 61.0691 0.901495 14.8529 1.31993 1.67636e-005 4.18479 1.18849 1.97546 6.30538 3.45255 1.49711 0.832003 2.42073 45.7
500.00 1263.15 14.288107 37.843685 -184566.499280 6.062223 19.997952 4.315 61.7375 0.903957 14.6209 1.21819 1.74354e-005 3.81021 1.35567 1.81121 6.25917 3.2597 1.64712 0.949041 2.42732 45.9
500.00 1253.15 12.648407 33.315729 -163909.881498 5.376450 17.657541 4.434 62.3021 0.908147 14.4118 1.1239 1.83648e-005 3.47062 1.53142 1.66782 6.23173 3.05407 1.7939 1.07207 2.43241 46.1
500.00 1243.15 11.253032 29.479069 -146257.844654 4.791411 15.662509 4.560 62.8945 0.913326 14.2484 1.03499 1.95026e-005 3.16619 1.72131 1.53653 6.13143 2.84832 1.94157 1.12573 2.43772 46.4
500.00 1233.15 10.070402 26.239593 -131237.150033 4.294293 13.971090 4.687 63.4857 0.918534 14.1198 0.952462 2.08321e-005 2.893 1.92346 1.41726 5.98056 2.64691 2.08737 1.13133 2.44361 46.6
500.00 1223.15 9.081574 23.535851 -118627.465729 3.877111 12.561039 4.805 64.0005 0.922994 14.0053 0.87738 2.23541e-005 2.64596 2.13289 1.31117 5.83631 2.45122 2.22689 1.13946 2.4499 46.9
500.00 1213.15 8.154884 21.012547 -106880.550259 3.488319 11.241217 4.971 64.7058 0.927047 13.8756 0.801655 2.41968e-005 2.39846 2.19474 1.20165 5.67063 2.26106 2.38125 1.13539 2.44679 47.2
500.00 1203.15 7.320861 18.751888 -96297.653017 3.138323 10.057029 5.157 65.4533 0.929346 13.7482 0.729986 2.62677e-005 2.16542 2.19113 1.09809 5.49548 2.08044 2.54257 1.12658 2.43942 47.5
500.00 1193.15 6.587387 16.772698 -86950.970303 2.829608 9.019513 5.343 66.1627 0.929501 13.6309 0.664458 2.85346e-005 1.95321 2.17168 1.00416 5.31952 1.91073 2.70443 1.11768 2.43105 47.8
500.00 1183.15 5.937478 15.027493 -78632.869004 2.555253 8.103694 5.531 66.8338 0.92751 13.5225 0.604682 3.10146e-005 1.76037 2.13931 0.918855 5.14373 1.7519 2.86644 1.109 2.42186 48.2
500.00 1173.15 5.357176 13.477355 -71172.399250 2.309556 7.289117 5.720 67.4669 0.923417 13.4222 0.550243 3.37318e-005 1.58542 2.09654 0.841297 4.96912 1.60368 3.02828 1.1008 2.41204 48.6
500.00 1163.15 4.834962 12.090280 -64428.201873 2.087803 6.558970 5.909 68.0625 0.917291 13.3294 0.500722 3.67186e-005 1.42689 2.04549 0.770691 4.79662 1.46565 3.18971 1.09335 2.4017 49.1
500.00 1153.15 4.198181 10.433246 -56105.748909 1.815964 5.677880 6.109 68.634 0.882219 13.2648 0.456979 4.07046e-005 1.28573 1.9609 0.699425 4.60799 1.33366 3.4036 1.08287 2.38774 49.2
500.00 1143.15 3.478534 8.590206 -46617.339980 1.507297 4.690391 6.318 69.159 0.826084 13.2342 0.417457 4.59367e-005 1.15742 1.84992 0.629422 4.40687 1.20608 3.67298 1.07073 2.36972 49.2
500.00 1133.15 2.817297 6.912988 -37853.498200 1.222641 3.787934 6.525 69.6195 0.77402 13.2205 0.38064 5.20187e-005 1.03875 1.73905 0.56661 4.21144 1.08585 3.95244 1.06084 2.35039 49.3
500.00 1123.15 2.205237 5.376426 -29700.732025 0.958281 2.957000 6.730 70.0163 0.725688 13.2223 0.346494 5.91285e-005 0.929607 1.62982 0.510289 4.02274 0.973169 4.24019 1.0533 2.33 49.5
500.00 1113.15 1.634170 3.958426 -22057.931801 0.710910 2.185687 6.933 70.3519 0.680761 13.2381 0.314962 6.74988e-005 0.829769 1.52351 0.459827 3.8419 0.868242 4.5339 1.04825 2.30882 49.7
500.00 1103.15 1.096663 2.639187 -14832.598908 0.477511 1.463279 7.132 70.6294 0.638923 13.2659 0.285973 7.74457e-005 0.738948 1.42114 0.414653 3.67003 0.771203 4.83077 1.04581 2.28716 50.0
500.00 1093.15 0.585842 1.400672 -7938.280051 0.255269 0.779945 7.327 70.8533 0.599877 13.3034 0.259436 8.94155e-005 0.656779 1.32353 0.374244 3.50819 0.682109 5.12764 1.0461 2.26532 50.4

biotite_0 thermodynamic data and composition:
Pressure Temperature mass S H V Cp formula SiO2 TiO2 Al2O3 Fe2O3 Cr2O3 FeO MnO MgO CaO Na2O K2O P2O5 H2O
500.00 1043.15 0.665087 1.431236 -8149.944373 0.230287 0.803766 K(Fe''0.33Mg0.67)3AlSi3O10(OH)2 40.2193 0 11.3752 0 0 15.7102 0 18.1659 0 0 10.5097 0 4.01968
500.00 1033.15 0.944948 2.022323 -11585.046592 0.327009 1.140283 K(Fe''0.33Mg0.67)3AlSi3O10(OH)2 40.2091 0 11.3723 0 0 15.7642 0 18.1288 0 0 10.507 0 4.01866
500.00 1023.15 1.192156 2.537250 -14624.986639 0.412355 1.436480 K(Fe''0.33Mg0.67)3AlSi3O10(OH)2 40.2017 0 11.3702 0 0 15.8031 0 18.102 0 0 10.5051 0 4.01792

clinopyroxene_0 thermodynamic data and composition:
Pressure Temperature mass S H V Cp structure formula SiO2 TiO2 Al2O3 Fe2O3 Cr2O3 FeO MnO MgO CaO Na2O K2O P2O5 H2O
500.00 1413.15 3.548112 8.176956 -45416.037807 1.093916 4.187243 cpx Na0.01Ca0.82Fe''0.16Mg0.85Fe'''0.07Ti0.02Al0.23Si1.84O6 49.9319 0.58848 5.21638 2.59772 0 5.27376 0 15.5432 20.6863 0.162244 0 0 0
500.00 1403.15 7.002127 16.077719 -89369.811037 2.153881 8.244846 cpx Na0.01Ca0.81Fe''0.17Mg0.85Fe'''0.08Ti0.02Al0.23Si1.84O6 49.7069 0.672921 5.26938 2.70894 0 5.61168 0 15.3572 20.5032 0.16984 0 0 0
500.00 1393.15 10.087947 23.074988 -128381.534429 3.095882 11.850172 cpx Na0.01Ca0.81Fe''0.18Mg0.84Fe'''0.08Ti0.02Al0.23Si1.83O6 49.4738 0.763255 5.32289 2.8186 0 5.9475 0 15.1538 20.3429 0.177297 0 0 0
500.00 1383.15 12.832680 29.239607 -162846.392261 3.929139 15.038406 cpx Na0.01Ca0.80Fe''0.19Mg0.83Fe'''0.08Ti0.02Al0.23Si1.82O6 49.2437 0.854773 5.37449 2.92227 0 6.28023 0 14.9496 20.1903 0.184606 0 0 0
500.00 1373.15 15.652602 35.529350 -198188.460378 4.783536 18.307320 cpx Na0.01Ca0.80Fe''0.20Mg0.82Fe'''0.08Ti0.03Al0.24Si1.82O6 49.1075 0.916972 5.37406 2.97457 0 6.5956 0 14.8167 20.024 0.190589 0 0 0
500.00 1363.15 18.599843 42.068506 -235315.057235 5.678906 21.733923 cpx Na0.01Ca0.79Fe''0.21Mg0.82Fe'''0.08Ti0.03Al0.23Si1.83O6 49.1717 0.912977 5.26864 2.9222 0 6.86232 0 14.8408 19.8275 0.193883 0 0 0
500.00 1353.15 21.015375 47.364315 -265868.693745 6.413231 24.543787 cpx Na0.01Ca0.78Fe''0.22Mg0.83Fe'''0.08Ti0.02Al0.22Si1.83O6 49.3121 0.885519 5.13034 2.82696 0 7.08333 0 14.9279 19.6377 0.196036 0 0 0
500.00 1343.15 22.858361 51.333230 -289261.908451 6.972949 26.683954 cpx Na0.01Ca0.77Fe''0.23Mg0.83Fe'''0.08Ti0.02Al0.22Si1.84O6 49.4573 0.858014 4.9968 2.72634 0 7.27371 0 15.0211 19.4689 0.197929 0 0 0
500.00 1333.15 24.238484 54.229693 -306889.699589 7.391464 28.279741 cpx Na0.01Ca0.77Fe''0.23Mg0.84Fe'''0.07Ti0.02Al0.21Si1.84O6 49.5848 0.837224 4.88152 2.6325 0 7.41982 0 15.0944 19.3497 0.200026 0 0 0
500.00 1323.15 24.985441 55.652907 -316609.016407 7.616352 29.110741 cpx Na0.02Ca0.78Fe''0.23Mg0.83Fe'''0.07Ti0.02Al0.21Si1.84O6 49.6539 0.8394 4.78091 2.59123 0 7.43612 0 14.9996 19.485 0.213789 0 0 0
500.00 1313.15 25.204125 55.882413 -319171.087360 7.676177 29.311359 cpx Na0.02Ca0.78Fe''0.24Mg0.82Fe'''0.07Ti0.02Al0.20Si1.85O6 49.7219 0.837143 4.62511 2.54787 0 7.63111 0 14.863 19.5507 0.223194 0 0 0
500.00 1303.15 25.298756 55.831373 -320192.808332 7.698222 29.366819 cpx Na0.02Ca0.78Fe''0.24Mg0.82Fe'''0.07Ti0.02Al0.20Si1.85O6 49.7782 0.838175 4.48399 2.50287 0 7.81459 0 14.7244 19.6273 0.230448 0 0 0
500.00 1293.15 25.328905 55.635248 -320455.477762 7.700901 29.347834 cpx Na0.02Ca0.79Fe''0.25Mg0.81Fe'''0.07Ti0.02Al0.19Si1.85O6 49.8226 0.84303 4.36086 2.45706 0 7.97685 0 14.5872 19.7164 0.236003 0 0 0
500.00 1283.15 25.313490 55.337738 -320196.387198 7.689984 29.276776 cpx Na0.02Ca0.79Fe''0.25Mg0.80Fe'''0.07Ti0.02Al0.19Si1.86O6 49.8553 0.851962 4.2553 2.41102 0 8.11863 0 14.4521 19.8156 0.240081 0 0 0
500.00 1273.15 25.262823 54.963025 -319544.441774 7.668637 29.165990 cpx Na0.02Ca0.80Fe''0.26Mg0.80Fe'''0.07Ti0.02Al0.18Si1.86O6 49.8771 0.864935 4.16613 2.36505 0 8.24047 0 14.3203 19.9231 0.242972 0 0 0
500.00 1263.15 25.184502 54.528928 -318593.330955 7.639194 29.024588 cpx Na0.02Ca0.80Fe''0.26Mg0.79Fe'''0.07Ti0.02Al0.18Si1.86O6 49.8897 0.881741 4.09167 2.31934 0 8.34316 0 14.1927 20.0367 0.244971 0 0 0
500.00 1253.15 25.085187 54.050835 -317423.599210 7.603689 28.860473 cpx Na0.02Ca0.81Fe''0.26Mg0.78Fe'''0.06Ti0.03Al0.18Si1.86O6 49.8946 0.9021 4.03009 2.27395 0 8.4279 0 14.0703 20.1547 0.246342 0 0 0
500.00 1243.15 24.967995 53.535829 -316055.720222 7.562930 28.676815 cpx Na0.02Ca0.81Fe''0.27Mg0.78Fe'''0.06Ti0.03Al0.18Si1.86O6 49.8923 0.926029 3.9784 2.22898 0 8.50128 0 13.9512 20.2746 0.247215 0 0 0
500.00 1233.15 24.838744 52.997063 -314566.096011 7.518734 28.480594 cpx Na0.02Ca0.82Fe''0.27Mg0.77Fe'''0.06Ti0.03Al0.17Si1.86O6 49.8838 0.953314 3.93602 2.1845 0 8.56209 0 13.8367 20.3958 0.247778 0 0 0
500.00 1223.15 24.703638 52.448314 -313038.456612 7.473054 28.279275 cpx Na0.02Ca0.82Fe''0.27Mg0.77Fe'''0.06Ti0.03Al0.17Si1.87O6 49.8706 0.98363 3.90262 2.14052 0 8.60827 0 13.7281 20.5181 0.248217 0 0 0
500.00 1213.15 24.551702 51.864194 -311247.203884 7.421675 28.056770 cpx Na0.02Ca0.83Fe''0.27Mg0.76Fe'''0.06Ti0.03Al0.17Si1.87O6 49.8438 1.02128 3.87304 2.09764 0 8.66956 0 13.6099 20.6367 0.248072 0 0 0
500.00 1203.15 24.394586 51.271183 -309393.720304 7.368674 27.828649 cpx Na0.02Ca0.83Fe''0.27Mg0.75Fe'''0.06Ti0.03Al0.17Si1.87O6 49.8082 1.06446 3.85071 2.05577 0 8.72689 0 13.4914 20.7547 0.247821 0 0 0
500.00 1193.15 24.239208 50.684596 -307588.184768 7.316386 27.603807 cpx Na0.02Ca0.84Fe''0.27Mg0.75Fe'''0.06Ti0.03Al0.17Si1.86O6 49.7662 1.11205 3.83671 2.01489 0 8.77219 0 13.3772 20.873 0.247706 0 0 0
500.00 1183.15 24.087503 50.108328 -305851.194194 7.265353 27.384292 cpx Na0.02Ca0.84Fe''0.28Mg0.74Fe'''0.06Ti0.03Al0.17Si1.86O6 49.7177 1.16429 3.83078 1.97514 0 8.80663 0 13.2666 20.9911 0.247775 0 0 0
500.00 1173.15 23.941006 49.545339 -304198.400030 7.215994 27.171664 cpx Na0.02Ca0.85Fe''0.28Mg0.74Fe'''0.05Ti0.03Al0.17Si1.86O6 49.6619 1.22155 3.83292 1.93668 0 8.83131 0 13.1591 21.1085 0.248065 0 0 0
500.00 1163.15 23.800953 48.997895 -302641.835380 7.168631 26.967119 cpx Na0.02Ca0.85Fe''0.28Mg0.73Fe'''0.05Ti0.04Al0.17Si1.86O6 49.598 1.28436 3.8433 1.8997 0 8.84724 0 13.0538 21.225 0.248611 0 0 0
500.00 1153.15 23.662168 48.456536 -300964.612774 7.121909 26.763437 cpx Na0.02Ca0.86Fe''0.28Mg0.72Fe'''0.05Ti0.04Al0.17Si1.86O6 49.5888 1.29558 3.81728 1.86249 0 8.93096 0 12.9481 21.309 0.247828 0 0 0
500.00 1143.15 23.522337 47.916337 -299176.911363 7.075307 26.558695 cpx Na0.02Ca0.86Fe''0.28Mg0.72Fe'''0.05Ti0.04Al0.17Si1.86O6 49.6301 1.26148 3.75895 1.82389 0 9.06676 0 12.8452 21.3678 0.245844 0 0 0
500.00 1133.15 23.386155 47.385636 -297476.831045 7.030104 26.359503 cpx Na0.02Ca0.86Fe''0.29Mg0.71Fe'''0.05Ti0.03Al0.16Si1.87O6 49.6672 1.23242 3.70704 1.78494 0 9.18546 0 12.7486 21.4303 0.244049 0 0 0
500.00 1123.15 23.253827 46.864777 -295866.278830 6.986382 26.166132 cpx Na0.02Ca0.87Fe''0.29Mg0.71Fe'''0.05Ti0.03Al0.16Si1.87O6 49.7014 1.20764 3.66063 1.7455 0 9.28745 0 12.6589 21.496 0.242416 0 0 0
500.00 1113.15 23.125458 46.353865 -294345.249075 6.944180 25.978695 cpx Na0.02Ca0.87Fe''0.29Mg0.71Fe'''0.05Ti0.03Al0.16Si1.87O6 49.7339 1.1865 3.61893 1.70546 0 9.37331 0 12.5767 21.5643 0.240916 0 0 0
500.00 1103.15 23.001072 45.852804 -292911.980769 6.903502 25.797170 cpx Na0.02Ca0.87Fe''0.30Mg0.70Fe'''0.05Ti0.03Al0.16Si1.87O6 49.7653 1.16845 3.58122 1.66476 0 9.44387 0 12.5019 21.6349 0.239522 0 0 0
500.00 1093.15 22.880627 45.361334 -291563.133354 6.864326 25.621415 cpx Na0.02Ca0.88Fe''0.30Mg0.70Fe'''0.05Ti0.03Al0.16Si1.87O6 49.7963 1.15298 3.54686 1.62336 0 9.50021 0 12.4347 21.7074 0.238203 0 0 0
500.00 1083.15 22.758676 44.867215 -290135.065174 6.824235 25.441961 cpx Na0.02Ca0.88Fe''0.30Mg0.69Fe'''0.04Ti0.03Al0.16Si1.88O6 49.8258 1.13578 3.5095 1.58327 0 9.57886 0 12.3565 21.7728 0.237504 0 0 0
500.00 1073.15 22.686746 44.482378 -289891.683033 6.803539 25.338363 cpx Na0.02Ca0.88Fe''0.30Mg0.69Fe'''0.04Ti0.03Al0.16Si1.88O6 49.859 1.14831 3.51913 1.53703 0 9.43753 0 12.3811 21.8773 0.240634 0 0 0
500.00 1063.15 22.618728 44.104935 -289695.423203 6.784038 25.239042 cpx Na0.02Ca0.89Fe''0.29Mg0.70Fe'''0.04Ti0.03Al0.16Si1.88O6 49.8927 1.16092 3.52856 1.49076 0 9.2961 0 12.4081 21.979 0.243788 0 0 0
500.00 1053.15 22.554378 43.734250 -289543.610500 6.765658 25.143685 cpx Na0.02Ca0.89Fe''0.29Mg0.70Fe'''0.04Ti0.03Al0.16Si1.88O6 49.927 1.17367 3.53783 1.44452 0 9.15444 0 12.4375 22.0781 0.246967 0 0 0
500.00 1043.15 22.504659 43.379282 -288855.411285 6.746075 25.038502 cpx Na0.02Ca0.89Fe''0.29Mg0.69Fe'''0.04Ti0.03Al0.15Si1.88O6 49.9651 1.14439 3.47794 1.40665 0 9.30387 0 12.334 22.1213 0.24674 0 0 0
500.00 1033.15 22.453281 43.027892 -288563.857539 6.729251 24.946299 cpx Na0.02Ca0.89Fe''0.29Mg0.69Fe'''0.04Ti0.03Al0.15Si1.88O6 50.001 1.14035 3.45924 1.36483 0 9.28332 0 12.3088 22.193 0.249539 0 0 0
500.00 1023.15 22.403775 42.679993 -288332.666111 6.713319 24.857265 cpx Na0.02Ca0.90Fe''0.29Mg0.69Fe'''0.04Ti0.03Al0.15Si1.88O6 50.0376 1.1382 3.44323 1.32257 0 9.24759 0 12.2925 22.266 0.25236 0 0 0

feldspar_1 thermodynamic data and composition:
Pressure Temperature mass S H V Cp formula SiO2 TiO2 Al2O3 Fe2O3 Cr2O3 FeO MnO MgO CaO Na2O K2O P2O5 H2O
500.00 1083.15 0.199529 0.419014 -2704.205690 0.079338 0.234057 K0.79Na0.19Ca0.02Al1.02Si2.98O8 64.9989 0 18.9119 0 0 0 0 0 0.435884 2.09153 13.5618 0 0
500.00 1073.15 0.282406 0.589798 -3829.967161 0.112271 0.331046 K0.80Na0.18Ca0.02Al1.02Si2.98O8 65.0096 0 18.889 0 0 0 0 0 0.414483 2.05528 13.6316 0 0
500.00 1063.15 0.361913 0.751639 -4911.500896 0.143852 0.423971 K0.80Na0.18Ca0.02Al1.02Si2.98O8 65.0195 0 18.8667 0 0 0 0 0 0.393837 2.01885 13.7011 0 0
500.00 1053.15 0.438173 0.904879 -5950.372212 0.174129 0.513000 K0.81Na0.18Ca0.02Al1.02Si2.98O8 65.0284 0 18.8451 0 0 0 0 0 0.373932 1.98226 13.7702 0 0

water thermodynamic data and composition:
Pressure Temperature mass S H V Cp formula
500.00 1323.15 0.159818 1.699013 -1811.541188 1.923549 0.447551 H2O
500.00 1313.15 0.286332 3.037887 -3253.599612 3.414626 0.802333 H2O
500.00 1303.15 0.389834 4.127668 -4440.636809 4.605702 1.093144 H2O
500.00 1293.15 0.476038 5.030124 -5435.939876 5.571123 1.335968 H2O
500.00 1283.15 0.547162 5.769743 -6263.480211 6.342274 1.537010 H2O
500.00 1273.15 0.605468 6.371260 -6947.941328 6.950056 1.702587 H2O
500.00 1263.15 0.653182 6.858848 -7513.844503 7.423978 1.838924 H2O
500.00 1253.15 0.692339 7.254527 -7983.796265 7.790462 1.951724 H2O
500.00 1243.15 0.725305 7.583557 -8384.404987 8.078671 2.047629 H2O
500.00 1233.15 0.753002 7.855968 -8725.856122 8.300829 2.129235 H2O
500.00 1223.15 0.776152 8.079598 -9016.079980 8.466540 2.198568 H2O
500.00 1213.15 0.798648 8.295189 -9300.048777 8.619347 2.266670 H2O
500.00 1203.15 0.819166 8.489037 -9562.249716 8.745268 2.329823 H2O
500.00 1193.15 0.837236 8.656400 -9797.022091 8.839967 2.386715 H2O
500.00 1183.15 0.853251 8.801492 -10008.784604 8.908353 2.438487 H2O
500.00 1173.15 0.867541 8.927821 -10201.231568 8.954482 2.486102 H2O
500.00 1163.15 0.880379 9.038303 -10377.452184 8.981701 2.530375 H2O
500.00 1153.15 0.895945 9.175841 -10586.730075 9.032616 2.583396 H2O
500.00 1143.15 0.913408 9.331707 -10819.457497 9.097882 2.642919 H2O
500.00 1133.15 0.929310 9.470506 -11034.767871 9.142721 2.699061 H2O
500.00 1123.15 0.943864 9.594473 -11235.048909 9.169668 2.752490 H2O
500.00 1113.15 0.957258 9.705603 -11422.455682 9.180954 2.803826 H2O
500.00 1103.15 0.969666 9.805719 -11598.983392 9.178571 2.853654 H2O
500.00 1093.15 0.981251 9.896512 -11766.515718 9.164322 2.902545 H2O
500.00 1083.15 0.994263 10.000643 -11952.036460 9.159147 2.957293 H2O
500.00 1073.15 0.994263 9.973132 -11981.696376 9.031245 2.974930 H2O
500.00 1063.15 0.994263 9.945193 -12011.540058 8.902076 2.994068 H2O
500.00 1053.15 0.994263 9.916800 -12041.583209 8.771573 3.014848 H2O
500.00 1043.15 0.967534 9.622105 -11747.306427 8.407394 2.955768 H2O
500.00 1033.15 0.956497 9.484086 -11642.641410 8.183155 2.945671 H2O
500.00 1023.15 0.946769 9.359143 -11553.508103 7.971395 2.941161 H2O

rhm-oxide_0 thermodynamic data and composition:
Pressure Temperature mass S H V Cp formula SiO2 TiO2 Al2O3 Fe2O3 Cr2O3 FeO MnO MgO CaO Na2O K2O P2O5 H2O
500.00 1153.15 0.128061 0.239409 -952.628327 0.027645 0.116711 Mn0.06Fe''0.74Mg0.10Fe'''0.22Ti0.89O3 0 47.4903 0 11.8856 0 35.3879 2.62145 2.6148 0 0 0 0 0
500.00 1143.15 0.351130 0.653249 -2609.336089 0.075710 0.319609 Mn0.06Fe''0.74Mg0.09Fe'''0.22Ti0.89O3 0 47.4852 0 11.7872 0 35.6373 2.61319 2.47707 0 0 0 0 0
500.00 1133.15 0.551856 1.021676 -4098.088945 0.118864 0.501692 Mn0.05Fe''0.75Mg0.09Fe'''0.22Ti0.89O3 0 47.4921 0 11.6779 0 35.8763 2.59964 2.35414 0 0 0 0 0
500.00 1123.15 0.732383 1.349237 -5436.318000 0.157595 0.664978 Mn0.05Fe''0.75Mg0.08Fe'''0.22Ti0.89O3 0 47.5091 0 11.5589 0 36.1063 2.58193 2.24377 0 0 0 0 0
500.00 1113.15 0.894667 1.640058 -6639.581638 0.192344 0.811308 Mn0.05Fe''0.76Mg0.08Fe'''0.21Ti0.89O3 0 47.5352 0 11.4311 0 36.3286 2.56105 2.14406 0 0 0 0 0
500.00 1103.15 1.040544 1.897969 -7722.177657 0.223522 0.942404 Mn0.05Fe''0.76Mg0.08Fe'''0.21Ti0.89O3 0 47.5691 0 11.2955 0 36.5443 2.53783 2.05338 0 0 0 0 0
500.00 1093.15 1.171766 2.126579 -8697.508808 0.251518 1.059900 Mn0.05Fe''0.77Mg0.07Fe'''0.21Ti0.90O3 0 47.6098 0 11.1527 0 36.7542 2.51298 1.9703 0 0 0 0 0
500.00 1083.15 1.308863 2.363258 -9716.525264 0.280727 1.182358 Mn0.05Fe''0.77Mg0.07Fe'''0.21Ti0.90O3 0 47.653 0 11.003 0 36.9703 2.48951 1.8842 0 0 0 0 0
500.00 1073.15 1.323810 2.378391 -9839.914176 0.283826 1.194449 Mn0.05Fe''0.78Mg0.07Fe'''0.20Ti0.90O3 0 47.7221 0 10.8503 0 37.1183 2.45219 1.85719 0 0 0 0 0
500.00 1063.15 1.338254 2.392258 -9959.830410 0.286815 1.206032 Mn0.05Fe''0.78Mg0.07Fe'''0.20Ti0.90O3 0 47.7919 0 10.6956 0 37.2667 2.41613 1.82964 0 0 0 0 0
500.00 1053.15 1.352175 2.404832 -10076.111562 0.289689 1.217089 Mn0.05Fe''0.78Mg0.07Fe'''0.20Ti0.90O3 0 47.8625 0 10.539 0 37.4155 2.38131 1.80157 0 0 0 0 0
500.00 1043.15 1.472908 2.605309 -10975.031176 0.315284 1.323846 Mn0.05Fe''0.79Mg0.06Fe'''0.20Ti0.90O3 0 47.9064 0 10.3775 0 37.6538 2.36055 1.70182 0 0 0 0 0
500.00 1033.15 1.526143 2.685039 -11380.296013 0.326496 1.369841 Mn0.05Fe''0.79Mg0.06Fe'''0.19Ti0.90O3 0 47.9694 0 10.2131 0 37.84 2.33211 1.64534 0 0 0 0 0
500.00 1023.15 1.571427 2.749767 -11727.858728 0.336005 1.408564 Mn0.05Fe''0.80Mg0.06Fe'''0.19Ti0.91O3 0 48.0356 0 10.0461 0 38.0218 2.3035 1.59297 0 0 0 0 0

olivine_0 thermodynamic data and composition:
Pressure Temperature mass S H V Cp formula SiO2 TiO2 Al2O3 Fe2O3 Cr2O3 FeO MnO MgO CaO Na2O K2O P2O5 H2O
500.00 1403.15 0.833390 1.965062 -10018.707335 0.250795 1.018021 (Ca0.01Mg0.80Fe''0.20Mn0.00Co0.00Ni0.00)2SiO4 39.1321 0 0 0 0 18.4078 0.394793 41.6506 0.414736 0 0 0 0
500.00 1393.15 1.619543 3.798139 -19287.151064 0.484884 1.967484 (Ca0.01Mg0.79Fe''0.21Mn0.00Co0.00Ni0.00)2SiO4 38.9236 0 0 0 0 19.4922 0.433245 40.7525 0.398478 0 0 0 0
500.00 1383.15 2.334035 5.443828 -27531.347882 0.695198 2.819748 (Ca0.01Mg0.77Fe''0.22Mn0.01Co0.00Ni0.00)2SiO4 38.7139 0 0 0 0 20.5806 0.473919 39.8484 0.38312 0 0 0 0
500.00 1373.15 2.886218 6.695812 -33754.154096 0.855626 3.468976 (Ca0.01Mg0.76Fe''0.23Mn0.01Co0.00Ni0.00)2SiO4 38.5253 0 0 0 0 21.5469 0.524489 39.036 0.367272 0 0 0 0
500.00 1363.15 3.171265 7.321300 -36876.946683 0.936883 3.796621 (Ca0.00Mg0.75Fe''0.24Mn0.01Co0.00Ni0.00)2SiO4 38.3935 0 0 0 0 22.1937 0.593006 38.47 0.349688 0 0 0 0
500.00 1353.15 3.330024 7.652561 -38572.838861 0.981168 3.974042 (Ca0.00Mg0.75Fe''0.25Mn0.01Co0.00Ni0.00)2SiO4 38.2973 0 0 0 0 22.6444 0.668192 38.058 0.332128 0 0 0 0
500.00 1343.15 3.448721 7.889753 -39823.669491 1.013788 4.103946 (Ca0.00Mg0.74Fe''0.25Mn0.01Co0.00Ni0.00)2SiO4 38.2163 0 0 0 0 23.0128 0.743565 37.7119 0.315445 0 0 0 0
500.00 1333.15 3.406431 7.758496 -39234.192422 0.999279 4.042896 (Ca0.00Mg0.74Fe''0.26Mn0.01Co0.00Ni0.00)2SiO4 38.1457 0 0 0 0 23.3208 0.823479 37.41 0.300059 0 0 0 0
500.00 1323.15 0.206738 0.468603 -2364.246865 0.060404 0.244150 (Ca0.00Mg0.72Fe''0.26Mn0.01Co0.00Ni0.00)2SiO4 37.977 0 0 0 0 23.7817 1.27376 36.674 0.293632 0 0 0 0
500.00 1213.15 0.140361 0.296153 -1369.351001 0.038022 0.151404 (Ca0.00Mg0.48Fe''0.39Mn0.13Co0.00Ni0.00)2SiO4 34.7011 0 0 0 0 32.2063 10.4884 22.3352 0.269003 0 0 0 0
500.00 1203.15 0.299515 0.627839 -2888.908405 0.080698 0.320946 (Ca0.00Mg0.47Fe''0.40Mn0.14Co0.00Ni0.00)2SiO4 34.4807 0 0 0 0 32.7696 11.1147 21.3717 0.263378 0 0 0 0
500.00 1193.15 0.432989 0.901789 -4132.292728 0.116073 0.461081 (Ca0.00Mg0.45Fe''0.41Mn0.14Co0.00Ni0.00)2SiO4 34.2766 0 0 0 0 33.2899 11.6962 20.4801 0.257183 0 0 0 0
500.00 1183.15 0.544874 1.127597 -5149.027050 0.145376 0.576805 (Ca0.00Mg0.43Fe''0.41Mn0.15Co0.00Ni0.00)2SiO4 34.0872 0 0 0 0 33.772 12.2375 19.6528 0.25052 0 0 0 0
500.00 1173.15 0.638673 1.313390 -5980.082082 0.169645 0.672316 (Ca0.00Mg0.42Fe''0.42Mn0.16Co0.00Ni0.00)2SiO4 33.9107 0 0 0 0 34.2209 12.7427 18.8822 0.243482 0 0 0 0
500.00 1163.15 0.717346 1.465965 -6659.000266 0.189742 0.751102 (Ca0.00Mg0.40Fe''0.43Mn0.17Co0.00Ni0.00)2SiO4 33.7456 0 0 0 0 34.6409 13.2156 18.1617 0.236152 0 0 0 0
500.00 1153.15 0.796195 1.616579 -7321.111525 0.209649 0.829046 (Ca0.00Mg0.39Fe''0.44Mn0.17Co0.00Ni0.00)2SiO4 33.572 0 0 0 0 35.2255 13.5671 17.406 0.229318 0 0 0 0
500.00 1143.15 0.870694 1.756152 -7926.905669 0.228200 0.901558 (Ca0.00Mg0.38Fe''0.45Mn0.18Co0.00Ni0.00)2SiO4 33.3963 0 0 0 0 35.9356 13.8021 16.6432 0.222766 0 0 0 0
500.00 1133.15 0.930821 1.865189 -8397.201884 0.242905 0.958763 (Ca0.00Mg0.36Fe''0.46Mn0.18Co0.00Ni0.00)2SiO4 33.2354 0 0 0 0 36.5993 14.0048 15.9447 0.215885 0 0 0 0
500.00 1123.15 0.979163 1.949433 -8759.408587 0.254492 1.003575 (Ca0.00Mg0.35Fe''0.47Mn0.18Co0.00Ni0.00)2SiO4 33.0876 0 0 0 0 37.2194 14.1804 15.3039 0.208757 0 0 0 0
500.00 1113.15 1.017820 2.013502 -9035.102415 0.263546 1.038323 (Ca0.00Mg0.34Fe''0.48Mn0.18Co0.00Ni0.00)2SiO4 32.9515 0 0 0 0 37.7991 14.3336 14.7143 0.201456 0 0 0 0
500.00 1103.15 1.048508 2.061131 -9241.361381 0.270537 1.064885 (Ca0.00Mg0.32Fe''0.49Mn0.19Co0.00Ni0.00)2SiO4 32.8257 0 0 0 0 38.3416 14.4689 14.1698 0.194048 0 0 0 0
500.00 1093.15 1.072633 2.095351 -9391.733302 0.275847 1.084773 (Ca0.00Mg0.31Fe''0.50Mn0.19Co0.00Ni0.00)2SiO4 32.7089 0 0 0 0 38.8501 14.5903 13.6641 0.186593 0 0 0 0
500.00 1083.15 1.094330 2.123963 -9512.998824 0.280438 1.101775 (Ca0.00Mg0.30Fe''0.51Mn0.19Co0.00Ni0.00)2SiO4 32.5839 0 0 0 0 39.3911 14.7228 13.1228 0.179415 0 0 0 0
500.00 1073.15 1.094866 2.113930 -9510.516513 0.280260 1.100091 (Ca0.00Mg0.30Fe''0.51Mn0.19Co0.00Ni0.00)2SiO4 32.5567 0 0 0 0 39.5379 14.7267 13.0081 0.170609 0 0 0 0
500.00 1063.15 1.094958 2.102942 -9503.679225 0.279963 1.097913 (Ca0.00Mg0.30Fe''0.51Mn0.19Co0.00Ni0.00)2SiO4 32.5286 0 0 0 0 39.6829 14.7372 12.8892 0.162103 0 0 0 0
500.00 1053.15 1.094592 2.090987 -9492.384306 0.279546 1.095232 (Ca0.00Mg0.30Fe''0.51Mn0.19Co0.00Ni0.00)2SiO4 32.4996 0 0 0 0 39.826 14.7544 12.7661 0.153891 0 0 0 0
500.00 1043.15 1.065266 2.020467 -9151.847408 0.270892 1.060206 (Ca0.00Mg0.28Fe''0.52Mn0.20Co0.00Ni0.00)2SiO4 32.3436 0 0 0 0 40.4994 14.9194 12.0896 0.147987 0 0 0 0
500.00 1033.15 1.054005 1.986713 -9015.060745 0.267369 1.045341 (Ca0.00Mg0.27Fe''0.53Mn0.20Co0.00Ni0.00)2SiO4 32.2618 0 0 0 0 40.8601 15.0007 11.7363 0.141033 0 0 0 0
500.00 1023.15 1.044595 1.956797 -8898.629343 0.264372 1.032533 (Ca0.00Mg0.27Fe''0.54Mn0.20Co0.00Ni0.00)2SiO4 32.1862 0 0 0 0 41.1921 15.0778 11.4097 0.134197 0 0 0 0

orthopyroxene_0 thermodynamic data and composition:
Pressure Temperature mass S H V Cp structure formula SiO2 TiO2 Al2O3 Fe2O3 Cr2O3 FeO MnO MgO CaO Na2O K2O P2O5 H2O
500.00 1333.15 0.243607 0.559503 -3019.747405 0.073866 0.299345 opx Na0.00Ca0.07Fe''0.44Mg1.42Fe'''0.03Ti0.00Al0.10Si1.93O6 53.4861 0.128218 2.46774 1.13999 0 14.4714 0 26.4673 1.82032 0.0189548 0 0 0
500.00 1323.15 6.055528 13.844332 -74968.985301 1.833958 7.426965 opx Na0.00Ca0.07Fe''0.45Mg1.42Fe'''0.03Ti0.00Al0.10Si1.93O6 53.5004 0.120471 2.3749 1.09705 0 14.7583 0 26.3123 1.81661 0.0198743 0 0 0
500.00 1313.15 7.660764 17.423183 -94465.205055 2.314890 9.366399 opx Na0.00Ca0.07Fe''0.46Mg1.40Fe'''0.03Ti0.00Al0.10Si1.94O6 53.4569 0.109851 2.25031 1.04952 0 15.3436 0 25.9361 1.83345 0.0203462 0 0 0
500.00 1303.15 8.760860 19.821113 -107609.741672 2.641349 10.678425 opx Na0.00Ca0.07Fe''0.48Mg1.38Fe'''0.03Ti0.00Al0.09Si1.94O6 53.4052 0.10081 2.14055 1.00511 0 15.917 0 25.5678 1.84298 0.0205485 0 0 0
500.00 1293.15 9.692524 21.814696 -118617.269172 2.915842 11.778922 opx Na0.00Ca0.07Fe''0.50Mg1.37Fe'''0.03Ti0.00Al0.09Si1.94O6 53.3496 0.0932608 2.04607 0.963953 0 16.4622 0 25.2198 1.8445 0.0205375 0 0 0
500.00 1283.15 10.499977 23.509106 -128057.304687 3.152038 12.723648 opx Na0.00Ca0.07Fe''0.52Mg1.35Fe'''0.03Ti0.00Al0.08Si1.94O6 53.2913 0.0869536 1.96517 0.925726 0 16.9801 0 24.8915 1.83881 0.0203486 0 0 0
500.00 1273.15 11.214947 24.979551 -136338.053588 3.359743 13.552552 opx Na0.00Ca0.07Fe''0.53Mg1.34Fe'''0.02Ti0.00Al0.08Si1.95O6 53.2315 0.0816599 1.89603 0.890074 0 17.4711 0 24.5828 1.82676 0.0200221 0 0 0
500.00 1263.15 11.859558 26.278392 -143744.046146 3.545798 14.293473 opx Na0.00Ca0.07Fe''0.55Mg1.33Fe'''0.02Ti0.00Al0.08Si1.95O6 53.1715 0.0771785 1.83679 0.856634 0 17.9357 0 24.2934 1.80923 0.019597 0 0 0
500.00 1253.15 12.449057 27.441724 -150471.071517 3.714921 14.965588 opx Na0.00Ca0.07Fe''0.56Mg1.31Fe'''0.02Ti0.00Al0.08Si1.95O6 53.1121 0.0733392 1.78575 0.825072 0 18.3754 0 24.0222 1.78707 0.019106 0 0 0
500.00 1243.15 13.008234 28.525248 -156812.279732 3.874484 15.598647 opx Na0.00Ca0.07Fe''0.58Mg1.30Fe'''0.02Ti0.00Al0.08Si1.95O6 53.0521 0.0699725 1.74072 0.795011 0 18.801 0 23.7613 1.76131 0.0185645 0 0 0
500.00 1233.15 13.536624 29.529150 -162771.591681 4.024469 16.192658 opx Na0.00Ca0.07Fe''0.59Mg1.29Fe'''0.02Ti0.00Al0.07Si1.95O6 52.9925 0.0669977 1.70099 0.766307 0 19.2101 0 23.5128 1.73233 0.0179944 0 0 0
500.00 1223.15 14.030081 30.445761 -168311.759021 4.163795 16.743360 opx Na0.00Ca0.07Fe''0.60Mg1.28Fe'''0.02Ti0.00Al0.07Si1.95O6 52.9351 0.0643499 1.66612 0.73885 0 19.5981 0 23.2795 1.70052 0.0174161 0 0 0
500.00 1213.15 14.426194 31.137991 -172600.335207 4.273147 17.172981 opx Na0.00Ca0.07Fe''0.62Mg1.27Fe'''0.02Ti0.00Al0.07Si1.95O6 52.8674 0.0619194 1.63191 0.711968 0 20.0221 0 23.0208 1.66708 0.0167715 0 0 0
500.00 1203.15 14.809564 31.792890 -176710.239029 4.378242 17.585194 opx Na0.00Ca0.06Fe''0.63Mg1.26Fe'''0.02Ti0.00Al0.07Si1.95O6 52.7978 0.0597167 1.60038 0.685966 0 20.4461 0 22.7625 1.63141 0.0161141 0 0 0
500.00 1193.15 15.202288 32.459047 -180932.477931 4.485894 18.007435 opx Na0.00Ca0.06Fe''0.65Mg1.24Fe'''0.02Ti0.00Al0.07Si1.96O6 52.73 0.0577063 1.57213 0.66094 0 20.8544 0 22.5158 1.5936 0.0154704 0 0 0
500.00 1183.15 15.600574 33.127940 -185219.940759 4.594960 18.435091 opx Na0.00Ca0.06Fe''0.66Mg1.23Fe'''0.02Ti0.00Al0.07Si1.96O6 52.6637 0.0558454 1.54673 0.636829 0 21.2488 0 22.2793 1.554 0.0148432 0 0 0
500.00 1173.15 16.001887 33.793864 -189540.534909 4.704671 18.865061 opx Na0.00Ca0.06Fe''0.67Mg1.22Fe'''0.02Ti0.00Al0.07Si1.96O6 52.5988 0.0541 1.52384 0.613592 0 21.6311 0 22.0515 1.51289 0.014234 0 0 0
500.00 1163.15 16.404763 34.453472 -193874.855351 4.814576 19.295527 opx Na0.00Ca0.06Fe''0.69Mg1.21Fe'''0.02Ti0.00Al0.07Si1.96O6 52.5348 0.0524429 1.50322 0.591199 0 22.0032 0 21.831 1.47049 0.0136434 0 0 0
500.00 1153.15 16.891406 35.271080 -198988.544400 4.946639 19.814374 opx Na0.00Ca0.06Fe''0.70Mg1.20Fe'''0.02Ti0.00Al0.07Si1.96O6 52.4406 0.0492191 1.48876 0.57483 0 22.4689 0 21.5378 1.42684 0.013045 0 0 0
500.00 1143.15 17.446668 36.213241 -204725.027171 5.096580 20.404521 opx Na0.00Ca0.06Fe''0.72Mg1.18Fe'''0.02Ti0.00Al0.07Si1.96O6 52.3223 0.0450042 1.48044 0.563366 0 23.0054 0 21.1897 1.38134 0.0124447 0 0 0
500.00 1133.15 17.991878 37.121527 -210340.319643 5.243246 20.981355 opx Na0.00Ca0.05Fe''0.74Mg1.17Fe'''0.02Ti0.00Al0.07Si1.96O6 52.2087 0.0412899 1.4745 0.551962 0 23.5182 0 20.8592 1.33434 0.0118666 0 0 0
500.00 1123.15 18.523875 37.989829 -215802.636909 5.385780 21.541464 opx Na0.00Ca0.05Fe''0.75Mg1.15Fe'''0.02Ti0.00Al0.07Si1.96O6 52.0997 0.0379963 1.47066 0.540553 0 24.0077 0 20.5458 1.28628 0.0113102 0 0 0
500.00 1113.15 19.040534 38.814263 -221091.590713 5.523622 22.082627 opx Na0.00Ca0.05Fe''0.77Mg1.14Fe'''0.02Ti0.00Al0.07Si1.96O6 51.9954 0.0350578 1.46869 0.529096 0 24.4744 0 20.249 1.23753 0.0107745 0 0 0
500.00 1103.15 19.540748 39.593066 -226197.544119 5.656497 22.603767 opx Na0.00Ca0.05Fe''0.79Mg1.12Fe'''0.01Ti0.00Al0.07Si1.96O6 51.8957 0.03242 1.46841 0.517565 0 24.9196 0 19.9676 1.1884 0.0102582 0 0 0
500.00 1093.15 20.024406 40.326479 -231120.962433 5.784407 23.104904 opx Na0.00Ca0.05Fe''0.80Mg1.11Fe'''0.01Ti0.00Al0.07Si1.96O6 51.8001 0.0300377 1.46968 0.505955 0 25.3449 0 19.7004 1.13912 0.00976 0 0 0
500.00 1083.15 20.572417 41.171680 -236651.458987 5.929223 23.673540 opx Na0.00Ca0.04Fe''0.82Mg1.10Fe'''0.01Ti0.00Al0.07Si1.96O6 51.6918 0.0277223 1.47268 0.495423 0 25.8128 0 19.402 1.08825 0.00928525 0 0 0
500.00 1073.15 20.637058 41.072097 -237468.221251 5.943298 23.719230 opx Na0.00Ca0.04Fe''0.82Mg1.10Fe'''0.01Ti0.00Al0.07Si1.96O6 51.6821 0.0264695 1.47656 0.478443 0 25.9098 0 19.371 1.04645 0.00906865 0 0 0
500.00 1063.15 20.698860 40.963497 -238248.767445 5.956482 23.761235 opx Na0.00Ca0.04Fe''0.82Mg1.09Fe'''0.01Ti0.00Al0.07Si1.96O6 51.6715 0.0252499 1.48095 0.46176 0 26.0082 0 19.3385 1.00502 0.00885009 0 0 0
500.00 1053.15 20.758179 40.846624 -238996.973310 5.968879 23.799964 opx Na0.00Ca0.04Fe''0.83Mg1.09Fe'''0.01Ti0.00Al0.07Si1.96O6 51.6599 0.0240642 1.48593 0.445386 0 26.1078 0 19.3043 0.963971 0.00862958 0 0 0
500.00 1043.15 20.818206 40.684742 -238542.727730 5.968948 23.792091 opx Na0.00Ca0.04Fe''0.85Mg1.07Fe'''0.01Ti0.00Al0.07Si1.96O6 51.5111 0.0218337 1.49188 0.43816 0 26.7176 0 18.9014 0.909817 0.00814413 0 0 0
500.00 1033.15 20.876675 40.541358 -238755.406235 5.975590 23.809298 opx Na0.00Ca0.04Fe''0.86Mg1.06Fe'''0.01Ti0.00Al0.07Si1.96O6 51.4388 0.0203587 1.49955 0.426193 0 27.0362 0 18.7076 0.863433 0.00784696 0 0 0
500.00 1023.15 20.933281 40.393097 -238997.380733 5.982181 23.826316 opx Na0.00Ca0.03Fe''0.87Mg1.05Fe'''0.01Ti0.00Al0.07Si1.96O6 51.3716 0.0190107 1.50846 0.414111 0 27.3319 0 18.5293 0.81811 0.00755496 0 0 0

apatite thermodynamic data and composition:
Pressure Temperature mass S H V Cp formula
500.00 1243.15 0.021049 0.046290 -259.805645 0.006873 0.024104 Ca5(PO4)3OH
500.00 1233.15 0.051125 0.111962 -631.632082 0.016694 0.058472 Ca5(PO4)3OH
500.00 1223.15 0.075776 0.165240 -937.047243 0.024743 0.086552 Ca5(PO4)3OH
500.00 1213.15 0.101471 0.220322 -1255.955376 0.033134 0.115748 Ca5(PO4)3OH
500.00 1203.15 0.125333 0.270951 -1552.738125 0.040926 0.142777 Ca5(PO4)3OH
500.00 1193.15 0.146211 0.314696 -1813.054225 0.047743 0.166335 Ca5(PO4)3OH
500.00 1183.15 0.164565 0.352626 -2042.521733 0.053736 0.186958 Ca5(PO4)3OH
500.00 1173.15 0.180784 0.385637 -2245.877321 0.059032 0.205098 Ca5(PO4)3OH
500.00 1163.15 0.195196 0.414486 -2427.132233 0.063738 0.221136 Ca5(PO4)3OH
500.00 1153.15 0.212660 0.449490 -2646.686606 0.069441 0.240576 Ca5(PO4)3OH
500.00 1143.15 0.232041 0.488171 -2890.522639 0.075769 0.262120 Ca5(PO4)3OH
500.00 1133.15 0.249402 0.522222 -3109.604489 0.081438 0.281317 Ca5(PO4)3OH
500.00 1123.15 0.265113 0.552468 -3308.471616 0.086568 0.298590 Ca5(PO4)3OH
500.00 1113.15 0.279498 0.579634 -3491.144261 0.091266 0.314315 Ca5(PO4)3OH
500.00 1103.15 0.292855 0.604363 -3661.264498 0.095627 0.328828 Ca5(PO4)3OH
500.00 1093.15 0.305454 0.627243 -3822.209117 0.099741 0.342439 Ca5(PO4)3OH
500.00 1083.15 0.319913 0.653640 -4006.716823 0.104462 0.358080 Ca5(PO4)3OH
500.00 1073.15 0.319913 0.650322 -4010.294746 0.104462 0.357503 Ca5(PO4)3OH
500.00 1063.15 0.319913 0.646978 -4013.866864 0.104462 0.356919 Ca5(PO4)3OH
500.00 1053.15 0.319913 0.643607 -4017.433096 0.104462 0.356326 Ca5(PO4)3OH
500.00 1043.15 0.319913 0.640211 -4020.993359 0.104462 0.355725 Ca5(PO4)3OH
500.00 1033.15 0.319913 0.636787 -4024.547569 0.104462 0.355116 Ca5(PO4)3OH
500.00 1023.15 0.319913 0.633336 -4028.095640 0.104462 0.354497 Ca5(PO4)3OH

feldspar_0 thermodynamic data and composition:
Pressure Temperature mass S H V Cp formula SiO2 TiO2 Al2O3 Fe2O3 Cr2O3 FeO MnO MgO CaO Na2O K2O P2O5 H2O
500.00 1413.15 1.677314 4.001580 -23275.667098 0.625305 2.054369 K0.00Na0.17Ca0.83Al1.83Si2.17O8 47.2659 0 33.8987 0 0 0 0 0 16.9379 1.86423 0.0332706 0 0
500.00 1403.15 4.807802 11.436403 -66765.546290 1.793097 5.883390 K0.00Na0.17Ca0.82Al1.82Si2.18O8 47.4759 0 33.7566 0 0 0 0 0 16.7717 1.95957 0.0363318 0 0
500.00 1393.15 7.534101 17.868244 -104702.128155 2.811036 9.211401 K0.00Na0.18Ca0.82Al1.82Si2.18O8 47.6848 0 33.6151 0 0 0 0 0 16.6062 2.05449 0.0393067 0 0
500.00 1383.15 9.944552 23.514003 -138301.586590 3.711910 12.147552 K0.00Na0.19Ca0.81Al1.81Si2.19O8 47.894 0 33.4736 0 0 0 0 0 16.4407 2.14951 0.04224 0 0
500.00 1373.15 12.120790 28.573450 -168689.318652 4.526206 14.792569 K0.00Na0.20Ca0.80Al1.80Si2.20O8 48.1147 0 33.3244 0 0 0 0 0 16.266 2.25005 0.0448787 0 0
500.00 1363.15 14.187487 33.345916 -197592.628268 5.300643 17.299384 K0.00Na0.21Ca0.79Al1.79Si2.21O8 48.3582 0 33.1599 0 0 0 0 0 16.0735 2.36137 0.0470954 0 0
500.00 1353.15 16.138533 37.817913 -224924.024310 6.032732 19.660727 K0.00Na0.22Ca0.78Al1.78Si2.22O8 48.6079 0 32.9911 0 0 0 0 0 15.876 2.47558 0.0493571 0 0
500.00 1343.15 17.943137 41.918372 -250251.820850 6.710721 21.839303 K0.00Na0.23Ca0.77Al1.77Si2.23O8 48.8538 0 32.8249 0 0 0 0 0 15.6815 2.58789 0.0518105 0 0
500.00 1333.15 19.608697 45.665901 -273676.439380 7.337093 23.844365 K0.00Na0.24Ca0.76Al1.76Si2.24O8 49.0877 0 32.6668 0 0 0 0 0 15.4965 2.69449 0.0544932 0 0
500.00 1323.15 23.956816 55.688156 -334500.458319 8.979179 29.112204 K0.00Na0.26Ca0.73Al1.73Si2.27O8 49.7317 0 32.2297 0 0 0 0 0 14.9856 2.98383 0.0690825 0 0
500.00 1313.15 27.703663 64.269866 -386980.219268 10.400484 33.642305 K0.00Na0.29Ca0.71Al1.71Si2.29O8 50.3607 0 31.8027 0 0 0 0 0 14.4866 3.26604 0.0839215 0 0
500.00 1303.15 30.816022 71.325295 -430659.072774 11.584955 37.393713 K0.01Na0.31Ca0.68Al1.68Si2.32O8 50.9082 0 31.4304 0 0 0 0 0 14.0517 3.50993 0.0998051 0 0
500.00 1293.15 33.401282 77.106324 -467032.652873 12.571105 40.497485 K0.01Na0.33Ca0.67Al1.67Si2.33O8 51.372 0 31.1142 0 0 0 0 0 13.6826 3.7146 0.116631 0 0
500.00 1283.15 35.526978 81.772471 -497041.251379 13.382977 43.222220 K0.01Na0.34Ca0.65Al1.65Si2.35O8 51.7532 0 30.8536 0 0 0 0 0 13.3786 3.88076 0.133878 0 0
500.00 1273.15 37.263729 85.494164 -521663.923445 14.046512 45.300295 K0.01Na0.35Ca0.64Al1.64Si2.36O8 52.0597 0 30.6432 0 0 0 0 0 13.1336 4.01241 0.151088 0 0
500.00 1263.15 38.680720 88.438882 -541859.195494 14.587586 46.982778 K0.01Na0.36Ca0.63Al1.63Si2.37O8 52.3031 0 30.4755 0 0 0 0 0 12.9384 4.11505 0.167935 0 0
500.00 1253.15 39.840589 90.758315 -558494.705770 15.029892 48.346949 K0.01Na0.37Ca0.62Al1.62Si2.38O8 52.4951 0 30.3425 0 0 0 0 0 12.7838 4.1943 0.184234 0 0
500.00 1243.15 40.811995 92.616929 -572522.213039 15.399621 49.477312 K0.01Na0.37Ca0.61Al1.61Si2.39O8 52.6486 0 30.2355 0 0 0 0 0 12.6598 4.25571 0.200466 0 0
500.00 1233.15 41.624683 94.087995 -584352.355213 15.708157 50.410843 K0.01Na0.38Ca0.61Al1.61Si2.39O8 52.7704 0 30.1498 0 0 0 0 0 12.5607 4.30265 0.216441 0 0
500.00 1223.15 42.302177 95.229815 -594309.781445 15.964554 51.176911 K0.01Na0.38Ca0.61Al1.61Si2.39O8 52.8667 0 30.0815 0 0 0 0 0 12.4818 4.33814 0.231817 0 0
500.00 1213.15 42.939884 96.260724 -603729.509919 16.204954 51.891456 K0.01Na0.38Ca0.60Al1.60Si2.40O8 52.9416 0 30.0276 0 0 0 0 0 12.4199 4.36375 0.247116 0 0
500.00 1203.15 43.505596 97.111067 -612155.283946 16.417413 52.516076 K0.02Na0.38Ca0.60Al1.60Si2.40O8 53.0002 0 29.9847 0 0 0 0 0 12.3708 4.38186 0.262407 0 0
500.00 1193.15 43.992783 97.769310 -619491.492639 16.599646 53.043502 K0.02Na0.39Ca0.60Al1.60Si2.40O8 53.0469 0 29.9499 0 0 0 0 0 12.3312 4.39445 0.277656 0 0
500.00 1183.15 44.414422 98.267056 -625917.302654 16.756683 53.489935 K0.02Na0.39Ca0.60Al1.60Si2.40O8 53.0844 0 29.9211 0 0 0 0 0 12.2987 4.40281 0.292936 0 0
500.00 1173.15 44.780928 98.629648 -631576.516370 16.892560 53.868419 K0.02Na0.39Ca0.60Al1.60Si2.40O8 53.1151 0 29.897 0 0 0 0 0 12.2716 4.40795 0.308322 0 0
500.00 1163.15 45.100626 98.877335 -636583.985330 17.010507 54.189437 K0.02Na0.39Ca0.59Al1.59Si2.41O8 53.1408 0 29.8762 0 0 0 0 0 12.2485 4.41064 0.323895 0 0
500.00 1153.15 45.488716 99.262736 -642551.476055 17.154022 54.590611 K0.02Na0.39Ca0.59Al1.59Si2.41O8 53.161 0 29.8576 0 0 0 0 0 12.2284 4.40695 0.346043 0 0
500.00 1143.15 45.928196 99.747096 -649237.835246 17.316781 55.051487 K0.02Na0.39Ca0.59Al1.59Si2.41O8 53.1777 0 29.8397 0 0 0 0 0 12.2098 4.39718 0.375661 0 0
500.00 1133.15 46.327915 100.132317 -655364.789631 17.464490 55.463962 K0.02Na0.39Ca0.59Al1.59Si2.41O8 53.1934 0 29.8219 0 0 0 0 0 12.1914 4.38548 0.407849 0 0
500.00 1123.15 46.695658 100.436430 -661040.267682 17.600137 55.837919 K0.03Na0.38Ca0.59Al1.59Si2.41O8 53.2091 0 29.8035 0 0 0 0 0 12.1726 4.37208 0.442854 0 0
500.00 1113.15 47.038175 100.674894 -666357.975032 17.726312 56.182059 K0.03Na0.38Ca0.59Al1.59Si2.41O8 53.2254 0 29.7839 0 0 0 0 0 12.1526 4.3572 0.480904 0 0
500.00 1103.15 47.361391 100.861095 -671400.327207 17.845287 56.504188 K0.03Na0.38Ca0.59Al1.59Si2.41O8 53.2429 0 29.7628 0 0 0 0 0 12.1311 4.34097 0.522203 0 0
500.00 1093.15 47.670556 101.006698 -676240.476474 17.959073 56.811447 K0.03Na0.38Ca0.59Al1.59Si2.41O8 53.2622 0 29.7397 0 0 0 0 0 12.1076 4.32352 0.566933 0 0
500.00 1083.15 47.827055 100.807457 -679029.165726 18.012655 56.942198 K0.03Na0.38Ca0.59Al1.59Si2.41O8 53.2386 0 29.7546 0 0 0 0 0 12.1254 4.31004 0.571309 0 0
500.00 1073.15 47.739794 100.090487 -678420.019551 17.974176 56.792459 K0.03Na0.38Ca0.59Al1.59Si2.41O8 53.2168 0 29.7745 0 0 0 0 0 12.1468 4.31345 0.548397 0 0
500.00 1063.15 47.655462 99.377171 -677848.123239 17.936873 56.653498 K0.03Na0.38Ca0.59Al1.59Si2.41O8 53.1958 0 29.7937 0 0 0 0 0 12.1676 4.31686 0.526097 0 0
500.00 1053.15 47.573878 98.666898 -677311.140659 17.900672 56.527546 K0.03Na0.38Ca0.59Al1.59Si2.41O8 53.1755 0 29.8122 0 0 0 0 0 12.1876 4.32027 0.5044 0 0
500.00 1043.15 47.661102 98.306767 -679169.209658 17.928844 56.617342 K0.03Na0.38Ca0.59Al1.59Si2.41O8 53.1723 0 29.8191 0 0 0 0 0 12.194 4.33116 0.483416 0 0
500.00 1033.15 47.506090 97.428968 -677682.898691 17.863177 56.438713 K0.02Na0.38Ca0.59Al1.59Si2.41O8 53.124 0 29.8652 0 0 0 0 0 12.2433 4.34435 0.423134 0 0
500.00 1023.15 47.367349 96.583525 -676406.914267 17.804028 56.303945 K0.02Na0.38Ca0.60Al1.60Si2.40O8 53.0812 0 29.9061 0 0 0 0 0 12.287 4.35612 0.369586 0 0

spinel_0 thermodynamic data and composition:
Pressure Temperature mass S H V Cp formula SiO2 TiO2 Al2O3 Fe2O3 Cr2O3 FeO MnO MgO CaO Na2O K2O P2O5 H2O
500.00 1393.15 0.186234 0.402783 -1245.381298 0.041719 0.182974 Fe''0.70Mg0.45Fe'''1.01Al0.50Cr0.20Ti0.14O4 0 5.72864 12.7635 40.2422 7.40187 24.8722 0 8.99151 0 0 0 0 0
500.00 1383.15 0.431927 0.926868 -2736.566633 0.095683 0.418466 Fe''0.78Mg0.41Fe'''1.10Al0.42Cr0.11Ti0.19O4 0 7.29474 10.3986 42.7725 4.15528 27.3601 0 8.01871 0 0 0 0 0
500.00 1373.15 1.153478 2.456820 -7042.356089 0.253538 1.107492 Fe''0.85Mg0.38Fe'''1.15Al0.36Cr0.05Ti0.22O4 0 8.63106 8.78796 44.1739 1.72767 29.3625 0 7.31692 0 0 0 0 0
500.00 1363.15 2.530978 5.357257 -15158.006576 0.553604 2.417042 Fe''0.88Mg0.36Fe'''1.17Al0.33Cr0.02Ti0.24O4 0 9.22639 7.97681 44.6872 0.802188 30.4192 0 6.88821 0 0 0 0 0
500.00 1353.15 3.814096 8.030576 -22579.739270 0.831267 3.628105 Fe''0.91Mg0.34Fe'''1.18Al0.31Cr0.01Ti0.25O4 0 9.46875 7.49777 44.8942 0.533844 31.0154 0 6.58997 0 0 0 0 0
500.00 1343.15 4.802857 10.062876 -28182.360654 1.043574 4.553361 Fe''0.92Mg0.33Fe'''1.19Al0.29Cr0.01Ti0.25O4 0 9.62525 7.12539 45.009 0.424286 31.471 0 6.34501 0 0 0 0 0
500.00 1333.15 5.572103 11.619721 -32457.822484 1.207463 5.266991 Fe''0.94Mg0.32Fe'''1.19Al0.28Cr0.01Ti0.26O4 0 9.7406 6.81487 45.097 0.365838 31.8477 0 6.13407 0 0 0 0 0
500.00 1323.15 6.701575 13.899947 -38595.976247 1.446981 6.310681 Fe''0.95Mg0.31Fe'''1.20Al0.27Cr0.01Ti0.26O4 0 9.81356 6.3885 45.366 0.304288 32.2789 0 5.84875 0 0 0 0 0
500.00 1313.15 7.186064 14.816593 -40754.627152 1.544061 6.732844 Fe''0.98Mg0.29Fe'''1.21Al0.24Cr0.01Ti0.27O4 0 10.0842 5.79139 45.3394 0.283804 33.0732 0 5.42806 0 0 0 0 0
500.00 1303.15 7.471262 15.318591 -41838.352092 1.598604 6.969529 Fe''1.01Mg0.27Fe'''1.21Al0.22Cr0.01Ti0.28O4 0 10.349 5.29289 45.2271 0.272988 33.797 0 5.061 0 0 0 0 0
500.00 1293.15 7.634499 15.570486 -42315.402831 1.627650 7.094993 Fe''1.03Mg0.25Fe'''1.22Al0.21Cr0.01Ti0.29O4 0 10.6011 4.87934 45.062 0.267161 34.4457 0 4.74465 0 0 0 0 0
500.00 1283.15 7.709883 15.644767 -42378.575157 1.638597 7.141443 Fe''1.05Mg0.24Fe'''1.21Al0.19Cr0.01Ti0.29O4 0 10.8443 4.53162 44.8555 0.264555 35.0343 0 4.4696 0 0 0 0 0
500.00 1273.15 7.723132 15.595373 -42165.552651 1.636945 7.132835 Fe''1.07Mg0.23Fe'''1.21Al0.18Cr0.01Ti0.30O4 0 11.0798 4.2358 44.6192 0.264106 35.5724 0 4.22865 0 0 0 0 0
500.00 1263.15 7.693477 15.462110 -41774.035514 1.626750 7.086852 Fe''1.09Mg0.22Fe'''1.21Al0.17Cr0.01Ti0.31O4 0 11.3073 3.98124 44.3636 0.265127 36.0668 0 4.01593 0 0 0 0 0
500.00 1253.15 7.634868 15.273499 -41271.377546 1.610913 7.016169 Fe''1.11Mg0.21Fe'''1.20Al0.16Cr0.01Ti0.31O4 0 11.5262 3.75966 44.0973 0.267165 36.5231 0 3.82656 0 0 0 0 0
500.00 1243.15 7.553163 15.041459 -40680.611077 1.590598 6.925819 Fe''1.12Mg0.20Fe'''1.20Al0.15Cr0.01Ti0.32O4 0 11.7462 3.56082 43.8106 0.270056 36.958 0 3.65433 0 0 0 0 0
500.00 1233.15 7.456312 14.782028 -40039.245831 1.567449 6.823020 Fe''1.14Mg0.19Fe'''1.19Al0.15Cr0.01Ti0.33O4 0 11.9622 3.38226 43.5154 0.273566 37.369 0 3.49751 0 0 0 0 0
500.00 1223.15 7.351804 14.510050 -39381.885071 1.543005 6.714542 Fe''1.15Mg0.18Fe'''1.19Al0.14Cr0.01Ti0.33O4 0 12.1665 3.2226 43.2279 0.277455 37.7507 0 3.35483 0 0 0 0 0
500.00 1213.15 7.195382 14.139060 -38475.787385 1.507942 6.559240 Fe''1.17Mg0.18Fe'''1.18Al0.13Cr0.01Ti0.34O4 0 12.4389 3.05905 42.813 0.283488 38.1903 0 3.21533 0 0 0 0 0
500.00 1203.15 7.020517 13.735503 -37495.495363 1.469320 6.388203 Fe''1.18Mg0.17Fe'''1.17Al0.13Cr0.01Ti0.35O4 0 12.7306 2.90448 42.3543 0.29055 38.635 0 3.08507 0 0 0 0 0
500.00 1193.15 6.844033 13.332217 -36523.855398 1.430630 6.216848 Fe''1.20Mg0.16Fe'''1.15Al0.12Cr0.01Ti0.36O4 0 13.0149 2.76323 41.8992 0.298042 39.0595 0 2.96516 0 0 0 0 0
500.00 1183.15 6.666874 12.930865 -35561.708994 1.392028 6.045892 Fe''1.21Mg0.16Fe'''1.14Al0.11Cr0.01Ti0.37O4 0 13.2906 2.63346 41.4516 0.305963 39.4644 0 2.85396 0 0 0 0 0
500.00 1173.15 6.489363 12.531927 -34607.377427 1.353546 5.875518 Fe''1.22Mg0.15Fe'''1.13Al0.11Cr0.01Ti0.37O4 0 13.5564 2.51367 41.0149 0.314333 39.8506 0 2.75008 0 0 0 0 0
500.00 1163.15 6.311344 12.134988 -33657.248768 1.315124 5.705494 Fe''1.24Mg0.15Fe'''1.12Al0.10Cr0.01Ti0.38O4 0 13.8109 2.40263 40.5924 0.323199 40.2185 0 2.65236 0 0 0 0 0
500.00 1153.15 5.958851 11.400095 -31662.938463 1.239556 5.378127 Fe''1.24Mg0.14Fe'''1.13Al0.10Cr0.01Ti0.38O4 0 13.7203 2.32212 40.7703 0.342319 40.3266 0 2.51839 0 0 0 0 0
500.00 1143.15 5.474233 10.415321 -28900.542862 1.136167 4.932800 Fe''1.24Mg0.13Fe'''1.15Al0.10Cr0.01Ti0.37O4 0 13.3398 2.26741 41.4539 0.372626 40.2041 0 2.36216 0 0 0 0 0
500.00 1133.15 5.017860 9.494674 -26333.834947 1.039232 4.514805 Fe''1.24Mg0.12Fe'''1.17Al0.10Cr0.01Ti0.36O4 0 12.9689 2.2173 42.1182 0.406519 40.0677 0 2.22137 0 0 0 0 0
500.00 1123.15 4.588889 8.635467 -23950.179508 0.948480 4.123047 Fe''1.24Mg0.12Fe'''1.19Al0.09Cr0.01Ti0.35O4 0 12.6063 2.17126 42.7649 0.444524 39.9191 0 2.09397 0 0 0 0 0
500.00 1113.15 4.186249 7.834671 -21737.124815 0.863609 3.756288 Fe''1.23Mg0.11Fe'''1.21Al0.09Cr0.01Ti0.34O4 0 12.2504 2.12886 43.3956 0.487283 39.7597 0 1.97819 0 0 0 0 0
500.00 1103.15 3.808525 7.088714 -19681.598700 0.784259 3.413031 Fe''1.23Mg0.10Fe'''1.23Al0.09Cr0.02Ti0.33O4 0 11.9003 2.0897 44.0113 0.535618 39.5906 0 1.87248 0 0 0 0 0
500.00 1093.15 3.453903 6.393375 -17769.448586 0.709997 3.091461 Fe''1.22Mg0.10Fe'''1.25Al0.09Cr0.02Ti0.32O4 0 11.5546 2.05343 44.6129 0.590621 39.4129 0 1.77551 0 0 0 0 0
500.00 1083.15 3.055513 5.624587 -15650.500023 0.627006 2.731482 Fe''1.22Mg0.09Fe'''1.27Al0.09Cr0.02Ti0.31O4 0 11.2058 2.01651 45.1992 0.667646 39.2318 0 1.67907 0 0 0 0 0
500.00 1073.15 3.051800 5.587551 -15586.777024 0.625448 2.725754 Fe''1.21Mg0.09Fe'''1.28Al0.09Cr0.02Ti0.31O4 0 10.8976 2.00148 45.784 0.668458 39.0191 0 1.62931 0 0 0 0 0
500.00 1063.15 3.048399 5.550948 -15525.543829 0.623963 2.720305 Fe''1.21Mg0.09Fe'''1.30Al0.09Cr0.02Ti0.30O4 0 10.5928 1.98614 46.3634 0.669204 38.8078 0 1.58062 0 0 0 0 0
500.00 1053.15 3.045288 5.514731 -15466.714469 0.622547 2.715109 Fe''1.20Mg0.09Fe'''1.32Al0.09Cr0.02Ti0.29O4 0 10.2915 1.9705 46.937 0.669888 38.5981 0 1.53302 0 0 0 0 0
500.00 1043.15 2.638484 4.750085 -13340.408152 0.538424 2.349318 Fe''1.20Mg0.08Fe'''1.33Al0.08Cr0.02Ti0.28O4 0 9.95254 1.92349 47.4886 0.773171 38.4271 0 1.43509 0 0 0 0 0
500.00 1033.15 2.468124 4.417882 -12437.718045 0.502937 2.195266 Fe''1.19Mg0.08Fe'''1.35Al0.08Cr0.02Ti0.27O4 0 9.6398 1.89538 48.0363 0.826539 38.2312 0 1.37073 0 0 0 0 0
500.00 1023.15 2.319670 4.128127 -11653.013165 0.472031 2.061030 Fe''1.19Mg0.07Fe'''1.37Al0.08Cr0.03Ti0.26O4 0 9.33222 1.86891 48.5752 0.879436 38.0331 0 1.31111 0 0 0 0 0

Title: Mk

Phase Masses:
Pressure Temperature mass liquid_0 olivine_0 orthopyroxene_0 clinopyroxene_0 biotite_0 feldspar_0 feldspar_1 spinel_0 rhm-oxide_0 apatite water 
500.00 1523.15 98.169879 98.169879 0.000000 0.000000 0.000000 0.000000 0.000000 0.000000 0.000000 0.000000 0.000000 0.000000 
500.00 1513.15 98.170501 98.170501 0.000000 0.000000 0.000000 0.000000 0.000000 0.000000 0.000000 0.000000 0.000000 0.000000 
500.00 1503.15 98.171162 98.171162 0.000000 0.000000 0.000000 0.000000 0.000000 0.000000 0.000000 0.000000 0.000000 0.000000 
500.00 1493.15 98.171862 98.171862 0.000000 0.000000 0.000000 0.000000 0.000000 0.000000 0.000000 0.000000 0.000000 0.000000 
500.00 1483.15 98.172603 98.172603 0.000000 0.000000 0.000000 0.000000 0.000000 0.000000 0.000000 0.000000 0.000000 0.000000 
500.00 1473.15 98.173386 98.173386 0.000000 0.000000 0.000000 0.000000 0.000000 0.000000 0.000000 0.000000 0.000000 0.000000 
500.00 1463.15 98.174213 98.174213 0.000000 0.000000 0.000000 0.000000 0.000000 0.000000 0.000000 0.000000 0.000000 0.000000 
500.00 1453.15 98.175084 98.175084 0.000000 0.000000 0.000000 0.000000 0.000000 0.000000 0.000000 0.000000 0.000000 0.000000 
500.00 1443.15 98.176001 98.176001 0.000000 0.000000 0.000000 0.000000 0.000000 0.000000 0.000000 0.000000 0.000000 0.000000 
500.00 1433.15 98.176966 98.176966 0.000000 0.000000 0.000000 0.000000 0.000000 0.000000 0.000000 0.000000 0.000000 0.000000 
500.00 1423.15 98.177980 98.177980 0.000000 0.000000 0.000000 0.000000 0.000000 0.000000 0.000000 0.000000 0.000000 0.000000 
500.00 1413.15 98.179093 92.953668 0.000000 0.000000 3.548112 0.000000 1.677314 0.000000 0.000000 0.000000 0.000000 0.000000 
500.00 1403.15 98.177295 85.533977 0.833390 0.000000 7.002127 0.000000 4.807802 0.000000 0.000000 0.000000 0.000000 0.000000 
500.00 1393.15 98.181009 78.753184 1.619543 0.000000 10.087947 0.000000 7.534101 0.000000 0.186234 0.000000 0.000000 0.000000 
500.00 1383.15 98.187239 72.644045 2.334035 0.000000 12.832680 0.000000 9.944552 0.000000 0.431927 0.000000 0.000000 0.000000 
500.00 1373.15 98.209091 66.396003 2.886218 0.000000 15.652602 0.000000 12.120790 0.000000 1.153478 0.000000 0.000000 0.000000 
500.00 1363.15 98.251737 59.762164 3.171265 0.000000 18.599843 0.000000 14.187487 0.000000 2.530978 0.000000 0.000000 0.000000 
500.00 1353.15 98.290310 53.992281 3.330024 0.000000 21.015375 0.000000 16.138533 0.000000 3.814096 0.000000 0.000000 0.000000 
500.00 1343.15 98.318646 49.265570 3.448721 0.000000 22.858361 0.000000 17.943137 0.000000 4.802857 0.000000 0.000000 0.000000 
500.00 1333.15 98.339942 45.270620 3.406431 0.243607 24.238484 0.000000 19.608697 0.000000 5.572103 0.000000 0.000000 0.000000 
500.00 1323.15 98.377213 36.311297 0.206738 6.055528 24.985441 0.000000 23.956816 0.000000 6.701575 0.000000 0.000000 0.159818 
500.00 1313.15 98.384621 30.343674 0.000000 7.660764 25.204125 0.000000 27.703663 0.000000 7.186064 0.000000 0.000000 0.286332 
500.00 1303.15 98.385009 25.648274 0.000000 8.760860 25.298756 0.000000 30.816022 0.000000 7.471262 0.000000 0.000000 0.389834 
500.00 1293.15 98.381631 21.848383 0.000000 9.692524 25.328905 0.000000 33.401282 0.000000 7.634499 0.000000 0.000000 0.476038 
500.00 1283.15 98.375699 18.778209 0.000000 10.499977 25.313490 0.000000 35.526978 0.000000 7.709883 0.000000 0.000000 0.547162 
500.00 1273.15 98.368117 16.298017 0.000000 11.214947 25.262823 0.000000 37.263729 0.000000 7.723132 0.000000 0.000000 0.605468 
500.00 1263.15 98.359544 14.288107 0.000000 11.859558 25.184502 0.000000 38.680720 0.000000 7.693477 0.000000 0.000000 0.653182 
500.00 1253.15 98.350447 12.648407 0.000000 12.449057 25.085187 0.000000 39.840589 0.000000 7.634868 0.000000 0.000000 0.692339 
500.00 1243.15 98.340773 11.253032 0.000000 13.008234 24.967995 0.000000 40.811995 0.000000 7.553163 0.000000 0.021049 0.725305 
500.00 1233.15 98.330893 10.070402 0.000000 13.536624 24.838744 0.000000 41.624683 0.000000 7.456312 0.000000 0.051125 0.753002 
500.00 1223.15 98.321201 9.081574 0.000000 14.030081 24.703638 0.000000 42.302177 0.000000 7.351804 0.000000 0.075776 0.776152 
500.00 1213.15 98.308526 8.154884 0.140361 14.426194 24.551702 0.000000 42.939884 0.000000 7.195382 0.000000 0.101471 0.798648 
500.00 1203.15 98.295138 7.320861 0.299515 14.809564 24.394586 0.000000 43.505596 0.000000 7.020517 0.000000 0.125333 0.819166 
500.00 1193.15 98.282135 6.587387 0.432989 15.202288 24.239208 0.000000 43.992783 0.000000 6.844033 0.000000 0.146211 0.837236 
500.00 1183.15 98.269542 5.937478 0.544874 15.600574 24.087503 0.000000 44.414422 0.000000 6.666874 0.000000 0.164565 0.853251 
500.00 1173.15 98.257358 5.357176 0.638673 16.001887 23.941006 0.000000 44.780928 0.000000 6.489363 0.000000 0.180784 0.867541 
500.00 1163.15 98.245569 4.834962 0.717346 16.404763 23.800953 0.000000 45.100626 0.000000 6.311344 0.000000 0.195196 0.880379 
500.00 1153.15 98.232182 4.198181 0.796195 16.891406 23.662168 0.000000 45.488716 0.000000 5.958851 0.128061 0.212660 0.895945 
500.00 1143.15 98.217240 3.478534 0.870694 17.446668 23.522337 0.000000 45.928196 0.000000 5.474233 0.351130 0.232041 0.913408 
500.00 1133.15 98.202495 2.817297 0.930821 17.991878 23.386155 0.000000 46.327915 0.000000 5.017860 0.551856 0.249402 0.929310 
500.00 1123.15 98.188010 2.205237 0.979163 18.523875 23.253827 0.000000 46.695658 0.000000 4.588889 0.732383 0.265113 0.943864 
500.00 1113.15 98.173828 1.634170 1.017820 19.040534 23.125458 0.000000 47.038175 0.000000 4.186249 0.894667 0.279498 0.957258 
500.00 1103.15 98.159971 1.096663 1.048508 19.540748 23.001072 0.000000 47.361391 0.000000 3.808525 1.040544 0.292855 0.969666 
500.00 1093.15 98.146440 0.585842 1.072633 20.024406 22.880627 0.000000 47.670556 0.000000 3.453903 1.171766 0.305454 0.981251 
500.00 1083.15 98.130559 0.000000 1.094330 20.572417 22.758676 0.000000 47.827055 0.199529 3.055513 1.308863 0.319913 0.994263 
500.00 1073.15 98.130657 0.000000 1.094866 20.637058 22.686746 0.000000 47.739794 0.282406 3.051800 1.323810 0.319913 0.994263 
500.00 1063.15 98.130751 0.000000 1.094958 20.698860 22.618728 0.000000 47.655462 0.361913 3.048399 1.338254 0.319913 0.994263 
500.00 1053.15 98.130839 0.000000 1.094592 20.758179 22.554378 0.000000 47.573878 0.438173 3.045288 1.352175 0.319913 0.994263 
500.00 1043.15 98.113159 0.000000 1.065266 20.818206 22.504659 0.665087 47.661102 0.000000 2.638484 1.472908 0.319913 0.967534 
500.00 1033.15 98.105675 0.000000 1.054005 20.876675 22.453281 0.944948 47.506090 0.000000 2.468124 1.526143 0.319913 0.956497 
500.00 1023.15 98.098935 0.000000 1.044595 20.933281 22.403775 1.192156 47.367349 0.000000 2.319670 1.571427 0.319913 0.946769 

Title: Mk

Phase Volumes:
Pressure Temperature mass V liquid_0 olivine_0 orthopyroxene_0 clinopyroxene_0 biotite_0 feldspar_0 feldspar_1 spinel_0 rhm-oxide_0 apatite water 
500.00 1523.15 98.169879 37.732004 37.732004 0.000000 0.000000 0.000000 0.000000 0.000000 0.000000 0.000000 0.000000 0.000000 0.000000 
500.00 1513.15 98.170501 37.695529 37.695529 0.000000 0.000000 0.000000 0.000000 0.000000 0.000000 0.000000 0.000000 0.000000 0.000000 
500.00 1503.15 98.171162 37.659113 37.659113 0.000000 0.000000 0.000000 0.000000 0.000000 0.000000 0.000000 0.000000 0.000000 0.000000 
500.00 1493.15 98.171862 37.622759 37.622759 0.000000 0.000000 0.000000 0.000000 0.000000 0.000000 0.000000 0.000000 0.000000 0.000000 
500.00 1483.15 98.172603 37.586466 37.586466 0.000000 0.000000 0.000000 0.000000 0.000000 0.000000 0.000000 0.000000 0.000000 0.000000 
500.00 1473.15 98.173386 37.550238 37.550238 0.000000 0.000000 0.000000 0.000000 0.000000 0.000000 0.000000 0.000000 0.000000 0.000000 
500.00 1463.15 98.174213 37.514076 37.514076 0.000000 0.000000 0.000000 0.000000 0.000000 0.000000 0.000000 0.000000 0.000000 0.000000 
500.00 1453.15 98.175084 37.477980 37.477980 0.000000 0.000000 0.000000 0.000000 0.000000 0.000000 0.000000 0.000000 0.000000 0.000000 
500.00 1443.15 98.176001 37.441953 37.441953 0.000000 0.000000 0.000000 0.000000 0.000000 0.000000 0.000000 0.000000 0.000000 0.000000 
500.00 1433.15 98.176966 37.405997 37.405997 0.000000 0.000000 0.000000 0.000000 0.000000 0.000000 0.000000 0.000000 0.000000 0.000000 
500.00 1423.15 98.177980 37.370112 37.370112 0.000000 0.000000 0.000000 0.000000 0.000000 0.000000 0.000000 0.000000 0.000000 0.000000 
500.00 1413.15 98.179093 37.127951 35.408730 0.000000 0.000000 1.093916 0.000000 0.625305 0.000000 0.000000 0.000000 0.000000 0.000000 
500.00 1403.15 98.177295 36.851884 32.654110 0.250795 0.000000 2.153881 0.000000 1.793097 0.000000 0.000000 0.000000 0.000000 0.000000 
500.00 1393.15 98.181009 36.603650 30.170128 0.484884 0.000000 3.095882 0.000000 2.811036 0.000000 0.041719 0.000000 0.000000 0.000000 
500.00 1383.15 98.187239 36.382279 27.950350 0.695198 0.000000 3.929139 0.000000 3.711910 0.000000 0.095683 0.000000 0.000000 0.000000 
500.00 1373.15 98.209091 36.170416 25.751510 0.855626 0.000000 4.783536 0.000000 4.526206 0.000000 0.253538 0.000000 0.000000 0.000000 
500.00 1363.15 98.251737 35.966949 23.496912 0.936883 0.000000 5.678906 0.000000 5.300643 0.000000 0.553604 0.000000 0.000000 0.000000 
500.00 1353.15 98.290310 35.794065 21.535668 0.981168 0.000000 6.413231 0.000000 6.032732 0.000000 0.831267 0.000000 0.000000 0.000000 
500.00 1343.15 98.318646 35.650276 19.909243 1.013788 0.000000 6.972949 0.000000 6.710721 0.000000 1.043574 0.000000 0.000000 0.000000 
500.00 1333.15 98.339942 35.521524 18.512360 0.999279 0.073866 7.391464 0.000000 7.337093 0.000000 1.207463 0.000000 0.000000 0.000000 
500.00 1323.15 98.377213 36.850065 14.989642 0.060404 1.833958 7.616352 0.000000 8.979179 0.000000 1.446981 0.000000 0.000000 1.923549 
500.00 1313.15 98.384621 37.967680 12.617443 0.000000 2.314890 7.676177 0.000000 10.400484 0.000000 1.544061 0.000000 0.000000 3.414626 
500.00 1303.15 98.385009 38.857730 10.728897 0.000000 2.641349 7.698222 0.000000 11.584955 0.000000 1.598604 0.000000 0.000000 4.605702 
500.00 1293.15 98.381631 39.570311 9.183691 0.000000 2.915842 7.700901 0.000000 12.571105 0.000000 1.627650 0.000000 0.000000 5.571123 
500.00 1283.15 98.375699 40.129703 7.923833 0.000000 3.152038 7.689984 0.000000 13.382977 0.000000 1.638597 0.000000 0.000000 6.342274 
500.00 1273.15 98.368117 40.560305 6.898412 0.000000 3.359743 7.668637 0.000000 14.046512 0.000000 1.636945 0.000000 0.000000 6.950056 
500.00 1263.15 98.359544 40.885528 6.062223 0.000000 3.545798 7.639194 0.000000 14.587586 0.000000 1.626750 0.000000 0.000000 7.423978 
500.00 1253.15 98.350447 41.126328 5.376450 0.000000 3.714921 7.603689 0.000000 15.029892 0.000000 1.610913 0.000000 0.000000 7.790462 
500.00 1243.15 98.340773 41.304587 4.791411 0.000000 3.874484 7.562930 0.000000 15.399621 0.000000 1.590598 0.000000 0.006873 8.078671 
500.00 1233.15 98.330893 41.430624 4.294293 0.000000 4.024469 7.518734 0.000000 15.708157 0.000000 1.567449 0.000000 0.016694 8.300829 
500.00 1223.15 98.321201 41.512802 3.877111 0.000000 4.163795 7.473054 0.000000 15.964554 0.000000 1.543005 0.000000 0.024743 8.466540 
500.00 1213.15 98.308526 41.586539 3.488319 0.038022 4.273147 7.421675 0.000000 16.204954 0.000000 1.507942 0.000000 0.033134 8.619347 
500.00 1203.15 98.295138 41.638863 3.138323 0.080698 4.378242 7.368674 0.000000 16.417413 0.000000 1.469320 0.000000 0.040926 8.745268 
500.00 1193.15 98.282135 41.665946 2.829608 0.116073 4.485894 7.316386 0.000000 16.599646 0.000000 1.430630 0.000000 0.047743 8.839967 
500.00 1183.15 98.269542 41.671742 2.555253 0.145376 4.594960 7.265353 0.000000 16.756683 0.000000 1.392028 0.000000 0.053736 8.908353 
500.00 1173.15 98.257358 41.659487 2.309556 0.169645 4.704671 7.215994 0.000000 16.892560 0.000000 1.353546 0.000000 0.059032 8.954482 
500.00 1163.15 98.245569 41.631822 2.087803 0.189742 4.814576 7.168631 0.000000 17.010507 0.000000 1.315124 0.000000 0.063738 8.981701 
500.00 1153.15 98.232182 41.617442 1.815964 0.209649 4.946639 7.121909 0.000000 17.154022 0.000000 1.239556 0.027645 0.069441 9.032616 
500.00 1143.15 98.217240 41.609694 1.507297 0.228200 5.096580 7.075307 0.000000 17.316781 0.000000 1.136167 0.075710 0.075769 9.097882 
500.00 1133.15 98.202495 41.585641 1.222641 0.242905 5.243246 7.030104 0.000000 17.464490 0.000000 1.039232 0.118864 0.081438 9.142721 
500.00 1123.15 98.188010 41.547383 0.958281 0.254492 5.385780 6.986382 0.000000 17.600137 0.000000 0.948480 0.157595 0.086568 9.169668 
500.00 1113.15 98.173828 41.496743 0.710910 0.263546 5.523622 6.944180 0.000000 17.726312 0.000000 0.863609 0.192344 0.091266 9.180954 
500.00 1103.15 98.159971 41.435314 0.477511 0.270537 5.656497 6.903502 0.000000 17.845287 0.000000 0.784259 0.223522 0.095627 9.178571 
500.00 1093.15 98.146440 41.364499 0.255269 0.275847 5.784407 6.864326 0.000000 17.959073 0.000000 0.709997 0.251518 0.099741 9.164322 
500.00 1083.15 98.130559 41.297231 0.000000 0.280438 5.929223 6.824235 0.000000 18.012655 0.079338 0.627006 0.280727 0.104462 9.159147 
500.00 1073.15 98.130657 41.158526 0.000000 0.280260 5.943298 6.803539 0.000000 17.974176 0.112271 0.625448 0.283826 0.104462 9.031245 
500.00 1063.15 98.130751 41.018526 0.000000 0.279963 5.956482 6.784038 0.000000 17.936873 0.143852 0.623963 0.286815 0.104462 8.902076 
500.00 1053.15 98.130839 40.877155 0.000000 0.279546 5.968879 6.765658 0.000000 17.900672 0.174129 0.622547 0.289689 0.104462 8.771573 
500.00 1043.15 98.113159 40.510609 0.000000 0.270892 5.968948 6.746075 0.230287 17.928844 0.000000 0.538424 0.315284 0.104462 8.407394 
500.00 1033.15 98.105675 40.279446 0.000000 0.267369 5.975590 6.729251 0.327009 17.863177 0.000000 0.502937 0.326496 0.104462 8.183155 
500.00 1023.15 98.098935 40.060148 0.000000 0.264372 5.982181 6.713319 0.412355 17.804028 0.000000 0.472031 0.336005 0.104462 7.971395 

Title: Mk

Solid Composition:
Pressure Temperature mass SiO2 TiO2 Al2O3 Fe2O3 Cr2O3 FeO MnO MgO CaO Na2O K2O P2O5 H2O 
500.00 1523.15 0.000000 ---
500.00 1513.15 0.000000 ---
500.00 1503.15 0.000000 ---
500.00 1493.15 0.000000 ---
500.00 1483.15 0.000000 ---
500.00 1473.15 0.000000 ---
500.00 1463.15 0.000000 ---
500.00 1453.15 0.000000 ---
500.00 1443.15 0.000000 ---
500.00 1433.15 0.000000 ---
500.00 1423.15 0.000000 ---
500.00 1413.15 5.225426 49.0761 0.399583 14.4231 1.76387 0 3.58093 0 10.554 19.4831 0.708565 0.0106795 0 0
500.00 1403.15 12.643318 48.1615 0.372677 15.7547 1.50026 0 4.32122 0.0260229 11.2505 17.7601 0.839217 0.0138157 0 0
500.00 1393.15 19.427825 47.4263 0.451236 15.9222 1.84932 0.0709538 4.95158 0.0361162 11.352 17.0362 0.888792 0.0152431 0 0
500.00 1383.15 25.543194 46.9234 0.552782 15.908 2.19139 0.0702643 5.49836 0.0433048 11.2874 16.5792 0.929599 0.016445 0 0
500.00 1373.15 31.813088 45.9886 0.764111 15.6594 3.0652 0.0626418 6.2646 0.0475839 11.0969 16.0828 0.951041 0.0170988 0 0
500.00 1363.15 38.489573 44.7504 1.04789 15.2935 4.35066 0.0527499 7.14507 0.0488594 10.7943 15.5351 0.964109 0.0173596 0 0
500.00 1353.15 44.298028 43.9817 1.23536 15.0987 5.20656 0.0459644 7.7331 0.0502301 10.5103 15.1252 0.994899 0.0179817 0 0
500.00 1343.15 49.053076 43.6038 1.34225 15.0332 5.67735 0.0415424 8.08881 0.052277 10.2723 14.8307 1.03886 0.0189518 0 0
500.00 1333.15 53.069322 43.4785 1.40571 15.0265 5.94261 0.0384118 8.29612 0.0528578 10.0609 14.5911 1.08704 0.0201348 0 0
500.00 1323.15 62.065916 44.5311 1.40929 15.2865 6.04856 0.0328555 7.99796 0.00424282 9.35915 13.8065 1.23973 0.0266651 0 0.257497
500.00 1313.15 68.040947 44.9419 1.3875 15.5271 5.85042 0.0299737 8.04729 0 8.99908 13.3469 1.41478 0.0341696 0 0.420822
500.00 1303.15 72.736734 45.3139 1.36669 15.677 5.63716 0.0280403 8.10666 0 8.72074 13.0018 1.56966 0.0422839 0 0.535953
500.00 1293.15 76.533248 45.6656 1.34832 15.7682 5.43036 0.0266504 8.16091 0 8.49494 12.7302 1.70186 0.0509011 0 0.622001
500.00 1283.15 79.597490 45.9839 1.3328 15.8224 5.23361 0.0256251 8.21524 0 8.3125 12.5156 1.81114 0.059754 0 0.687411
500.00 1273.15 82.070100 46.2649 1.32006 15.8536 5.04849 0.0248535 8.27153 0 8.16526 12.3456 1.89935 0.0686009 0 0.737745
500.00 1263.15 84.071437 46.5099 1.30977 15.8707 4.87538 0.0242621 8.32991 0 8.04603 12.2103 1.96946 0.0772656 0 0.776936
500.00 1253.15 85.702041 46.7229 1.30153 15.8794 4.71391 0.0238007 8.38977 0 7.94876 12.1018 2.0247 0.0856453 0 0.807845
500.00 1243.15 87.087741 46.9012 1.2947 15.8787 4.55751 0.0234221 8.45099 0 7.86597 12.022 2.068 0.0939445 0.0102445 0.833277
500.00 1233.15 88.260492 47.0533 1.28914 15.8733 4.40852 0.023111 8.51282 0 7.79565 11.9617 2.10167 0.102076 0.0245525 0.854198
500.00 1223.15 89.239627 47.1881 1.28472 15.8673 4.26994 0.0228575 8.57416 0 7.73661 11.9114 2.12786 0.109888 0.0359916 0.871261
500.00 1213.15 90.153642 47.3037 1.28081 15.8621 4.10219 0.0226258 8.66309 0.0163294 7.68156 11.8656 2.14868 0.117701 0.0477076 0.887892
500.00 1203.15 90.974277 47.4101 1.27757 15.8565 3.93141 0.0224218 8.75785 0.0365929 7.63162 11.8246 2.16456 0.125488 0.0583951 0.902907
500.00 1193.15 91.694748 47.5101 1.27496 15.8503 3.76953 0.0222457 8.84897 0.0552303 7.58719 11.7883 2.17639 0.133212 0.0675871 0.915928
500.00 1183.15 92.332063 47.6048 1.27283 15.8438 3.6159 0.0220922 8.93653 0.0722164 7.54737 11.7557 2.18503 0.140911 0.0755464 0.927308
500.00 1173.15 92.900182 47.6946 1.27107 15.8372 3.4698 0.0219571 9.02075 0.0876042 7.51143 11.726 2.19116 0.148622 0.0824845 0.937332
500.00 1163.15 93.410607 47.7803 1.26961 15.8305 3.33051 0.0218372 9.10187 0.101489 7.47874 11.6987 2.19529 0.156383 0.0885735 0.94623
500.00 1153.15 94.034001 47.899 1.26897 15.8187 3.17169 0.0216925 9.18536 0.118444 7.43756 11.662 2.19656 0.167397 0.0958581 0.956844
500.00 1143.15 94.738706 48.0448 1.26829 15.8029 2.99559 0.0215312 9.27316 0.136533 7.39012 11.6176 2.19503 0.182116 0.103816 0.968526
500.00 1133.15 95.385199 48.185 1.26696 15.7879 2.82498 0.0213854 9.36067 0.151707 7.34625 11.5752 2.19207 0.198089 0.110828 0.97896
500.00 1123.15 95.982773 48.3198 1.26512 15.7739 2.65997 0.0212525 9.44706 0.164361 7.30542 11.5344 2.18793 0.215449 0.117075 0.988321
500.00 1113.15 96.539658 48.4495 1.26287 15.7608 2.50058 0.0211301 9.5317 0.174854 7.26715 11.4947 2.18285 0.234317 0.122716 0.996761
500.00 1103.15 97.063308 48.5746 1.2603 15.7488 2.34668 0.0210163 9.6141 0.183504 7.23101 11.4559 2.17697 0.254806 0.127887 1.00441
500.00 1093.15 97.560598 48.6955 1.25746 15.7378 2.19794 0.0209095 9.69403 0.190596 7.19656 11.4177 2.17045 0.277018 0.132709 1.0114
500.00 1083.15 98.130559 48.8357 1.25374 15.7258 2.02519 0.0207886 9.78699 0.19739 7.157 11.3723 2.16192 0.306021 0.138183 1.01905
500.00 1073.15 98.130657 48.8356 1.25374 15.7258 2.02619 0.0207886 9.78608 0.19739 7.15699 11.3723 2.16191 0.306021 0.138183 1.01905
500.00 1063.15 98.130751 48.8356 1.25374 15.7258 2.02714 0.0207886 9.78522 0.19739 7.15698 11.3723 2.16191 0.30602 0.138183 1.01905
500.00 1053.15 98.130839 48.8355 1.25373 15.7257 2.02804 0.0207886 9.7844 0.19739 7.15698 11.3723 2.16191 0.30602 0.138183 1.01905
500.00 1043.15 98.113159 48.8443 1.25396 15.7286 1.84849 0.0207923 9.94805 0.197425 7.15827 11.3743 2.1623 0.306075 0.138208 1.01924
500.00 1033.15 98.105675 48.848 1.25406 15.7298 1.77043 0.0207939 10.0192 0.19744 7.15881 11.3752 2.16246 0.306099 0.138218 1.01952
500.00 1023.15 98.098935 48.8514 1.25414 15.7309 1.69996 0.0207953 10.0834 0.197454 7.1593 11.376 2.16261 0.30612 0.138228 1.01979
Title: Mk

Bulk Composition:
Pressure Temperature mass SiO2 TiO2 Al2O3 Fe2O3 Cr2O3 FeO MnO MgO CaO Na2O K2O P2O5 H2O 
500.00 1523.15 98.169879 48.8161 1.25324 15.7195 2.42415 0.0207803 9.42335 0.197311 7.15413 11.3677 2.16105 0.305898 0.138128 1.01864
500.00 1513.15 98.170501 48.8158 1.25323 15.7194 2.43046 0.0207802 9.4176 0.19731 7.15408 11.3677 2.16104 0.305896 0.138127 1.01864
500.00 1503.15 98.171162 48.8155 1.25322 15.7193 2.43717 0.02078 9.41149 0.197308 7.15404 11.3676 2.16102 0.305894 0.138126 1.01863
500.00 1493.15 98.171862 48.8151 1.25321 15.7192 2.44427 0.0207799 9.40501 0.197307 7.15398 11.3675 2.16101 0.305892 0.138125 1.01862
500.00 1483.15 98.172603 48.8147 1.2532 15.719 2.45179 0.0207797 9.39816 0.197306 7.15393 11.3674 2.16099 0.30589 0.138124 1.01861
500.00 1473.15 98.173386 48.8143 1.25319 15.7189 2.45973 0.0207796 9.39093 0.197304 7.15387 11.3673 2.16097 0.305887 0.138123 1.01861
500.00 1463.15 98.174213 48.8139 1.25318 15.7188 2.46811 0.0207794 9.38329 0.197302 7.15381 11.3672 2.16095 0.305885 0.138122 1.0186
500.00 1453.15 98.175084 48.8135 1.25317 15.7187 2.47694 0.0207792 9.37524 0.197301 7.15375 11.3671 2.16094 0.305882 0.138121 1.01859
500.00 1443.15 98.176001 48.813 1.25316 15.7185 2.48624 0.020779 9.36676 0.197299 7.15368 11.367 2.16092 0.305879 0.138119 1.01858
500.00 1433.15 98.176966 48.8126 1.25315 15.7184 2.49603 0.0207788 9.35784 0.197297 7.15361 11.3669 2.16089 0.305876 0.138118 1.01857
500.00 1423.15 98.177980 48.8121 1.25313 15.7182 2.50631 0.0207786 9.34846 0.197295 7.15354 11.3668 2.16087 0.305873 0.138117 1.01856
500.00 1413.15 98.179093 48.8115 1.25312 15.718 2.5176 0.0207784 9.33817 0.197293 7.15346 11.3667 2.16085 0.30587 0.138115 1.01855
500.00 1403.15 98.177295 48.8124 1.25314 15.7183 2.49937 0.0207787 9.35479 0.197296 7.15359 11.3669 2.16089 0.305875 0.138117 1.01857
500.00 1393.15 98.181009 48.8106 1.25309 15.7177 2.53703 0.0207779 9.32046 0.197289 7.15332 11.3665 2.1608 0.305864 0.138112 1.01853
500.00 1383.15 98.187239 48.8075 1.25301 15.7167 2.6002 0.0207766 9.26289 0.197276 7.15286 11.3657 2.16067 0.305844 0.138103 1.01846
500.00 1373.15 98.209091 48.7966 1.25274 15.7132 2.8217 0.020772 9.061 0.197232 7.15127 11.3632 2.16019 0.305776 0.138073 1.01824
500.00 1363.15 98.251737 48.7754 1.25219 15.7064 3.25371 0.020763 8.66724 0.197147 7.14817 11.3583 2.15925 0.305643 0.138013 1.01779
500.00 1353.15 98.290310 48.7563 1.2517 15.7002 3.64413 0.0207548 8.31139 0.197069 7.14536 11.3538 2.1584 0.305524 0.137959 1.01739
500.00 1343.15 98.318646 48.7422 1.25134 15.6957 3.93074 0.0207489 8.05015 0.197012 7.1433 11.3505 2.15778 0.305435 0.137919 1.0171
500.00 1333.15 98.339942 48.7317 1.25107 15.6923 4.14604 0.0207444 7.85391 0.19697 7.14176 11.3481 2.15731 0.305369 0.137889 1.01688
500.00 1323.15 98.377213 48.7132 1.25059 15.6864 4.52261 0.0207365 7.51068 0.196895 7.13905 11.3438 2.1565 0.305254 0.137837 1.0165
500.00 1313.15 98.384621 48.7095 1.2505 15.6852 4.59743 0.0207349 7.44248 0.19688 7.13851 11.3429 2.15633 0.305231 0.137826 1.01642
500.00 1303.15 98.385009 48.7094 1.2505 15.6851 4.60134 0.0207349 7.43892 0.19688 7.13849 11.3429 2.15632 0.305229 0.137826 1.01642
500.00 1293.15 98.381631 48.711 1.25054 15.6857 4.56723 0.0207356 7.47001 0.196886 7.13873 11.3433 2.1564 0.30524 0.137831 1.01645
500.00 1283.15 98.375699 48.714 1.25061 15.6866 4.50732 0.0207368 7.52461 0.196898 7.13916 11.344 2.15653 0.305258 0.137839 1.01651
500.00 1273.15 98.368117 48.7177 1.25071 15.6878 4.43073 0.0207384 7.59442 0.196913 7.13971 11.3448 2.15669 0.305282 0.13785 1.01659
500.00 1263.15 98.359544 48.722 1.25082 15.6892 4.34413 0.0207402 7.67336 0.196931 7.14033 11.3458 2.15688 0.305308 0.137862 1.01668
500.00 1253.15 98.350447 48.7265 1.25093 15.6906 4.25221 0.0207422 7.75714 0.196949 7.14099 11.3469 2.15708 0.305337 0.137874 1.01677
500.00 1243.15 98.340773 48.7313 1.25106 15.6922 4.15444 0.0207442 7.84626 0.196968 7.1417 11.348 2.15729 0.305367 0.137888 1.01687
500.00 1233.15 98.330893 48.7362 1.25118 15.6937 4.05457 0.0207463 7.93728 0.196988 7.14241 11.3491 2.15751 0.305397 0.137902 1.01697
500.00 1223.15 98.321201 48.741 1.25131 15.6953 3.95658 0.0207483 8.0266 0.197007 7.14312 11.3502 2.15772 0.305428 0.137915 1.01707
500.00 1213.15 98.308526 48.7472 1.25147 15.6973 3.8284 0.020751 8.14342 0.197033 7.14404 11.3517 2.158 0.305467 0.137933 1.01721
500.00 1203.15 98.295138 48.7539 1.25164 15.6995 3.69298 0.0207538 8.26686 0.19706 7.14501 11.3533 2.1583 0.305509 0.137952 1.01734
500.00 1193.15 98.282135 48.7603 1.2518 15.7015 3.56141 0.0207566 8.38678 0.197086 7.14596 11.3548 2.15858 0.305549 0.13797 1.01748
500.00 1183.15 98.269542 48.7666 1.25196 15.7035 3.43396 0.0207592 8.50295 0.197111 7.14687 11.3562 2.15886 0.305588 0.137988 1.01761
500.00 1173.15 98.257358 48.7726 1.25212 15.7055 3.31062 0.0207618 8.61536 0.197135 7.14776 11.3576 2.15913 0.305626 0.138005 1.01774
500.00 1163.15 98.245569 48.7785 1.25227 15.7074 3.19125 0.0207643 8.72417 0.197159 7.14862 11.359 2.15938 0.305663 0.138021 1.01786
500.00 1153.15 98.232182 48.7851 1.25244 15.7095 3.05567 0.0207671 8.84775 0.197186 7.14959 11.3605 2.15968 0.305704 0.13804 1.018
500.00 1143.15 98.217240 48.7926 1.25263 15.7119 2.90428 0.0207703 8.98573 0.197216 7.15068 11.3623 2.16001 0.305751 0.138061 1.01815
500.00 1133.15 98.202495 48.7999 1.25282 15.7143 2.75486 0.0207734 9.12192 0.197245 7.15175 11.364 2.16033 0.305797 0.138082 1.0183
500.00 1123.15 98.188010 48.8071 1.253 15.7166 2.60802 0.0207765 9.25577 0.197275 7.15281 11.3656 2.16065 0.305842 0.138102 1.01845
500.00 1113.15 98.173828 48.8141 1.25319 15.7189 2.4642 0.0207795 9.38685 0.197303 7.15384 11.3673 2.16096 0.305886 0.138122 1.0186
500.00 1103.15 98.159971 48.821 1.25336 15.7211 2.32366 0.0207824 9.51495 0.197331 7.15485 11.3689 2.16127 0.305929 0.138142 1.01875
500.00 1093.15 98.146440 48.8278 1.25353 15.7232 2.18637 0.0207853 9.64009 0.197358 7.15584 11.3705 2.16157 0.305971 0.138161 1.01889
500.00 1083.15 98.130559 48.8357 1.25374 15.7258 2.02519 0.0207886 9.78699 0.19739 7.157 11.3723 2.16192 0.306021 0.138183 1.01905
500.00 1073.15 98.130657 48.8356 1.25374 15.7258 2.02619 0.0207886 9.78608 0.19739 7.15699 11.3723 2.16191 0.306021 0.138183 1.01905
500.00 1063.15 98.130751 48.8356 1.25374 15.7258 2.02714 0.0207886 9.78522 0.19739 7.15698 11.3723 2.16191 0.30602 0.138183 1.01905
500.00 1053.15 98.130839 48.8355 1.25373 15.7257 2.02804 0.0207886 9.7844 0.19739 7.15698 11.3723 2.16191 0.30602 0.138183 1.01905
500.00 1043.15 98.113159 48.8443 1.25396 15.7286 1.84849 0.0207923 9.94805 0.197425 7.15827 11.3743 2.1623 0.306075 0.138208 1.01924
500.00 1033.15 98.105675 48.848 1.25406 15.7298 1.77043 0.0207939 10.0192 0.19744 7.15881 11.3752 2.16246 0.306099 0.138218 1.01952
500.00 1023.15 98.098935 48.8514 1.25414 15.7309 1.69996 0.0207953 10.0834 0.197454 7.1593 11.376 2.16261 0.30612 0.138228 1.01979
