Title: Mk

Bulk Composition:
Pressure Temperature mass SiO2 TiO2 Al2O3 Fe2O3 Cr2O3 FeO MnO MgO CaO Na2O K2O P2O5 H2O 
500.00 1523.15 100.097836 48.3595 1.24149 15.5724 2.39368 0.0205739 9.34215 0.19551 7.08725 11.2614 2.14084 0.303041 0.136857 1.94533
500.00 1513.15 100.098459 48.3592 1.24148 15.5723 2.39988 0.0205738 9.3365 0.195509 7.08721 11.2613 2.14083 0.303039 0.136856 1.94532
500.00 1503.15 100.099121 48.3589 1.24147 15.5722 2.40646 0.0205737 9.3305 0.195508 7.08716 11.2613 2.14081 0.303037 0.136855 1.9453
500.00 1493.15 100.099822 48.3585 1.24147 15.5721 2.41344 0.0205735 9.32414 0.195506 7.08711 11.2612 2.1408 0.303035 0.136855 1.94529
500.00 1483.15 100.100565 48.3582 1.24146 15.572 2.42083 0.0205734 9.31741 0.195505 7.08706 11.2611 2.14078 0.303033 0.136854 1.94527
500.00 1473.15 100.101349 48.3578 1.24145 15.5719 2.42863 0.0205732 9.3103 0.195503 7.087 11.261 2.14076 0.30303 0.136852 1.94526
500.00 1463.15 100.102177 48.3574 1.24144 15.5717 2.43687 0.0205731 9.30279 0.195502 7.08694 11.2609 2.14075 0.303028 0.136851 1.94524
500.00 1453.15 100.103051 48.357 1.24143 15.5716 2.44556 0.0205729 9.29488 0.1955 7.08688 11.2608 2.14073 0.303025 0.13685 1.94523
500.00 1443.15 100.103970 48.3565 1.24141 15.5714 2.4547 0.0205727 9.28654 0.195498 7.08682 11.2607 2.14071 0.303022 0.136849 1.94521
500.00 1433.15 100.104938 48.3561 1.2414 15.5713 2.46432 0.0205725 9.27777 0.195496 7.08675 11.2606 2.14069 0.30302 0.136848 1.94519
500.00 1423.15 100.105955 48.3556 1.24139 15.5711 2.47444 0.0205723 9.26855 0.195494 7.08668 11.2605 2.14066 0.303016 0.136846 1.94517
500.00 1413.15 100.107023 48.355 1.24138 15.571 2.48506 0.0205721 9.25887 0.195492 7.0866 11.2604 2.14064 0.303013 0.136845 1.94515
500.00 1403.15 100.107509 48.3548 1.24137 15.5709 2.48989 0.020572 9.25447 0.195491 7.08657 11.2603 2.14063 0.303012 0.136844 1.94514
500.00 1393.15 99.880855 48.3751 1.24419 15.6062 2.49111 0.0206186 9.2418 0.195288 7.00486 11.2849 2.14549 0.303699 0.137155 1.94955
500.00 1383.15 98.095974 48.4151 1.25806 15.8295 2.57315 0.0209938 9.17867 0.196894 6.67457 11.2362 2.1829 0.309225 0.13965 1.98503
500.00 1373.15 92.710529 48.435 1.27453 16.4142 2.59222 0.0109462 9.30675 0.20825 6.19837 10.6832 2.3012 0.327188 0.147762 2.10033
500.00 1363.15 87.875390 48.5015 1.27982 16.9781 2.62613 0.00386881 9.36676 0.219619 5.7435 10.1445 2.41919 0.345191 0.155893 2.2159
500.00 1353.15 78.279532 48.9604 1.34214 16.6755 3.34762 0.0001691 9.10727 0.240653 5.23161 9.44472 2.6018 0.385611 0.175003 2.48754
500.00 1343.15 67.403309 50.5413 1.2385 16.568 3.18731 0 8.41886 0.273779 4.64502 8.71315 2.87644 0.445399 0.203241 2.88893
500.00 1333.15 58.816919 52.2513 1.11322 16.428 2.84059 0 7.70357 0.308085 4.12485 8.03882 3.14028 0.507733 0.232911 3.31067
500.00 1323.15 52.412649 53.7846 1.00888 16.2124 2.56818 0 7.04784 0.339891 3.68912 7.44166 3.36392 0.566932 0.26137 3.71519
500.00 1313.15 46.433333 55.1677 0.935487 15.7833 2.33871 0 6.47849 0.38366 3.20941 6.99499 3.5838 0.635876 0.295028 4.19361
500.00 1303.15 41.795642 56.4204 0.872818 15.3073 2.14869 0 5.95736 0.426231 2.80444 6.60948 3.76457 0.702082 0.327764 4.65893
500.00 1293.15 38.122746 57.5596 0.817145 14.8146 1.9839 0 5.48155 0.467296 2.46722 6.26606 3.91036 0.765142 0.359342 5.10779
500.00 1283.15 35.129127 58.6018 0.767353 14.3136 1.83806 0 5.04646 0.507117 2.18281 5.95813 4.02607 0.825505 0.389965 5.54307
500.00 1273.15 32.635121 59.5598 0.722555 13.8106 1.70701 0 4.6478 0.545872 1.94037 5.68043 4.11569 0.883474 0.419766 5.96667
500.00 1263.15 30.521780 60.4432 0.682046 13.3103 1.5879 0 4.2818 0.583668 1.7319 5.42867 4.1826 0.939247 0.448831 6.37981
500.00 1253.15 28.707111 61.2602 0.645252 12.8164 1.47877 0 3.94521 0.620564 1.55131 5.19935 4.22971 0.992941 0.477203 6.7831
500.00 1243.15 27.132269 62.0171 0.611704 12.3319 1.37817 0 3.63523 0.656583 1.39387 4.98951 4.25957 1.04463 0.504901 7.17681
500.00 1233.15 25.753594 62.7196 0.581013 11.8589 1.28503 0 3.34945 0.691732 1.25587 4.79669 4.27448 1.09434 0.53193 7.56101
500.00 1223.15 24.537774 63.3722 0.55285 11.399 1.19854 0 3.08574 0.726007 1.13431 4.61881 4.27644 1.14212 0.558287 7.93565
500.00 1213.15 23.458787 63.9793 0.526937 10.9533 1.11806 0 2.84226 0.7594 1.02678 4.45411 4.26724 1.18799 0.583965 8.30065
500.00 1203.15 22.495918 64.5445 0.503033 10.5225 1.04304 0 2.61734 0.791903 0.931297 4.30107 4.24847 1.23197 0.60896 8.65593
500.00 1193.15 21.632413 65.0712 0.48093 10.1068 0.973063 0 2.40951 0.823514 0.846209 4.15841 4.22151 1.27409 0.633268 9.00145
500.00 1183.15 20.854554 65.5624 0.460446 9.70651 0.907733 0 2.21743 0.85423 0.770145 4.02505 4.18759 1.31438 0.656888 9.3372
500.00 1173.15 20.150983 66.0208 0.441421 9.32145 0.84672 0 2.0399 0.884056 0.701951 3.90004 4.14776 1.35289 0.679824 9.66321
500.00 1163.15 19.512216 66.4489 0.423712 8.95143 0.789731 0 1.87581 0.912997 0.64065 3.78257 4.10296 1.38964 0.702079 9.97955
500.00 1153.15 18.930273 66.8489 0.407194 8.59614 0.736497 0 1.72414 0.941064 0.585408 3.67194 4.054 1.42469 0.723662 10.2863
500.00 1143.15 18.398394 67.223 0.391754 8.25518 0.686775 0 1.58399 0.968269 0.535515 3.56756 4.00159 1.45808 0.744582 10.5837
500.00 1133.15 17.910821 67.573 0.37729 7.92813 0.640341 0 1.45449 0.994627 0.490357 3.46889 3.94635 1.48985 0.764851 10.8718
500.00 1123.15 17.462608 67.9007 0.363712 7.61452 0.596396 0 1.33541 1.02016 0.449404 3.37549 3.88881 1.52006 0.784483 11.1509
500.00 1113.15 17.043906 68.2278 0.351088 7.31548 0.555665 0 1.22491 1.04522 0.411902 3.2727 3.83043 1.54924 0.791335 11.4243
500.00 1103.15 16.656234 68.5392 0.339198 7.02924 0.517806 0 1.12289 1.06955 0.377822 3.1716 3.7708 1.57702 0.795358 11.6896
500.00 1093.15 16.298341 68.8284 0.327928 6.75456 0.482554 0 1.02872 1.09303 0.346819 3.07776 3.70987 1.60326 0.801384 11.9458
500.00 1083.15 15.966342 69.1006 0.317238 6.49139 0.389197 0 0.996405 1.11576 0.318591 2.9912 3.64818 1.6281 0.809569 12.1938
500.00 1073.15 15.618323 69.4051 0.301822 6.21469 0.359057 0 0.899414 1.09737 0.283318 2.92665 3.58039 1.65479 0.812537 12.4649
500.00 1063.15 15.299618 69.6896 0.281934 5.95166 0.329263 0 0.810636 1.08147 0.25235 2.86825 3.5134 1.67973 0.817674 12.724
500.00 1053.15 15.007142 69.9513 0.263589 5.70112 0.301311 0 0.728859 1.06628 0.224395 2.8164 3.44718 1.70299 0.824934 12.9716
500.00 1043.15 14.738416 70.1911 0.246642 5.46246 0.275152 0 0.653751 1.05181 0.199135 2.77113 3.38187 1.72462 0.834434 13.2079
500.00 1033.15 14.491124 70.4105 0.230969 5.23517 0.240011 0 0.594598 1.03808 0.176297 2.73253 3.31763 1.74467 0.846326 13.4332