Title: Nd1

liquid_0 thermodynamic data and composition:
Pressure Temperature mass S H V Cp viscosity SiO2 TiO2 Al2O3 Fe2O3 Cr2O3 FeO MnO MgO CaO Na2O K2O P2O5 H2O Mg#
500.00 1523.15 97.234093 264.086260 -1183445.817750 36.911246 144.422751 2.545 52.7451 0.957689 15.7228 2.06043 0.019849 7.52386 0.169591 6.71411 9.91648 2.66367 1.38676 0.119711 0 61.4
500.00 1513.15 97.234610 263.135881 -1184897.599454 36.888654 144.425407 2.590 52.7448 0.957684 15.7227 2.06573 0.0198489 7.51904 0.16959 6.71407 9.91643 2.66366 1.38675 0.11971 0 61.4
500.00 1503.15 97.235160 262.179215 -1186349.899850 36.866089 144.428227 2.637 52.7445 0.957678 15.7226 2.07136 0.0198488 7.51392 0.169589 6.71403 9.91637 2.66365 1.38674 0.11971 0 61.4
500.00 1493.15 97.235742 261.216175 -1187802.738027 36.843549 144.431214 2.684 52.7442 0.957673 15.7225 2.07733 0.0198487 7.50849 0.169588 6.71399 9.91631 2.66363 1.38673 0.119709 0 61.4
500.00 1483.15 97.236359 260.246673 -1189256.133874 36.821037 144.434375 2.731 52.7439 0.957666 15.7224 2.08364 0.0198485 7.50275 0.169587 6.71395 9.91625 2.66361 1.38672 0.119708 0 61.4
500.00 1473.15 97.237010 259.288424 -1190683.816197 36.798553 140.596400 2.779 52.7435 0.95766 15.7223 2.09031 0.0198484 7.49669 0.169586 6.7139 9.91618 2.66359 1.38671 0.119708 0 61.5
500.00 1463.15 97.237697 258.331925 -1192099.924877 36.776098 140.590151 2.828 52.7431 0.957653 15.7222 2.09734 0.0198483 7.49029 0.169584 6.71386 9.91611 2.66358 1.3867 0.119707 0 61.5
500.00 1453.15 93.258747 246.805107 -1141783.282793 35.250332 134.544889 2.887 52.8986 0.995615 15.4792 2.15265 0.0206951 7.67822 0.174988 6.61669 9.7219 2.69614 1.44053 0.124814 0 60.6
500.00 1443.15 81.999406 216.157926 -999116.057616 31.027289 117.387849 3.009 53.3388 1.11472 15.2661 2.26406 0.0185683 8.15183 0.193293 6.01731 9.02766 2.84294 1.6227 0.141952 0 56.8
500.00 1433.15 72.236417 189.692010 -875869.955194 27.350819 102.682338 3.115 53.6421 1.2455 15.0599 2.3746 0.0124873 8.59114 0.219424 5.45934 8.41838 2.99217 1.82385 0.161138 0 53.1
500.00 1423.15 63.978364 167.335132 -771990.117349 24.239541 90.304179 3.220 53.94 1.38667 14.7899 2.48574 0.00694308 8.98067 0.247746 4.87679 7.93922 3.12681 2.03752 0.181937 0 49.2
500.00 1413.15 57.424805 149.582881 -689979.773874 21.771160 80.526854 3.324 54.2357 1.5222 14.52 2.58512 0.00242588 9.31427 0.27602 4.3522 7.50077 3.24162 2.24697 0.2027 0 45.4
500.00 1403.15 51.870910 134.565939 -621467.320020 19.694067 72.292521 3.440 54.626 1.64226 14.2619 2.65766 9.09079e-005 9.51972 0.305574 3.86436 7.0891 3.34673 2.46219 0.224403 0 42.0
500.00 1393.15 44.190174 114.302957 -536372.210685 17.030387 61.142359 3.812 56.7785 1.56793 14.1708 2.40559 1.4266e-009 8.25631 0.358686 3.219 6.56459 3.56609 2.84904 0.263407 0 41.0
500.00 1383.15 38.504319 99.259498 -473242.445737 15.044475 52.937910 4.173 58.8463 1.48354 13.9855 2.14215 0 7.05114 0.411653 2.71825 6.11004 3.7256 3.22357 0.302304 0 40.7
500.00 1373.15 34.443503 88.447483 -427421.899590 13.601752 47.097252 4.481 60.542 1.42384 13.7292 1.92732 0 6.12825 0.460186 2.3435 5.7332 3.81944 3.55513 0.337945 0 40.5
500.00 1363.15 31.338955 80.137489 -391944.473138 12.483078 42.645405 4.753 61.9893 1.37909 13.4409 1.74467 0 5.38487 0.505773 2.04886 5.41139 3.86831 3.85538 0.371423 0 40.4
500.00 1353.15 28.858008 73.465956 -363291.831856 11.578031 39.097904 5.000 63.255 1.34449 13.139 1.58563 0 4.76759 0.549255 1.80979 5.13141 3.88408 4.13037 0.403354 0 40.4
500.00 1343.15 26.810010 67.936502 -339419.385640 10.822525 36.177588 5.228 64.3804 1.31739 12.8327 1.44514 0 4.2448 0.591212 1.61149 4.88493 3.87435 4.38342 0.434166 0 40.4
500.00 1333.15 25.073216 63.231586 -319001.464246 10.175021 33.708040 5.440 65.3939 1.29624 12.5263 1.3199 0 3.79602 0.632165 1.44427 4.66645 3.84418 4.6163 0.46424 0 40.4
500.00 1323.15 23.560423 59.123963 -301067.286549 9.605048 31.563766 5.640 66.3175 1.28031 12.2203 1.20767 0 3.40725 0.672756 1.30143 4.47274 3.7968 4.82923 0.494049 0 40.5
500.00 1313.15 22.192944 55.410210 -284702.447203 9.083726 29.633486 5.829 67.1711 1.26988 11.9099 1.10697 0 3.06916 0.714209 1.17821 4.30347 3.73334 5.01922 0.524491 0 40.6
500.00 1303.15 20.677520 51.353898 -266166.004429 8.490149 27.522812 6.005 67.996 1.27882 11.5379 1.02296 0 2.79487 0.766553 1.06728 4.20375 3.65271 5.11622 0.56293 0 40.5
500.00 1293.15 18.823153 46.491851 -243000.270309 7.744408 24.979466 6.162 68.8561 1.32346 11.0229 0.962274 0 2.60056 0.84207 0.963759 4.2267 3.5729 5.01086 0.618387 0 39.8
500.00 1283.15 17.352780 42.626614 -224651.423824 7.152553 22.964226 6.314 69.6575 1.36266 10.5501 0.905141 0 2.42023 0.913422 0.869097 4.25264 3.5019 4.89653 0.670786 0 39.0
500.00 1273.15 16.160824 39.483074 -209794.758171 6.672556 21.330942 6.461 70.4087 1.39685 10.1129 0.850813 0 2.25093 0.980792 0.782302 4.27803 3.4366 4.78181 0.72026 0 38.3
500.00 1263.15 15.173685 36.870300 -197504.405950 6.274891 19.978315 6.603 71.1162 1.4269 9.70501 0.799096 0 2.09163 1.0446 0.702595 4.30222 3.37546 4.66915 0.767118 0 37.5
500.00 1253.15 14.341428 34.658901 -187152.342773 5.939476 18.837766 6.742 71.7847 1.45359 9.32179 0.749915 0 1.94178 1.10522 0.629343 4.32525 3.31759 4.5592 0.811635 0 36.6
500.00 1243.15 13.629301 32.758856 -178301.924180 5.652326 17.861626 6.877 72.4177 1.47755 8.95969 0.703217 0 1.80096 1.16297 0.562025 4.34736 3.26248 4.45199 0.854042 0 35.7
500.00 1233.15 12.984851 31.037223 -170271.858688 5.392644 16.977806 7.012 73.0575 1.4533 8.60791 0.665787 0 1.68703 1.21581 0.495916 4.36721 3.20986 4.34327 0.896429 0 34.4
500.00 1223.15 12.382442 29.429847 -162792.030538 5.151426 16.152179 7.153 73.7577 1.35876 8.26207 0.628159 0 1.57403 1.26318 0.431782 4.39215 3.16056 4.23152 0.940041 0 32.8
500.00 1213.15 11.858792 28.025842 -156301.530215 4.941646 15.434502 7.291 74.421 1.27192 7.9336 0.591317 0 1.46469 1.30789 0.374468 4.418 3.11441 4.12115 0.98155 0 31.3
500.00 1203.15 11.398891 26.786385 -150608.009252 4.757265 14.804070 7.424 75.0494 1.19118 7.62034 0.556047 0 1.36101 1.35008 0.32316 4.44427 3.07082 4.0125 1.02115 0 29.7

feldspar_1 thermodynamic data and composition:
Pressure Temperature mass S H V Cp formula SiO2 TiO2 Al2O3 Fe2O3 Cr2O3 FeO MnO MgO CaO Na2O K2O P2O5 H2O
500.00 1303.15 0.415946 0.985786 -5637.434972 0.164836 0.500863 K0.40Na0.50Ca0.10Al1.10Si2.90O8 64.5523 0 20.6779 0 0 0 0 0 1.9971 5.72607 7.04664 0 0

clinopyroxene_0 thermodynamic data and composition:
Pressure Temperature mass S H V Cp structure formula SiO2 TiO2 Al2O3 Fe2O3 Cr2O3 FeO MnO MgO CaO Na2O K2O P2O5 H2O
500.00 1453.15 1.053820 2.476174 -13442.337211 0.326497 1.257993 cpx Na0.01Ca0.74Fe''0.18Mg0.94Fe'''0.06Ti0.01Al0.18Si1.88O6 51.2618 0.256355 4.18051 2.15019 0 5.93819 0 17.1543 18.882 0.176698 0 0 0
500.00 1443.15 4.882724 11.445292 -61903.795822 1.508079 5.820553 cpx Na0.01Ca0.71Fe''0.21Mg0.94Fe'''0.06Ti0.01Al0.18Si1.88O6 51.1432 0.284474 4.1164 2.24877 0 6.75854 0 17.185 18.0789 0.184713 0 0 0
500.00 1433.15 3.179557 7.432642 -40050.864020 0.978770 3.783209 cpx Na0.01Ca0.68Fe''0.23Mg0.94Fe'''0.07Ti0.01Al0.18Si1.88O6 50.9792 0.316987 4.08248 2.36608 0 7.59204 0 17.1392 17.3307 0.193304 0 0 0
500.00 1423.15 1.663261 3.869565 -20839.616204 0.510306 1.970421 cpx Na0.01Ca0.69Fe''0.25Mg0.91Fe'''0.07Ti0.01Al0.18Si1.87O6 50.6467 0.378017 4.13259 2.57491 0 8.08092 0 16.5903 17.3873 0.209346 0 0 0
500.00 1413.15 1.256152 2.908160 -15653.076417 0.384094 1.481404 cpx Na0.02Ca0.69Fe''0.27Mg0.89Fe'''0.08Ti0.01Al0.18Si1.87O6 50.2983 0.445487 4.18479 2.79765 0 8.5622 0 16.0212 17.464 0.226396 0 0 0
500.00 1403.15 1.058609 2.438618 -13118.650086 0.322586 1.242673 cpx Na0.02Ca0.70Fe''0.28Mg0.86Fe'''0.08Ti0.01Al0.19Si1.86O6 49.948 0.517119 4.22806 3.02714 0 9.03721 0 15.4447 17.5534 0.244422 0 0 0
500.00 1393.15 1.937388 4.442376 -23945.841145 0.589369 2.267963 cpx Na0.02Ca0.70Fe''0.29Mg0.84Fe'''0.09Ti0.01Al0.18Si1.86O6 49.9526 0.524174 4.04892 3.03753 0 9.39694 0 15.1723 17.6087 0.258828 0 0 0
500.00 1383.15 1.290015 2.944746 -15926.440519 0.392043 1.507104 cpx Na0.02Ca0.71Fe''0.30Mg0.84Fe'''0.08Ti0.01Al0.17Si1.87O6 50.0569 0.516287 3.83386 2.9768 0 9.65572 0 15.013 17.6766 0.270855 0 0 0
500.00 1373.15 0.825066 1.874996 -10179.509081 0.250533 0.962138 cpx Na0.02Ca0.71Fe''0.31Mg0.83Fe'''0.08Ti0.01Al0.16Si1.87O6 50.161 0.510479 3.63713 2.91008 0 9.86628 0 14.8737 17.7595 0.281821 0 0 0
500.00 1363.15 0.589706 1.334151 -7273.245501 0.178935 0.686491 cpx Na0.02Ca0.72Fe''0.31Mg0.82Fe'''0.08Ti0.01Al0.15Si1.88O6 50.2642 0.505944 3.45431 2.83973 0 10.0436 0 14.7488 17.8515 0.291909 0 0 0
500.00 1353.15 0.455277 1.025411 -5614.713517 0.138055 0.529131 cpx Na0.02Ca0.72Fe''0.32Mg0.82Fe'''0.08Ti0.01Al0.14Si1.89O6 50.3662 0.50229 3.28267 2.76695 0 10.196 0 14.6353 17.9494 0.301225 0 0 0
500.00 1343.15 0.371969 0.834020 -4587.761874 0.112728 0.431632 cpx Na0.02Ca0.72Fe''0.32Mg0.81Fe'''0.08Ti0.01Al0.14Si1.89O6 50.4668 0.499297 3.12028 2.69247 0 10.3289 0 14.5312 18.0512 0.309828 0 0 0
500.00 1333.15 0.317440 0.708544 -3916.159568 0.096151 0.367799 cpx Na0.02Ca0.73Fe''0.33Mg0.81Fe'''0.07Ti0.01Al0.13Si1.90O6 50.5661 0.496818 2.96555 2.61678 0 10.4465 0 14.435 18.1556 0.317729 0 0 0
500.00 1323.15 0.280994 0.624351 -3467.776374 0.085069 0.325093 cpx Na0.02Ca0.73Fe''0.33Mg0.80Fe'''0.07Ti0.01Al0.12Si1.90O6 50.6639 0.494741 2.81686 2.54012 0 10.5527 0 14.3452 18.2616 0.324885 0 0 0
500.00 1313.15 0.258885 0.572594 -3196.261747 0.078338 0.299080 cpx Na0.02Ca0.74Fe''0.33Mg0.80Fe'''0.07Ti0.01Al0.12Si1.90O6 50.7602 0.493025 2.67221 2.46248 0 10.6527 0 14.2598 18.3685 0.331125 0 0 0
500.00 1303.15 0.261750 0.576064 -3233.057788 0.079159 0.301804 cpx Na0.02Ca0.75Fe''0.34Mg0.79Fe'''0.07Ti0.01Al0.11Si1.91O6 50.8077 0.506008 2.55075 2.40834 0 10.7068 0 14.0852 18.5971 0.338175 0 0 0
500.00 1293.15 0.262805 0.575149 -3246.611059 0.079406 0.302144 cpx Na0.03Ca0.77Fe''0.34Mg0.77Fe'''0.07Ti0.02Al0.11Si1.91O6 50.7551 0.550948 2.47364 2.40038 0 10.7113 0 13.7415 19.0192 0.347854 0 0 0
500.00 1283.15 0.210955 0.459108 -2606.032984 0.063675 0.241835 cpx Na0.03Ca0.78Fe''0.34Mg0.75Fe'''0.07Ti0.02Al0.11Si1.91O6 50.6846 0.600077 2.41628 2.4002 0 10.734 0 13.4048 19.402 0.357999 0 0 0
500.00 1273.15 0.173120 0.374685 -2138.162424 0.052197 0.197895 cpx Na0.03Ca0.80Fe''0.34Mg0.74Fe'''0.07Ti0.02Al0.11Si1.91O6 50.6011 0.652507 2.37254 2.40534 0 10.7807 0 13.0779 19.7414 0.368437 0 0 0
500.00 1263.15 0.144854 0.311786 -1788.277182 0.043622 0.165112 cpx Na0.03Ca0.81Fe''0.34Mg0.72Fe'''0.07Ti0.02Al0.10Si1.91O6 50.5053 0.708513 2.33966 2.41545 0 10.8524 0 12.7578 20.0417 0.379225 0 0 0
500.00 1253.15 0.123130 0.263572 -1519.063291 0.037031 0.139947 cpx Na0.03Ca0.82Fe''0.35Mg0.70Fe'''0.07Ti0.02Al0.10Si1.91O6 50.3963 0.768765 2.31637 2.43085 0 10.9493 0 12.4406 20.3073 0.390478 0 0 0
500.00 1243.15 0.106014 0.225686 -1306.688864 0.031838 0.120142 cpx Na0.03Ca0.83Fe''0.35Mg0.68Fe'''0.07Ti0.02Al0.10Si1.90O6 50.2728 0.834151 2.30207 2.4522 0 11.0722 0 12.1221 20.5421 0.402336 0 0 0
500.00 1233.15 0.098611 0.208747 -1212.595897 0.029558 0.111374 cpx Na0.03Ca0.84Fe''0.36Mg0.66Fe'''0.07Ti0.03Al0.10Si1.90O6 50.1293 0.877634 2.28247 2.49583 0 11.3455 0 11.7426 20.7133 0.413438 0 0 0
500.00 1223.15 0.090808 0.191128 -1113.431344 0.027165 0.102198 cpx Na0.03Ca0.85Fe''0.37Mg0.64Fe'''0.07Ti0.03Al0.10Si1.90O6 50.0244 0.877065 2.23957 2.52951 0 11.7005 0 11.3473 20.8607 0.42098 0 0 0
500.00 1213.15 0.078461 0.164188 -959.062761 0.023423 0.087984 cpx Na0.03Ca0.86Fe''0.39Mg0.62Fe'''0.07Ti0.03Al0.10Si1.90O6 49.9083 0.880052 2.2032 2.56703 0 12.0768 0 10.9456 20.9899 0.429165 0 0 0
500.00 1203.15 0.068620 0.142758 -835.863840 0.020440 0.076662 cpx Na0.03Ca0.86Fe''0.40Mg0.60Fe'''0.08Ti0.03Al0.10Si1.90O6 49.7768 0.885949 2.17251 2.61156 0 12.4886 0 10.5287 21.0977 0.438086 0 0 0

olivine_0 thermodynamic data and composition:
Pressure Temperature mass S H V Cp formula SiO2 TiO2 Al2O3 Fe2O3 Cr2O3 FeO MnO MgO CaO Na2O K2O P2O5 H2O
500.00 1453.15 0.411380 0.990391 -5000.004012 0.124997 0.508441 (Ca0.01Mg0.82Fe''0.18Mn0.00Co0.00Ni0.00)2SiO4 39.4525 0 0 0 0 16.6479 0.415269 43.0219 0.462383 0 0 0 0
500.00 1443.15 0.948542 2.270105 -11370.607314 0.286169 1.163671 (Ca0.01Mg0.80Fe''0.19Mn0.01Co0.00Ni0.00)2SiO4 39.1519 0 0 0 0 18.1844 0.495146 41.7239 0.444629 0 0 0 0

spinel_0 thermodynamic data and composition:
Pressure Temperature mass S H V Cp formula SiO2 TiO2 Al2O3 Fe2O3 Cr2O3 FeO MnO MgO CaO Na2O K2O P2O5 H2O
500.00 1443.15 0.021825 0.047707 -155.448638 0.004936 0.021839 Fe''0.56Mg0.50Fe'''0.82Al0.58Cr0.48Ti0.06O4 0 2.50333 14.9198 33.1302 18.6668 20.6027 0 10.1772 0 0 0 0 0
500.00 1433.15 0.043776 0.095102 -291.601433 0.009761 0.042934 Fe''0.65Mg0.44Fe'''0.94Al0.49Cr0.39Ti0.09O4 0 3.53384 12.4465 37.4449 14.6019 23.1535 0 8.81934 0 0 0 0 0
500.00 1423.15 0.047142 0.101711 -293.039722 0.010370 0.045418 Fe''0.74Mg0.38Fe'''1.07Al0.40Cr0.27Ti0.13O4 0 4.94855 9.95893 41.5925 10.0215 25.954 0 7.52447 0 0 0 0 0
500.00 1413.15 0.059787 0.128100 -350.565788 0.013015 0.056900 Fe''0.84Mg0.34Fe'''1.18Al0.32Cr0.15Ti0.18O4 0 6.75499 7.87902 44.8191 5.2674 28.7945 0 6.48496 0 0 0 0 0
500.00 1403.15 0.156926 0.333509 -880.142133 0.033901 0.148190 Fe''0.94Mg0.30Fe'''1.25Al0.26Cr0.02Ti0.23O4 0 8.82268 6.23037 46.7719 0.89123 31.6134 0 5.67038 0 0 0 0 0
500.00 1393.15 1.538024 3.244993 -8442.036626 0.330423 1.444305 Fe''0.98Mg0.27Fe'''1.26Al0.23Cr0.00Ti0.26O4 0 9.55797 5.38179 46.9798 0.00364535 32.9105 0 5.16624 0 0 0 0 0
500.00 1383.15 1.153402 2.420331 -6248.328733 0.246740 1.078338 Fe''1.01Mg0.26Fe'''1.26Al0.20Cr0.00Ti0.27O4 0 9.88155 4.82899 46.8194 0 33.6549 0 4.81512 0 0 0 0 0
500.00 1373.15 0.745914 1.557408 -4000.228455 0.159011 0.694814 Fe''1.03Mg0.24Fe'''1.26Al0.19Cr0.00Ti0.28O4 0 10.1895 4.37539 46.6041 0 34.3016 0 4.52944 0 0 0 0 0
500.00 1363.15 0.523561 1.087955 -2785.305715 0.111277 0.486152 Fe''1.05Mg0.23Fe'''1.26Al0.17Cr0.00Ti0.28O4 0 10.4872 3.98959 46.3524 0 34.8834 0 4.28735 0 0 0 0 0
500.00 1353.15 0.387237 0.800996 -2046.743170 0.082089 0.358565 Fe''1.07Mg0.22Fe'''1.26Al0.16Cr0.00Ti0.29O4 0 10.7786 3.65376 46.0714 0 35.4193 0 4.07696 0 0 0 0 0
500.00 1343.15 0.297100 0.611820 -1562.060777 0.062835 0.274410 Fe''1.09Mg0.21Fe'''1.25Al0.14Cr0.00Ti0.30O4 0 11.0671 3.35637 45.7636 0 35.9221 0 3.89082 0 0 0 0 0
500.00 1333.15 0.234357 0.480522 -1226.922398 0.049463 0.215962 Fe''1.11Mg0.20Fe'''1.25Al0.13Cr0.00Ti0.31O4 0 11.3566 3.08922 45.4288 0 36.4016 0 3.72378 0 0 0 0 0
500.00 1323.15 0.189114 0.386110 -986.678913 0.039839 0.173900 Fe''1.13Mg0.19Fe'''1.24Al0.12Cr0.00Ti0.32O4 0 11.6518 2.84595 45.0631 0 36.8672 0 3.57192 0 0 0 0 0
500.00 1313.15 0.155906 0.316979 -811.249923 0.032788 0.143078 Fe''1.14Mg0.19Fe'''1.23Al0.11Cr0.00Ti0.33O4 0 11.962 2.62056 44.6536 0 37.3319 0 3.4318 0 0 0 0 0
500.00 1303.15 0.130763 0.264776 -679.294322 0.027457 0.119765 Fe''1.16Mg0.18Fe'''1.21Al0.10Cr0.00Ti0.34O4 0 12.3863 2.39621 44.0192 0 37.9138 0 3.28459 0 0 0 0 0
500.00 1293.15 0.107071 0.215971 -556.385683 0.022451 0.097860 Fe''1.19Mg0.17Fe'''1.18Al0.09Cr0.00Ti0.36O4 0 13.0675 2.16162 42.8895 0 38.7646 0 3.11673 0 0 0 0 0
500.00 1283.15 0.084071 0.168930 -437.252026 0.017607 0.076688 Fe''1.22Mg0.16Fe'''1.16Al0.09Cr0.00Ti0.38O4 0 13.7119 1.96336 41.7938 0 39.5718 0 2.95913 0 0 0 0 0
500.00 1273.15 0.067937 0.135988 -353.789386 0.014212 0.061854 Fe''1.24Mg0.15Fe'''1.13Al0.08Cr0.00Ti0.40O4 0 14.3224 1.79241 40.7361 0 40.3387 0 2.8103 0 0 0 0 0
500.00 1263.15 0.056040 0.111742 -292.291520 0.011712 0.050930 Fe''1.27Mg0.15Fe'''1.10Al0.07Cr0.00Ti0.41O4 0 14.9052 1.64258 39.7112 0 41.0723 0 2.66882 0 0 0 0 0
500.00 1253.15 0.046928 0.093211 -245.207565 0.009799 0.042573 Fe''1.29Mg0.14Fe'''1.08Al0.07Cr0.00Ti0.43O4 0 15.4658 1.50961 38.7125 0 41.7786 0 2.53355 0 0 0 0 0
500.00 1243.15 0.039747 0.078640 -208.106954 0.008293 0.035996 Fe''1.31Mg0.13Fe'''1.05Al0.06Cr0.00Ti0.44O4 0 16.0089 1.39044 37.7342 0 42.4628 0 2.40364 0 0 0 0 0
500.00 1233.15 0.016907 0.033300 -88.347599 0.003522 0.015282 Fe''1.33Mg0.12Fe'''1.04Al0.06Cr0.00Ti0.45O4 0 16.2056 1.29336 37.3756 0 42.894 0 2.23135 0 0 0 0 0

feldspar_0 thermodynamic data and composition:
Pressure Temperature mass S H V Cp formula SiO2 TiO2 Al2O3 Fe2O3 Cr2O3 FeO MnO MgO CaO Na2O K2O P2O5 H2O
500.00 1453.15 2.512826 6.130427 -34669.223308 0.944898 3.092877 K0.01Na0.26Ca0.73Al1.73Si2.27O8 49.7905 0 32.1611 0 0 0 0 0 14.9153 2.93494 0.198109 0 0
500.00 1443.15 5.405842 13.169103 -74608.143742 2.036427 6.649323 K0.01Na0.28Ca0.70Al1.70Si2.30O8 50.4618 0 31.7002 0 0 0 0 0 14.3784 3.22249 0.237152 0 0
500.00 1433.15 4.617611 11.231811 -63748.444821 1.742647 5.676757 K0.02Na0.31Ca0.67Al1.67Si2.33O8 51.1377 0 31.2343 0 0 0 0 0 13.8363 3.50744 0.28418 0 0
500.00 1423.15 4.106590 9.972449 -56709.706970 1.552518 5.045064 K0.02Na0.33Ca0.65Al1.65Si2.35O8 51.7969 0 30.778 0 0 0 0 0 13.3061 3.78016 0.338834 0 0
500.00 1413.15 3.313695 8.033430 -45772.176374 1.254989 4.068130 K0.02Na0.36Ca0.62Al1.62Si2.38O8 52.4638 0 30.3151 0 0 0 0 0 12.7685 4.05252 0.400092 0 0
500.00 1403.15 2.801927 6.781325 -38711.542958 1.063137 3.437431 K0.03Na0.38Ca0.59Al1.59Si2.41O8 53.1563 0 29.8329 0 0 0 0 0 12.2092 4.3318 0.469774 0 0
500.00 1393.15 3.239871 7.834677 -44759.474637 1.232841 3.972591 K0.03Na0.42Ca0.55Al1.55Si2.45O8 54.1878 0 29.1177 0 0 0 0 0 11.3784 4.75528 0.560816 0 0
500.00 1383.15 2.655743 6.415930 -36685.443584 1.013478 3.254487 K0.04Na0.45Ca0.51Al1.51Si2.49O8 55.2161 0 28.4005 0 0 0 0 0 10.5468 5.16684 0.669668 0 0
500.00 1373.15 2.101130 5.069536 -29020.782583 0.803968 2.573124 K0.05Na0.48Ca0.47Al1.47Si2.53O8 56.1664 0 27.7322 0 0 0 0 0 9.77372 5.53234 0.795331 0 0
500.00 1363.15 1.728970 4.165153 -23876.938073 0.663235 2.115769 K0.05Na0.51Ca0.44Al1.44Si2.56O8 57.0573 0 27.0992 0 0 0 0 0 9.04355 5.8582 0.941707 0 0
500.00 1353.15 1.462163 3.516196 -20188.085554 0.562258 1.787761 K0.06Na0.54Ca0.40Al1.40Si2.60O8 57.9053 0 26.489 0 0 0 0 0 8.34233 6.14823 1.11511 0 0
500.00 1343.15 1.263691 3.032995 -17442.236130 0.487122 1.543623 K0.08Na0.56Ca0.37Al1.37Si2.63O8 58.7269 0 25.8882 0 0 0 0 0 7.65491 6.40399 1.32598 0 0
500.00 1333.15 1.114455 2.669182 -15374.704841 0.430683 1.359844 K0.09Na0.58Ca0.33Al1.33Si2.67O8 59.5435 0 25.2781 0 0 0 0 0 6.96101 6.62424 1.59315 0 0
500.00 1323.15 1.006017 2.404071 -13867.168389 0.389872 1.225931 K0.11Na0.59Ca0.30Al1.30Si2.70O8 60.3906 0 24.6258 0 0 0 0 0 6.22523 6.80182 1.95658 0 0
500.00 1313.15 0.943593 2.249574 -12985.985008 0.367002 1.147864 K0.14Na0.60Ca0.26Al1.26Si2.74O8 61.3574 0 23.8451 0 0 0 0 0 5.35557 6.9097 2.53221 0 0
500.00 1303.15 0.713893 1.697235 -9787.089982 0.279353 0.865788 K0.21Na0.59Ca0.20Al1.20Si2.80O8 62.6863 0 22.6777 0 0 0 0 0 4.08235 6.81062 3.74298 0 0
500.00 1293.15 1.490633 3.515233 -20176.705585 0.592046 1.791082 K0.44Na0.48Ca0.08Al1.08Si2.92O8 64.8975 0 20.2979 0 0 0 0 0 1.60307 5.49916 7.70235 0 0
500.00 1283.15 1.179918 2.770535 -15972.708930 0.468992 1.424714 K0.46Na0.47Ca0.07Al1.07Si2.93O8 65.0573 0 20.1386 0 0 0 0 0 1.43432 5.43755 7.93224 0 0
500.00 1273.15 0.955084 2.233265 -12934.841814 0.379777 1.152167 K0.46Na0.47Ca0.06Al1.06Si2.94O8 65.1707 0 20.0334 0 0 0 0 0 1.3211 5.41446 8.06036 0 0
500.00 1263.15 0.790154 1.839954 -10707.354716 0.314271 0.952419 K0.47Na0.47Ca0.06Al1.06Si2.94O8 65.2622 0 19.9521 0 0 0 0 0 1.23268 5.40536 8.14762 0 0
500.00 1253.15 0.665905 1.544172 -9029.451498 0.264894 0.802027 K0.47Na0.47Ca0.06Al1.06Si2.94O8 65.3407 0 19.8839 0 0 0 0 0 1.15804 5.40144 8.2159 0 0
500.00 1243.15 0.569916 1.316028 -7733.076147 0.226735 0.685891 K0.48Na0.47Ca0.05Al1.05Si2.95O8 65.4104 0 19.8237 0 0 0 0 0 1.09212 5.39873 8.27512 0 0
500.00 1233.15 0.512161 1.177486 -6953.251987 0.203790 0.615835 K0.48Na0.47Ca0.05Al1.05Si2.95O8 65.4768 0 19.7566 0 0 0 0 0 1.02129 5.37096 8.37436 0 0
500.00 1223.15 0.471699 1.079565 -6407.033910 0.187721 0.566633 K0.49Na0.47Ca0.05Al1.05Si2.95O8 65.5345 0 19.6899 0 0 0 0 0 0.952762 5.32472 8.49809 0 0
500.00 1213.15 0.411042 0.936497 -5586.295648 0.163595 0.493323 K0.49Na0.46Ca0.04Al1.04Si2.96O8 65.5836 0 19.6349 0 0 0 0 0 0.895999 5.28993 8.59557 0 0
500.00 1203.15 0.362086 0.821219 -4923.963604 0.144115 0.434193 K0.50Na0.46Ca0.04Al1.04Si2.96O8 65.6268 0 19.5871 0 0 0 0 0 0.846449 5.26088 8.67877 0 0

clinopyroxene_1 thermodynamic data and composition:
Pressure Temperature mass S H V Cp structure formula SiO2 TiO2 Al2O3 Fe2O3 Cr2O3 FeO MnO MgO CaO Na2O K2O P2O5 H2O
500.00 1433.15 1.924439 4.587134 -23672.485532 0.589661 2.348274 cpx Na0.01Ca0.27Fe''0.38Mg1.25Fe'''0.05Ti0.00Al0.14Si1.91O6 52.356 0.143407 3.24145 1.76153 0 12.5683 0 22.9888 6.85272 0.0877242 0 0 0
500.00 1423.15 2.443388 5.793612 -29808.932007 0.745425 2.965702 cpx Na0.01Ca0.27Fe''0.41Mg1.21Fe'''0.05Ti0.00Al0.14Si1.90O6 52.0273 0.162019 3.25518 1.89391 0 13.4672 0 22.2864 6.81476 0.0932452 0 0 0
500.00 1413.15 1.927399 4.545994 -23313.682066 0.585408 2.326916 cpx Na0.01Ca0.27Fe''0.44Mg1.18Fe'''0.06Ti0.00Al0.14Si1.90O6 51.6983 0.179859 3.26455 2.02923 0 14.393 0 21.5931 6.74344 0.0984011 0 0 0
500.00 1403.15 1.543676 3.621508 -18508.714707 0.466763 1.853661 cpx Na0.01Ca0.26Fe''0.47Mg1.15Fe'''0.06Ti0.01Al0.14Si1.90O6 51.378 0.195672 3.26156 2.1619 0 15.3432 0 20.9115 6.64501 0.103166 0 0 0
500.00 1393.15 1.018266 2.377007 -12143.647102 0.307043 1.218337 cpx Na0.01Ca0.26Fe''0.50Mg1.13Fe'''0.06Ti0.01Al0.14Si1.90O6 51.328 0.188827 3.09246 2.14249 0 16.051 0 20.5261 6.56444 0.106757 0 0 0
500.00 1383.15 0.626027 1.454527 -7439.154755 0.188397 0.747029 cpx Na0.01Ca0.26Fe''0.52Mg1.12Fe'''0.06Ti0.00Al0.13Si1.91O6 51.3672 0.177667 2.8966 2.07279 0 16.6137 0 20.293 6.46993 0.109043 0 0 0
500.00 1373.15 0.414590 0.958841 -4911.550157 0.124545 0.493540 cpx Na0.01Ca0.25Fe''0.53Mg1.11Fe'''0.06Ti0.00Al0.12Si1.91O6 51.4143 0.167558 2.71522 1.99816 0 17.1269 0 20.106 6.36133 0.110461 0 0 0
500.00 1363.15 0.281062 0.647070 -3320.650027 0.084294 0.333844 cpx Na0.01Ca0.25Fe''0.55Mg1.11Fe'''0.05Ti0.00Al0.11Si1.92O6 51.4647 0.158201 2.54576 1.9211 0 17.6064 0 19.9481 6.2446 0.111199 0 0 0
500.00 1353.15 0.190773 0.437214 -2248.361432 0.057126 0.226124 cpx Na0.01Ca0.24Fe''0.56Mg1.10Fe'''0.05Ti0.00Al0.10Si1.92O6 51.5159 0.149449 2.38647 1.84292 0 18.0609 0 19.8099 6.12306 0.111377 0 0 0
500.00 1343.15 0.127010 0.289764 -1493.472328 0.037975 0.150243 cpx Na0.01Ca0.24Fe''0.58Mg1.10Fe'''0.05Ti0.00Al0.10Si1.93O6 51.5666 0.141212 2.23607 1.76444 0 18.4961 0 19.6858 5.99881 0.111077 0 0 0
500.00 1333.15 0.080467 0.182747 -944.167552 0.024025 0.095000 cpx Na0.01Ca0.24Fe''0.59Mg1.09Fe'''0.05Ti0.00Al0.09Si1.93O6 51.6159 0.133427 2.09341 1.68618 0 18.9161 0 19.5713 5.8733 0.110352 0 0 0
500.00 1323.15 0.045295 0.102399 -530.386285 0.013504 0.053372 cpx Na0.01Ca0.23Fe''0.61Mg1.09Fe'''0.05Ti0.00Al0.09Si1.93O6 51.6629 0.126042 1.95737 1.60849 0 19.3256 0 19.4628 5.7476 0.109227 0 0 0
500.00 1313.15 0.016791 0.037786 -196.225010 0.004999 0.019748 cpx Na0.01Ca0.23Fe''0.62Mg1.08Fe'''0.04Ti0.00Al0.08Si1.94O6 51.7067 0.119017 1.8265 1.53148 0 19.731 0 19.355 5.62269 0.10768 0 0 0

rhm-oxide_0 thermodynamic data and composition:
Pressure Temperature mass S H V Cp formula SiO2 TiO2 Al2O3 Fe2O3 Cr2O3 FeO MnO MgO CaO Na2O K2O P2O5 H2O
500.00 1233.15 0.019942 0.038506 -144.137779 0.004291 0.018306 Mn0.07Fe''0.73Mg0.07Fe'''0.26Ti0.87O3 0 46.3077 0 13.6406 0 34.8982 3.17508 1.97841 0 0 0 0 0
500.00 1223.15 0.043798 0.084192 -316.273972 0.009412 0.040153 Mn0.07Fe''0.73Mg0.07Fe'''0.25Ti0.87O3 0 46.345 0 13.4255 0 35.0371 3.40201 1.79041 0 0 0 0 0
500.00 1213.15 0.037056 0.070910 -267.467599 0.007953 0.033926 Mn0.08Fe''0.74Mg0.06Fe'''0.25Ti0.88O3 0 46.4043 0 13.1843 0 35.1555 3.63364 1.62227 0 0 0 0 0
500.00 1203.15 0.032098 0.061146 -231.664947 0.006881 0.029346 Mn0.08Fe''0.74Mg0.06Fe'''0.24Ti0.88O3 0 46.4757 0 12.9317 0 35.2546 3.86907 1.46895 0 0 0 0 0
