Title: Hr

liquid_0 thermodynamic data and composition:
Pressure Temperature mass S H V Cp viscosity SiO2 TiO2 Al2O3 Fe2O3 FeO MnO MgO CaO Na2O K2O P2O5 H2O Mg#
500.00 1523.15 98.254690 265.754765 -1167230.181043 36.194526 146.512717 2.103 49.108 1.38965 15.612 2.54877 10.0858 0.201517 7.42998 10.8481 2.26351 0.356828 0.15582 0 56.8
500.00 1513.15 98.255347 264.790941 -1168704.949025 36.171003 146.516088 2.145 49.1077 1.38964 15.6119 2.55543 10.0798 0.201516 7.42993 10.8481 2.26349 0.356825 0.155818 0 56.8
500.00 1503.15 98.256045 263.820748 -1170180.379286 36.147511 146.519668 2.188 49.1073 1.38963 15.6118 2.5625 10.0733 0.201514 7.42987 10.848 2.26347 0.356823 0.155817 0 56.8
500.00 1493.15 98.256784 262.844097 -1171656.496293 36.124054 146.523461 2.231 49.1069 1.38962 15.6116 2.56999 10.0665 0.201513 7.42982 10.8479 2.26346 0.35682 0.155816 0 56.8
500.00 1483.15 98.257567 261.860900 -1173133.325541 36.100631 146.527475 2.274 49.1065 1.38961 15.6115 2.57792 10.0592 0.201511 7.42976 10.8478 2.26344 0.356817 0.155815 0 56.8
500.00 1473.15 94.737815 251.469300 -1127221.141439 34.697235 138.072184 2.274 49.1123 1.44124 14.9747 2.6702 10.4361 0.208998 7.70579 10.6713 2.24977 0.367943 0.161604 0 56.8
500.00 1463.15 91.020048 240.596588 -1078552.417509 33.212202 132.626066 2.264 49.0866 1.50011 14.2706 2.77382 10.8673 0.217534 8.02054 10.4957 2.21963 0.379935 0.168205 0 56.8
500.00 1453.15 83.919222 220.727009 -987323.158438 30.508282 121.776077 2.290 49.2041 1.62704 13.4337 2.93815 11.4948 0.226366 7.84606 10.4448 2.19661 0.40596 0.182437 0 54.9
500.00 1443.15 68.563175 179.449915 -792664.748508 24.680101 98.885606 2.213 48.2926 1.95678 12.7655 3.24801 12.9676 0.288785 7.45966 10.0372 2.28015 0.480466 0.223298 0 50.6
500.00 1433.15 57.533250 149.738381 -654157.655813 20.516268 82.422331 2.160 47.5585 2.29332 12.0844 3.52572 14.3741 0.344149 7.01259 9.71636 2.2769 0.547852 0.266107 0 46.5
500.00 1423.15 48.441551 125.300389 -540865.265757 17.080011 68.979931 2.078 46.6097 2.67538 11.3494 3.80646 15.8862 0.40874 6.65553 9.48171 2.19999 0.610767 0.316051 0 42.8
500.00 1413.15 40.600365 104.284854 -443844.385947 14.111065 57.501085 1.953 45.3428 3.13259 10.5035 4.10439 17.6153 0.48768 6.39622 9.34649 2.03242 0.661554 0.37709 0 39.3
500.00 1403.15 33.472510 85.250446 -356116.951669 11.403725 47.172957 1.755 43.5339 3.72898 9.42042 4.44644 19.8005 0.59153 6.26075 9.3418 1.73831 0.680029 0.45739 0 36.0
500.00 1393.15 26.814747 67.551198 -274649.630794 8.870892 37.614024 1.447 40.8645 4.57003 7.92776 4.85841 22.7946 0.7384 6.27528 9.48348 1.29527 0.621354 0.570954 0 32.9
500.00 1383.15 21.919551 54.611781 -216219.307475 7.039936 30.618332 1.150 38.1968 5.4555 6.54535 5.20493 25.6899 0.903303 6.29539 9.56314 0.93266 0.514562 0.698463 0 30.4
500.00 1373.15 18.881360 46.634791 -181639.110523 5.944012 26.289868 0.968 36.392 6.11365 5.71603 5.40903 27.5741 1.04865 6.23615 9.49784 0.7569 0.444724 0.810853 0 28.7
500.00 1363.15 16.652930 40.831880 -157461.838634 5.168931 23.129736 0.851 35.1108 6.6056 5.19549 5.54059 28.8426 1.18898 6.14604 9.38058 0.666136 0.403787 0.919358 0 27.5
500.00 1353.15 14.744102 35.913870 -137611.734028 4.526649 20.437761 0.766 34.1111 6.9812 4.82971 5.63762 29.7719 1.34291 6.04315 9.25416 0.612231 0.377666 1.03838 0 26.6
500.00 1343.15 12.920545 31.275731 -119325.702553 3.931157 17.881031 0.699 33.2752 7.24759 4.54559 5.71767 30.4908 1.53244 5.93123 9.13987 0.576087 0.35858 1.18493 0 25.7

feldspar_0 thermodynamic data and composition:
Pressure Temperature mass S H V Cp formula SiO2 TiO2 Al2O3 Fe2O3 FeO MnO MgO CaO Na2O K2O P2O5 H2O
500.00 1473.15 3.519420 8.623119 -48520.367649 1.320587 4.339869 K0.00Na0.23Ca0.76Al1.76Si2.24O8 48.9554 0 32.7552 0 0 0 0 15.6003 2.63162 0.0573685 0 0
500.00 1463.15 7.236690 17.692668 -99828.083819 2.718138 8.917375 K0.00Na0.25Ca0.75Al1.75Si2.25O8 49.3625 0 32.4791 0 0 0 0 15.2776 2.81477 0.0660908 0 0
500.00 1453.15 12.636061 30.828596 -174409.027348 4.751430 15.559738 K0.00Na0.27Ca0.73Al1.73Si2.27O8 49.8051 0 32.1782 0 0 0 0 14.926 3.01222 0.0785204 0 0
500.00 1443.15 19.656680 47.887061 -271408.762638 7.404602 24.189625 K0.01Na0.29Ca0.70Al1.70Si2.30O8 50.4749 0 31.7205 0 0 0 0 14.3921 3.30483 0.107735 0 0
500.00 1433.15 25.011417 60.831811 -345472.931091 9.437411 30.760963 K0.01Na0.32Ca0.68Al1.68Si2.32O8 51.1042 0 31.289 0 0 0 0 13.8893 3.576 0.141546 0 0
500.00 1423.15 29.518683 71.666987 -407874.580689 11.155907 36.279238 K0.01Na0.34Ca0.65Al1.65Si2.35O8 51.7116 0 30.87 0 0 0 0 13.4019 3.83111 0.185425 0 0
500.00 1413.15 33.518832 81.226206 -463291.375337 12.687386 41.164797 K0.01Na0.36Ca0.63Al1.63Si2.37O8 52.3046 0 30.4572 0 0 0 0 12.923 4.07053 0.244658 0 0
500.00 1403.15 37.317693 90.254865 -515917.121095 14.147147 45.792441 K0.02Na0.38Ca0.60Al1.60Si2.40O8 52.891 0 30.0432 0 0 0 0 12.4445 4.29175 0.329541 0 0
500.00 1393.15 40.987352 98.913959 -566732.764649 15.560161 50.247340 K0.03Na0.39Ca0.58Al1.58Si2.42O8 53.4242 0 29.6572 0 0 0 0 12.0017 4.46805 0.448883 0 0
500.00 1383.15 43.348248 104.308826 -599594.077882 16.467663 53.085286 K0.03Na0.40Ca0.57Al1.57Si2.43O8 53.7174 0 29.4373 0 0 0 0 11.7518 4.54491 0.548604 0 0
500.00 1373.15 44.341384 106.338454 -613715.790284 16.847532 54.244808 K0.03Na0.40Ca0.56Al1.56Si2.44O8 53.8422 0 29.3414 0 0 0 0 11.6436 4.57153 0.601312 0 0
500.00 1363.15 44.747331 106.933909 -619783.086640 17.001928 54.685381 K0.04Na0.40Ca0.56Al1.56Si2.44O8 53.9226 0 29.28 0 0 0 0 11.5742 4.58993 0.633239 0 0
500.00 1353.15 44.873055 106.851235 -621993.176796 17.049459 54.783350 K0.04Na0.40Ca0.56Al1.56Si2.44O8 53.997 0 29.2245 0 0 0 0 11.5111 4.61019 0.657224 0 0
500.00 1343.15 44.829217 106.364001 -621855.463046 17.032953 54.674401 K0.04Na0.41Ca0.55Al1.55Si2.45O8 54.0795 0 29.1641 0 0 0 0 11.442 4.63569 0.67873 0 0

clinopyroxene_0 thermodynamic data and composition:
Pressure Temperature mass S H V Cp structure formula SiO2 TiO2 Al2O3 Fe2O3 FeO MnO MgO CaO Na2O K2O P2O5 H2O
500.00 1443.15 7.554915 18.085871 -93209.657593 2.319204 9.243045 cpx Na0.01Ca0.27Fe''0.37Mg1.26Fe'''0.05Ti0.01Al0.14Si1.90O6 52.4102 0.183989 3.2963 1.72864 12.1454 0 23.2691 6.8812 0.0851533 0 0 0
500.00 1433.15 10.756177 25.619624 -131732.393030 3.288873 13.096196 cpx Na0.01Ca0.27Fe''0.40Mg1.23Fe'''0.05Ti0.01Al0.14Si1.90O6 52.1261 0.207997 3.28886 1.83195 12.9749 0 22.6473 6.83292 0.0900135 0 0 0
500.00 1423.15 13.393689 31.741504 -162848.064852 4.079493 16.231450 cpx Na0.01Ca0.27Fe''0.42Mg1.20Fe'''0.05Ti0.01Al0.14Si1.90O6 51.8613 0.229743 3.27133 1.92474 13.8019 0 22.0641 6.75305 0.0938666 0 0 0
500.00 1413.15 15.657212 36.918649 -189005.510076 4.750847 18.888175 cpx Na0.01Ca0.26Fe''0.45Mg1.18Fe'''0.06Ti0.01Al0.14Si1.90O6 51.6193 0.248002 3.23813 2.00272 14.6326 0 21.5102 6.65253 0.0965648 0 0 0
500.00 1403.15 17.694588 41.509152 -212075.307019 5.349099 21.250085 cpx Na0.01Ca0.26Fe''0.48Mg1.15Fe'''0.06Ti0.01Al0.14Si1.90O6 51.4081 0.260979 3.17841 2.0569 15.4775 0 20.9756 6.54477 0.0977091 0 0 0
500.00 1393.15 19.595054 45.726245 -233156.306814 5.901758 23.426299 cpx Na0.01Ca0.26Fe''0.51Mg1.13Fe'''0.06Ti0.01Al0.14Si1.90O6 51.2266 0.268976 3.08972 2.07991 16.3549 0 20.4463 6.43713 0.0964967 0 0 0
500.00 1383.15 21.075536 48.931649 -249061.519077 6.324865 25.090027 cpx Na0.01Ca0.25Fe''0.53Mg1.11Fe'''0.06Ti0.01Al0.13Si1.90O6 51.0214 0.283928 3.05213 2.11479 17.1821 0 19.9701 6.28137 0.0941503 0 0 0
500.00 1373.15 22.094501 51.056600 -259577.325768 6.608841 26.207503 cpx Na0.01Ca0.24Fe''0.56Mg1.09Fe'''0.06Ti0.01Al0.14Si1.90O6 50.7873 0.308146 3.08924 2.18387 17.8807 0 19.591 6.06697 0.0928121 0 0 0
500.00 1363.15 22.945016 52.782514 -268149.326323 6.842000 27.126151 cpx Na0.01Ca0.23Fe''0.58Mg1.08Fe'''0.06Ti0.01Al0.14Si1.89O6 50.545 0.335925 3.1596 2.26903 18.5051 0 19.2666 5.82664 0.0921573 0 0 0
500.00 1353.15 23.796340 54.495726 -276688.478489 7.074402 28.042345 cpx Na0.01Ca0.22Fe''0.60Mg1.06Fe'''0.07Ti0.01Al0.14Si1.89O6 50.2997 0.363976 3.24309 2.36113 19.1014 0 18.9626 5.57635 0.0917476 0 0 0
500.00 1343.15 24.753447 56.430849 -286342.758738 7.336618 29.075673 cpx Na0.01Ca0.21Fe''0.62Mg1.05Fe'''0.07Ti0.01Al0.15Si1.88O6 50.0542 0.389058 3.32858 2.4554 19.6993 0 18.6564 5.32567 0.0913345 0 0 0

olivine_0 thermodynamic data and composition:
Pressure Temperature mass S H V Cp formula SiO2 TiO2 Al2O3 Fe2O3 FeO MnO MgO CaO Na2O K2O P2O5 H2O
500.00 1453.15 1.695538 4.076040 -20421.034947 0.513068 2.087269 (Ca0.01Mg0.81Fe''0.19Mn0.01Co0.00Ni0.00)2SiO4 39.2675 0 0 0 17.5878 0.473915 42.2254 0.44536 0 0 0 0

clinopyroxene_1 thermodynamic data and composition:
Pressure Temperature mass S H V Cp structure formula SiO2 TiO2 Al2O3 Fe2O3 FeO MnO MgO CaO Na2O K2O P2O5 H2O
500.00 1443.15 2.470962 5.799358 -31168.975481 0.761441 2.945542 cpx Na0.01Ca0.68Fe''0.23Mg0.95Fe'''0.06Ti0.01Al0.18Si1.87O6 50.9413 0.399507 4.16283 2.32062 7.35157 0 17.3115 17.3262 0.186388 0 0 0
500.00 1433.15 4.938261 11.535472 -62005.276524 1.517085 5.862637 cpx Na0.01Ca0.69Fe''0.24Mg0.92Fe'''0.07Ti0.01Al0.18Si1.87O6 50.6311 0.477966 4.19939 2.49535 7.78185 0 16.8023 17.4108 0.201209 0 0 0
500.00 1423.15 6.878800 15.991362 -85991.858262 2.106920 8.133004 cpx Na0.02Ca0.69Fe''0.25Mg0.90Fe'''0.07Ti0.02Al0.18Si1.86O6 50.3244 0.561617 4.23171 2.66515 8.18431 0 16.2973 17.52 0.215484 0 0 0
500.00 1413.15 8.449647 19.547589 -105186.590855 2.580569 9.949807 cpx Na0.02Ca0.70Fe''0.27Mg0.87Fe'''0.08Ti0.02Al0.19Si1.86O6 50.0319 0.647664 4.25042 2.82277 8.56907 0 15.8055 17.6441 0.228601 0 0 0
500.00 1403.15 9.733365 22.406478 -120683.830875 2.964450 11.416268 cpx Na0.02Ca0.71Fe''0.28Mg0.85Fe'''0.08Ti0.02Al0.19Si1.85O6 49.7759 0.729848 4.2372 2.95206 8.95403 0 15.3403 17.7716 0.239079 0 0 0
500.00 1393.15 10.810908 24.762382 -133532.434215 3.284041 12.631503 cpx Na0.02Ca0.72Fe''0.29Mg0.83Fe'''0.09Ti0.02Al0.18Si1.85O6 49.5624 0.807068 4.18614 3.03905 9.35651 0 14.903 17.9013 0.244502 0 0 0
500.00 1383.15 11.856975 27.020495 -145954.228911 3.592080 13.798812 cpx Na0.02Ca0.73Fe''0.30Mg0.81Fe'''0.09Ti0.03Al0.19Si1.85O6 49.2515 0.925533 4.22536 3.16193 9.66404 0 14.4352 18.0869 0.249519 0 0 0
500.00 1373.15 12.880665 29.204568 -158115.339773 3.891120 14.928866 cpx Na0.02Ca0.74Fe''0.31Mg0.78Fe'''0.10Ti0.03Al0.20Si1.83O6 48.7865 1.11001 4.40432 3.36742 9.80336 0 13.9302 18.3381 0.260076 0 0 0
500.00 1363.15 13.853513 31.249459 -169635.253896 4.172278 15.988370 cpx Na0.02Ca0.75Fe''0.31Mg0.75Fe'''0.10Ti0.04Al0.21Si1.82O6 48.2003 1.3592 4.6725 3.63115 9.83659 0 13.3979 18.6277 0.274661 0 0 0
500.00 1353.15 14.788329 33.182352 -180628.837359 4.438713 16.990219 cpx Na0.02Ca0.77Fe''0.31Mg0.72Fe'''0.11Ti0.05Al0.22Si1.79O6 47.4831 1.68695 5.01561 3.94615 9.80194 0 12.8269 18.9475 0.291907 0 0 0
500.00 1343.15 15.703378 35.040999 -191275.668349 4.694858 17.952573 cpx Na0.02Ca0.78Fe''0.31Mg0.69Fe'''0.12Ti0.06Al0.24Si1.77O6 46.6015 2.11844 5.43964 4.31508 9.71754 0 12.2002 19.2968 0.310865 0 0 0
