Title: Hr

liquid_0 thermodynamic data and composition:
Pressure Temperature mass S H V Cp viscosity SiO2 TiO2 Al2O3 Fe2O3 FeO MnO MgO CaO Na2O K2O P2O5 H2O Mg#
500.00 1523.15 98.115128 274.528461 -1166143.778958 37.754775 147.145217 1.893 49.777 1.37023 14.8129 2.49751 9.88002 0.190592 7.06823 10.7415 2.15369 0.331855 0.157264 1.01921 56.0
500.00 1513.15 98.115771 273.560476 -1167624.595267 37.718600 147.145097 1.933 49.7767 1.37022 14.8128 2.50403 9.87407 0.190591 7.06818 10.7414 2.15368 0.331853 0.157263 1.0192 56.1
500.00 1503.15 98.116454 272.586118 -1169106.022225 37.682486 147.145174 1.974 49.7764 1.37021 14.8127 2.51096 9.86775 0.19059 7.06813 10.7413 2.15367 0.331851 0.157262 1.0192 56.1
500.00 1493.15 98.117177 271.605298 -1170588.083628 37.646434 147.145456 2.015 49.776 1.3702 14.8126 2.5183 9.86106 0.190588 7.06808 10.7412 2.15365 0.331848 0.157261 1.01919 56.1
500.00 1483.15 98.117943 270.617927 -1172070.804278 37.610446 147.145948 2.056 49.7756 1.37019 14.8125 2.52607 9.85398 0.190587 7.06802 10.7412 2.15363 0.331846 0.15726 1.01918 56.1
500.00 1473.15 98.118752 269.639931 -1173530.558074 37.574523 143.691047 2.099 49.7752 1.37018 14.8124 2.53428 9.84649 0.190585 7.06797 10.7411 2.15361 0.331843 0.157258 1.01917 56.1
500.00 1463.15 98.119606 268.662751 -1174980.070670 37.538667 143.683070 2.141 49.7748 1.37016 14.8122 2.54294 9.83859 0.190584 7.0679 10.741 2.1536 0.33184 0.157257 1.01916 56.2
500.00 1453.15 98.120505 267.678967 -1176430.226708 37.502879 143.674743 2.185 49.7743 1.37015 14.8121 2.55207 9.83026 0.190582 7.06784 10.7409 2.15358 0.331837 0.157256 1.01915 56.2
500.00 1443.15 98.121453 266.688488 -1177881.049201 37.467161 143.666065 2.229 49.7738 1.37014 14.8119 2.56169 9.82149 0.19058 7.06777 10.7408 2.15356 0.331834 0.157254 1.01915 56.2
500.00 1433.15 98.122450 265.691222 -1179332.562325 37.431514 143.657031 2.273 49.7733 1.37012 14.8118 2.5718 9.81227 0.190578 7.0677 10.7407 2.15353 0.33183 0.157252 1.01913 56.2
500.00 1423.15 98.123498 264.687075 -1180784.791481 37.395941 143.647641 2.319 49.7728 1.37011 14.8116 2.58243 9.80257 0.190576 7.06762 10.7405 2.15351 0.331827 0.157251 1.01912 56.2
500.00 1413.15 96.676039 259.918482 -1164473.786358 36.848731 141.341429 2.380 49.7917 1.3841 14.9755 2.59367 9.82968 0.192548 6.86667 10.6515 2.18381 0.336795 0.159605 1.03438 55.5
500.00 1403.15 92.184455 247.354902 -1110526.039283 35.206425 134.362464 2.455 49.7919 1.42114 15.4616 2.60414 9.99175 0.20167 6.42766 10.2127 2.28207 0.353205 0.167382 1.08478 53.4
500.00 1393.15 85.668061 229.570716 -1029271.687131 32.794080 124.361956 2.514 49.9579 1.49836 15.4327 2.6703 10.3352 0.213488 6.01374 9.76961 2.38242 0.378833 0.180114 1.1673 50.9
500.00 1383.15 79.655039 213.202903 -954619.590615 30.570866 115.180517 2.572 50.1568 1.57575 15.3533 2.73396 10.6539 0.225093 5.61858 9.34939 2.47821 0.405906 0.19371 1.25541 48.5
500.00 1373.15 74.288120 198.612919 -888583.407638 28.593001 107.025686 2.633 50.378 1.64707 15.2857 2.78716 10.917 0.236089 5.23969 8.95219 2.56976 0.43356 0.207705 1.34611 46.1
500.00 1363.15 69.440418 185.458600 -829540.053759 26.813876 99.698472 2.697 50.6291 1.71129 15.2311 2.8292 11.1191 0.246377 4.87578 8.57591 2.65783 0.462006 0.222205 1.44008 43.9
500.00 1353.15 65.015321 173.479443 -776261.670496 25.198238 93.047223 2.765 50.9198 1.76693 15.1912 2.85897 11.2531 0.255794 4.52571 8.21852 2.74313 0.491475 0.237329 1.5381 41.8
500.00 1343.15 52.506153 141.672028 -649570.756348 21.156481 75.216792 3.171 54.3452 1.22501 16.0542 2.20078 8.06485 0.356149 3.93612 7.80508 3.20898 0.605245 0.29387 1.90454 46.5
500.00 1333.15 48.093770 130.008227 -599832.475248 19.611181 68.764710 3.316 55.4373 1.13531 16.0972 2.05331 7.3759 0.388824 3.57837 7.52522 3.35094 0.657502 0.320832 2.07927 46.4
500.00 1323.15 44.419032 120.260084 -557968.022870 18.307989 63.405833 3.444 56.4094 1.05766 16.1024 1.92109 6.77533 0.420991 3.2703 7.26648 3.4693 0.708303 0.347374 2.25129 46.2
500.00 1313.15 39.044684 105.536883 -493647.061027 16.227881 55.512547 3.630 57.7011 1.0093 15.8375 1.79423 6.19113 0.478938 2.91838 6.98062 3.57279 0.795811 0.395188 2.32501 45.7
500.00 1303.15 33.873594 91.255049 -430821.718499 14.172264 47.942260 3.828 59.021 0.97858 15.4791 1.67103 5.64412 0.552052 2.59652 6.73002 3.61597 0.90166 0.455517 2.35443 45.1
500.00 1293.15 29.610147 79.458596 -378658.419628 12.457551 41.733685 4.016 60.2173 0.956665 15.1326 1.55299 5.14647 0.63154 2.32673 6.52918 3.5973 1.01183 0.521105 2.37633 44.6
500.00 1283.15 26.078882 69.676605 -335180.898015 11.023128 36.615432 4.194 61.2993 0.941778 14.8056 1.44027 4.69272 0.717055 2.09802 6.369 3.52711 1.12513 0.591666 2.39232 44.4
500.00 1273.15 23.146355 61.547759 -298871.261976 9.821864 32.382578 4.362 62.2752 0.932223 14.5022 1.33331 4.2788 0.807903 1.9021 6.24082 3.41681 1.24011 0.666628 2.40381 44.2
500.00 1263.15 20.703917 54.775401 -268475.684956 8.814215 28.870017 4.523 63.1531 0.926472 14.2235 1.23255 3.90138 0.903211 1.73264 6.13698 3.27755 1.35536 0.74527 2.41199 44.2
500.00 1253.15 18.660712 49.109894 -242930.121535 7.966143 25.941171 4.676 63.9409 0.92324 13.9686 1.13828 3.55746 1.00211 1.58471 6.05117 3.11912 1.46971 0.826871 2.41785 44.3
500.00 1243.15 16.941257 44.342967 -221339.624640 7.248701 23.483624 4.821 64.6466 0.921501 13.7356 1.05058 3.2442 1.10381 1.45449 5.97849 2.94953 1.58225 0.910794 2.42215 44.4
500.00 1233.15 15.483812 40.303810 -202965.032092 6.637787 21.406116 4.959 65.2777 0.920472 13.5223 0.969343 2.95894 1.20771 1.33898 5.91533 2.77487 1.69235 0.996525 2.42546 44.6
500.00 1223.15 14.218667 36.805831 -186955.170074 6.105930 19.602404 5.098 65.8936 0.91973 13.3359 0.893597 2.70023 1.31517 1.23417 5.82341 2.6011 1.80157 1.05294 2.42852 44.9

olivine_0 thermodynamic data and composition:
Pressure Temperature mass S H V Cp formula SiO2 TiO2 Al2O3 Fe2O3 FeO MnO MgO CaO Na2O K2O P2O5 H2O
500.00 1413.15 0.246975 0.584906 -2980.126835 0.074514 0.302626 (Ca0.01Mg0.81Fe''0.19Mn0.00Co0.00Ni0.00)2SiO4 39.2288 0 0 0 17.9397 0.345092 42.0701 0.416339 0 0 0 0
500.00 1403.15 0.294700 0.694372 -3528.554406 0.088522 0.359386 (Ca0.01Mg0.79Fe''0.20Mn0.00Co0.00Ni0.00)2SiO4 39.0532 0 0 0 18.8624 0.370333 41.3148 0.399218 0 0 0 0
500.00 1393.15 1.016100 2.380972 -12045.986874 0.303592 1.232076 (Ca0.01Mg0.78Fe''0.22Mn0.00Co0.00Ni0.00)2SiO4 38.8355 0 0 0 20.0001 0.404396 40.3761 0.383965 0 0 0 0
500.00 1383.15 1.749643 4.076648 -20523.491460 0.519841 2.108869 (Ca0.01Mg0.77Fe''0.23Mn0.00Co0.00Ni0.00)2SiO4 38.6064 0 0 0 21.1956 0.440231 39.3878 0.369976 0 0 0 0
500.00 1373.15 2.435426 5.641626 -28252.141306 0.719419 2.917338 (Ca0.00Mg0.75Fe''0.24Mn0.01Co0.00Ni0.00)2SiO4 38.3697 0 0 0 22.4304 0.476886 38.366 0.357039 0 0 0 0
500.00 1363.15 3.095101 7.127158 -35488.878139 0.908829 3.683897 (Ca0.00Mg0.73Fe''0.26Mn0.01Co0.00Ni0.00)2SiO4 38.1251 0 0 0 23.7057 0.514194 37.3099 0.345052 0 0 0 0
500.00 1353.15 3.750021 8.582665 -42476.823544 1.094344 4.434004 (Ca0.00Mg0.72Fe''0.28Mn0.01Co0.00Ni0.00)2SiO4 37.8728 0 0 0 25.0219 0.551851 36.2196 0.333907 0 0 0 0

orthopyroxene_0 thermodynamic data and composition:
Pressure Temperature mass S H V Cp structure formula SiO2 TiO2 Al2O3 Fe2O3 FeO MnO MgO CaO Na2O K2O P2O5 H2O
500.00 1343.15 4.699423 10.833058 -58093.934413 1.424516 5.775068 opx Na0.00Ca0.07Fe''0.44Mg1.42Fe'''0.03Ti0.00Al0.11Si1.93O6 53.4171 0.129221 2.46765 1.17542 14.6231 0 26.3044 1.86375 0.0192462 0 0 0
500.00 1333.15 5.584621 12.814428 -68925.131046 1.690504 6.848736 opx Na0.00Ca0.07Fe''0.45Mg1.41Fe'''0.03Ti0.00Al0.10Si1.93O6 53.4047 0.122868 2.3975 1.13482 14.9483 0 26.1145 1.85804 0.0192604 0 0 0
500.00 1323.15 6.386290 14.586546 -78705.848256 1.930622 7.816358 opx Na0.00Ca0.07Fe''0.46Mg1.40Fe'''0.03Ti0.00Al0.10Si1.93O6 53.3934 0.117222 2.33297 1.09554 15.2531 0 25.94 1.84859 0.0192435 0 0 0
500.00 1313.15 7.634577 17.348646 -93756.315119 2.303120 9.316871 opx Na0.00Ca0.07Fe''0.48Mg1.38Fe'''0.03Ti0.00Al0.10Si1.94O6 53.3507 0.10812 2.22585 1.0505 15.7891 0 25.5991 1.85705 0.0195366 0 0 0
500.00 1303.15 8.861912 20.031260 -108376.456815 2.667067 10.780214 opx Na0.00Ca0.07Fe''0.50Mg1.37Fe'''0.03Ti0.00Al0.09Si1.94O6 53.2927 0.0990555 2.1153 1.00604 16.3894 0 25.2123 1.86535 0.0197778 0 0 0
500.00 1293.15 9.904280 22.269343 -120646.801423 2.973921 12.011110 opx Na0.00Ca0.07Fe''0.52Mg1.35Fe'''0.03Ti0.00Al0.09Si1.94O6 53.2311 0.0914224 2.01897 0.964794 16.9632 0 24.8449 1.86566 0.0198308 0 0 0
500.00 1283.15 10.806646 24.170239 -131146.151287 3.237584 13.066312 opx Na0.00Ca0.07Fe''0.54Mg1.34Fe'''0.03Ti0.00Al0.08Si1.94O6 53.1667 0.0849782 1.93528 0.92642 17.5127 0 24.4954 1.85882 0.0197196 0 0 0
500.00 1273.15 11.602542 25.813662 -140305.117366 3.468415 13.988046 opx Na0.00Ca0.07Fe''0.55Mg1.32Fe'''0.02Ti0.00Al0.08Si1.95O6 53.1002 0.0795184 1.86271 0.890588 18.0388 0 24.1631 1.84564 0.0194732 0 0 0
500.00 1263.15 12.316710 27.258247 -148441.008750 3.674054 14.807422 opx Na0.00Ca0.07Fe''0.57Mg1.31Fe'''0.02Ti0.00Al0.08Si1.95O6 53.0328 0.0748665 1.79978 0.856973 18.542 0 23.8476 1.82693 0.0191213 0 0 0
500.00 1253.15 12.967222 28.546713 -155785.170623 3.860080 15.547130 opx Na0.00Ca0.07Fe''0.59Mg1.29Fe'''0.02Ti0.00Al0.08Si1.95O6 52.9652 0.0708716 1.74508 0.825273 19.0232 0 23.5483 1.80343 0.0186914 0 0 0
500.00 1243.15 13.567203 29.710039 -162505.170252 4.030544 16.223630 opx Na0.00Ca0.07Fe''0.60Mg1.28Fe'''0.02Ti0.00Al0.07Si1.95O6 52.8981 0.0674069 1.69733 0.795226 19.4833 0 23.2645 1.77587 0.0182067 0 0 0
500.00 1233.15 14.126250 30.770856 -168722.985095 4.188406 16.848933 opx Na0.00Ca0.07Fe''0.62Mg1.27Fe'''0.02Ti0.00Al0.07Si1.95O6 52.832 0.0643686 1.65544 0.766613 19.924 0 22.9951 1.74487 0.0176855 0 0 0
500.00 1223.15 14.657947 31.759685 -174599.076671 4.337705 17.439344 opx Na0.00Ca0.07Fe''0.63Mg1.25Fe'''0.02Ti0.00Al0.07Si1.95O6 52.7662 0.0616655 1.61823 0.739225 20.3506 0 22.736 1.71103 0.0171379 0 0 0

feldspar_0 thermodynamic data and composition:
Pressure Temperature mass S H V Cp formula SiO2 TiO2 Al2O3 Fe2O3 FeO MnO MgO CaO Na2O K2O P2O5 H2O
500.00 1393.15 2.593994 6.158013 -36041.944568 0.968685 3.172097 K0.00Na0.19Ca0.80Al1.80Si2.20O8 47.9747 0 33.4195 0 0 0 0 16.3772 2.18763 0.0409135 0 0
500.00 1383.15 5.155928 12.203788 -71689.953961 1.926291 6.299411 K0.00Na0.20Ca0.79Al1.79Si2.21O8 48.2033 0 33.2648 0 0 0 0 16.1963 2.29147 0.0441365 0 0
500.00 1373.15 7.423233 17.517708 -103289.736642 2.774638 9.061447 K0.00Na0.21Ca0.78Al1.78Si2.22O8 48.43 0 33.1114 0 0 0 0 16.0168 2.39443 0.0473714 0 0
500.00 1363.15 9.447733 22.227388 -131554.083797 3.532938 11.522290 K0.00Na0.22Ca0.78Al1.78Si2.22O8 48.6551 0 32.9591 0 0 0 0 15.8386 2.49666 0.0506067 0 0
500.00 1353.15 11.269546 26.431678 -157034.781416 4.216069 13.731564 K0.00Na0.23Ca0.77Al1.77Si2.23O8 48.8791 0 32.8075 0 0 0 0 15.6612 2.59839 0.0538272 0 0
500.00 1343.15 14.066460 32.894601 -196142.894509 5.265671 17.124454 K0.00Na0.24Ca0.76Al1.76Si2.24O8 49.1621 0 32.6165 0 0 0 0 15.4376 2.72831 0.0555162 0 0
500.00 1333.15 16.027804 37.363493 -223651.442620 6.002683 19.494093 K0.00Na0.25Ca0.75Al1.75Si2.25O8 49.3951 0 32.4588 0 0 0 0 15.2532 2.83434 0.0585393 0 0
500.00 1323.15 17.793105 41.345693 -248462.498871 6.666767 21.620759 K0.00Na0.26Ca0.74Al1.74Si2.26O8 49.6208 0 32.3061 0 0 0 0 15.0745 2.93686 0.0617016 0 0
500.00 1313.15 21.013832 48.715203 -293587.919250 7.883677 25.515012 K0.00Na0.28Ca0.72Al1.72Si2.28O8 50.1339 0 31.9585 0 0 0 0 14.668 3.16885 0.0708022 0 0
500.00 1303.15 24.328393 56.273854 -340055.842901 9.140504 29.518119 K0.00Na0.30Ca0.69Al1.69Si2.31O8 50.7062 0 31.5703 0 0 0 0 14.2142 3.42645 0.0829299 0 0
500.00 1293.15 27.143809 62.629706 -379602.740906 10.211083 32.908325 K0.01Na0.32Ca0.67Al1.67Si2.33O8 51.211 0 31.2274 0 0 0 0 13.8135 3.6524 0.0957655 0 0
500.00 1283.15 29.523531 67.931314 -413112.754434 11.117826 35.916260 K0.01Na0.34Ca0.66Al1.66Si2.34O8 51.6449 0 30.9321 0 0 0 0 13.4686 3.84535 0.108993 0 0
500.00 1273.15 31.525887 72.318156 -441395.513489 11.881764 38.325998 K0.01Na0.35Ca0.64Al1.64Si2.36O8 52.0108 0 30.6826 0 0 0 0 13.1775 4.00676 0.122312 0 0
500.00 1263.15 33.206476 75.924037 -465221.970907 12.523307 40.338245 K0.01Na0.36Ca0.63Al1.63Si2.37O8 52.3151 0 30.4747 0 0 0 0 12.9349 4.13978 0.135475 0 0
500.00 1253.15 34.617281 78.874405 -485312.576488 13.061814 42.016915 K0.01Na0.37Ca0.62Al1.62Si2.38O8 52.5662 0 30.3027 0 0 0 0 12.7344 4.24835 0.148313 0 0
500.00 1243.15 35.804717 81.281517 -502310.246590 13.514748 43.419203 K0.01Na0.38Ca0.61Al1.61Si2.39O8 52.7726 0 30.1609 0 0 0 0 12.5693 4.3365 0.160726 0 0
500.00 1233.15 36.808536 83.241628 -516765.412846 13.897174 44.594181 K0.01Na0.39Ca0.60Al1.60Si2.40O8 52.9421 0 30.044 0 0 0 0 12.4333 4.40788 0.172675 0 0
500.00 1223.15 37.667472 84.847776 -529214.856138 14.223859 45.589593 K0.01Na0.39Ca0.60Al1.60Si2.40O8 53.0823 0 29.947 0 0 0 0 12.3205 4.46584 0.184352 0 0

apatite thermodynamic data and composition:
Pressure Temperature mass S H V Cp formula
500.00 1223.15 0.010820 0.023595 -133.802223 0.003533 0.012359 Ca5(PO4)3OH

water thermodynamic data and composition:
Pressure Temperature mass S H V Cp formula
500.00 1313.15 0.092208 0.978295 -1047.761452 1.099617 0.258377 H2O
500.00 1303.15 0.202470 2.143809 -2306.357727 2.392089 0.567752 H2O
500.00 1293.15 0.296364 3.131576 -3384.223018 3.468383 0.831726 H2O
500.00 1283.15 0.376109 3.966011 -4305.397117 4.359558 1.056511 H2O
500.00 1273.15 0.443606 4.668006 -5090.520895 5.092070 1.247428 H2O
500.00 1263.15 0.500624 5.256887 -5758.901729 5.690024 1.409422 H2O
500.00 1253.15 0.548812 5.750613 -6328.699348 6.175445 1.547118 H2O
500.00 1243.15 0.589658 6.165277 -6816.350330 6.567795 1.664681 H2O
500.00 1233.15 0.624446 6.514763 -7236.139609 6.883675 1.765722 H2O
500.00 1223.15 0.654503 6.813259 -7602.964299 7.139556 1.853980 H2O

spinel_0 thermodynamic data and composition:
Pressure Temperature mass S H V Cp formula SiO2 TiO2 Al2O3 Fe2O3 FeO MnO MgO CaO Na2O K2O P2O5 H2O
500.00 1343.15 5.053544 10.568396 -29352.995195 1.095484 4.779264 Fe''0.95Mg0.32Fe'''1.19Al0.28Cr0.00Ti0.27O4 0 10.1777 6.6354 44.8234 32.2528 0 6.11075 0 0 0 0 0
500.00 1333.15 5.844306 12.160910 -33624.343362 1.262651 5.507366 Fe''0.97Mg0.31Fe'''1.19Al0.26Cr0.00Ti0.27O4 0 10.2847 6.27328 44.8919 32.7185 0 5.83166 0 0 0 0 0
500.00 1323.15 6.439459 13.333959 -36741.206080 1.387007 6.048575 Fe''0.98Mg0.29Fe'''1.20Al0.25Cr0.00Ti0.28O4 0 10.3846 5.95322 44.9403 33.1406 0 5.58134 0 0 0 0 0
500.00 1313.15 6.967102 14.347171 -39262.631666 1.494457 6.515889 Fe''1.01Mg0.28Fe'''1.20Al0.23Cr0.00Ti0.28O4 0 10.6283 5.46583 44.849 33.8349 0 5.22199 0 0 0 0 0
500.00 1303.15 7.341668 15.035704 -40887.864642 1.568482 6.837377 Fe''1.03Mg0.26Fe'''1.20Al0.21Cr0.00Ti0.29O4 0 10.9123 4.99216 44.6661 34.5627 0 4.86683 0 0 0 0 0
500.00 1293.15 7.576373 15.435458 -41790.924285 1.613022 7.030204 Fe''1.06Mg0.24Fe'''1.20Al0.19Cr0.00Ti0.30O4 0 11.1853 4.59445 44.4405 35.2209 0 4.55888 0 0 0 0 0
500.00 1283.15 7.708911 15.626876 -42190.012106 1.636296 7.130169 Fe''1.08Mg0.23Fe'''1.20Al0.18Cr0.00Ti0.31O4 0 11.4517 4.25599 44.1787 35.8242 0 4.28936 0 0 0 0 0
500.00 1273.15 7.766475 15.667456 -42235.662812 1.644166 7.162805 Fe''1.10Mg0.22Fe'''1.19Al0.17Cr0.00Ti0.32O4 0 11.7138 3.96483 43.887 36.3826 0 4.0518 0 0 0 0 0
500.00 1263.15 7.769297 15.599521 -42034.921847 1.640939 7.146891 Fe''1.12Mg0.21Fe'''1.19Al0.16Cr0.00Ti0.33O4 0 11.9721 3.7119 43.5721 36.9028 0 3.84106 0 0 0 0 0
500.00 1253.15 7.732478 15.454324 -41664.227924 1.629793 7.096294 Fe''1.14Mg0.20Fe'''1.18Al0.15Cr0.00Ti0.33O4 0 12.2265 3.4901 43.2403 37.3902 0 3.65291 0 0 0 0 0
500.00 1243.15 7.667158 15.254680 -41177.582832 1.613045 7.021139 Fe''1.15Mg0.19Fe'''1.18Al0.14Cr0.00Ti0.34O4 0 12.4766 3.2938 42.897 37.8488 0 3.48379 0 0 0 0 0
500.00 1233.15 7.581420 15.016984 -40612.512204 1.592360 6.928700 Fe''1.17Mg0.18Fe'''1.17Al0.13Cr0.00Ti0.35O4 0 12.7219 3.1185 42.547 38.2818 0 3.33071 0 0 0 0 0
500.00 1223.15 7.479136 14.749108 -39984.856287 1.568510 6.822340 Fe''1.18Mg0.17Fe'''1.16Al0.13Cr0.00Ti0.36O4 0 12.967 2.95931 42.1855 38.6977 0 3.1905 0 0 0 0 0

clinopyroxene_0 thermodynamic data and composition:
Pressure Temperature mass S H V Cp structure formula SiO2 TiO2 Al2O3 Fe2O3 FeO MnO MgO CaO Na2O K2O P2O5 H2O
500.00 1413.15 1.200738 2.771153 -15337.281378 0.370316 1.419843 cpx Na0.01Ca0.79Fe''0.18Mg0.88Fe'''0.07Ti0.01Al0.20Si1.86O6 50.4044 0.5253 4.66394 2.41941 5.75468 0 16.0461 20.0301 0.156133 0 0 0
500.00 1403.15 5.645554 12.980754 -71913.899452 1.736567 6.658333 cpx Na0.01Ca0.79Fe''0.19Mg0.87Fe'''0.07Ti0.02Al0.22Si1.85O6 50.009 0.608077 4.96894 2.5764 6.04582 0 15.7282 19.8973 0.166334 0 0 0
500.00 1393.15 8.844482 20.260484 -112292.468846 2.713850 10.406352 cpx Na0.01Ca0.78Fe''0.20Mg0.86Fe'''0.07Ti0.02Al0.22Si1.84O6 49.768 0.687238 5.04162 2.68855 6.4355 0 15.5225 19.6827 0.173871 0 0 0
500.00 1383.15 11.559607 26.379652 -146258.554715 3.538033 13.567554 cpx Na0.01Ca0.77Fe''0.21Mg0.85Fe'''0.08Ti0.02Al0.22Si1.83O6 49.5311 0.771965 5.09429 2.79845 6.84192 0 15.3152 19.466 0.181112 0 0 0
500.00 1373.15 13.971056 31.758483 -176140.378214 4.264973 16.355451 cpx Na0.01Ca0.77Fe''0.23Mg0.84Fe'''0.08Ti0.02Al0.23Si1.83O6 49.2761 0.864811 5.15585 2.91272 7.25187 0 15.0895 19.2607 0.188452 0 0 0
500.00 1363.15 16.132212 36.524065 -202643.782741 4.911472 18.833816 cpx Na0.01Ca0.76Fe''0.24Mg0.82Fe'''0.08Ti0.03Al0.23Si1.82O6 49.0008 0.96745 5.22718 3.03227 7.66135 0 14.8427 19.0723 0.195949 0 0 0
500.00 1353.15 18.078162 40.760278 -226242.190480 5.488653 21.044551 cpx Na0.01Ca0.76Fe''0.25Mg0.81Fe'''0.09Ti0.03Al0.23Si1.82O6 48.7021 1.08211 5.30951 3.1581 8.06447 0 14.572 18.9081 0.203679 0 0 0
500.00 1343.15 21.951526 49.329537 -277002.176244 6.691299 25.632160 cpx Na0.01Ca0.76Fe''0.24Mg0.84Fe'''0.08Ti0.02Al0.21Si1.84O6 49.5573 0.823577 4.85151 2.69325 7.6869 0 15.1394 19.0499 0.198195 0 0 0
500.00 1333.15 22.747743 50.887818 -287248.251839 6.930306 26.519162 cpx Na0.01Ca0.76Fe''0.24Mg0.83Fe'''0.07Ti0.02Al0.21Si1.84O6 49.5763 0.837242 4.78727 2.65355 7.7146 0 15.0116 19.2165 0.20287 0 0 0
500.00 1323.15 23.275091 51.831450 -294146.833604 7.087479 27.091844 cpx Na0.01Ca0.77Fe''0.24Mg0.83Fe'''0.07Ti0.02Al0.21Si1.84O6 49.5952 0.852413 4.72846 2.61215 7.73006 0 14.893 19.3813 0.207437 0 0 0
500.00 1313.15 23.569145 52.244430 -297750.161556 7.171051 27.384085 cpx Na0.02Ca0.78Fe''0.25Mg0.82Fe'''0.07Ti0.02Al0.20Si1.85O6 49.6473 0.855279 4.59728 2.56823 7.89107 0 14.7537 19.4719 0.215227 0 0 0
500.00 1303.15 23.715712 52.323479 -299397.889924 7.208953 27.501507 cpx Na0.02Ca0.78Fe''0.25Mg0.81Fe'''0.07Ti0.02Al0.20Si1.85O6 49.7034 0.855964 4.45218 2.52275 8.08905 0 14.6058 19.5478 0.223007 0 0 0
500.00 1293.15 23.790661 52.240869 -300190.883746 7.225288 27.536008 cpx Na0.02Ca0.78Fe''0.26Mg0.80Fe'''0.07Ti0.02Al0.19Si1.85O6 49.7489 0.860153 4.32344 2.47672 8.26671 0 14.4592 19.6355 0.229379 0 0 0
500.00 1283.15 23.822430 52.061244 -300485.268833 7.228705 27.520930 cpx Na0.02Ca0.79Fe''0.26Mg0.80Fe'''0.07Ti0.02Al0.19Si1.86O6 49.7837 0.868119 4.21068 2.43058 8.42554 0 14.3145 19.7324 0.234465 0 0 0
500.00 1273.15 23.824440 51.815391 -300448.769596 7.223294 27.472117 cpx Na0.02Ca0.79Fe''0.27Mg0.79Fe'''0.07Ti0.02Al0.18Si1.86O6 49.8081 0.879982 4.11315 2.38463 8.56631 0 14.1725 19.8369 0.238442 0 0 0
500.00 1263.15 23.803687 51.519597 -300168.174688 7.211197 27.397909 cpx Na0.02Ca0.80Fe''0.27Mg0.78Fe'''0.07Ti0.03Al0.18Si1.86O6 49.8231 0.895734 4.0298 2.33902 8.68965 0 14.034 19.9472 0.241518 0 0 0
500.00 1253.15 23.764722 51.184539 -299698.882250 7.193806 27.303754 cpx Na0.02Ca0.80Fe''0.28Mg0.77Fe'''0.06Ti0.03Al0.17Si1.86O6 49.8296 0.91529 3.95936 2.29386 8.7963 0 13.8998 20.0618 0.243897 0 0 0
500.00 1243.15 23.711222 50.818770 -299084.601210 7.172239 27.194015 cpx Na0.02Ca0.81Fe''0.28Mg0.77Fe'''0.06Ti0.03Al0.17Si1.86O6 49.8287 0.938538 3.90053 2.24921 8.88723 0 13.7704 20.1796 0.245761 0 0 0
500.00 1233.15 23.646464 50.429773 -298363.390586 7.147482 27.072516 cpx Na0.02Ca0.81Fe''0.28Mg0.76Fe'''0.06Ti0.03Al0.17Si1.87O6 49.8211 0.965386 3.85211 2.20513 8.96358 0 13.6461 20.2993 0.247265 0 0 0
500.00 1223.15 23.571822 50.020662 -297543.235654 7.119881 26.940611 cpx Na0.02Ca0.82Fe''0.28Mg0.76Fe'''0.06Ti0.03Al0.17Si1.87O6 49.807 0.995974 3.81263 2.1617 9.02868 0 13.5258 20.4198 0.248503 0 0 0
