Title: Hr

System Thermodynamic Data:
Pressure Temperature mass F phi S H V dVdP*10^6 dVdT*10^6 Cp logfO2(absolute) logfO2-NNO rhol rhos viscosity aH2O chisqr
500.00 1523.15 98.097002 1.0000000000000000 1.000000 264.977718 -1166878.212230 36.274223 -202.180393 2354.470873 145.809560 -7.007 0.000 2.704317 0.000000 2.220 0 0.000
500.00 1513.15 98.097654 1.0000000000000000 1.000000 264.018498 -1168345.860831 36.251256 -202.401152 2354.616818 145.812902 -7.116 0.000 2.706048 0.000000 2.263 0 0.000
500.00 1503.15 98.098345 1.0000000000000000 1.000000 263.052937 -1169814.165661 36.228321 -202.623157 2354.771746 145.816449 -7.225 0.000 2.707781 0.000000 2.306 0 0.000
500.00 1493.15 98.099078 1.0000000000000000 1.000000 262.080949 -1171283.150956 36.205419 -202.846483 2354.935932 145.820209 -7.336 0.000 2.709514 0.000000 2.350 0 0.000
500.00 1483.15 98.099854 1.0000000000000000 1.000000 261.102444 -1172752.841977 36.182551 -203.071205 2355.109665 145.824187 -7.449 0.000 2.711248 0.000000 2.395 0 0.000
500.00 1473.15 98.100516 0.9948066868718164 0.994712 260.018852 -1174365.652334 36.151134 -202.328427 2349.446543 142.217722 -7.563 0.000 2.713880 2.665188 2.434 0 0.000
500.00 1463.15 98.100197 0.9580503221085044 0.957148 258.244921 -1176964.724862 36.066875 -195.618968 2308.504992 141.370523 -7.679 0.000 2.722516 2.662697 2.434 0 0.000
500.00 1453.15 98.098024 0.8947195108597211 0.894952 255.882090 -1180370.441403 35.883548 -184.694186 2235.811752 139.748865 -7.796 0.000 2.733079 2.739832 2.434 0 0.000
500.00 1443.15 98.090596 0.7529556709820359 0.759703 251.686691 -1186318.988946 35.379602 -162.274022 2067.824981 135.719950 -7.915 0.000 2.747895 2.850365 2.452 0 0.000
500.00 1433.15 98.084007 0.6412277241014518 0.650645 248.200590 -1191220.063726 34.974758 -144.377166 1935.398740 132.585869 -8.035 0.000 2.763830 2.880023 2.460 0 0.000
500.00 1423.15 98.077992 0.5501714733239884 0.560112 245.209053 -1195389.909064 34.640347 -129.560896 1827.200696 130.070502 -8.157 0.000 2.781072 2.895307 2.459 0 0.000
500.00 1413.15 98.072403 0.4735474060351589 0.482849 242.561070 -1199050.006114 34.354864 -116.923967 1735.645491 127.982378 -8.281 0.000 2.799693 2.906035 2.447 0 0.000
500.00 1403.15 98.067124 0.4074447857705523 0.415494 240.161608 -1202339.106095 34.104920 -105.906151 1655.925737 126.200554 -8.407 0.000 2.819750 2.915050 2.426 0 0.000
500.00 1393.15 98.062055 0.3493573709640260 0.355867 237.949225 -1205346.358822 33.882036 -96.154323 1584.925441 124.646580 -8.535 0.000 2.841276 2.923470 2.394 0 0.000
500.00 1383.15 98.057096 0.2977302001881158 0.302628 235.884968 -1208127.853275 33.681065 -87.458158 1520.678575 123.269934 -8.664 0.000 2.864221 2.931790 2.353 0 0.000
500.00 1373.15 98.052149 0.2517340293615007 0.255104 233.946780 -1210715.273588 33.499392 -79.719173 1462.101563 122.040392 -8.795 0.000 2.888317 2.940225 2.301 0 0.000
500.00 1363.15 98.047152 0.2111114711857361 0.213166 232.125877 -1213122.094796 33.336368 -72.928104 1408.808982 120.943057 -8.929 0.000 2.912805 2.948825 2.241 0 0.000
500.00 1353.15 98.042145 0.1759470159629413 0.177006 230.421779 -1215351.992322 33.192443 -67.125215 1360.825571 119.972479 -9.064 0.000 2.936081 2.957549 2.179 0 0.000
500.00 1343.15 98.169565 0.1319074993173735 0.151235 228.140526 -1220667.677484 33.237702 -67.635239 1161.157146 117.875339 -9.201 0.000 2.576109 3.020816 4.609 0 0.000

Title: Hr

Liquid Composition:
Pressure Temperature mass SiO2 TiO2 Al2O3 Fe2O3 FeO MnO MgO CaO Na2O K2O P2O5 H2O 
500.00 1523.15 98.097002 50.2892 1.38434 14.9653 2.53252 9.97327 0.192564 7.14089 10.852 2.17581 0.33528 0.158822 0
500.00 1513.15 98.097654 50.2889 1.38433 14.9652 2.53913 9.96724 0.192563 7.14084 10.8519 2.17579 0.335278 0.158821 0
500.00 1503.15 98.098345 50.2885 1.38433 14.9651 2.54615 9.96084 0.192562 7.14079 10.8519 2.17578 0.335276 0.15882 0
500.00 1493.15 98.099078 50.2881 1.38431 14.965 2.55358 9.95406 0.19256 7.14074 10.8518 2.17576 0.335273 0.158819 0
500.00 1483.15 98.099854 50.2877 1.3843 14.9649 2.56145 9.94688 0.192559 7.14068 10.8517 2.17574 0.335271 0.158818 0
500.00 1473.15 97.591050 50.2944 1.39152 14.8718 2.58159 9.99264 0.193563 7.17791 10.8268 2.17337 0.336757 0.159646 0
500.00 1463.15 93.984926 50.3298 1.44491 14.1967 2.67725 10.3791 0.20099 7.45332 10.6564 2.14831 0.347445 0.165771 0
500.00 1453.15 87.770216 50.2962 1.54455 13.4853 2.81201 10.9149 0.215221 7.53023 10.5209 2.13511 0.368096 0.177509 0
500.00 1443.15 73.857871 50.0792 1.8115 12.8841 3.04841 11.9957 0.255761 6.9232 10.1612 2.20252 0.427492 0.210946 0
500.00 1433.15 62.894184 49.7883 2.09609 12.3258 3.26515 13.0378 0.300346 6.38633 9.84003 2.22464 0.487721 0.247718 0
500.00 1423.15 53.959714 49.4207 2.40423 11.7854 3.46563 14.0357 0.350076 5.91405 9.58591 2.20125 0.548249 0.288734 0
500.00 1413.15 46.441932 48.9735 2.74449 11.2619 3.65111 14.9898 0.406744 5.49678 9.39675 2.13468 0.608796 0.335473 0
500.00 1403.15 39.956938 48.4423 3.1279 10.755 3.82198 15.8946 0.472759 5.12703 9.27287 2.02686 0.668792 0.38992 0
500.00 1393.15 34.258702 47.8218 3.56879 10.2643 3.97794 16.7381 0.551393 4.79884 9.21692 1.87977 0.727314 0.454775 0
500.00 1383.15 29.194559 47.1063 4.08528 9.79067 4.11791 17.4995 0.647038 4.50693 9.23322 1.69639 0.783059 0.533661 0
500.00 1373.15 24.683063 46.2948 4.69817 9.33692 4.23976 18.1451 0.765302 4.24572 9.3258 1.4827 0.834507 0.631202 0
500.00 1363.15 20.698878 45.4002 5.42609 8.91157 4.33961 18.624 0.91261 4.00802 9.49413 1.25047 0.88067 0.752698 0
500.00 1353.15 17.250223 44.4639 6.27442 8.53277 4.41101 18.8664 1.09506 3.7842 9.72762 1.01866 0.922756 0.903177 0
500.00 1343.15 12.949302 61.0664 2.70687 11.8133 1.7781 5.96838 1.45877 2.15773 8.30448 1.83239 1.71048 1.20315 0
Title: Hr

liquid_0 thermodynamic data and composition:
Pressure Temperature mass S H V Cp viscosity SiO2 TiO2 Al2O3 Fe2O3 FeO MnO MgO CaO Na2O K2O P2O5 H2O Mg#
500.00 1523.15 98.097002 264.977718 -1166878.212230 36.274223 145.809560 2.220 50.2892 1.38434 14.9653 2.53252 9.97327 0.192564 7.14089 10.852 2.17581 0.33528 0.158822 0 56.1
500.00 1513.15 98.097654 264.018498 -1168345.860831 36.251256 145.812902 2.263 50.2889 1.38433 14.9652 2.53913 9.96724 0.192563 7.14084 10.8519 2.17579 0.335278 0.158821 0 56.1
500.00 1503.15 98.098345 263.052937 -1169814.165661 36.228321 145.816449 2.306 50.2885 1.38433 14.9651 2.54615 9.96084 0.192562 7.14079 10.8519 2.17578 0.335276 0.15882 0 56.1
500.00 1493.15 98.099078 262.080949 -1171283.150956 36.205419 145.820209 2.350 50.2881 1.38431 14.965 2.55358 9.95406 0.19256 7.14074 10.8518 2.17576 0.335273 0.158819 0 56.1
500.00 1483.15 98.099854 261.102444 -1172752.841977 36.182551 145.824187 2.395 50.2877 1.3843 14.9649 2.56145 9.94688 0.192559 7.14068 10.8517 2.17574 0.335271 0.158818 0 56.1
500.00 1473.15 97.591050 258.770651 -1167341.656194 35.959978 141.589479 2.434 50.2944 1.39152 14.8718 2.58159 9.99264 0.193563 7.17791 10.8268 2.17337 0.336757 0.159646 0 56.1
500.00 1463.15 93.984926 248.184935 -1120192.538511 34.521348 136.299461 2.434 50.3298 1.44491 14.1967 2.67725 10.3791 0.20099 7.45332 10.6564 2.14831 0.347445 0.165771 0 56.1
500.00 1453.15 87.770216 230.747331 -1040155.653421 32.114044 127.036756 2.434 50.2962 1.54455 13.4853 2.81201 10.9149 0.215221 7.53023 10.5209 2.13511 0.368096 0.177509 0 55.2
500.00 1443.15 73.857871 193.199246 -864400.099000 26.877979 106.071474 2.452 50.0792 1.8115 12.8841 3.04841 11.9957 0.255761 6.9232 10.1612 2.20252 0.427492 0.210946 0 50.7
500.00 1433.15 62.894184 163.665313 -727218.828533 22.756166 89.686071 2.460 49.7883 2.09609 12.3258 3.26515 13.0378 0.300346 6.38633 9.84003 2.22464 0.487721 0.247718 0 46.6
500.00 1423.15 53.959714 139.657531 -616602.252433 19.402490 76.453511 2.459 49.4207 2.40423 11.7854 3.46563 14.0357 0.350076 5.91405 9.58591 2.20125 0.548249 0.288734 0 42.9
500.00 1413.15 46.441932 119.526706 -524627.775525 16.588226 65.422771 2.447 48.9735 2.74449 11.2619 3.65111 14.9898 0.406744 5.49678 9.39675 2.13468 0.608796 0.335473 0 39.5
500.00 1403.15 39.956938 102.239402 -446338.948472 14.170381 55.997658 2.426 48.4423 3.1279 10.755 3.82198 15.8946 0.472759 5.12703 9.27287 2.02686 0.668792 0.38992 0 36.5
500.00 1393.15 34.258702 87.132584 -378551.811113 12.057506 47.794643 2.394 47.8218 3.56879 10.2643 3.97794 16.7381 0.551393 4.79884 9.21692 1.87977 0.727314 0.454775 0 33.8
500.00 1383.15 29.194559 73.792329 -319259.909092 10.192845 40.572212 2.353 47.1063 4.08528 9.79067 4.11791 17.4995 0.647038 4.50693 9.23322 1.69639 0.783059 0.533661 0 31.5
500.00 1373.15 24.683063 61.992210 -267327.215259 8.545829 34.194707 2.301 46.2948 4.69817 9.33692 4.23976 18.1451 0.765302 4.24572 9.3258 1.4827 0.834507 0.631202 0 29.4
500.00 1363.15 20.698878 51.650650 -222278.349522 7.106168 28.607885 2.241 45.4002 5.42609 8.91157 4.33961 18.624 0.91261 4.00802 9.49413 1.25047 0.88067 0.752698 0 27.7
500.00 1353.15 17.250223 42.770042 -184018.582560 5.875255 23.805746 2.179 44.4639 6.27442 8.53277 4.41101 18.8664 1.09506 3.7842 9.72762 1.01866 0.922756 0.903177 0 26.3
500.00 1343.15 12.949302 32.363123 -161355.472374 5.026691 17.700077 4.609 61.0664 2.70687 11.8133 1.7781 5.96838 1.45877 2.15773 8.30448 1.83239 1.71048 1.20315 0 39.2

clinopyroxene_1 thermodynamic data and composition:
Pressure Temperature mass S H V Cp structure formula SiO2 TiO2 Al2O3 Fe2O3 FeO MnO MgO CaO Na2O K2O P2O5 H2O
500.00 1443.15 2.910382 6.829458 -36625.315727 0.896375 3.467972 cpx Na0.01Ca0.68Fe''0.24Mg0.95Fe'''0.06Ti0.01Al0.17Si1.88O6 51.055 0.349743 3.9809 2.25815 7.70616 0 17.307 17.1679 0.175039 0 0 0
500.00 1433.15 5.403651 12.619175 -67647.553686 1.658856 6.411130 cpx Na0.01Ca0.68Fe''0.25Mg0.92Fe'''0.07Ti0.01Al0.17Si1.87O6 50.7459 0.415582 4.00513 2.43044 8.21185 0 16.7668 17.2366 0.187761 0 0 0
500.00 1423.15 7.380209 17.150359 -91921.152299 2.258289 8.717709 cpx Na0.01Ca0.69Fe''0.27Mg0.90Fe'''0.07Ti0.01Al0.18Si1.87O6 50.4273 0.488059 4.03458 2.60547 8.69251 0 16.2171 17.3348 0.20019 0 0 0
500.00 1413.15 9.014196 20.842551 -111710.134770 2.749349 10.600245 cpx Na0.02Ca0.70Fe''0.28Mg0.87Fe'''0.08Ti0.02Al0.18Si1.86O6 50.0983 0.568336 4.06891 2.78348 9.15186 0 15.6604 17.4564 0.212274 0 0 0
500.00 1403.15 10.409196 23.945462 -128362.199983 3.164560 12.185330 cpx Na0.02Ca0.70Fe''0.30Mg0.84Fe'''0.08Ti0.02Al0.18Si1.86O6 49.7588 0.657733 4.10775 2.9636 9.59156 0 15.1002 17.5965 0.223887 0 0 0
500.00 1393.15 11.627473 26.609764 -142694.542703 3.523546 13.549534 cpx Na0.02Ca0.71Fe''0.31Mg0.81Fe'''0.09Ti0.02Al0.18Si1.85O6 49.4094 0.757757 4.15079 3.14359 10.0109 0 14.5411 17.7516 0.234823 0 0 0
500.00 1383.15 12.705420 28.924602 -155199.180027 3.837927 14.738479 cpx Na0.02Ca0.72Fe''0.33Mg0.78Fe'''0.09Ti0.02Al0.19Si1.84O6 49.052 0.870117 4.19787 3.31963 10.4065 0 13.9893 17.9198 0.244804 0 0 0
500.00 1373.15 13.662854 30.940177 -166166.955265 4.114272 15.778315 cpx Na0.02Ca0.73Fe''0.34Mg0.76Fe'''0.10Ti0.03Al0.19Si1.84O6 48.6893 0.996872 4.2495 3.48639 10.7709 0 13.453 18.1004 0.253517 0 0 0
500.00 1363.15 14.510787 32.686220 -175787.074193 4.356503 16.685029 cpx Na0.02Ca0.74Fe''0.35Mg0.73Fe'''0.10Ti0.03Al0.19Si1.83O6 48.3233 1.14097 4.30799 3.63832 11.0929 0 12.9414 18.2944 0.260736 0 0 0
500.00 1353.15 15.259993 34.191543 -184247.436235 4.568407 17.474103 cpx Na0.02Ca0.75Fe''0.36Mg0.71Fe'''0.11Ti0.04Al0.20Si1.82O6 47.951 1.30752 4.37928 3.77277 11.3568 0 12.4614 18.5046 0.266559 0 0 0
500.00 1343.15 19.734682 44.142455 -241650.255988 5.952259 22.770525 cpx Na0.02Ca0.74Fe''0.35Mg0.77Fe'''0.08Ti0.02Al0.16Si1.87O6 49.525 0.799017 3.65107 2.78211 10.9703 0 13.6914 18.3555 0.225507 0 0 0

feldspar_0 thermodynamic data and composition:
Pressure Temperature mass S H V Cp formula SiO2 TiO2 Al2O3 Fe2O3 FeO MnO MgO CaO Na2O K2O P2O5 H2O
500.00 1473.15 0.509467 1.248201 -7023.996140 0.191156 0.628244 K0.00Na0.23Ca0.76Al1.76Si2.24O8 48.9388 0 32.7681 0 0 0 0 15.6148 2.62815 0.0502035 0 0
500.00 1463.15 4.115272 10.059987 -56772.186350 1.545527 5.071062 K0.00Na0.25Ca0.75Al1.75Si2.25O8 49.3235 0 32.5073 0 0 0 0 15.3099 2.802 0.0572001 0 0
500.00 1453.15 8.663141 21.131788 -119582.123672 3.256923 10.667614 K0.00Na0.26Ca0.73Al1.73Si2.27O8 49.7458 0 32.2207 0 0 0 0 14.9749 2.99144 0.0671948 0 0
500.00 1443.15 15.264744 37.173356 -210799.823100 5.747953 18.784834 K0.01Na0.29Ca0.71Al1.71Si2.29O8 50.3501 0 31.8094 0 0 0 0 14.4945 3.25977 0.086237 0 0
500.00 1433.15 20.414904 49.625563 -282047.629330 7.698742 25.107416 K0.01Na0.31Ca0.68Al1.68Si2.32O8 50.9238 0 31.4179 0 0 0 0 14.0377 3.51205 0.10851 0 0
500.00 1423.15 24.599876 59.680400 -340023.369211 9.289655 30.233513 K0.01Na0.33Ca0.66Al1.66Si2.34O8 51.4575 0 31.0526 0 0 0 0 13.6118 3.74365 0.134416 0 0
500.00 1413.15 28.082808 67.984067 -388349.321371 10.618120 34.488934 K0.01Na0.35Ca0.64Al1.64Si2.36O8 51.951 0 30.7135 0 0 0 0 13.2169 3.95428 0.164383 0 0
500.00 1403.15 31.027898 74.940172 -429284.691804 11.744802 38.076469 K0.01Na0.36Ca0.62Al1.62Si2.38O8 52.4035 0 30.4009 0 0 0 0 12.8535 4.14334 0.198761 0 0
500.00 1393.15 33.540407 80.807816 -464277.178577 12.708430 41.126166 K0.01Na0.38Ca0.61Al1.61Si2.39O8 52.8131 0 30.1163 0 0 0 0 12.5231 4.30985 0.237718 0 0
500.00 1383.15 35.686395 85.750001 -494235.266199 13.533067 43.719740 K0.02Na0.39Ca0.59Al1.59Si2.41O8 53.176 0 29.8621 0 0 0 0 12.2286 4.45221 0.28103 0 0
500.00 1373.15 37.502718 89.858372 -519666.381296 14.231776 45.903008 K0.02Na0.40Ca0.58Al1.58Si2.42O8 53.4867 0 29.6423 0 0 0 0 11.9748 4.56837 0.327758 0 0
500.00 1363.15 39.003993 93.170960 -540773.133598 14.809246 47.694642 K0.02Na0.41Ca0.57Al1.57Si2.43O8 53.7387 0 29.4617 0 0 0 0 11.767 4.6566 0.375888 0 0
500.00 1353.15 40.192779 95.698140 -557592.583147 15.265791 49.098858 K0.02Na0.41Ca0.56Al1.56Si2.44O8 53.9287 0 29.3233 0 0 0 0 11.6085 4.71715 0.422271 0 0
500.00 1343.15 39.624310 93.891027 -550600.782061 15.028433 48.362073 K0.02Na0.41Ca0.58Al1.58Si2.42O8 53.5597 0 29.6059 0 0 0 0 11.9277 4.6356 0.271058 0 0

clinopyroxene_0 thermodynamic data and composition:
Pressure Temperature mass S H V Cp structure formula SiO2 TiO2 Al2O3 Fe2O3 FeO MnO MgO CaO Na2O K2O P2O5 H2O
500.00 1453.15 1.664667 4.002971 -20632.664309 0.512581 2.044495 cpx Na0.01Ca0.27Fe''0.35Mg1.28Fe'''0.04Ti0.00Al0.14Si1.91O6 52.7187 0.141143 3.18991 1.58655 11.6686 0 23.7707 6.84909 0.075279 0 0 0
500.00 1443.15 6.057599 14.484631 -74493.751119 1.857295 7.395670 cpx Na0.01Ca0.28Fe''0.38Mg1.24Fe'''0.05Ti0.00Al0.14Si1.91O6 52.3818 0.163257 3.18762 1.70312 12.4966 0 22.9129 7.07247 0.0821483 0 0 0
500.00 1433.15 9.371267 22.290539 -114306.052178 2.860993 11.381252 cpx Na0.01Ca0.28Fe''0.41Mg1.21Fe'''0.05Ti0.01Al0.14Si1.90O6 52.075 0.183775 3.1789 1.8107 13.407 0 22.2206 7.03753 0.0864587 0 0 0
500.00 1423.15 12.138194 28.720763 -146843.135120 3.689913 14.665768 cpx Na0.01Ca0.27Fe''0.44Mg1.18Fe'''0.05Ti0.01Al0.14Si1.90O6 51.777 0.203202 3.16745 1.91333 14.327 0 21.5595 6.96259 0.0898274 0 0 0
500.00 1413.15 14.533466 34.207747 -174362.774448 4.399169 17.470428 cpx Na0.01Ca0.27Fe''0.47Mg1.15Fe'''0.06Ti0.01Al0.14Si1.90O6 51.4861 0.221398 3.15311 2.01077 15.2607 0 20.9209 6.85484 0.0922582 0 0 0
500.00 1403.15 16.673092 39.036572 -198353.265836 5.025176 19.941097 cpx Na0.01Ca0.27Fe''0.50Mg1.12Fe'''0.06Ti0.01Al0.14Si1.90O6 51.2018 0.238247 3.13549 2.10198 16.2084 0 20.2997 6.72066 0.0937463 0 0 0
500.00 1393.15 18.635474 43.399062 -219822.826429 5.592555 22.176236 cpx Na0.01Ca0.26Fe''0.53Mg1.09Fe'''0.06Ti0.01Al0.14Si1.90O6 50.9259 0.253656 3.11398 2.18506 17.1665 0 19.6948 6.56574 0.094279 0 0 0
500.00 1383.15 20.470722 47.418036 -239433.497958 6.117226 24.239503 cpx Na0.01Ca0.26Fe''0.57Mg1.07Fe'''0.06Ti0.01Al0.14Si1.90O6 50.6619 0.26755 3.08778 2.25703 18.1273 0 19.1094 6.39524 0.0938409 0 0 0
500.00 1373.15 22.203515 51.156022 -257554.721768 6.607514 26.164362 cpx Na0.01Ca0.25Fe''0.60Mg1.04Fe'''0.07Ti0.01Al0.14Si1.90O6 50.415 0.279893 3.05616 2.31401 19.0777 0 18.5509 6.2138 0.0924307 0 0 0
500.00 1363.15 23.833493 54.618046 -274283.537484 7.064451 27.955501 cpx Na0.01Ca0.24Fe''0.63Mg1.01Fe'''0.07Ti0.01Al0.13Si1.89O6 50.1921 0.290756 3.01896 2.35197 19.9995 0 18.0313 6.0253 0.0901005 0 0 0
500.00 1353.15 25.339150 57.762054 -289493.390381 7.482991 29.593773 cpx Na0.01Ca0.24Fe''0.66Mg0.99Fe'''0.07Ti0.01Al0.13Si1.89O6 49.9989 0.30041 2.97737 2.36845 20.8713 0 17.5642 5.8324 0.0870096 0 0 0
500.00 1343.15 20.492479 46.628223 -237846.859204 6.090017 24.081394 cpx Na0.01Ca0.24Fe''0.62Mg1.04Fe'''0.05Ti0.01Al0.11Si1.91O6 50.8882 0.206347 2.58629 1.81719 19.8373 0 18.6272 5.96047 0.0770512 0 0 0

spinel_0 thermodynamic data and composition:
Pressure Temperature mass S H V Cp formula SiO2 TiO2 Al2O3 Fe2O3 FeO MnO MgO CaO Na2O K2O P2O5 H2O
500.00 1343.15 5.368792 11.115697 -29214.307856 1.140302 4.961270 Fe''1.20Mg0.21Fe'''1.05Al0.13Cr0.00Ti0.41O4 0 15.0408 3.15 38.3122 39.6515 0 3.84545 0 0 0 0 0

Title: Hr

Phase Masses:
Pressure Temperature mass liquid_0 clinopyroxene_0 clinopyroxene_1 feldspar_0 spinel_0 
500.00 1523.15 98.097002 98.097002 0.000000 0.000000 0.000000 0.000000 
500.00 1513.15 98.097654 98.097654 0.000000 0.000000 0.000000 0.000000 
500.00 1503.15 98.098345 98.098345 0.000000 0.000000 0.000000 0.000000 
500.00 1493.15 98.099078 98.099078 0.000000 0.000000 0.000000 0.000000 
500.00 1483.15 98.099854 98.099854 0.000000 0.000000 0.000000 0.000000 
500.00 1473.15 98.100516 97.591050 0.000000 0.000000 0.509467 0.000000 
500.00 1463.15 98.100197 93.984926 0.000000 0.000000 4.115272 0.000000 
500.00 1453.15 98.098024 87.770216 1.664667 0.000000 8.663141 0.000000 
500.00 1443.15 98.090596 73.857871 6.057599 2.910382 15.264744 0.000000 
500.00 1433.15 98.084007 62.894184 9.371267 5.403651 20.414904 0.000000 
500.00 1423.15 98.077992 53.959714 12.138194 7.380209 24.599876 0.000000 
500.00 1413.15 98.072403 46.441932 14.533466 9.014196 28.082808 0.000000 
500.00 1403.15 98.067124 39.956938 16.673092 10.409196 31.027898 0.000000 
500.00 1393.15 98.062055 34.258702 18.635474 11.627473 33.540407 0.000000 
500.00 1383.15 98.057096 29.194559 20.470722 12.705420 35.686395 0.000000 
500.00 1373.15 98.052149 24.683063 22.203515 13.662854 37.502718 0.000000 
500.00 1363.15 98.047152 20.698878 23.833493 14.510787 39.003993 0.000000 
500.00 1353.15 98.042145 17.250223 25.339150 15.259993 40.192779 0.000000 
500.00 1343.15 98.169565 12.949302 20.492479 19.734682 39.624310 5.368792 

Title: Hr

Phase Volumes:
Pressure Temperature mass V liquid_0 clinopyroxene_0 clinopyroxene_1 feldspar_0 spinel_0 
500.00 1523.15 98.097002 36.274223 36.274223 0.000000 0.000000 0.000000 0.000000 
500.00 1513.15 98.097654 36.251256 36.251256 0.000000 0.000000 0.000000 0.000000 
500.00 1503.15 98.098345 36.228321 36.228321 0.000000 0.000000 0.000000 0.000000 
500.00 1493.15 98.099078 36.205419 36.205419 0.000000 0.000000 0.000000 0.000000 
500.00 1483.15 98.099854 36.182551 36.182551 0.000000 0.000000 0.000000 0.000000 
500.00 1473.15 98.100516 36.151134 35.959978 0.000000 0.000000 0.191156 0.000000 
500.00 1463.15 98.100197 36.066875 34.521348 0.000000 0.000000 1.545527 0.000000 
500.00 1453.15 98.098024 35.883548 32.114044 0.512581 0.000000 3.256923 0.000000 
500.00 1443.15 98.090596 35.379602 26.877979 1.857295 0.896375 5.747953 0.000000 
500.00 1433.15 98.084007 34.974758 22.756166 2.860993 1.658856 7.698742 0.000000 
500.00 1423.15 98.077992 34.640347 19.402490 3.689913 2.258289 9.289655 0.000000 
500.00 1413.15 98.072403 34.354864 16.588226 4.399169 2.749349 10.618120 0.000000 
500.00 1403.15 98.067124 34.104920 14.170381 5.025176 3.164560 11.744802 0.000000 
500.00 1393.15 98.062055 33.882036 12.057506 5.592555 3.523546 12.708430 0.000000 
500.00 1383.15 98.057096 33.681065 10.192845 6.117226 3.837927 13.533067 0.000000 
500.00 1373.15 98.052149 33.499392 8.545829 6.607514 4.114272 14.231776 0.000000 
500.00 1363.15 98.047152 33.336368 7.106168 7.064451 4.356503 14.809246 0.000000 
500.00 1353.15 98.042145 33.192443 5.875255 7.482991 4.568407 15.265791 0.000000 
500.00 1343.15 98.169565 33.237702 5.026691 6.090017 5.952259 15.028433 1.140302 

Title: Hr

Solid Composition:
Pressure Temperature mass SiO2 TiO2 Al2O3 Fe2O3 FeO MnO MgO CaO Na2O K2O P2O5 H2O 
500.00 1523.15 0.000000 ---
500.00 1513.15 0.000000 ---
500.00 1503.15 0.000000 ---
500.00 1493.15 0.000000 ---
500.00 1483.15 0.000000 ---
500.00 1473.15 0.509467 48.9388 0 32.7681 0 0 0 0 15.6148 2.62815 0.0502035 0 0
500.00 1463.15 4.115272 49.3235 0 32.5073 0 0 0 0 15.3099 2.802 0.0572001 0 0
500.00 1453.15 10.327808 50.225 0.0227498 27.5414 0.255725 1.88079 0 3.83143 13.6652 2.52141 0.0563642 0 0
500.00 1443.15 24.232726 50.9426 0.0828151 21.3124 0.696945 4.04937 0 7.80629 12.9603 2.09496 0.0543226 0 0
500.00 1433.15 35.189822 51.2031 0.112756 19.6883 0.855413 4.83137 0 8.49215 12.6647 2.08933 0.0629504 0 0
500.00 1423.15 44.118279 51.3731 0.13755 18.861 0.962262 5.39588 0 8.64448 12.4052 2.14562 0.0749492 0 0
500.00 1413.15 51.630471 51.4967 0.161547 18.3036 1.05198 5.89356 0 8.62319 12.1662 2.21384 0.089411 0 0
500.00 1403.15 58.110185 51.585 0.186177 17.868 1.13397 6.36866 0 8.5293 11.9434 2.27934 0.106128 0 0
500.00 1393.15 63.803353 51.6416 0.21218 17.4976 1.21109 6.83833 0 8.40235 11.7359 2.33595 0.124965 0 0
500.00 1383.15 68.862537 51.6677 0.240075 17.1678 1.28343 7.30874 0 8.26171 11.5446 2.38032 0.145637 0 0
500.00 1373.15 73.369086 51.6638 0.270342 16.868 1.34952 7.77923 0 8.11926 11.3721 2.41031 0.167534 0 0
500.00 1363.15 77.348273 51.6299 0.30364 16.5949 1.40728 8.24355 0 7.98387 11.2224 2.42483 0.189547 0 0
500.00 1353.15 80.791922 51.5671 0.341183 16.3489 1.45543 8.69105 0 7.86244 11.0995 2.42435 0.210074 0 0
500.00 1343.15 85.220263 48.6088 1.18221 15.4315 3.49486 9.80861 0 7.89201 11.2299 2.22613 0.126032 0 0
Title: Hr

Bulk Composition:
Pressure Temperature mass SiO2 TiO2 Al2O3 Fe2O3 FeO MnO MgO CaO Na2O K2O P2O5 H2O 
500.00 1523.15 98.097002 50.2892 1.38434 14.9653 2.53252 9.97327 0.192564 7.14089 10.852 2.17581 0.33528 0.158822 0
500.00 1513.15 98.097654 50.2889 1.38433 14.9652 2.53913 9.96724 0.192563 7.14084 10.8519 2.17579 0.335278 0.158821 0
500.00 1503.15 98.098345 50.2885 1.38433 14.9651 2.54615 9.96084 0.192562 7.14079 10.8519 2.17578 0.335276 0.15882 0
500.00 1493.15 98.099078 50.2881 1.38431 14.965 2.55358 9.95406 0.19256 7.14074 10.8518 2.17576 0.335273 0.158819 0
500.00 1483.15 98.099854 50.2877 1.3843 14.9649 2.56145 9.94688 0.192559 7.14068 10.8517 2.17574 0.335271 0.158818 0
500.00 1473.15 98.100516 50.2874 1.38429 14.9648 2.56818 9.94074 0.192558 7.14064 10.8516 2.17573 0.335268 0.158817 0
500.00 1463.15 98.100197 50.2876 1.3843 14.9648 2.56494 9.9437 0.192558 7.14066 10.8517 2.17573 0.335269 0.158817 0
500.00 1453.15 98.098024 50.2887 1.38433 14.9651 2.54288 9.96382 0.192562 7.14082 10.8519 2.17578 0.335277 0.158821 0
500.00 1443.15 98.090596 50.2925 1.38443 14.9663 2.4675 10.0326 0.192577 7.14136 10.8527 2.17595 0.335302 0.158833 0
500.00 1433.15 98.084007 50.2959 1.38453 14.9673 2.4006 10.0936 0.19259 7.14184 10.8535 2.17609 0.335325 0.158843 0
500.00 1423.15 98.077992 50.2989 1.38461 14.9682 2.33955 10.1493 0.192602 7.14228 10.8541 2.17623 0.335345 0.158853 0
500.00 1413.15 98.072403 50.3018 1.38469 14.969 2.28279 10.2011 0.192613 7.14268 10.8547 2.17635 0.335364 0.158862 0
500.00 1403.15 98.067124 50.3045 1.38477 14.9698 2.22918 10.2499 0.192623 7.14307 10.8553 2.17647 0.335383 0.158871 0
500.00 1393.15 98.062055 50.3071 1.38484 14.9706 2.17771 10.2969 0.192633 7.14344 10.8559 2.17658 0.3354 0.158879 0
500.00 1383.15 98.057096 50.3097 1.38491 14.9714 2.12734 10.3428 0.192643 7.1438 10.8564 2.17669 0.335417 0.158887 0
500.00 1373.15 98.052149 50.3122 1.38498 14.9721 2.07709 10.3887 0.192653 7.14416 10.857 2.1768 0.335434 0.158895 0
500.00 1363.15 98.047152 50.3148 1.38505 14.9729 2.02633 10.435 0.192662 7.14452 10.8575 2.17691 0.335451 0.158903 0
500.00 1353.15 98.042145 50.3173 1.38512 14.9737 1.97546 10.4814 0.192672 7.14489 10.8581 2.17702 0.335468 0.158911 0
500.00 1343.15 98.169565 50.252 1.38332 14.9542 3.26841 9.30205 0.192422 7.13561 10.844 2.1742 0.335033 0.158705 0
