Title: Hr

liquid_0 thermodynamic data and composition:
Pressure Temperature mass S H V Cp viscosity SiO2 TiO2 Al2O3 Fe2O3 FeO MnO MgO CaO Na2O K2O P2O5 H2O Mg#
500.00 1523.15 98.097002 264.977718 -1166878.212230 36.274223 145.809560 2.220 50.2892 1.38434 14.9653 2.53252 9.97327 0.192564 7.14089 10.852 2.17581 0.33528 0.158822 0 56.1
500.00 1513.15 98.097654 264.018498 -1168345.860831 36.251256 145.812902 2.263 50.2889 1.38433 14.9652 2.53913 9.96724 0.192563 7.14084 10.8519 2.17579 0.335278 0.158821 0 56.1
500.00 1503.15 98.098345 263.052937 -1169814.165661 36.228321 145.816449 2.306 50.2885 1.38433 14.9651 2.54615 9.96084 0.192562 7.14079 10.8519 2.17578 0.335276 0.15882 0 56.1
500.00 1493.15 98.099078 262.080949 -1171283.150956 36.205419 145.820209 2.350 50.2881 1.38431 14.965 2.55358 9.95406 0.19256 7.14074 10.8518 2.17576 0.335273 0.158819 0 56.1
500.00 1483.15 98.099854 261.102444 -1172752.841977 36.182551 145.824187 2.395 50.2877 1.3843 14.9649 2.56145 9.94688 0.192559 7.14068 10.8517 2.17574 0.335271 0.158818 0 56.1
500.00 1473.15 97.591050 258.770651 -1167341.656194 35.959978 141.589479 2.434 50.2944 1.39152 14.8718 2.58159 9.99264 0.193563 7.17791 10.8268 2.17337 0.336757 0.159646 0 56.1
500.00 1463.15 93.984926 248.184935 -1120192.538511 34.521348 136.299461 2.434 50.3298 1.44491 14.1967 2.67725 10.3791 0.20099 7.45332 10.6564 2.14831 0.347445 0.165771 0 56.1
500.00 1453.15 87.770216 230.747331 -1040155.653421 32.114044 127.036756 2.434 50.2962 1.54455 13.4853 2.81201 10.9149 0.215221 7.53023 10.5209 2.13511 0.368096 0.177509 0 55.2
500.00 1443.15 73.857871 193.199246 -864400.099000 26.877979 106.071474 2.452 50.0792 1.8115 12.8841 3.04841 11.9957 0.255761 6.9232 10.1612 2.20252 0.427492 0.210946 0 50.7
500.00 1433.15 62.894184 163.665313 -727218.828533 22.756166 89.686071 2.460 49.7883 2.09609 12.3258 3.26515 13.0378 0.300346 6.38633 9.84003 2.22464 0.487721 0.247718 0 46.6
500.00 1423.15 53.959714 139.657531 -616602.252433 19.402490 76.453511 2.459 49.4207 2.40423 11.7854 3.46563 14.0357 0.350076 5.91405 9.58591 2.20125 0.548249 0.288734 0 42.9
500.00 1413.15 46.441932 119.526706 -524627.775525 16.588226 65.422771 2.447 48.9735 2.74449 11.2619 3.65111 14.9898 0.406744 5.49678 9.39675 2.13468 0.608796 0.335473 0 39.5
500.00 1403.15 39.956938 102.239402 -446338.948472 14.170381 55.997658 2.426 48.4423 3.1279 10.755 3.82198 15.8946 0.472759 5.12703 9.27287 2.02686 0.668792 0.38992 0 36.5
500.00 1393.15 34.258702 87.132584 -378551.811113 12.057506 47.794643 2.394 47.8218 3.56879 10.2643 3.97794 16.7381 0.551393 4.79884 9.21692 1.87977 0.727314 0.454775 0 33.8
500.00 1383.15 29.194559 73.792329 -319259.909092 10.192845 40.572212 2.353 47.1063 4.08528 9.79067 4.11791 17.4995 0.647038 4.50693 9.23322 1.69639 0.783059 0.533661 0 31.5
500.00 1373.15 24.683063 61.992210 -267327.215259 8.545829 34.194707 2.301 46.2948 4.69817 9.33692 4.23976 18.1451 0.765302 4.24572 9.3258 1.4827 0.834507 0.631202 0 29.4
500.00 1363.15 20.698878 51.650650 -222278.349522 7.106168 28.607885 2.241 45.4002 5.42609 8.91157 4.33961 18.624 0.91261 4.00802 9.49413 1.25047 0.88067 0.752698 0 27.7
500.00 1353.15 17.250223 42.770042 -184018.582560 5.875255 23.805746 2.179 44.4639 6.27442 8.53277 4.41101 18.8664 1.09506 3.7842 9.72762 1.01866 0.922756 0.903177 0 26.3
500.00 1343.15 12.949302 32.363123 -161355.472374 5.026691 17.700077 4.609 61.0664 2.70687 11.8133 1.7781 5.96838 1.45877 2.15773 8.30448 1.83239 1.71048 1.20315 0 39.2

clinopyroxene_1 thermodynamic data and composition:
Pressure Temperature mass S H V Cp structure formula SiO2 TiO2 Al2O3 Fe2O3 FeO MnO MgO CaO Na2O K2O P2O5 H2O
500.00 1443.15 2.910382 6.829458 -36625.315727 0.896375 3.467972 cpx Na0.01Ca0.68Fe''0.24Mg0.95Fe'''0.06Ti0.01Al0.17Si1.88O6 51.055 0.349743 3.9809 2.25815 7.70616 0 17.307 17.1679 0.175039 0 0 0
500.00 1433.15 5.403651 12.619175 -67647.553686 1.658856 6.411130 cpx Na0.01Ca0.68Fe''0.25Mg0.92Fe'''0.07Ti0.01Al0.17Si1.87O6 50.7459 0.415582 4.00513 2.43044 8.21185 0 16.7668 17.2366 0.187761 0 0 0
500.00 1423.15 7.380209 17.150359 -91921.152299 2.258289 8.717709 cpx Na0.01Ca0.69Fe''0.27Mg0.90Fe'''0.07Ti0.01Al0.18Si1.87O6 50.4273 0.488059 4.03458 2.60547 8.69251 0 16.2171 17.3348 0.20019 0 0 0
500.00 1413.15 9.014196 20.842551 -111710.134770 2.749349 10.600245 cpx Na0.02Ca0.70Fe''0.28Mg0.87Fe'''0.08Ti0.02Al0.18Si1.86O6 50.0983 0.568336 4.06891 2.78348 9.15186 0 15.6604 17.4564 0.212274 0 0 0
500.00 1403.15 10.409196 23.945462 -128362.199983 3.164560 12.185330 cpx Na0.02Ca0.70Fe''0.30Mg0.84Fe'''0.08Ti0.02Al0.18Si1.86O6 49.7588 0.657733 4.10775 2.9636 9.59156 0 15.1002 17.5965 0.223887 0 0 0
500.00 1393.15 11.627473 26.609764 -142694.542703 3.523546 13.549534 cpx Na0.02Ca0.71Fe''0.31Mg0.81Fe'''0.09Ti0.02Al0.18Si1.85O6 49.4094 0.757757 4.15079 3.14359 10.0109 0 14.5411 17.7516 0.234823 0 0 0
500.00 1383.15 12.705420 28.924602 -155199.180027 3.837927 14.738479 cpx Na0.02Ca0.72Fe''0.33Mg0.78Fe'''0.09Ti0.02Al0.19Si1.84O6 49.052 0.870117 4.19787 3.31963 10.4065 0 13.9893 17.9198 0.244804 0 0 0
500.00 1373.15 13.662854 30.940177 -166166.955265 4.114272 15.778315 cpx Na0.02Ca0.73Fe''0.34Mg0.76Fe'''0.10Ti0.03Al0.19Si1.84O6 48.6893 0.996872 4.2495 3.48639 10.7709 0 13.453 18.1004 0.253517 0 0 0
500.00 1363.15 14.510787 32.686220 -175787.074193 4.356503 16.685029 cpx Na0.02Ca0.74Fe''0.35Mg0.73Fe'''0.10Ti0.03Al0.19Si1.83O6 48.3233 1.14097 4.30799 3.63832 11.0929 0 12.9414 18.2944 0.260736 0 0 0
500.00 1353.15 15.259993 34.191543 -184247.436235 4.568407 17.474103 cpx Na0.02Ca0.75Fe''0.36Mg0.71Fe'''0.11Ti0.04Al0.20Si1.82O6 47.951 1.30752 4.37928 3.77277 11.3568 0 12.4614 18.5046 0.266559 0 0 0
500.00 1343.15 19.734682 44.142455 -241650.255988 5.952259 22.770525 cpx Na0.02Ca0.74Fe''0.35Mg0.77Fe'''0.08Ti0.02Al0.16Si1.87O6 49.525 0.799017 3.65107 2.78211 10.9703 0 13.6914 18.3555 0.225507 0 0 0

feldspar_0 thermodynamic data and composition:
Pressure Temperature mass S H V Cp formula SiO2 TiO2 Al2O3 Fe2O3 FeO MnO MgO CaO Na2O K2O P2O5 H2O
500.00 1473.15 0.509467 1.248201 -7023.996140 0.191156 0.628244 K0.00Na0.23Ca0.76Al1.76Si2.24O8 48.9388 0 32.7681 0 0 0 0 15.6148 2.62815 0.0502035 0 0
500.00 1463.15 4.115272 10.059987 -56772.186350 1.545527 5.071062 K0.00Na0.25Ca0.75Al1.75Si2.25O8 49.3235 0 32.5073 0 0 0 0 15.3099 2.802 0.0572001 0 0
500.00 1453.15 8.663141 21.131788 -119582.123672 3.256923 10.667614 K0.00Na0.26Ca0.73Al1.73Si2.27O8 49.7458 0 32.2207 0 0 0 0 14.9749 2.99144 0.0671948 0 0
500.00 1443.15 15.264744 37.173356 -210799.823100 5.747953 18.784834 K0.01Na0.29Ca0.71Al1.71Si2.29O8 50.3501 0 31.8094 0 0 0 0 14.4945 3.25977 0.086237 0 0
500.00 1433.15 20.414904 49.625563 -282047.629330 7.698742 25.107416 K0.01Na0.31Ca0.68Al1.68Si2.32O8 50.9238 0 31.4179 0 0 0 0 14.0377 3.51205 0.10851 0 0
500.00 1423.15 24.599876 59.680400 -340023.369211 9.289655 30.233513 K0.01Na0.33Ca0.66Al1.66Si2.34O8 51.4575 0 31.0526 0 0 0 0 13.6118 3.74365 0.134416 0 0
500.00 1413.15 28.082808 67.984067 -388349.321371 10.618120 34.488934 K0.01Na0.35Ca0.64Al1.64Si2.36O8 51.951 0 30.7135 0 0 0 0 13.2169 3.95428 0.164383 0 0
500.00 1403.15 31.027898 74.940172 -429284.691804 11.744802 38.076469 K0.01Na0.36Ca0.62Al1.62Si2.38O8 52.4035 0 30.4009 0 0 0 0 12.8535 4.14334 0.198761 0 0
500.00 1393.15 33.540407 80.807816 -464277.178577 12.708430 41.126166 K0.01Na0.38Ca0.61Al1.61Si2.39O8 52.8131 0 30.1163 0 0 0 0 12.5231 4.30985 0.237718 0 0
500.00 1383.15 35.686395 85.750001 -494235.266199 13.533067 43.719740 K0.02Na0.39Ca0.59Al1.59Si2.41O8 53.176 0 29.8621 0 0 0 0 12.2286 4.45221 0.28103 0 0
500.00 1373.15 37.502718 89.858372 -519666.381296 14.231776 45.903008 K0.02Na0.40Ca0.58Al1.58Si2.42O8 53.4867 0 29.6423 0 0 0 0 11.9748 4.56837 0.327758 0 0
500.00 1363.15 39.003993 93.170960 -540773.133598 14.809246 47.694642 K0.02Na0.41Ca0.57Al1.57Si2.43O8 53.7387 0 29.4617 0 0 0 0 11.767 4.6566 0.375888 0 0
500.00 1353.15 40.192779 95.698140 -557592.583147 15.265791 49.098858 K0.02Na0.41Ca0.56Al1.56Si2.44O8 53.9287 0 29.3233 0 0 0 0 11.6085 4.71715 0.422271 0 0
500.00 1343.15 39.624310 93.891027 -550600.782061 15.028433 48.362073 K0.02Na0.41Ca0.58Al1.58Si2.42O8 53.5597 0 29.6059 0 0 0 0 11.9277 4.6356 0.271058 0 0

clinopyroxene_0 thermodynamic data and composition:
Pressure Temperature mass S H V Cp structure formula SiO2 TiO2 Al2O3 Fe2O3 FeO MnO MgO CaO Na2O K2O P2O5 H2O
500.00 1453.15 1.664667 4.002971 -20632.664309 0.512581 2.044495 cpx Na0.01Ca0.27Fe''0.35Mg1.28Fe'''0.04Ti0.00Al0.14Si1.91O6 52.7187 0.141143 3.18991 1.58655 11.6686 0 23.7707 6.84909 0.075279 0 0 0
500.00 1443.15 6.057599 14.484631 -74493.751119 1.857295 7.395670 cpx Na0.01Ca0.28Fe''0.38Mg1.24Fe'''0.05Ti0.00Al0.14Si1.91O6 52.3818 0.163257 3.18762 1.70312 12.4966 0 22.9129 7.07247 0.0821483 0 0 0
500.00 1433.15 9.371267 22.290539 -114306.052178 2.860993 11.381252 cpx Na0.01Ca0.28Fe''0.41Mg1.21Fe'''0.05Ti0.01Al0.14Si1.90O6 52.075 0.183775 3.1789 1.8107 13.407 0 22.2206 7.03753 0.0864587 0 0 0
500.00 1423.15 12.138194 28.720763 -146843.135120 3.689913 14.665768 cpx Na0.01Ca0.27Fe''0.44Mg1.18Fe'''0.05Ti0.01Al0.14Si1.90O6 51.777 0.203202 3.16745 1.91333 14.327 0 21.5595 6.96259 0.0898274 0 0 0
500.00 1413.15 14.533466 34.207747 -174362.774448 4.399169 17.470428 cpx Na0.01Ca0.27Fe''0.47Mg1.15Fe'''0.06Ti0.01Al0.14Si1.90O6 51.4861 0.221398 3.15311 2.01077 15.2607 0 20.9209 6.85484 0.0922582 0 0 0
500.00 1403.15 16.673092 39.036572 -198353.265836 5.025176 19.941097 cpx Na0.01Ca0.27Fe''0.50Mg1.12Fe'''0.06Ti0.01Al0.14Si1.90O6 51.2018 0.238247 3.13549 2.10198 16.2084 0 20.2997 6.72066 0.0937463 0 0 0
500.00 1393.15 18.635474 43.399062 -219822.826429 5.592555 22.176236 cpx Na0.01Ca0.26Fe''0.53Mg1.09Fe'''0.06Ti0.01Al0.14Si1.90O6 50.9259 0.253656 3.11398 2.18506 17.1665 0 19.6948 6.56574 0.094279 0 0 0
500.00 1383.15 20.470722 47.418036 -239433.497958 6.117226 24.239503 cpx Na0.01Ca0.26Fe''0.57Mg1.07Fe'''0.06Ti0.01Al0.14Si1.90O6 50.6619 0.26755 3.08778 2.25703 18.1273 0 19.1094 6.39524 0.0938409 0 0 0
500.00 1373.15 22.203515 51.156022 -257554.721768 6.607514 26.164362 cpx Na0.01Ca0.25Fe''0.60Mg1.04Fe'''0.07Ti0.01Al0.14Si1.90O6 50.415 0.279893 3.05616 2.31401 19.0777 0 18.5509 6.2138 0.0924307 0 0 0
500.00 1363.15 23.833493 54.618046 -274283.537484 7.064451 27.955501 cpx Na0.01Ca0.24Fe''0.63Mg1.01Fe'''0.07Ti0.01Al0.13Si1.89O6 50.1921 0.290756 3.01896 2.35197 19.9995 0 18.0313 6.0253 0.0901005 0 0 0
500.00 1353.15 25.339150 57.762054 -289493.390381 7.482991 29.593773 cpx Na0.01Ca0.24Fe''0.66Mg0.99Fe'''0.07Ti0.01Al0.13Si1.89O6 49.9989 0.30041 2.97737 2.36845 20.8713 0 17.5642 5.8324 0.0870096 0 0 0
500.00 1343.15 20.492479 46.628223 -237846.859204 6.090017 24.081394 cpx Na0.01Ca0.24Fe''0.62Mg1.04Fe'''0.05Ti0.01Al0.11Si1.91O6 50.8882 0.206347 2.58629 1.81719 19.8373 0 18.6272 5.96047 0.0770512 0 0 0

spinel_0 thermodynamic data and composition:
Pressure Temperature mass S H V Cp formula SiO2 TiO2 Al2O3 Fe2O3 FeO MnO MgO CaO Na2O K2O P2O5 H2O
500.00 1343.15 5.368792 11.115697 -29214.307856 1.140302 4.961270 Fe''1.20Mg0.21Fe'''1.05Al0.13Cr0.00Ti0.41O4 0 15.0408 3.15 38.3122 39.6515 0 3.84545 0 0 0 0 0
