Title: Nd2

System Thermodynamic Data:
Pressure Temperature mass F phi S H V dVdP*10^6 dVdT*10^6 Cp logfO2(absolute) logfO2-NNO rhol rhos viscosity aH2O chisqr
500.00 1523.15 100.093345 1.0000000000000000 1.000000 288.192001 -1209571.108790 40.640731 -541.701935 4834.331280 150.570449 -7.007 0.000 2.462883 0.000000 1.932 0.954525 0.000
500.00 1513.15 100.093895 1.0000000000000000 1.000000 287.201271 -1211084.748612 40.592901 -539.518009 4829.154612 150.566837 -7.116 0.000 2.465798 0.000000 1.972 0.951135 0.000
500.00 1503.15 100.094479 1.0000000000000000 1.000000 286.204032 -1212598.871919 40.545153 -537.338437 4823.860790 150.563389 -7.225 0.000 2.468716 0.000000 2.013 0.947713 0.000
500.00 1493.15 100.095098 1.0000000000000000 1.000000 285.200195 -1214113.498856 40.497487 -535.163280 4818.450049 150.560111 -7.336 0.000 2.471637 0.000000 2.054 0.944259 0.000
500.00 1483.15 100.095753 1.0000000000000000 1.000000 284.189670 -1215628.650422 40.449907 -532.992601 4812.922630 150.557006 -7.449 0.000 2.474561 0.000000 2.096 0.940774 0.000
500.00 1473.15 100.096445 1.0000000000000000 1.000000 283.190637 -1217117.366316 40.402413 -530.826467 4807.278785 146.611917 -7.563 0.000 2.477487 0.000000 2.139 0.937257 0.000
500.00 1463.15 100.097175 1.0000000000000000 1.000000 282.193341 -1218594.158094 40.355009 -528.664947 4801.518778 146.599136 -7.679 0.000 2.480415 0.000000 2.182 0.933708 0.000
500.00 1453.15 100.097945 1.0000000000000000 1.000000 281.189329 -1220071.435255 40.307695 -526.508113 4795.642883 146.585891 -7.796 0.000 2.483346 0.000000 2.226 0.930126 0.000
500.00 1443.15 100.098755 1.0000000000000000 1.000000 280.178510 -1221549.215617 40.260475 -524.356040 4789.651387 146.572178 -7.915 0.000 2.486279 0.000000 2.270 0.926512 0.000
500.00 1433.15 100.099607 1.0000000000000000 1.000000 279.160792 -1223027.517954 40.213350 -522.208807 4783.544590 146.557992 -8.035 0.000 2.489213 0.000000 2.315 0.922866 0.000
500.00 1423.15 100.100503 1.0000000000000000 1.000000 278.136080 -1224506.362045 40.166322 -520.066496 4777.322805 146.543327 -8.157 0.000 2.492150 0.000000 2.361 0.919187 0.000
500.00 1413.15 100.101383 0.9997932683817908 0.999844 277.098133 -1225993.397812 40.118927 -517.916374 4770.545436 146.517322 -8.281 0.000 2.494990 3.300628 2.408 0.915564 0.000
500.00 1403.15 100.100014 0.9921944248675355 0.994106 275.835454 -1227748.019363 40.055020 -515.315045 4747.848445 146.103752 -8.407 0.000 2.494257 3.309761 2.481 0.915063 0.000
500.00 1393.15 100.098536 0.9847457661700351 0.988497 274.573928 -1229486.583080 39.991694 -512.731598 4725.282692 145.699816 -8.535 0.000 2.493485 3.319194 2.556 0.914443 0.000
500.00 1383.15 100.097820 0.9670465187205810 0.974913 273.015715 -1231636.385693 39.869749 -508.870656 4690.917494 144.949420 -8.664 0.000 2.490363 3.297841 2.632 0.925519 0.000
500.00 1373.15 100.100513 0.9292242980004303 0.945608 270.887945 -1234614.729557 39.636092 -502.517782 4631.658956 143.513224 -8.795 0.000 2.481733 3.286178 2.712 0.960749 0.000
500.00 1363.15 100.106849 0.8926488930283106 0.917299 268.805557 -1237571.679951 39.416156 -496.371872 4570.517587 142.122850 -8.929 0.000 2.471491 3.296761 2.801 0.995995 0.000
500.00 1353.15 100.122174 0.8509896179555168 0.872123 266.621570 -1240798.342157 39.705916 -1683.579812 4961.798667 140.581398 -9.064 0.000 2.460490 2.938318 2.932 0.999941 0.000
500.00 1343.15 100.154328 0.8060465874992285 0.824443 264.368301 -1244382.010649 40.076832 -3039.977849 5417.207247 138.944295 -9.201 0.000 2.443295 2.760928 3.107 0.999968 0.000
500.00 1333.15 100.189605 0.7213143856251080 0.719803 261.318235 -1249061.876065 41.476121 -6757.031748 6771.340235 136.305021 -9.340 0.000 2.420670 2.402567 3.337 1 0.000
500.00 1323.15 100.215893 0.6491345163215760 0.634534 258.605713 -1253109.862301 42.711753 -10039.490283 8010.769565 134.132377 -9.481 0.000 2.400320 2.252593 3.562 1.00004 0.000
500.00 1313.15 100.244060 0.5701930344475877 0.544409 255.875121 -1257184.676816 44.077125 -13803.344947 9492.612880 132.105427 -9.625 0.000 2.382002 2.145575 3.760 1.00007 0.000
500.00 1303.15 100.262237 0.4999124117051204 0.467299 253.363884 -1260777.392834 45.326970 -17251.714634 10901.598276 130.378631 -9.771 0.000 2.366356 2.076553 3.949 1.00011 0.000
500.00 1293.15 100.267961 0.4471411399247850 0.411516 251.203139 -1263678.995571 46.294895 -19885.638739 12026.161368 129.016982 -9.919 0.000 2.353352 2.034739 4.144 1.00014 0.000
500.00 1283.15 100.270124 0.4013041627751621 0.364494 249.206214 -1266287.828840 47.129076 -22191.391120 13058.651209 127.990260 -10.069 0.000 2.342424 2.004331 4.332 1.00017 0.000
500.00 1273.15 100.269561 0.3613980128844323 0.324630 247.345823 -1268656.288405 47.840216 -24196.772841 13998.013028 127.031922 -10.221 0.000 2.333314 1.981821 4.516 1.00019 0.000
500.00 1263.15 100.266897 0.3267216198159681 0.290800 245.602365 -1270822.552372 48.436195 -25921.176683 14850.169173 126.212768 -10.376 0.000 2.325797 1.965229 4.694 1.0002 0.000
500.00 1253.15 100.262622 0.2966956896695631 0.262116 243.959798 -1272817.491026 48.925088 -27383.764480 15618.493276 125.509551 -10.534 0.000 2.319664 1.953272 4.869 1.00021 0.000
500.00 1243.15 100.257137 0.2707821001892252 0.237819 242.403893 -1274667.656576 49.316203 -28606.568592 16308.093220 124.902947 -10.694 0.000 2.314722 1.945024 5.039 1.00021 0.000
500.00 1233.15 100.250768 0.2484602099443431 0.217234 240.921558 -1276396.502777 49.619973 -29614.524018 16925.893135 124.376490 -10.857 0.000 2.310786 1.939775 5.205 1.00021 0.000
500.00 1223.15 100.243776 0.2292314488961305 0.199762 239.500760 -1278024.675355 49.847309 -30434.019359 17480.070135 123.916130 -11.022 0.000 2.307691 1.936959 5.367 1.0002 0.000
500.00 1213.15 100.236363 0.2126328304695785 0.184877 238.130662 -1279570.015292 50.008877 -31091.129929 17979.301806 123.510017 -11.190 0.000 2.305292 1.936120 5.524 1.00019 0.000
500.00 1203.15 100.228682 0.1982486336257049 0.172130 236.801743 -1281047.595673 50.114539 -31610.195817 18432.110283 123.148324 -11.361 0.000 2.303464 1.936894 5.677 1.00018 0.000
500.00 1193.15 100.220843 0.1857162743952120 0.161143 235.505814 -1282469.889894 50.173031 -32012.970791 18846.420165 122.823026 -11.534 0.000 2.302107 1.938990 5.826 1.00017 0.000
500.00 1183.15 100.212921 0.1747264611371618 0.151603 234.235954 -1283847.051744 50.191854 -32318.295479 19229.331776 122.527663 -11.711 0.000 2.301138 1.942178 5.971 1.00016 0.000
500.00 1173.15 100.204967 0.1650193817051248 0.143251 232.986374 -1285187.250559 50.177314 -32542.139589 19587.057960 122.257087 -11.890 0.000 2.300490 1.946276 6.112 1.00015 0.000
500.00 1163.15 100.197009 0.1563788237804444 0.135877 231.752255 -1286497.009971 50.134634 -32697.853894 19924.963406 122.007244 -12.073 0.000 2.300112 1.951142 6.250 1.00014 0.000
500.00 1153.15 100.189062 0.1486256586858580 0.129310 230.529590 -1287781.517688 50.068102 -32796.512184 20247.657136 121.774970 -12.259 0.000 2.299963 1.956664 6.384 1.00013 0.000
500.00 1143.15 100.179358 0.1396282011390806 0.121611 229.279065 -1289056.805802 50.007057 -32922.989545 20597.018679 121.530654 -12.448 0.000 2.300102 1.962213 6.507 1.00011 0.000
500.00 1133.15 100.165529 0.1272352986323102 0.110844 227.958917 -1290331.089252 49.977492 -33156.610739 21015.278493 121.245610 -12.641 0.000 2.300593 1.967265 6.606 1.0001 0.000
500.00 1123.15 100.149805 0.1146258759003607 0.099922 226.620914 -1291581.240291 49.937672 -33382.920068 21448.628686 120.956705 -12.837 0.000 2.300621 1.972733 6.711 1.00009 0.000
500.00 1113.15 100.122506 0.0975594382677373 0.085119 225.164907 -1292759.974614 49.962704 -33826.994355 22021.593765 120.585663 -13.036 0.000 2.296842 1.976694 6.930 1.00008 0.000
500.00 1103.15 100.095896 0.0826861686324159 0.072243 223.745983 -1293894.853184 49.937995 -34152.023826 22555.019802 120.266557 -13.239 0.000 2.294150 1.981841 7.114 1.00007 0.000
500.00 1093.15 100.068104 0.0690757057718340 0.060469 222.341668 -1294980.660975 49.884307 -34413.511365 23077.631607 119.977083 -13.446 0.000 2.291531 1.987627 7.298 1.00006 0.000
500.00 1083.15 100.039418 0.0565782292738843 0.049648 220.949184 -1296025.482738 49.804795 -34618.568389 23592.759028 119.715332 -13.656 0.000 2.289007 1.993983 7.481 1.00005 0.000
500.00 1073.15 100.010768 0.0452830905596737 0.039851 219.570854 -1297042.307256 49.699790 -34763.853240 24097.759358 119.483339 -13.871 0.000 2.286605 2.000912 7.662 1.00005 0.000
500.00 1063.15 99.984589 0.0357234626287747 0.031546 218.218754 -1298058.370496 49.565207 -34827.105602 24578.046212 119.290011 -14.089 0.000 2.284365 2.008532 7.841 1.00004 0.000
500.00 1053.15 99.964806 0.0287823383315846 0.025522 216.912878 -1299117.027813 49.394387 -34771.908226 25008.697147 119.149921 -14.312 0.000 2.282340 2.017038 8.014 1.00003 0.000
500.00 1043.15 99.952385 0.0244060635158297 0.021745 215.652657 -1300235.286743 49.190950 -34602.917924 25389.226637 119.065582 -14.539 0.000 2.280546 2.026400 8.181 1.00003 0.000
500.00 1033.15 99.944478 0.0215484964574709 0.019299 214.415128 -1301391.190407 48.967347 -34366.625914 25747.169949 119.027562 -14.770 0.000 2.278948 2.036362 8.345 1.00002 0.000
500.00 1023.15 99.938794 0.0194589646128748 0.017522 213.183384 -1302565.102913 48.731739 -34095.817201 26103.598091 119.033456 -15.006 0.000 2.277520 2.046751 8.506 1.00002 0.000
500.00 1013.15 99.934586 0.0000000000000000 0.000000 211.724902 -1303981.316375 48.718562 -34544.618333 26972.717169 118.903181 -15.246 0.000 0.000000 2.051263 8.637 1 0.000
500.00 1003.15 99.932869 0.0000000000000000 0.000000 210.513143 -1305175.061180 48.445048 -34178.195586 27322.923862 119.044867 -15.492 0.000 0.000000 2.062809 8.637 1 0.000

Title: Nd2

Liquid Composition:
Pressure Temperature mass SiO2 TiO2 Al2O3 Fe2O3 Cr2O3 FeO MnO MgO CaO Na2O K2O P2O5 H2O 
500.00 1523.15 100.093345 51.7636 1.03782 15.3616 2.11024 0.0113047 8.01919 0.166442 6.20732 9.6047 2.47705 1.23363 0.127279 1.87982
500.00 1513.15 100.093895 51.7633 1.03781 15.3616 2.11572 0.0113046 8.01421 0.166441 6.20728 9.60465 2.47704 1.23362 0.127279 1.87981
500.00 1503.15 100.094479 51.763 1.0378 15.3615 2.12153 0.0113045 8.00892 0.16644 6.20725 9.60459 2.47703 1.23362 0.127278 1.8798
500.00 1493.15 100.095098 51.7627 1.0378 15.3614 2.12769 0.0113045 8.00332 0.166439 6.20721 9.60453 2.47701 1.23361 0.127277 1.87979
500.00 1483.15 100.095753 51.7623 1.03779 15.3613 2.1342 0.0113044 7.99739 0.166438 6.20717 9.60447 2.47699 1.2336 0.127276 1.87977
500.00 1473.15 100.096445 51.762 1.03778 15.3612 2.14109 0.0113043 7.99113 0.166437 6.20713 9.6044 2.47698 1.23359 0.127275 1.87976
500.00 1463.15 100.097175 51.7616 1.03778 15.3611 2.14835 0.0113042 7.98452 0.166436 6.20708 9.60433 2.47696 1.23358 0.127275 1.87975
500.00 1453.15 100.097945 51.7612 1.03777 15.3609 2.15601 0.0113041 7.97755 0.166435 6.20703 9.60426 2.47694 1.23357 0.127274 1.87973
500.00 1443.15 100.098755 51.7608 1.03776 15.3608 2.16407 0.011304 7.97021 0.166433 6.20698 9.60418 2.47692 1.23356 0.127273 1.87972
500.00 1433.15 100.099607 51.7603 1.03775 15.3607 2.17256 0.0113039 7.9625 0.166432 6.20693 9.6041 2.4769 1.23355 0.127271 1.8797
500.00 1423.15 100.100503 51.7599 1.03774 15.3605 2.18147 0.0113038 7.95439 0.16643 6.20688 9.60401 2.47688 1.23354 0.12727 1.87968
500.00 1413.15 100.080689 51.762 1.03795 15.3636 2.19067 0.0113061 7.94456 0.166406 6.19922 9.60583 2.47737 1.23379 0.127296 1.88006
500.00 1403.15 99.318675 51.858 1.04591 15.4815 2.19372 0.0113928 7.88367 0.165489 5.9215 9.67652 2.49637 1.24325 0.128272 1.89448
500.00 1393.15 98.571610 51.9553 1.05384 15.5988 2.19539 0.0114792 7.81542 0.164459 5.65252 9.74677 2.51529 1.25268 0.129244 1.90884
500.00 1383.15 96.799248 52.0458 1.06535 15.8257 2.19528 0.0116894 7.78469 0.165709 5.34728 9.64808 2.55943 1.27561 0.131611 1.94379
500.00 1373.15 93.015829 52.164 1.07771 16.2717 2.18574 0.00862674 7.80539 0.171926 4.96301 9.20739 2.6572 1.3275 0.136964 2.02285
500.00 1363.15 89.360268 52.3682 1.07596 16.7136 2.15854 0.00350301 7.74469 0.17837 4.59435 8.77386 2.75891 1.3818 0.142567 2.1056
500.00 1353.15 85.202931 52.7829 1.0481 17.2308 2.09197 0.000709463 7.52267 0.186689 4.21387 8.28747 2.88442 1.44923 0.149523 2.15162
500.00 1343.15 80.729054 53.5231 0.975388 17.8091 1.95043 0.000119817 6.97988 0.197461 3.84754 7.79461 3.03359 1.52954 0.15781 2.20152
500.00 1333.15 72.268204 55.0113 0.925204 17.6797 1.80921 3.50014e-005 6.35356 0.214965 3.44904 7.1974 3.23636 1.70109 0.176285 2.24593
500.00 1323.15 65.053595 56.4341 0.877696 17.5086 1.6692 1.80859e-005 5.74797 0.232043 3.10785 6.66534 3.39982 1.87946 0.195836 2.2821
500.00 1313.15 57.158465 57.6381 0.828914 17.3439 1.53678 1.07844e-005 5.16244 0.275246 2.7932 6.17844 3.58245 2.12176 0.222886 2.31587
500.00 1303.15 50.122337 58.7501 0.793919 17.0929 1.41829 7.78332e-006 4.63777 0.332382 2.47711 5.79625 3.71246 2.39316 0.254175 2.34151
500.00 1293.15 44.833930 59.8663 0.773468 16.7859 1.30789 6.55291e-006 4.18104 0.371588 2.2018 5.4906 3.73989 2.64233 0.284156 2.35497
500.00 1283.15 40.238818 60.8863 0.758587 16.4919 1.20235 5.8201e-006 3.76521 0.414022 1.96661 5.22592 3.70974 2.90124 0.316605 2.36146
500.00 1273.15 36.237220 61.8154 0.748744 16.2175 1.10191 5.38164e-006 3.38712 0.459742 1.76402 4.99686 3.62735 3.16782 0.351567 2.36192
500.00 1263.15 32.759363 62.6582 0.743238 15.9667 1.00709 5.13603e-006 3.04439 0.50855 1.58831 4.79827 3.50029 3.43865 0.388891 2.3574
500.00 1253.15 29.747488 63.4192 0.741254 15.7412 0.918385 5.02699e-006 2.73492 0.560039 1.43505 4.62527 3.33783 3.70956 0.428265 2.34901
500.00 1243.15 27.147838 64.1036 0.741919 15.5407 0.836215 5.02079e-006 2.45664 0.613668 1.30069 4.47336 3.14987 3.97626 0.469276 2.33783
500.00 1233.15 24.908327 64.7173 0.74438 15.3633 0.760762 5.09609e-006 2.20727 0.668843 1.18236 4.33854 2.94599 4.23487 0.511468 2.32488
500.00 1223.15 22.979026 65.2668 0.747857 15.2066 0.691981 5.23906e-006 1.98437 0.724999 1.0777 4.21741 2.73464 4.48228 0.554411 2.31101
500.00 1213.15 21.313542 65.7586 0.751684 15.0673 0.629624 5.44082e-006 1.78542 0.781652 0.984749 4.10726 2.52267 4.7163 0.597734 2.29694
500.00 1203.15 19.870199 66.1994 0.755329 14.9426 0.573302 5.69611e-006 1.60794 0.83843 0.901866 4.00599 2.31527 4.93554 0.641152 2.28317
500.00 1193.15 18.612642 66.595 0.758388 14.8297 0.522542 6.00249e-006 1.44955 0.895078 0.82768 3.91208 2.11607 5.13936 0.684471 2.27008
500.00 1183.15 17.509849 66.9508 0.760576 14.7262 0.476842 6.35989e-006 1.30809 0.951451 0.761042 3.82442 1.92743 5.32762 0.72758 2.25792
500.00 1173.15 16.535762 67.2717 0.761699 14.63 0.4357 6.77038e-006 1.18159 1.0075 0.700983 3.7423 1.75066 5.50054 0.770441 2.24685
500.00 1163.15 15.668690 67.5617 0.761642 14.5395 0.398641 7.23815e-006 1.0683 1.06325 0.646688 3.66528 1.58637 5.65858 0.813075 2.23694
500.00 1153.15 14.890665 67.8243 0.760344 14.4533 0.365229 7.76954e-006 0.966701 1.11881 0.597462 3.59309 1.43464 5.80234 0.855558 2.22826
500.00 1143.15 13.987864 68.1139 0.760167 14.3084 0.337975 8.5878e-006 0.884102 1.19102 0.554911 3.55989 1.30247 5.85016 0.910777 2.22614
500.00 1133.15 12.744591 68.501 0.764065 14.0174 0.319767 1.01474e-005 0.82846 1.3072 0.521351 3.61489 1.1999 5.68742 0.999626 2.23882
500.00 1123.15 11.479759 68.9449 0.747633 13.7397 0.304523 1.23242e-005 0.782031 1.43157 0.487493 3.62529 1.10867 5.52413 1.04943 2.2546
500.00 1113.15 9.767895 69.8078 0.687477 13.4297 0.290491 1.67575e-005 0.739635 1.33488 0.441353 3.557 1.0228 5.39365 1.03833 2.25688
500.00 1103.15 8.276546 70.5319 0.632265 13.1402 0.277935 2.37555e-005 0.700906 1.308 0.402247 3.50234 0.947076 5.25562 1.03664 2.2649
500.00 1093.15 6.912275 71.2297 0.581395 12.8593 0.265427 3.62593e-005 0.662216 1.27613 0.366635 3.44922 0.878125 5.12188 1.03713 2.27273
500.00 1083.15 5.660053 71.9007 0.534687 12.5867 0.252926 6.17247e-005 0.623599 1.24129 0.334361 3.39834 0.815012 4.99176 1.04011 2.28045
500.00 1073.15 4.528797 72.543 0.492115 12.3225 0.240225 0.000123404 0.584685 1.2059 0.305477 3.35025 0.756962 4.86463 1.04603 2.28815
500.00 1063.15 3.571796 73.1518 0.453947 12.0683 0.226817 0.000302664 0.544399 1.17375 0.280444 3.3054 0.703291 4.73983 1.05563 2.29607
500.00 1053.15 2.877221 73.7202 0.42052 11.827 0.212101 0.000833897 0.501518 1.14938 0.259952 3.2641 0.653371 4.61663 1.06991 2.3045
500.00 1043.15 2.439444 74.2475 0.391136 11.5985 0.196496 0.00203925 0.457282 1.13265 0.243545 3.22672 0.606714 4.4947 1.08919 2.31346
500.00 1033.15 2.153653 74.7403 0.364444 11.3797 0.181122 0.00404097 0.414438 1.11917 0.229807 3.1939 0.56301 4.37416 1.11314 2.32268
500.00 1023.15 1.944705 75.2035 0.339631 11.168 0.166602 0.00678196 0.374442 1.10603 0.217778 3.16637 0.52202 4.25514 1.14169 2.33196
500.00 1013.15 0.000000 ---
500.00 1003.15 0.000000 ---
Title: Nd2

liquid_0 thermodynamic data and composition:
Pressure Temperature mass S H V Cp viscosity SiO2 TiO2 Al2O3 Fe2O3 Cr2O3 FeO MnO MgO CaO Na2O K2O P2O5 H2O Mg#
500.00 1523.15 100.093345 288.192001 -1209571.108790 40.640731 150.570449 1.932 51.7636 1.03782 15.3616 2.11024 0.0113047 8.01919 0.166442 6.20732 9.6047 2.47705 1.23363 0.127279 1.87982 58.0
500.00 1513.15 100.093895 287.201271 -1211084.748612 40.592901 150.566837 1.972 51.7633 1.03781 15.3616 2.11572 0.0113046 8.01421 0.166441 6.20728 9.60465 2.47704 1.23362 0.127279 1.87981 58.0
500.00 1503.15 100.094479 286.204032 -1212598.871919 40.545153 150.563389 2.013 51.763 1.0378 15.3615 2.12153 0.0113045 8.00892 0.16644 6.20725 9.60459 2.47703 1.23362 0.127278 1.8798 58.0
500.00 1493.15 100.095098 285.200195 -1214113.498856 40.497487 150.560111 2.054 51.7627 1.0378 15.3614 2.12769 0.0113045 8.00332 0.166439 6.20721 9.60453 2.47701 1.23361 0.127277 1.87979 58.0
500.00 1483.15 100.095753 284.189670 -1215628.650422 40.449907 150.557006 2.096 51.7623 1.03779 15.3613 2.1342 0.0113044 7.99739 0.166438 6.20717 9.60447 2.47699 1.2336 0.127276 1.87977 58.0
500.00 1473.15 100.096445 283.190637 -1217117.366316 40.402413 146.611917 2.139 51.762 1.03778 15.3612 2.14109 0.0113043 7.99113 0.166437 6.20713 9.6044 2.47698 1.23359 0.127275 1.87976 58.1
500.00 1463.15 100.097175 282.193341 -1218594.158094 40.355009 146.599136 2.182 51.7616 1.03778 15.3611 2.14835 0.0113042 7.98452 0.166436 6.20708 9.60433 2.47696 1.23358 0.127275 1.87975 58.1
500.00 1453.15 100.097945 281.189329 -1220071.435255 40.307695 146.585891 2.226 51.7612 1.03777 15.3609 2.15601 0.0113041 7.97755 0.166435 6.20703 9.60426 2.47694 1.23357 0.127274 1.87973 58.1
500.00 1443.15 100.098755 280.178510 -1221549.215617 40.260475 146.572178 2.270 51.7608 1.03776 15.3608 2.16407 0.011304 7.97021 0.166433 6.20698 9.60418 2.47692 1.23356 0.127273 1.87972 58.1
500.00 1433.15 100.099607 279.160792 -1223027.517954 40.213350 146.557992 2.315 51.7603 1.03775 15.3607 2.17256 0.0113039 7.9625 0.166432 6.20693 9.6041 2.4769 1.23355 0.127271 1.8797 58.1
500.00 1423.15 100.100503 278.136080 -1224506.362045 40.166322 146.543327 2.361 51.7599 1.03774 15.3605 2.18147 0.0113038 7.95439 0.16643 6.20688 9.60401 2.47688 1.23354 0.12727 1.87968 58.2
500.00 1413.15 100.080689 277.049053 -1225741.246609 40.112657 146.491855 2.408 51.762 1.03795 15.3636 2.19067 0.0113061 7.94456 0.166406 6.19922 9.60583 2.47737 1.23379 0.127296 1.88006 58.2
500.00 1403.15 99.318675 273.990714 -1218268.029874 39.818949 145.145353 2.481 51.858 1.04591 15.4815 2.19372 0.0113928 7.88367 0.165489 5.9215 9.67652 2.49637 1.24325 0.128272 1.89448 57.2
500.00 1393.15 98.571610 270.985338 -1211042.670939 39.531664 143.833225 2.556 51.9553 1.05384 15.5988 2.19539 0.0114792 7.81542 0.164459 5.65252 9.74677 2.51529 1.25268 0.129244 1.90884 56.3
500.00 1383.15 96.799248 265.380893 -1191001.551679 38.869528 140.986290 2.632 52.0458 1.06535 15.8257 2.19528 0.0116894 7.78469 0.165709 5.34728 9.64808 2.55943 1.27561 0.131611 1.94379 55.0
500.00 1373.15 93.015829 254.710918 -1146118.331172 37.480188 135.134325 2.712 52.164 1.07771 16.2717 2.18574 0.00862674 7.80539 0.171926 4.96301 9.20739 2.6572 1.3275 0.136964 2.02285 53.1
500.00 1363.15 89.360268 244.448421 -1103654.182230 36.156417 129.516486 2.801 52.3682 1.07596 16.7136 2.15854 0.00350301 7.74469 0.17837 4.59435 8.77386 2.75891 1.3818 0.142567 2.1056 51.4
500.00 1353.15 85.202931 232.629980 -1056780.755596 34.628438 123.146552 2.932 52.7829 1.0481 17.2308 2.09197 0.000709463 7.52267 0.186689 4.21387 8.28747 2.88442 1.44923 0.149523 2.15162 50.0
500.00 1343.15 80.729054 220.075301 -1009060.204646 33.041055 116.392182 3.107 53.5231 0.975388 17.8091 1.95043 0.000119817 6.97988 0.197461 3.84754 7.79461 3.03359 1.52954 0.15781 2.20152 49.6
500.00 1333.15 72.268204 196.671474 -909948.858722 29.854634 103.656796 3.337 55.0113 0.925204 17.6797 1.80921 3.50014e-005 6.35356 0.214965 3.44904 7.1974 3.23636 1.70109 0.176285 2.24593 49.2
500.00 1323.15 65.053595 176.641775 -824888.960365 27.102052 92.859477 3.562 56.4341 0.877696 17.5086 1.6692 1.80859e-005 5.74797 0.232043 3.10785 6.66534 3.39982 1.87946 0.195836 2.2821 49.1
500.00 1313.15 57.158465 154.867944 -729195.046270 23.995979 81.236242 3.760 57.6381 0.828914 17.3439 1.53678 1.07844e-005 5.16244 0.275246 2.7932 6.17844 3.58245 2.12176 0.222886 2.31587 49.1
500.00 1303.15 50.122337 135.426661 -642651.010678 21.181234 70.916961 3.949 58.7501 0.793919 17.0929 1.41829 7.78332e-006 4.63777 0.332382 2.47711 5.79625 3.71246 2.39316 0.254175 2.34151 48.8
500.00 1293.15 44.833930 120.676898 -577558.987670 19.051091 63.145752 4.144 59.8663 0.773468 16.7859 1.30789 6.55291e-006 4.18104 0.371588 2.2018 5.4906 3.73989 2.64233 0.284156 2.35497 48.4
500.00 1283.15 40.238818 107.838604 -520612.045067 17.178278 56.429787 4.332 60.8863 0.758587 16.4919 1.20235 5.8201e-006 3.76521 0.414022 1.96661 5.22592 3.70974 2.90124 0.316605 2.36146 48.2
500.00 1273.15 36.237220 96.646020 -470710.088567 15.530365 50.610148 4.516 61.8154 0.748744 16.2175 1.10191 5.38164e-006 3.38712 0.459742 1.76402 4.99686 3.62735 3.16782 0.351567 2.36192 48.1
500.00 1263.15 32.759363 86.911997 -427096.547195 14.085222 45.574792 4.694 62.6582 0.743238 15.9667 1.00709 5.13603e-006 3.04439 0.50855 1.58831 4.79827 3.50029 3.43865 0.388891 2.3574 48.2
500.00 1253.15 29.747488 78.479509 -389139.351735 12.824048 41.231624 4.869 63.4192 0.741254 15.7412 0.918385 5.02699e-006 2.73492 0.560039 1.43505 4.62527 3.33783 3.70956 0.428265 2.34901 48.3
500.00 1243.15 27.147838 71.200489 -356234.319749 11.728338 37.496430 5.039 64.1036 0.741919 15.5407 0.836215 5.02079e-006 2.45664 0.613668 1.30069 4.47336 3.14987 3.97626 0.469276 2.33783 48.6
500.00 1233.15 24.908327 64.930199 -327779.137081 10.779159 34.289147 5.205 64.7173 0.74438 15.3633 0.760762 5.09609e-006 2.20727 0.668843 1.18236 4.33854 2.94599 4.23487 0.511468 2.32488 48.8
500.00 1223.15 22.979026 59.529226 -303182.866911 9.957584 31.534258 5.367 65.2668 0.747857 15.2066 0.691981 5.23906e-006 1.98437 0.724999 1.0777 4.21741 2.73464 4.48228 0.554411 2.31101 49.2
500.00 1213.15 21.313542 54.867731 -281886.667927 9.245486 29.162462 5.524 65.7586 0.751684 15.0673 0.629624 5.44082e-006 1.78542 0.781652 0.984749 4.10726 2.52267 4.7163 0.597734 2.29694 49.6
500.00 1203.15 19.870199 50.828997 -263381.901967 8.626224 27.112106 5.677 66.1994 0.755329 14.9426 0.573302 5.69611e-006 1.60794 0.83843 0.901866 4.00599 2.31527 4.93554 0.641152 2.28317 50.0
500.00 1193.15 18.612642 47.311225 -247220.363960 8.085045 25.329804 5.826 66.595 0.758388 14.8297 0.522542 6.00249e-006 1.44955 0.895078 0.82768 3.91208 2.11607 5.13936 0.684471 2.27008 50.4
500.00 1183.15 17.509849 44.227630 -233016.656573 7.609213 23.770284 5.971 66.9508 0.760576 14.7262 0.476842 6.35989e-006 1.30809 0.951451 0.761042 3.82442 1.92743 5.32762 0.72758 2.25792 50.9
500.00 1173.15 16.535762 41.505399 -220444.954066 7.187929 22.395698 6.112 67.2717 0.761699 14.63 0.4357 6.77038e-006 1.18159 1.0075 0.700983 3.7423 1.75066 5.50054 0.770441 2.24685 51.4
500.00 1163.15 15.668690 39.084034 -209232.663996 6.812142 21.174682 6.250 67.5617 0.761642 14.5395 0.398641 7.23815e-006 1.0683 1.06325 0.646688 3.66528 1.58637 5.65858 0.813075 2.23694 51.9
500.00 1153.15 14.890665 36.913521 -199152.916191 6.474305 20.081349 6.384 67.8243 0.760344 14.4533 0.365229 7.76954e-006 0.966701 1.11881 0.597462 3.59309 1.43464 5.80234 0.855558 2.22826 52.4
500.00 1143.15 13.987864 34.467029 -187359.245083 6.081409 18.827994 6.507 68.1139 0.760167 14.3084 0.337975 8.5878e-006 0.884102 1.19102 0.554911 3.55989 1.30247 5.85016 0.910777 2.22614 52.8
500.00 1133.15 12.744591 31.226616 -170962.805620 5.539697 17.127061 6.606 68.501 0.764065 14.0174 0.319767 1.01474e-005 0.82846 1.3072 0.521351 3.61489 1.1999 5.68742 0.999626 2.23882 52.9
500.00 1123.15 11.479759 27.973939 -154221.911364 4.989851 15.397353 6.711 68.9449 0.747633 13.7397 0.304523 1.23242e-005 0.782031 1.43157 0.487493 3.62529 1.10867 5.52413 1.04943 2.2546 52.6
500.00 1113.15 9.767895 23.658278 -131630.432792 4.252751 13.060957 6.930 69.8078 0.687477 13.4297 0.290491 1.67575e-005 0.739635 1.33488 0.441353 3.557 1.0228 5.39365 1.03833 2.25688 51.5
500.00 1103.15 8.276546 19.929677 -111813.730123 3.607674 11.036283 7.114 70.5319 0.632265 13.1402 0.277935 2.37555e-005 0.700906 1.308 0.402247 3.50234 0.947076 5.25562 1.03664 2.2649 50.6
500.00 1093.15 6.912275 16.547479 -93614.958909 3.016444 9.192302 7.298 71.2297 0.581395 12.8593 0.265427 3.62593e-005 0.662216 1.27613 0.366635 3.44922 0.878125 5.12188 1.03713 2.27273 49.7
500.00 1083.15 5.660053 13.470377 -76843.443899 2.472711 7.507277 7.481 71.9007 0.534687 12.5867 0.252926 6.17247e-005 0.623599 1.24129 0.334361 3.39834 0.815012 4.99176 1.04011 2.28045 48.9
500.00 1073.15 4.528797 10.714662 -61632.774299 1.980577 5.991483 7.662 72.543 0.492115 12.3225 0.240225 0.000123404 0.584685 1.2059 0.305477 3.35025 0.756962 4.86463 1.04603 2.28815 48.2
500.00 1063.15 3.571796 8.400563 -48723.088389 1.563584 4.713741 7.841 73.1518 0.453947 12.0683 0.226817 0.000302664 0.544399 1.17375 0.280444 3.3054 0.703291 4.73983 1.05563 2.29607 47.9
500.00 1053.15 2.877221 6.726889 -39337.991760 1.260645 3.788165 8.014 73.7202 0.42052 11.827 0.212101 0.000833897 0.501518 1.14938 0.259952 3.2641 0.653371 4.61663 1.06991 2.3045 48.0
500.00 1043.15 2.439444 5.669452 -33426.296653 1.069676 3.204586 8.181 74.2475 0.391136 11.5985 0.196496 0.00203925 0.457282 1.13265 0.243545 3.22672 0.606714 4.4947 1.08919 2.31346 48.6
500.00 1033.15 2.153653 4.975257 -29573.268366 0.945021 2.823051 8.345 74.7403 0.364444 11.3797 0.181122 0.00404097 0.414438 1.11917 0.229807 3.1939 0.56301 4.37416 1.11314 2.32268 49.6
500.00 1023.15 1.944705 4.465360 -26759.195956 0.853870 2.543822 8.506 75.2035 0.339631 11.168 0.166602 0.00678196 0.374442 1.10603 0.217778 3.16637 0.52202 4.25514 1.14169 2.33196 50.7

olivine_0 thermodynamic data and composition:
Pressure Temperature mass S H V Cp formula SiO2 TiO2 Al2O3 Fe2O3 Cr2O3 FeO MnO MgO CaO Na2O K2O P2O5 H2O
500.00 1413.15 0.020694 0.049080 -252.151203 0.006270 0.025468 (Ca0.01Mg0.82Fe''0.18Mn0.00Co0.00Ni0.00)2SiO4 39.4301 0 0 0 0 16.9509 0.278642 42.9545 0.385902 0 0 0 0
500.00 1403.15 0.781338 1.844741 -9479.989488 0.236071 0.958399 (Ca0.01Mg0.81Fe''0.19Mn0.00Co0.00Ni0.00)2SiO4 39.3226 0 0 0 0 17.512 0.286223 42.4861 0.393073 0 0 0 0
500.00 1393.15 1.526926 3.588590 -18443.912141 0.460029 1.866591 (Ca0.01Mg0.80Fe''0.19Mn0.00Co0.00Ni0.00)2SiO4 39.2115 0 0 0 0 18.0925 0.29393 42.0017 0.400435 0 0 0 0
500.00 1383.15 2.026333 4.739440 -24340.111341 0.608435 2.467501 (Ca0.01Mg0.80Fe''0.20Mn0.00Co0.00Ni0.00)2SiO4 39.0787 0 0 0 0 18.7897 0.305589 41.426 0.400086 0 0 0 0
500.00 1373.15 2.047027 4.762973 -24401.032991 0.611981 2.480882 (Ca0.01Mg0.78Fe''0.21Mn0.00Co0.00Ni0.00)2SiO4 38.906 0 0 0 0 19.7011 0.326308 40.6829 0.383764 0 0 0 0
500.00 1363.15 2.063784 4.776861 -24414.188540 0.614337 2.489384 (Ca0.01Mg0.77Fe''0.22Mn0.00Co0.00Ni0.00)2SiO4 38.7354 0 0 0 0 20.5987 0.349148 39.9491 0.367662 0 0 0 0
500.00 1353.15 1.971394 4.538989 -23143.340094 0.584304 2.366664 (Ca0.00Mg0.76Fe''0.23Mn0.00Co0.00Ni0.00)2SiO4 38.565 0 0 0 0 21.4863 0.382143 39.2166 0.350004 0 0 0 0
500.00 1343.15 1.691194 3.875238 -19762.830068 0.499759 2.023268 (Ca0.00Mg0.76Fe''0.24Mn0.00Co0.00Ni0.00)2SiO4 38.4553 0 0 0 0 22.0419 0.425087 38.7475 0.330204 0 0 0 0
500.00 1333.15 2.226533 5.076071 -25852.790764 0.655486 2.652385 (Ca0.00Mg0.75Fe''0.25Mn0.01Co0.00Ni0.00)2SiO4 38.3102 0 0 0 0 22.7497 0.505094 38.1243 0.310687 0 0 0 0
500.00 1323.15 2.634641 5.976800 -30424.218988 0.773040 3.126352 (Ca0.00Mg0.74Fe''0.26Mn0.01Co0.00Ni0.00)2SiO4 38.1832 0 0 0 0 23.3513 0.593842 37.5792 0.292493 0 0 0 0
500.00 1313.15 1.205006 2.720545 -13845.472848 0.352463 1.424473 (Ca0.00Mg0.73Fe''0.26Mn0.01Co0.00Ni0.00)2SiO4 38.063 0 0 0 0 23.8287 0.769401 37.0601 0.278849 0 0 0 0
500.00 1113.15 0.191552 0.380028 -1725.466885 0.049873 0.196564 (Ca0.00Mg0.36Fe''0.47Mn0.18Co0.00Ni0.00)2SiO4 33.1845 0 0 0 0 37.039 13.8462 15.7335 0.196877 0 0 0 0
500.00 1103.15 0.295328 0.581235 -2618.534114 0.076371 0.300681 (Ca0.00Mg0.33Fe''0.48Mn0.18Co0.00Ni0.00)2SiO4 32.922 0 0 0 0 38.1078 14.1854 14.5922 0.192446 0 0 0 0
500.00 1093.15 0.385659 0.753081 -3370.263697 0.099109 0.389798 (Ca0.00Mg0.31Fe''0.50Mn0.19Co0.00Ni0.00)2SiO4 32.6844 0 0 0 0 39.1048 14.4637 13.5597 0.18737 0 0 0 0
500.00 1083.15 0.463898 0.898923 -4000.825638 0.118534 0.465723 (Ca0.00Mg0.29Fe''0.52Mn0.19Co0.00Ni0.00)2SiO4 32.4698 0 0 0 0 40.0229 14.6974 12.6281 0.181771 0 0 0 0
500.00 1073.15 0.529364 1.018134 -4511.970233 0.134564 0.528166 (Ca0.00Mg0.28Fe''0.53Mn0.20Co0.00Ni0.00)2SiO4 32.2787 0 0 0 0 40.8363 14.9109 11.7984 0.175724 0 0 0 0
500.00 1063.15 0.577823 1.103381 -4876.389040 0.146228 0.573330 (Ca0.00Mg0.26Fe''0.54Mn0.20Co0.00Ni0.00)2SiO4 32.1152 0 0 0 0 41.4789 15.1487 11.0881 0.16924 0 0 0 0
500.00 1053.15 0.602886 1.143505 -5050.237691 0.152031 0.595376 (Ca0.00Mg0.25Fe''0.55Mn0.20Co0.00Ni0.00)2SiO4 31.9854 0 0 0 0 41.8563 15.4728 10.5232 0.162304 0 0 0 0
500.00 1043.15 0.606969 1.143981 -5058.327127 0.152647 0.597006 (Ca0.00Mg0.24Fe''0.55Mn0.21Co0.00Ni0.00)2SiO4 31.8855 0 0 0 0 41.9785 15.8951 10.0858 0.155054 0 0 0 0
500.00 1033.15 0.600194 1.124301 -4982.758850 0.150608 0.588219 (Ca0.00Mg0.23Fe''0.55Mn0.22Co0.00Ni0.00)2SiO4 31.8029 0 0 0 0 41.9566 16.3704 9.72246 0.147727 0 0 0 0
500.00 1023.15 0.589159 1.096962 -4875.762300 0.147548 0.575450 (Ca0.00Mg0.22Fe''0.55Mn0.23Co0.00Ni0.00)2SiO4 31.7293 0 0 0 0 41.8679 16.864 9.3983 0.140468 0 0 0 0
500.00 1013.15 0.692968 1.282778 -5725.464601 0.173300 0.674967 (Ca0.00Mg0.22Fe''0.55Mn0.23Co0.00Ni0.00)2SiO4 31.6795 0 0 0 0 41.7464 17.2624 9.17857 0.133139 0 0 0 0
500.00 1003.15 0.692814 1.275104 -5716.881343 0.173040 0.673214 (Ca0.00Mg0.21Fe''0.55Mn0.23Co0.00Ni0.00)2SiO4 31.6439 0 0 0 0 41.8609 17.344 9.02526 0.125963 0 0 0 0

feldspar_0 thermodynamic data and composition:
Pressure Temperature mass S H V Cp formula SiO2 TiO2 Al2O3 Fe2O3 Cr2O3 FeO MnO MgO CaO Na2O K2O P2O5 H2O
500.00 1333.15 4.368266 10.154120 -60975.282765 1.631769 5.308626 K0.01Na0.21Ca0.78Al1.78Si2.22O8 48.5084 0 33.0413 0 0 0 0 0 15.9406 2.38531 0.124391 0 0
500.00 1323.15 8.414760 19.527250 -117501.880125 3.149050 10.219514 K0.01Na0.24Ca0.75Al1.75Si2.25O8 49.1937 0 32.5752 0 0 0 0 0 15.3962 2.69073 0.144077 0 0
500.00 1313.15 12.773570 29.595260 -178421.084538 4.789733 15.503318 K0.01Na0.27Ca0.72Al1.72Si2.28O8 49.9382 0 32.0674 0 0 0 0 0 14.8036 3.01843 0.172373 0 0
500.00 1303.15 17.053751 39.444181 -238276.293638 6.407074 20.684482 K0.01Na0.29Ca0.69Al1.69Si2.31O8 50.6691 0 31.5673 0 0 0 0 0 14.2204 3.33626 0.206852 0 0
500.00 1293.15 20.707532 47.799836 -289423.165644 7.793400 25.098304 K0.01Na0.32Ca0.67Al1.67Si2.33O8 51.3388 0 31.1084 0 0 0 0 0 13.6855 3.62528 0.242041 0 0
500.00 1283.15 23.979122 55.228662 -335267.975098 9.039109 29.167308 K0.02Na0.34Ca0.64Al1.64Si2.36O8 51.9602 0 30.6811 0 0 0 0 0 13.188 3.88983 0.280905 0 0
500.00 1273.15 26.892280 61.785161 -376142.416160 10.151667 32.694126 K0.02Na0.36Ca0.62Al1.62Si2.38O8 52.5231 0 30.2924 0 0 0 0 0 12.736 4.12546 0.322972 0 0
500.00 1263.15 29.465452 67.512658 -412303.933759 11.136743 35.801174 K0.02Na0.38Ca0.60Al1.60Si2.40O8 53.0222 0 29.9462 0 0 0 0 0 12.3339 4.33005 0.36756 0 0
500.00 1253.15 31.719625 72.461599 -444044.888402 12.001235 38.513886 K0.02Na0.40Ca0.58Al1.58Si2.42O8 53.4567 0 29.6432 0 0 0 0 0 11.9825 4.50372 0.413879 0 0
500.00 1243.15 33.680693 76.694955 -471725.339548 12.754199 40.863976 K0.03Na0.41Ca0.57Al1.57Si2.43O8 53.8293 0 29.3816 0 0 0 0 0 11.6798 4.64822 0.461136 0 0
500.00 1233.15 35.378703 80.286031 -495762.622350 13.406542 42.888460 K0.03Na0.42Ca0.55Al1.55Si2.45O8 54.1453 0 29.158 0 0 0 0 0 11.4216 4.76642 0.508633 0 0
500.00 1223.15 36.845703 83.313003 -516601.444641 13.970155 44.626936 K0.03Na0.43Ca0.54Al1.54Si2.46O8 54.4114 0 28.9682 0 0 0 0 0 11.2029 4.86168 0.555825 0 0
500.00 1213.15 38.113424 85.853187 -534681.840618 14.456979 46.118682 K0.03Na0.43Ca0.53Al1.53Si2.47O8 54.6344 0 28.8075 0 0 0 0 0 11.0183 4.93741 0.602342 0 0
500.00 1203.15 39.211496 87.978675 -550414.498439 14.878269 47.400426 K0.04Na0.44Ca0.53Al1.53Si2.47O8 54.821 0 28.6716 0 0 0 0 0 10.8626 4.99685 0.647975 0 0
500.00 1193.15 40.166404 89.753801 -564166.291801 15.244150 48.505027 K0.04Na0.44Ca0.52Al1.52Si2.48O8 54.9774 0 28.5562 0 0 0 0 0 10.7309 5.04285 0.692649 0 0
500.00 1183.15 41.001084 91.234190 -576254.774196 15.563434 49.460984 K0.04Na0.44Ca0.51Al1.51Si2.49O8 55.1087 0 28.4579 0 0 0 0 0 10.6192 5.07783 0.736384 0 0
500.00 1173.15 41.734969 92.466900 -586948.862313 15.843615 50.292483 K0.04Na0.45Ca0.51Al1.51Si2.49O8 55.2196 0 28.3736 0 0 0 0 0 10.5237 5.10383 0.779267 0 0
500.00 1163.15 42.384286 93.491166 -596472.997944 16.090971 51.019777 K0.05Na0.45Ca0.50Al1.50Si2.50O8 55.3137 0 28.3007 0 0 0 0 0 10.4417 5.1225 0.821429 0 0
500.00 1153.15 42.962462 94.339410 -605012.780579 16.310706 51.659696 K0.05Na0.45Ca0.50Al1.50Si2.50O8 55.3942 0 28.2371 0 0 0 0 0 10.3704 5.13522 0.863022 0 0
500.00 1143.15 43.394074 94.841627 -611558.992769 16.472435 52.122756 K0.05Na0.45Ca0.50Al1.50Si2.50O8 55.4306 0 28.2082 0 0 0 0 0 10.3381 5.14056 0.882537 0 0
500.00 1133.15 43.556368 94.725597 -614458.579202 16.527157 52.263499 K0.05Na0.45Ca0.50Al1.50Si2.50O8 55.3818 0 28.2489 0 0 0 0 0 10.383 5.13835 0.847979 0 0
500.00 1123.15 43.727803 94.619321 -617494.874369 16.584824 52.415184 K0.05Na0.45Ca0.50Al1.50Si2.50O8 55.3225 0 28.2966 0 0 0 0 0 10.4362 5.13125 0.813486 0 0
500.00 1113.15 44.053943 94.828610 -622739.659315 16.699311 52.750459 K0.04Na0.45Ca0.51Al1.51Si2.49O8 55.2258 0 28.3699 0 0 0 0 0 10.5193 5.10798 0.777063 0 0
500.00 1103.15 44.312695 94.885216 -627031.570154 16.788719 53.007250 K0.04Na0.45Ca0.51Al1.51Si2.49O8 55.1401 0 28.4353 0 0 0 0 0 10.5932 5.08864 0.742671 0 0
500.00 1093.15 44.538939 94.864382 -630864.342190 16.866073 53.228067 K0.04Na0.44Ca0.52Al1.52Si2.48O8 55.0609 0 28.4961 0 0 0 0 0 10.6618 5.07134 0.70984 0 0
500.00 1083.15 44.737417 94.777062 -634304.046853 16.933172 53.419855 K0.04Na0.44Ca0.52Al1.52Si2.48O8 54.9878 0 28.5523 0 0 0 0 0 10.7253 5.05604 0.678467 0 0
500.00 1073.15 44.909701 94.627492 -637371.755609 16.990645 53.586185 K0.04Na0.44Ca0.52Al1.52Si2.48O8 54.9214 0 28.6038 0 0 0 0 0 10.7833 5.04297 0.648501 0 0
500.00 1063.15 45.052671 94.410339 -640021.363767 17.037408 53.725676 K0.04Na0.44Ca0.52Al1.52Si2.48O8 54.8633 0 28.6494 0 0 0 0 0 10.8344 5.03291 0.619974 0 0
500.00 1053.15 45.160342 94.114659 -642165.520606 17.071334 53.834411 K0.03Na0.44Ca0.53Al1.53Si2.47O8 54.8162 0 28.6872 0 0 0 0 0 10.8766 5.02704 0.592955 0 0
500.00 1043.15 45.236779 93.749680 -643861.273155 17.093935 53.921217 K0.03Na0.44Ca0.53Al1.53Si2.47O8 54.7793 0 28.7178 0 0 0 0 0 10.9105 5.0251 0.567303 0 0
500.00 1033.15 45.294843 93.341691 -645292.762051 17.109889 54.006580 K0.03Na0.44Ca0.53Al1.53Si2.47O8 54.7488 0 28.7438 0 0 0 0 0 10.9391 5.02551 0.542727 0 0
500.00 1023.15 45.343096 92.907823 -646582.891736 17.122301 54.108204 K0.03Na0.44Ca0.53Al1.53Si2.47O8 54.7222 0 28.7671 0 0 0 0 0 10.9645 5.02716 0.519036 0 0
500.00 1013.15 45.630724 92.936674 -651321.171171 17.221839 54.524368 K0.03Na0.44Ca0.53Al1.53Si2.47O8 54.6289 0 28.8359 0 0 0 0 0 11.043 4.99951 0.492718 0 0
500.00 1003.15 45.598446 92.326942 -651457.072207 17.204595 54.625099 K0.03Na0.44Ca0.53Al1.53Si2.47O8 54.6195 0 28.8471 0 0 0 0 0 11.0544 5.00777 0.471301 0 0

spinel_0 thermodynamic data and composition:
Pressure Temperature mass S H V Cp formula SiO2 TiO2 Al2O3 Fe2O3 Cr2O3 FeO MnO MgO CaO Na2O K2O P2O5 H2O
500.00 1373.15 0.042728 0.091071 -270.764284 0.009438 0.041263 Fe''0.73Mg0.41Fe'''1.10Al0.41Cr0.21Ti0.14O4 0 5.50617 10.297 42.7791 7.7022 25.6267 0 8.08875 0 0 0 0 0
500.00 1363.15 0.181402 0.384672 -1115.381719 0.039841 0.174051 Fe''0.79Mg0.38Fe'''1.16Al0.38Cr0.12Ti0.17O4 0 6.52802 9.35918 44.8079 4.51202 27.3376 0 7.45527 0 0 0 0 0
500.00 1353.15 0.562201 1.185262 -3375.766282 0.122891 0.536826 Fe''0.84Mg0.36Fe'''1.21Al0.35Cr0.05Ti0.19O4 0 7.41258 8.66339 46.2735 1.90514 28.8331 0 6.91227 0 0 0 0 0
500.00 1343.15 1.439041 3.018546 -8562.214582 0.313755 1.370765 Fe''0.86Mg0.34Fe'''1.23Al0.35Cr0.02Ti0.20O4 0 7.69408 8.51544 46.8803 0.779581 29.528 0 6.60265 0 0 0 0 0
500.00 1333.15 2.658754 5.542377 -15531.965657 0.576748 2.518818 Fe''0.89Mg0.32Fe'''1.24Al0.32Cr0.01Ti0.22O4 0 8.17523 7.67992 47.0764 0.424632 30.4452 0 6.19864 0 0 0 0 0
500.00 1323.15 3.644829 7.555877 -21007.929572 0.787403 3.437685 Fe''0.92Mg0.31Fe'''1.25Al0.29Cr0.01Ti0.23O4 0 8.52159 7.04917 47.0933 0.310123 31.1465 0 5.87926 0 0 0 0 0
500.00 1313.15 4.599797 9.485422 -26223.824181 0.990248 4.322199 Fe''0.94Mg0.30Fe'''1.25Al0.27Cr0.01Ti0.23O4 0 8.75425 6.54829 47.1566 0.24586 31.6787 0 5.61638 0 0 0 0 0
500.00 1303.15 5.284316 10.836413 -29747.043543 1.133076 4.944872 Fe''0.96Mg0.28Fe'''1.26Al0.25Cr0.01Ti0.24O4 0 8.969 6.02287 47.2205 0.214054 32.2751 0 5.29843 0 0 0 0 0
500.00 1293.15 5.679817 11.583423 -31591.153808 1.213120 5.293505 Fe''0.98Mg0.26Fe'''1.27Al0.23Cr0.01Ti0.25O4 0 9.21919 5.52254 47.1673 0.199166 32.9151 0 4.97668 0 0 0 0 0
500.00 1283.15 5.965541 12.101817 -32844.711820 1.269740 5.539922 Fe''1.00Mg0.25Fe'''1.27Al0.22Cr0.01Ti0.25O4 0 9.45177 5.09529 47.0763 0.189637 33.4957 0 4.69126 0 0 0 0 0
500.00 1273.15 6.164497 12.441440 -33648.333580 1.308034 5.706343 Fe''1.02Mg0.24Fe'''1.27Al0.20Cr0.01Ti0.26O4 0 9.67297 4.72594 46.9517 0.183523 34.0305 0 4.43532 0 0 0 0 0
500.00 1263.15 6.294143 12.639891 -34105.056570 1.331835 5.809468 Fe''1.04Mg0.23Fe'''1.27Al0.19Cr0.01Ti0.27O4 0 9.88691 4.40392 46.7964 0.179747 34.5289 0 4.20412 0 0 0 0 0
500.00 1253.15 6.368566 12.727216 -34294.832666 1.344205 5.862633 Fe''1.06Mg0.22Fe'''1.27Al0.18Cr0.01Ti0.27O4 0 10.0961 4.12134 46.6137 0.177649 34.9971 0 3.99415 0 0 0 0 0
500.00 1243.15 6.399452 12.728058 -34281.400002 1.347654 5.876785 Fe''1.08Mg0.21Fe'''1.27Al0.17Cr0.01Ti0.28O4 0 10.302 3.87195 46.4071 0.176794 35.4396 0 3.80264 0 0 0 0 0
500.00 1233.15 6.396488 12.662610 -34115.602613 1.344245 5.860914 Fe''1.09Mg0.20Fe'''1.26Al0.16Cr0.01Ti0.29O4 0 10.505 3.65057 46.1808 0.176877 35.8595 0 3.6273 0 0 0 0 0
500.00 1223.15 6.367559 12.547121 -33837.319788 1.335638 5.822266 Fe''1.11Mg0.19Fe'''1.26Al0.15Cr0.01Ti0.29O4 0 10.7053 3.45286 45.9388 0.177682 36.2591 0 3.46618 0 0 0 0 0
500.00 1213.15 6.318906 12.394331 -33477.023932 1.323135 5.766534 Fe''1.12Mg0.18Fe'''1.26Al0.14Cr0.01Ti0.30O4 0 10.9027 3.27516 45.6852 0.179051 36.6404 0 3.31751 0 0 0 0 0
500.00 1203.15 6.255334 12.213948 -33057.302717 1.307729 5.698058 Fe''1.13Mg0.17Fe'''1.25Al0.13Cr0.01Ti0.31O4 0 11.0968 3.11436 45.4234 0.180871 37.0049 0 3.17977 0 0 0 0 0
500.00 1193.15 6.180424 12.013158 -32594.348533 1.290153 5.620051 Fe''1.14Mg0.17Fe'''1.24Al0.13Cr0.01Ti0.31O4 0 11.2874 2.96788 45.1563 0.183063 37.3538 0 3.05156 0 0 0 0 0
500.00 1183.15 6.096769 11.797123 -32099.319737 1.270932 5.534816 Fe''1.16Mg0.16Fe'''1.24Al0.12Cr0.01Ti0.32O4 0 11.4742 2.83355 44.8864 0.185575 37.6886 0 2.93168 0 0 0 0 0
500.00 1173.15 6.006171 11.569419 -31579.495480 1.250426 5.443937 Fe''1.17Mg0.15Fe'''1.23Al0.12Cr0.01Ti0.32O4 0 11.657 2.70961 44.6157 0.188374 38.0103 0 2.81907 0 0 0 0 0
500.00 1163.15 5.909820 11.332397 -31039.193831 1.228867 5.348444 Fe''1.18Mg0.15Fe'''1.23Al0.11Cr0.01Ti0.33O4 0 11.8355 2.59458 44.3459 0.191445 38.3198 0 2.71279 0 0 0 0 0
500.00 1153.15 5.808420 11.087466 -30480.461410 1.206390 5.248936 Fe''1.19Mg0.14Fe'''1.22Al0.11Cr0.01Ti0.33O4 0 12.0096 2.48725 44.0783 0.194787 38.618 0 2.61205 0 0 0 0 0
500.00 1143.15 5.676089 10.786039 -29774.681346 1.177641 5.121712 Fe''1.20Mg0.14Fe'''1.21Al0.10Cr0.01Ti0.34O4 0 12.241 2.37567 43.7034 0.199327 38.9702 0 2.51042 0 0 0 0 0
500.00 1133.15 5.475700 10.359459 -28740.543692 1.135011 4.933062 Fe''1.22Mg0.13Fe'''1.20Al0.10Cr0.01Ti0.35O4 0 12.6172 2.24658 43.0633 0.20662 39.4643 0 2.40209 0 0 0 0 0
500.00 1123.15 5.144630 9.685509 -26951.305964 1.064878 4.627299 Fe''1.23Mg0.13Fe'''1.19Al0.09Cr0.01Ti0.35O4 0 12.7464 2.1414 42.853 0.219915 39.7686 0 2.27067 0 0 0 0 0
500.00 1113.15 4.392470 8.220383 -22835.272965 0.906811 3.943608 Fe''1.23Mg0.11Fe'''1.21Al0.09Cr0.01Ti0.35O4 0 12.3942 2.06181 43.4812 0.257567 39.7326 0 2.07261 0 0 0 0 0
500.00 1103.15 3.679729 6.845942 -18995.259475 0.757820 3.298248 Fe''1.23Mg0.11Fe'''1.23Al0.09Cr0.01Ti0.34O4 0 12.0213 1.99422 44.1366 0.307448 39.6403 0 1.90013 0 0 0 0 0
500.00 1093.15 2.967697 5.489092 -15222.116868 0.609795 2.655880 Fe''1.23Mg0.10Fe'''1.25Al0.08Cr0.01Ti0.33O4 0 11.6544 1.93277 44.7594 0.381195 39.5254 0 1.74682 0 0 0 0 0
500.00 1083.15 2.262458 4.160641 -11538.507930 0.463894 2.021679 Fe''1.23Mg0.09Fe'''1.27Al0.08Cr0.01Ti0.32O4 0 11.2836 1.87829 45.3452 0.499975 39.382 0 1.61095 0 0 0 0 0
500.00 1073.15 1.585971 2.900200 -8048.351935 0.324534 1.415025 Fe''1.22Mg0.08Fe'''1.29Al0.08Cr0.02Ti0.31O4 0 10.889 1.83368 45.8788 0.713104 39.1927 0 1.49267 0 0 0 0 0
500.00 1063.15 0.995907 1.811310 -5034.313718 0.203400 0.887090 Fe''1.22Mg0.08Fe'''1.30Al0.08Cr0.03Ti0.29O4 0 10.4273 1.80639 46.3208 1.13509 38.915 0 1.39532 0 0 0 0 0
500.00 1053.15 0.581555 1.052202 -2933.003347 0.118555 0.516993 Fe''1.20Mg0.07Fe'''1.31Al0.08Cr0.06Ti0.28O4 0 9.83427 1.8077 46.6064 1.94155 38.486 0 1.32408 0 0 0 0 0
500.00 1043.15 0.354860 0.638687 -1788.565858 0.072211 0.314724 Fe''1.18Mg0.07Fe'''1.31Al0.08Cr0.09Ti0.26O4 0 9.0997 1.83896 46.7091 3.17462 37.9014 0 1.27619 0 0 0 0 0
500.00 1033.15 0.238125 0.426222 -1201.006168 0.048371 0.210631 Fe''1.16Mg0.07Fe'''1.31Al0.08Cr0.14Ti0.23O4 0 8.27931 1.89025 46.6491 4.71524 37.2237 0 1.24238 0 0 0 0 0
500.00 1023.15 0.172670 0.307248 -872.456654 0.035015 0.152288 Fe''1.14Mg0.07Fe'''1.31Al0.09Cr0.19Ti0.21O4 0 7.42165 1.95426 46.4263 6.4767 36.5041 0 1.21695 0 0 0 0 0
500.00 1013.15 0.141228 0.249778 -715.092334 0.028598 0.124230 Fe''1.12Mg0.07Fe'''1.30Al0.09Cr0.24Ti0.19O4 0 6.67832 2.01625 46.219 8.01203 35.8754 0 1.19904 0 0 0 0 0
500.00 1003.15 0.136076 0.239242 -687.987209 0.027522 0.119555 Fe''1.11Mg0.06Fe'''1.31Al0.09Cr0.25Ti0.18O4 0 6.32323 2.0083 46.5866 8.31534 35.6026 0 1.16389 0 0 0 0 0

feldspar_1 thermodynamic data and composition:
Pressure Temperature mass S H V Cp formula SiO2 TiO2 Al2O3 Fe2O3 Cr2O3 FeO MnO MgO CaO Na2O K2O P2O5 H2O
500.00 1143.15 0.266666 0.579532 -3605.490198 0.106156 0.314778 K0.73Na0.24Ca0.03Al1.03Si2.97O8 65.0153 0 19.1255 0 0 0 0 0 0.608277 2.68786 12.5631 0 0
500.00 1133.15 1.111077 2.402255 -15031.554548 0.442243 1.310452 K0.74Na0.23Ca0.03Al1.03Si2.97O8 65.0306 0 19.0947 0 0 0 0 0 0.579304 2.64137 12.654 0 0
500.00 1123.15 1.921231 4.132228 -26007.545744 0.764597 2.264106 K0.74Na0.23Ca0.03Al1.03Si2.97O8 65.0442 0 19.0645 0 0 0 0 0 0.551274 2.59261 12.7474 0 0
500.00 1113.15 2.845124 6.086728 -38536.252865 1.132103 3.350032 K0.75Na0.22Ca0.03Al1.03Si2.97O8 65.0546 0 19.0344 0 0 0 0 0 0.523931 2.53669 12.8504 0 0
500.00 1103.15 3.634972 7.734603 -49263.193899 1.446153 4.276514 K0.76Na0.22Ca0.02Al1.02Si2.98O8 65.0645 0 19.0055 0 0 0 0 0 0.497783 2.48299 12.9492 0 0
500.00 1093.15 4.327894 9.158844 -58688.701325 1.721533 5.087650 K0.76Na0.22Ca0.02Al1.02Si2.98O8 65.0737 0 18.9777 0 0 0 0 0 0.472724 2.43057 13.0454 0 0
500.00 1083.15 4.937382 10.391054 -66993.696750 1.963624 5.799663 K0.77Na0.21Ca0.02Al1.02Si2.98O8 65.0821 0 18.9509 0 0 0 0 0 0.448703 2.37932 13.1389 0 0
500.00 1073.15 5.466647 11.440732 -74219.914845 2.173716 6.416671 K0.77Na0.21Ca0.02Al1.02Si2.98O8 65.0899 0 18.9252 0 0 0 0 0 0.425676 2.32925 13.2299 0 0
500.00 1063.15 5.903014 12.284215 -80193.400709 2.346784 6.924184 K0.78Na0.20Ca0.02Al1.02Si2.98O8 65.0971 0 18.9005 0 0 0 0 0 0.403609 2.2806 13.3181 0 0
500.00 1053.15 6.223757 12.877697 -84603.156736 2.473816 7.296003 K0.78Na0.20Ca0.02Al1.02Si2.98O8 65.104 0 18.8768 0 0 0 0 0 0.38247 2.2337 13.403 0 0
500.00 1043.15 6.440550 13.249212 -87605.088092 2.559475 7.546312 K0.79Na0.19Ca0.02Al1.02Si2.98O8 65.1104 0 18.8541 0 0 0 0 0 0.362212 2.18834 13.485 0 0
500.00 1033.15 6.596007 13.489503 -89776.381467 2.620717 7.725516 K0.79Na0.19Ca0.02Al1.02Si2.98O8 65.1162 0 18.8322 0 0 0 0 0 0.342781 2.14382 13.565 0 0
500.00 1023.15 6.718668 13.658700 -91504.029348 2.668891 7.867552 K0.80Na0.19Ca0.02Al1.02Si2.98O8 65.1213 0 18.811 0 0 0 0 0 0.324137 2.09972 13.6439 0 0
500.00 1013.15 7.352426 14.855777 -100195.328342 2.919983 8.609397 K0.80Na0.18Ca0.02Al1.02Si2.98O8 65.1224 0 18.7895 0 0 0 0 0 0.306073 2.04574 13.7363 0 0
500.00 1003.15 7.384834 14.830103 -100702.243483 2.932208 8.650650 K0.81Na0.18Ca0.01Al1.01Si2.99O8 65.1266 0 18.7699 0 0 0 0 0 0.288983 2.00401 13.8104 0 0

orthopyroxene_0 thermodynamic data and composition:
Pressure Temperature mass S H V Cp structure formula SiO2 TiO2 Al2O3 Fe2O3 Cr2O3 FeO MnO MgO CaO Na2O K2O P2O5 H2O
500.00 1313.15 2.870663 6.535677 -35562.657396 0.868957 3.517087 opx Na0.00Ca0.07Fe''0.45Mg1.42Fe'''0.03Ti0.00Al0.10Si1.93O6 53.5195 0.106763 2.36069 1.07955 0 14.8213 0 26.3019 1.79053 0.0197821 0 0 0
500.00 1303.15 5.914858 13.400340 -73099.444654 1.787531 7.229346 opx Na0.00Ca0.07Fe''0.46Mg1.41Fe'''0.03Ti0.00Al0.10Si1.94O6 53.512 0.0994485 2.24991 1.03328 0 15.233 0 26.0573 1.79452 0.0205231 0 0 0
500.00 1293.15 7.066289 15.927485 -87063.024857 2.131436 8.613332 opx Na0.00Ca0.07Fe''0.48Mg1.39Fe'''0.03Ti0.00Al0.09Si1.94O6 53.4839 0.0921722 2.14062 0.988109 0 15.7151 0 25.7597 1.79946 0.0209578 0 0 0
500.00 1283.15 8.034316 18.017039 -98701.100004 2.418888 9.767455 opx Na0.00Ca0.07Fe''0.49Mg1.38Fe'''0.03Ti0.00Al0.09Si1.94O6 53.4525 0.0857238 2.0417 0.945367 0 16.1804 0 25.4741 1.79894 0.0212196 0 0 0
500.00 1273.15 8.855594 19.757067 -108483.979386 2.661211 10.738007 opx Na0.00Ca0.07Fe''0.51Mg1.37Fe'''0.02Ti0.00Al0.08Si1.94O6 53.4173 0.0800245 1.95271 0.905035 0 16.6327 0 25.1976 1.79332 0.0213128 0 0 0
500.00 1263.15 9.560764 21.220590 -116802.349094 2.867840 11.563486 opx Na0.00Ca0.07Fe''0.52Mg1.36Fe'''0.02Ti0.00Al0.08Si1.95O6 53.3779 0.0750021 1.87322 0.867052 0 17.0739 0 24.9288 1.78292 0.0212489 0 0 0
500.00 1253.15 10.175461 22.468174 -123981.488277 3.046647 12.275957 opx Na0.00Ca0.07Fe''0.53Mg1.34Fe'''0.02Ti0.00Al0.08Si1.95O6 53.3345 0.0705847 1.80268 0.831313 0 17.5051 0 24.6668 1.76805 0.0210447 0 0 0
500.00 1243.15 10.720579 23.548816 -130285.728289 3.204035 12.901466 opx Na0.00Ca0.07Fe''0.55Mg1.33Fe'''0.02Ti0.00Al0.08Si1.95O6 53.2875 0.0667004 1.74043 0.797674 0 17.9264 0 24.4115 1.74906 0.0207212 0 0 0
500.00 1233.15 11.212576 24.500854 -135922.819690 3.345042 13.460471 opx Na0.00Ca0.07Fe''0.56Mg1.32Fe'''0.02Ti0.00Al0.07Si1.95O6 53.2376 0.0632785 1.68569 0.765965 0 18.338 0 24.1628 1.7263 0.020301 0 0 0
500.00 1223.15 11.663996 25.353359 -141050.922502 3.473505 13.968541 opx Na0.00Ca0.07Fe''0.58Mg1.31Fe'''0.02Ti0.00Al0.07Si1.95O6 53.1854 0.0602518 1.63763 0.736005 0 18.7397 0 23.921 1.70017 0.0198059 0 0 0
500.00 1213.15 12.084181 26.127892 -145787.632726 3.592281 14.437250 opx Na0.00Ca0.07Fe''0.59Mg1.30Fe'''0.02Ti0.00Al0.07Si1.95O6 53.1315 0.0575587 1.59542 0.707613 0 19.1317 0 23.6859 1.67105 0.0192556 0 0 0
500.00 1203.15 12.480018 26.840289 -150219.392292 3.703475 14.875119 opx Na0.00Ca0.06Fe''0.60Mg1.29Fe'''0.02Ti0.00Al0.07Si1.96O6 53.0763 0.0551446 1.5583 0.680627 0 19.5143 0 23.4574 1.6393 0.0186669 0 0 0
500.00 1193.15 12.856613 27.502236 -154409.911165 3.808642 15.288446 opx Na0.00Ca0.06Fe''0.61Mg1.28Fe'''0.02Ti0.00Al0.07Si1.96O6 53.0202 0.0529623 1.52558 0.654902 0 19.888 0 23.2351 1.60527 0.0180534 0 0 0
500.00 1183.15 13.217827 28.122526 -158406.946784 3.908956 15.681976 opx Na0.00Ca0.06Fe''0.63Mg1.27Fe'''0.02Ti0.00Al0.07Si1.96O6 52.9634 0.0509716 1.49667 0.630316 0 20.2536 0 23.0184 1.56926 0.0174256 0 0 0
500.00 1173.15 13.566688 28.707987 -162247.383108 4.005330 16.059403 opx Na0.00Ca0.06Fe''0.64Mg1.26Fe'''0.02Ti0.00Al0.06Si1.96O6 52.906 0.0491389 1.47107 0.606768 0 20.612 0 22.8067 1.53153 0.0167914 0 0 0
500.00 1163.15 13.905670 29.264143 -165960.870029 4.098507 16.423726 opx Na0.00Ca0.06Fe''0.65Mg1.25Fe'''0.02Ti0.00Al0.06Si1.96O6 52.8481 0.0474363 1.44836 0.584178 0 20.9643 0 22.5992 1.49231 0.0161568 0 0 0
500.00 1153.15 14.236908 29.795670 -169572.379189 4.189118 16.777499 opx Na0.00Ca0.06Fe''0.66Mg1.24Fe'''0.02Ti0.00Al0.06Si1.96O6 52.7895 0.0458405 1.42823 0.562482 0 21.3115 0 22.3951 1.45179 0.015526 0 0 0
500.00 1143.15 14.618964 30.421586 -173695.756474 4.293528 17.186280 opx Na0.00Ca0.06Fe''0.68Mg1.23Fe'''0.02Ti0.00Al0.06Si1.96O6 52.7179 0.04432 1.40933 0.541722 0 21.7044 0 22.1578 1.4097 0.014862 0 0 0
500.00 1133.15 15.128527 31.294364 -179118.216784 4.432931 17.734926 opx Na0.00Ca0.05Fe''0.69Mg1.21Fe'''0.01Ti0.00Al0.06Si1.96O6 52.6169 0.042861 1.39017 0.521997 0 22.2081 0 21.8409 1.36495 0.0141273 0 0 0
500.00 1123.15 15.716451 32.308957 -185258.127485 4.592818 18.365325 opx Na0.00Ca0.05Fe''0.71Mg1.20Fe'''0.01Ti0.00Al0.06Si1.96O6 52.4879 0.0403397 1.37626 0.506849 0 22.8013 0 21.4561 1.31786 0.0133843 0 0 0
500.00 1113.15 16.494243 33.673131 -192940.315147 4.800604 19.187500 opx Na0.00Ca0.05Fe''0.74Mg1.17Fe'''0.01Ti0.00Al0.06Si1.96O6 52.2639 0.0355198 1.37133 0.502318 0 23.7233 0 20.8271 1.2641 0.0124864 0 0 0
500.00 1103.15 17.321914 35.118378 -201150.683897 5.021882 20.063396 opx Na0.00Ca0.05Fe''0.78Mg1.14Fe'''0.01Ti0.00Al0.06Si1.96O6 52.0488 0.0314732 1.37092 0.498537 0 24.5989 0 20.2328 1.20694 0.0116668 0 0 0
500.00 1093.15 18.177234 36.596015 -209575.899855 5.249622 20.964749 opx Na0.00Ca0.05Fe''0.81Mg1.11Fe'''0.01Ti0.00Al0.06Si1.96O6 51.8363 0.0280306 1.37364 0.495346 0 25.4559 0 19.6527 1.14719 0.010891 0 0 0
500.00 1083.15 19.049890 38.084978 -218115.968417 5.481037 21.880155 opx Na0.00Ca0.04Fe''0.84Mg1.08Fe'''0.01Ti0.00Al0.06Si1.96O6 51.6295 0.0250895 1.37856 0.492241 0 26.2852 0 19.093 1.0862 0.0101598 0 0 0
500.00 1073.15 19.911936 39.530967 -226506.732391 5.708684 22.779534 opx Na0.00Ca0.04Fe''0.86Mg1.06Fe'''0.01Ti0.00Al0.06Si1.96O6 51.4355 0.0225774 1.384 0.488132 0 27.0653 0 18.5693 1.02571 0.00947775 0 0 0
500.00 1063.15 20.693201 40.800608 -234088.352499 5.913944 23.588275 opx Na0.00Ca0.04Fe''0.89Mg1.03Fe'''0.01Ti0.00Al0.06Si1.96O6 51.2702 0.0204499 1.38662 0.480648 0 27.7475 0 18.1174 0.968342 0.00885655 0 0 0
500.00 1053.15 21.282841 41.686869 -239823.045725 6.067511 24.189566 opx Na0.00Ca0.04Fe''0.91Mg1.02Fe'''0.01Ti0.00Al0.06Si1.96O6 51.1556 0.0186715 1.3818 0.466568 0 28.2635 0 17.7885 0.917077 0.00831051 0 0 0
500.00 1043.15 21.656621 42.150971 -243496.317904 6.163223 24.559438 opx Na0.00Ca0.04Fe''0.92Mg1.01Fe'''0.01Ti0.00Al0.06Si1.96O6 51.0918 0.0171633 1.36921 0.446148 0 28.6139 0 17.582 0.871948 0.00783312 0 0 0
500.00 1033.15 21.898737 42.358016 -245913.265007 6.223672 24.788391 opx Na0.00Ca0.03Fe''0.93Mg1.00Fe'''0.01Ti0.00Al0.06Si1.96O6 51.0563 0.0158331 1.3529 0.422939 0 28.8686 0 17.4456 0.830361 0.00740098 0 0 0
500.00 1023.15 22.075933 42.436665 -247708.211319 6.266682 24.947614 opx Na0.00Ca0.03Fe''0.94Mg0.99Fe'''0.01Ti0.00Al0.06Si1.96O6 51.0331 0.0146282 1.3358 0.399345 0 29.0777 0 17.3418 0.790543 0.00699837 0 0 0
500.00 1013.15 22.176656 42.372095 -248884.233326 6.290233 25.030198 opx Na0.00Ca0.03Fe''0.94Mg0.99Fe'''0.01Ti0.00Al0.06Si1.96O6 51.0284 0.0136902 1.32815 0.37759 0 29.1888 0 17.3041 0.752689 0.00664322 0 0 0
500.00 1003.15 22.241282 42.233719 -249606.381480 6.302813 25.069821 opx Na0.00Ca0.03Fe''0.94Mg0.99Fe'''0.01Ti0.00Al0.06Si1.96O6 51.0072 0.0129257 1.33493 0.363342 0 29.3136 0 17.2485 0.713118 0.00639885 0 0 0

water thermodynamic data and composition:
Pressure Temperature mass S H V Cp formula
500.00 1353.15 0.048333 0.516855 -543.796233 0.597618 0.135172 H2O
500.00 1343.15 0.104305 1.113244 -1176.467037 1.278314 0.291814 H2O
500.00 1333.15 0.258483 2.753362 -2922.674568 3.139505 0.723470 H2O
500.00 1323.15 0.396984 4.220310 -4499.826878 4.778052 1.111706 H2O
500.00 1313.15 0.557860 5.918717 -6338.988987 6.652716 1.563186 H2O
500.00 1303.15 0.707954 7.495994 -8064.356751 8.364122 1.985190 H2O
500.00 1293.15 0.825746 8.725368 -9429.306038 9.663797 2.317401 H2O
500.00 1283.15 0.931351 9.820962 -10661.376803 10.795496 2.616219 H2O
500.00 1273.15 1.025680 10.793090 -11770.003236 11.773586 2.884229 H2O
500.00 1263.15 1.109304 11.648437 -12760.822482 12.608201 3.123059 H2O
500.00 1253.15 1.182803 12.393741 -13639.635943 13.309342 3.334355 H2O
500.00 1243.15 1.246903 13.037225 -14413.997840 13.888397 3.520170 H2O
500.00 1233.15 1.302486 13.588658 -15093.323788 14.358143 3.682989 H2O
500.00 1223.15 1.350525 14.058725 -15688.230223 14.732016 3.825569 H2O
500.00 1213.15 1.392015 14.458226 -16209.660988 15.023222 3.950727 H2O
500.00 1203.15 1.427904 14.797403 -16668.139786 15.244043 4.061160 H2O
500.00 1193.15 1.459052 15.085518 -17073.281297 15.405420 4.159332 H2O
500.00 1183.15 1.486215 15.330663 -17433.556526 15.516797 4.247419 H2O
500.00 1173.15 1.510041 15.539750 -17756.247049 15.586157 4.327305 H2O
500.00 1163.15 1.531074 15.718588 -18047.514343 15.620151 4.400596 H2O
500.00 1153.15 1.549772 15.872022 -18312.525671 15.624278 4.468660 H2O
500.00 1143.15 1.570185 16.041583 -18599.085628 15.639628 4.543284 H2O
500.00 1133.15 1.596245 16.267167 -18954.045885 15.704141 4.636085 H2O
500.00 1123.15 1.622458 16.492443 -19312.514990 15.762224 4.731400 H2O
500.00 1113.15 1.660025 16.830936 -19808.209185 15.921118 4.862244 H2O
500.00 1103.15 1.692358 17.113922 -20243.707472 16.019362 4.980482 H2O
500.00 1093.15 1.722119 17.368611 -20650.511632 16.083601 5.094035 H2O
500.00 1083.15 1.749600 17.598079 -21031.936309 16.117303 5.203933 H2O
500.00 1073.15 1.774562 17.800058 -21384.944663 16.118976 5.309658 H2O
500.00 1063.15 1.795768 17.962304 -21694.395294 16.078302 5.407674 H2O
500.00 1053.15 1.811181 18.064750 -21935.320641 15.978569 5.491941 H2O
500.00 1043.15 1.820873 18.108542 -22108.113878 15.822488 5.562677 H2O
500.00 1033.15 1.827176 18.117244 -22240.684894 15.632104 5.627052 H2O
500.00 1023.15 1.831773 18.107729 -22353.305148 15.422764 5.690450 H2O
500.00 1013.15 1.876184 18.489230 -22953.806176 15.538824 5.883374 H2O
500.00 1003.15 1.876184 18.430578 -23012.935403 15.277619 5.943352 H2O

quartz thermodynamic data and composition:
Pressure Temperature mass S H V Cp formula
500.00 1013.15 0.944094 1.840694 -13561.837947 0.372164 1.091695 SiO2
500.00 1003.15 0.929504 1.801593 -13362.990377 0.366413 1.073393 SiO2

apatite thermodynamic data and composition:
Pressure Temperature mass S H V Cp formula
500.00 1123.15 0.016339 0.034050 -203.908480 0.005335 0.018403 Ca5(PO4)3OH
500.00 1113.15 0.061282 0.127090 -765.463402 0.020011 0.068916 Ca5(PO4)3OH
500.00 1103.15 0.098144 0.202539 -1226.995022 0.032047 0.110200 Ca5(PO4)3OH
500.00 1093.15 0.131431 0.269890 -1644.619052 0.042917 0.147345 Ca5(PO4)3OH
500.00 1083.15 0.161673 0.330327 -2024.853507 0.052792 0.180961 Ca5(PO4)3OH
500.00 1073.15 0.188800 0.383794 -2366.714660 0.061649 0.210984 Ca5(PO4)3OH
500.00 1063.15 0.211608 0.427946 -2654.990548 0.069097 0.236086 Ca5(PO4)3OH
500.00 1053.15 0.227937 0.458569 -2862.411323 0.074429 0.253882 Ca5(PO4)3OH
500.00 1043.15 0.237877 0.476041 -2989.887780 0.077675 0.264506 Ca5(PO4)3OH
500.00 1033.15 0.244004 0.485691 -3069.606476 0.079676 0.270854 Ca5(PO4)3OH
500.00 1023.15 0.248182 0.491329 -3124.914941 0.081040 0.275012 Ca5(PO4)3OH
500.00 1013.15 0.300563 0.591760 -3787.783536 0.098144 0.332466 Ca5(PO4)3OH
500.00 1003.15 0.300563 0.588466 -3791.105215 0.098144 0.331868 Ca5(PO4)3OH

rhm-oxide_0 thermodynamic data and composition:
Pressure Temperature mass S H V Cp formula SiO2 TiO2 Al2O3 Fe2O3 Cr2O3 FeO MnO MgO CaO Na2O K2O P2O5 H2O
500.00 1123.15 0.086844 0.160135 -647.440878 0.018716 0.078903 Mn0.05Fe''0.74Mg0.09Fe'''0.22Ti0.89O3 0 47.591 0 11.5836 0 35.7535 2.59826 2.47367 0 0 0 0 0
500.00 1113.15 0.389302 0.713974 -2896.074576 0.083773 0.353171 Mn0.05Fe''0.75Mg0.08Fe'''0.22Ti0.89O3 0 47.5758 0 11.463 0 36.1886 2.48791 2.2847 0 0 0 0 0
500.00 1103.15 0.660692 1.205337 -4906.485777 0.141969 0.598506 Mn0.05Fe''0.76Mg0.08Fe'''0.21Ti0.89O3 0 47.5613 0 11.3512 0 36.4916 2.48932 2.10656 0 0 0 0 0
500.00 1093.15 0.911042 1.653301 -6757.011933 0.195514 0.824107 Mn0.05Fe''0.77Mg0.07Fe'''0.21Ti0.89O3 0 47.5641 0 11.2228 0 36.7821 2.48148 1.94946 0 0 0 0 0
500.00 1083.15 1.140964 2.059570 -8455.015007 0.244577 1.030601 Mn0.05Fe''0.78Mg0.07Fe'''0.21Ti0.90O3 0 47.5844 0 11.0756 0 37.0613 2.46802 1.81072 0 0 0 0 0
500.00 1073.15 1.346776 2.418126 -9976.100577 0.288408 1.214733 Mn0.05Fe''0.78Mg0.06Fe'''0.21Ti0.90O3 0 47.6259 0 10.9019 0 37.3284 2.45415 1.68965 0 0 0 0 0
500.00 1063.15 1.516373 2.708065 -11234.520252 0.324461 1.365660 Mn0.05Fe''0.79Mg0.06Fe'''0.20Ti0.90O3 0 47.6993 0 10.6833 0 37.5796 2.44935 1.58851 0 0 0 0 0
500.00 1053.15 1.631742 2.898479 -12101.285751 0.348939 1.467280 Mn0.05Fe''0.79Mg0.06Fe'''0.20Ti0.90O3 0 47.8187 0 10.396 0 37.8079 2.46634 1.51103 0 0 0 0 0
500.00 1043.15 1.695408 2.995387 -12594.626189 0.362407 1.522084 Mn0.05Fe''0.80Mg0.05Fe'''0.19Ti0.91O3 0 47.9776 0 10.0498 0 38.013 2.50611 1.45353 0 0 0 0 0
500.00 1033.15 1.729863 3.039733 -12876.413683 0.369658 1.550496 Mn0.05Fe''0.80Mg0.05Fe'''0.18Ti0.91O3 0 48.1528 0 9.68092 0 38.2021 2.55746 1.40671 0 0 0 0 0
500.00 1023.15 1.750666 3.059498 -13058.699888 0.374001 1.566594 Mn0.06Fe''0.81Mg0.05Fe'''0.18Ti0.91O3 0 48.3301 0 9.31217 0 38.3807 2.61231 1.36475 0 0 0 0 0
500.00 1013.15 1.773445 3.082392 -13255.868311 0.378775 1.584546 Mn0.06Fe''0.81Mg0.05Fe'''0.17Ti0.92O3 0 48.4851 0 8.99441 0 38.5373 2.64879 1.33436 0 0 0 0 0
500.00 1003.15 1.771953 3.062957 -13262.619518 0.378323 1.581080 Mn0.06Fe''0.81Mg0.05Fe'''0.17Ti0.92O3 0 48.5668 0 8.81718 0 38.6889 2.62063 1.30649 0 0 0 0 0

clinopyroxene_0 thermodynamic data and composition:
Pressure Temperature mass S H V Cp structure formula SiO2 TiO2 Al2O3 Fe2O3 Cr2O3 FeO MnO MgO CaO Na2O K2O P2O5 H2O
500.00 1383.15 1.272239 2.895382 -16294.722673 0.391787 1.495629 cpx Na0.01Ca0.83Fe''0.17Mg0.85Fe'''0.07Ti0.02Al0.19Si1.86O6 50.3103 0.592564 4.4683 2.50463 0 5.51937 0 15.5285 20.9305 0.145829 0 0 0
500.00 1373.15 4.994929 11.322983 -63824.601110 1.534485 5.856754 cpx Na0.01Ca0.83Fe''0.18Mg0.84Fe'''0.07Ti0.02Al0.21Si1.85O6 49.9452 0.680535 4.73068 2.65058 0 5.76205 0 15.225 20.8508 0.1551 0 0 0
500.00 1363.15 8.501395 19.195603 -108387.927462 2.605562 9.942929 cpx Na0.01Ca0.82Fe''0.19Mg0.82Fe'''0.08Ti0.02Al0.22Si1.84O6 49.5926 0.770014 4.98391 2.78579 0 5.99918 0 14.9341 20.7699 0.164601 0 0 0
500.00 1353.15 12.337315 27.750484 -156954.683952 3.772665 14.396183 cpx Na0.01Ca0.82Fe''0.19Mg0.81Fe'''0.08Ti0.02Al0.23Si1.83O6 49.2732 0.843778 5.23733 2.89682 0 6.26177 0 14.6774 20.6334 0.176316 0 0 0
500.00 1343.15 16.190733 36.285972 -205820.294316 4.943948 18.866266 cpx Na0.01Ca0.81Fe''0.20Mg0.81Fe'''0.08Ti0.02Al0.24Si1.82O6 49.1199 0.868662 5.41274 2.91342 0 6.46354 0 14.556 20.4782 0.187627 0 0 0
500.00 1333.15 18.409367 41.120832 -233830.303590 5.617978 21.444926 cpx Na0.01Ca0.80Fe''0.21Mg0.81Fe'''0.08Ti0.02Al0.23Si1.83O6 49.3459 0.830001 5.16956 2.79137 0 6.81472 0 14.7039 20.1473 0.197229 0 0 0
500.00 1323.15 20.071083 44.683701 -254787.046373 6.122158 23.377643 cpx Na0.01Ca0.79Fe''0.22Mg0.82Fe'''0.07Ti0.02Al0.22Si1.84O6 49.5935 0.783292 4.92232 2.65572 0 7.15623 0 14.882 19.8014 0.205473 0 0 0
500.00 1313.15 21.078700 46.751558 -267597.602596 6.427029 24.538922 cpx Na0.02Ca0.78Fe''0.23Mg0.83Fe'''0.07Ti0.02Al0.21Si1.85O6 49.7797 0.755495 4.73146 2.55247 0 7.36548 0 14.9753 19.6239 0.216152 0 0 0
500.00 1303.15 21.179022 46.760293 -268939.243570 6.453933 24.617781 cpx Na0.02Ca0.78Fe''0.23Mg0.82Fe'''0.07Ti0.02Al0.20Si1.85O6 49.855 0.760293 4.59833 2.50564 0 7.45426 0 14.8746 19.7233 0.228635 0 0 0
500.00 1293.15 21.154646 46.490129 -268613.357554 6.442052 24.548689 cpx Na0.02Ca0.79Fe''0.24Mg0.82Fe'''0.07Ti0.02Al0.20Si1.86O6 49.9234 0.765143 4.45995 2.45743 0 7.58181 0 14.7629 19.8109 0.238438 0 0 0
500.00 1283.15 21.120975 46.199131 -268200.620048 6.427566 24.469568 cpx Na0.02Ca0.79Fe''0.24Mg0.81Fe'''0.07Ti0.02Al0.19Si1.86O6 49.9873 0.770809 4.3311 2.40775 0 7.69725 0 14.6548 19.904 0.246938 0 0 0
500.00 1273.15 21.094290 45.923045 -267901.467476 6.415353 24.399069 cpx Na0.02Ca0.80Fe''0.24Mg0.81Fe'''0.07Ti0.02Al0.18Si1.86O6 50.0448 0.777862 4.21265 2.35734 0 7.80267 0 14.5493 20.0013 0.254096 0 0 0
500.00 1263.15 21.077870 45.668793 -267753.843271 6.406354 24.340789 cpx Na0.02Ca0.80Fe''0.25Mg0.80Fe'''0.06Ti0.02Al0.18Si1.86O6 50.0946 0.786789 4.10534 2.30672 0 7.89913 0 14.4455 20.102 0.259943 0 0 0
500.00 1253.15 21.068680 45.429559 -267717.294003 6.399613 24.291096 cpx Na0.02Ca0.81Fe''0.25Mg0.80Fe'''0.06Ti0.02Al0.18Si1.87O6 50.1359 0.797967 4.00957 2.25633 0 7.98707 0 14.3431 20.2055 0.264566 0 0 0
500.00 1243.15 21.061672 45.194350 -267726.871148 6.393581 24.244121 cpx Na0.02Ca0.81Fe''0.25Mg0.79Fe'''0.06Ti0.02Al0.17Si1.87O6 50.1686 0.811669 3.92533 2.20644 0 8.06657 0 14.242 20.3113 0.268103 0 0 0
500.00 1233.15 21.052187 44.953206 -267722.997254 6.386842 24.194509 cpx Na0.02Ca0.82Fe''0.25Mg0.79Fe'''0.06Ti0.02Al0.17Si1.87O6 50.1927 0.82807 3.85226 2.15725 0 8.13754 0 14.1425 20.4189 0.270718 0 0 0
500.00 1223.15 21.036967 44.699325 -267663.891290 6.378410 24.138560 cpx Na0.02Ca0.82Fe''0.26Mg0.78Fe'''0.06Ti0.02Al0.17Si1.87O6 50.2088 0.847278 3.78975 2.10888 0 8.19993 0 14.0449 20.5279 0.272585 0 0 0
500.00 1213.15 21.014296 44.429295 -267527.189101 6.367773 24.074362 cpx Na0.02Ca0.83Fe''0.26Mg0.78Fe'''0.06Ti0.02Al0.16Si1.87O6 50.2175 0.869365 3.73706 2.0614 0 8.25382 0 13.9493 20.6377 0.27387 0 0 0
500.00 1203.15 20.983732 44.142430 -267306.360473 6.354800 24.001456 cpx Na0.02Ca0.83Fe''0.26Mg0.77Fe'''0.06Ti0.03Al0.16Si1.88O6 50.2192 0.894393 3.69342 2.01485 0 8.29941 0 13.8561 20.748 0.274722 0 0 0
500.00 1193.15 20.945709 43.839876 -267005.693138 6.339622 23.920366 cpx Na0.02Ca0.83Fe''0.26Mg0.77Fe'''0.06Ti0.03Al0.16Si1.88O6 50.2144 0.922439 3.65812 1.96928 0 8.33703 0 13.7652 20.8583 0.275271 0 0 0
500.00 1183.15 20.901176 43.523821 -266635.797928 6.322523 23.832184 cpx Na0.02Ca0.84Fe''0.26Mg0.76Fe'''0.05Ti0.03Al0.16Si1.88O6 50.2034 0.953616 3.63055 1.92473 0 8.36713 0 13.6767 20.9683 0.275624 0 0 0
500.00 1173.15 20.851336 43.196919 -266210.308544 6.303856 23.738262 cpx Na0.02Ca0.84Fe''0.26Mg0.76Fe'''0.05Ti0.03Al0.16Si1.88O6 50.1863 0.98808 3.61022 1.88124 0 8.39022 0 13.5903 21.0777 0.27587 0 0 0
500.00 1163.15 20.797468 42.861926 -265743.769827 6.283996 23.640019 cpx Na0.02Ca0.85Fe''0.26Mg0.75Fe'''0.05Ti0.03Al0.16Si1.88O6 50.163 1.02605 3.59682 1.83886 0 8.40686 0 13.5059 21.1864 0.276082 0 0 0
500.00 1153.15 20.740835 42.521499 -265250.454647 6.263305 23.538830 cpx Na0.02Ca0.85Fe''0.26Mg0.75Fe'''0.05Ti0.03Al0.16Si1.88O6 50.1334 1.06781 3.59016 1.79768 0 8.41761 0 13.4231 21.294 0.276323 0 0 0
500.00 1143.15 20.665517 42.141670 -264463.554304 6.236259 23.413851 cpx Na0.02Ca0.86Fe''0.26Mg0.74Fe'''0.05Ti0.03Al0.16Si1.87O6 50.0854 1.1186 3.59039 1.75948 0 8.44677 0 13.3254 21.3974 0.276502 0 0 0
500.00 1133.15 20.553022 41.683459 -263065.343520 6.196312 23.240525 cpx Na0.02Ca0.86Fe''0.27Mg0.74Fe'''0.05Ti0.03Al0.16Si1.87O6 50.0009 1.1874 3.59974 1.72702 0 8.52473 0 13.1899 21.4935 0.276753 0 0 0
500.00 1123.15 20.434290 41.214331 -261483.611017 6.154428 23.058732 cpx Na0.02Ca0.87Fe''0.27Mg0.73Fe'''0.05Ti0.03Al0.16Si1.87O6 49.9502 1.22116 3.58462 1.69538 0 8.65835 0 13.0469 21.5673 0.275989 0 0 0
500.00 1113.15 20.266668 40.645749 -258882.827481 6.096350 22.812212 cpx Na0.02Ca0.87Fe''0.28Mg0.72Fe'''0.05Ti0.03Al0.15Si1.88O6 49.9787 1.16521 3.49252 1.6654 0 8.99247 0 12.8519 21.5826 0.271186 0 0 0
500.00 1103.15 20.123518 40.129132 -256644.693251 6.045997 22.594998 cpx Na0.02Ca0.87Fe''0.29Mg0.71Fe'''0.05Ti0.03Al0.15Si1.88O6 50.0014 1.11521 3.41034 1.63593 0 9.30485 0 12.6627 21.6022 0.267299 0 0 0
500.00 1093.15 19.993813 39.640974 -254592.235514 5.999700 22.393150 cpx Na0.02Ca0.87Fe''0.30Mg0.70Fe'''0.05Ti0.03Al0.15Si1.88O6 50.0153 1.07186 3.33544 1.6071 0 9.61053 0 12.4716 21.6242 0.263943 0 0 0
500.00 1083.15 19.876084 39.178171 -252717.188427 5.957151 22.205485 cpx Na0.02Ca0.87Fe''0.31Mg0.69Fe'''0.04Ti0.03Al0.15Si1.89O6 50.0238 1.03408 3.26625 1.57772 0 9.90572 0 12.2826 21.6488 0.261019 0 0 0
500.00 1073.15 19.768214 38.736690 -251023.048044 5.918038 22.030900 cpx Na0.02Ca0.88Fe''0.32Mg0.68Fe'''0.04Ti0.03Al0.14Si1.89O6 50.0329 1.00107 3.20104 1.54527 0 10.1785 0 12.1048 21.6781 0.258403 0 0 0
500.00 1063.15 19.666428 38.310023 -249537.556281 5.881998 21.868295 cpx Na0.02Ca0.88Fe''0.33Mg0.67Fe'''0.04Ti0.03Al0.14Si1.89O6 50.0547 0.972187 3.13728 1.50426 0 10.3987 0 11.9593 21.7177 0.255899 0 0 0
500.00 1053.15 19.565344 37.889259 -248305.054231 5.848558 21.716305 cpx Na0.02Ca0.88Fe''0.33Mg0.67Fe'''0.04Ti0.03Al0.14Si1.89O6 50.1065 0.946791 3.0718 1.4473 0 10.5201 0 11.8779 21.7764 0.253248 0 0 0
500.00 1043.15 19.463004 37.470704 -247306.790108 5.817212 21.573032 cpx Na0.02Ca0.88Fe''0.33Mg0.67Fe'''0.04Ti0.03Al0.13Si1.90O6 50.1902 0.923907 3.00402 1.37554 0 10.5376 0 11.8641 21.8543 0.250387 0 0 0
500.00 1033.15 19.361876 37.057471 -246465.043445 5.787631 21.436773 cpx Na0.02Ca0.89Fe''0.33Mg0.67Fe'''0.04Ti0.03Al0.13Si1.90O6 50.2906 0.902681 2.93609 1.29783 0 10.4926 0 11.8901 21.9426 0.247475 0 0 0
500.00 1023.15 19.263942 36.652070 -245725.635622 5.759627 21.306470 cpx Na0.02Ca0.89Fe''0.33Mg0.67Fe'''0.03Ti0.03Al0.13Si1.90O6 50.3967 0.882675 2.86954 1.22007 0 10.4165 0 11.9349 22.0349 0.24463 0 0 0
500.00 1013.15 19.046299 36.023724 -243580.730629 5.696702 21.047940 cpx Na0.02Ca0.89Fe''0.32Mg0.68Fe'''0.03Ti0.02Al0.13Si1.90O6 50.4887 0.873981 2.83043 1.15033 0 10.2698 0 12.006 22.1384 0.242406 0 0 0
500.00 1003.15 19.001213 35.724440 -243574.844947 5.684372 20.976835 cpx Na0.02Ca0.90Fe''0.32Mg0.68Fe'''0.03Ti0.02Al0.13Si1.91O6 50.5409 0.877448 2.82302 1.10537 0 10.1267 0 12.0496 22.2324 0.244647 0 0 0

Title: Nd2

Phase Masses:
Pressure Temperature mass liquid_0 olivine_0 orthopyroxene_0 clinopyroxene_0 feldspar_0 feldspar_1 quartz spinel_0 rhm-oxide_0 apatite water 
500.00 1523.15 100.093345 100.093345 0.000000 0.000000 0.000000 0.000000 0.000000 0.000000 0.000000 0.000000 0.000000 0.000000 
500.00 1513.15 100.093895 100.093895 0.000000 0.000000 0.000000 0.000000 0.000000 0.000000 0.000000 0.000000 0.000000 0.000000 
500.00 1503.15 100.094479 100.094479 0.000000 0.000000 0.000000 0.000000 0.000000 0.000000 0.000000 0.000000 0.000000 0.000000 
500.00 1493.15 100.095098 100.095098 0.000000 0.000000 0.000000 0.000000 0.000000 0.000000 0.000000 0.000000 0.000000 0.000000 
500.00 1483.15 100.095753 100.095753 0.000000 0.000000 0.000000 0.000000 0.000000 0.000000 0.000000 0.000000 0.000000 0.000000 
500.00 1473.15 100.096445 100.096445 0.000000 0.000000 0.000000 0.000000 0.000000 0.000000 0.000000 0.000000 0.000000 0.000000 
500.00 1463.15 100.097175 100.097175 0.000000 0.000000 0.000000 0.000000 0.000000 0.000000 0.000000 0.000000 0.000000 0.000000 
500.00 1453.15 100.097945 100.097945 0.000000 0.000000 0.000000 0.000000 0.000000 0.000000 0.000000 0.000000 0.000000 0.000000 
500.00 1443.15 100.098755 100.098755 0.000000 0.000000 0.000000 0.000000 0.000000 0.000000 0.000000 0.000000 0.000000 0.000000 
500.00 1433.15 100.099607 100.099607 0.000000 0.000000 0.000000 0.000000 0.000000 0.000000 0.000000 0.000000 0.000000 0.000000 
500.00 1423.15 100.100503 100.100503 0.000000 0.000000 0.000000 0.000000 0.000000 0.000000 0.000000 0.000000 0.000000 0.000000 
500.00 1413.15 100.101383 100.080689 0.020694 0.000000 0.000000 0.000000 0.000000 0.000000 0.000000 0.000000 0.000000 0.000000 
500.00 1403.15 100.100014 99.318675 0.781338 0.000000 0.000000 0.000000 0.000000 0.000000 0.000000 0.000000 0.000000 0.000000 
500.00 1393.15 100.098536 98.571610 1.526926 0.000000 0.000000 0.000000 0.000000 0.000000 0.000000 0.000000 0.000000 0.000000 
500.00 1383.15 100.097820 96.799248 2.026333 0.000000 1.272239 0.000000 0.000000 0.000000 0.000000 0.000000 0.000000 0.000000 
500.00 1373.15 100.100513 93.015829 2.047027 0.000000 4.994929 0.000000 0.000000 0.000000 0.042728 0.000000 0.000000 0.000000 
500.00 1363.15 100.106849 89.360268 2.063784 0.000000 8.501395 0.000000 0.000000 0.000000 0.181402 0.000000 0.000000 0.000000 
500.00 1353.15 100.122174 85.202931 1.971394 0.000000 12.337315 0.000000 0.000000 0.000000 0.562201 0.000000 0.000000 0.048333 
500.00 1343.15 100.154328 80.729054 1.691194 0.000000 16.190733 0.000000 0.000000 0.000000 1.439041 0.000000 0.000000 0.104305 
500.00 1333.15 100.189605 72.268204 2.226533 0.000000 18.409367 4.368266 0.000000 0.000000 2.658754 0.000000 0.000000 0.258483 
500.00 1323.15 100.215893 65.053595 2.634641 0.000000 20.071083 8.414760 0.000000 0.000000 3.644829 0.000000 0.000000 0.396984 
500.00 1313.15 100.244060 57.158465 1.205006 2.870663 21.078700 12.773570 0.000000 0.000000 4.599797 0.000000 0.000000 0.557860 
500.00 1303.15 100.262237 50.122337 0.000000 5.914858 21.179022 17.053751 0.000000 0.000000 5.284316 0.000000 0.000000 0.707954 
500.00 1293.15 100.267961 44.833930 0.000000 7.066289 21.154646 20.707532 0.000000 0.000000 5.679817 0.000000 0.000000 0.825746 
500.00 1283.15 100.270124 40.238818 0.000000 8.034316 21.120975 23.979122 0.000000 0.000000 5.965541 0.000000 0.000000 0.931351 
500.00 1273.15 100.269561 36.237220 0.000000 8.855594 21.094290 26.892280 0.000000 0.000000 6.164497 0.000000 0.000000 1.025680 
500.00 1263.15 100.266897 32.759363 0.000000 9.560764 21.077870 29.465452 0.000000 0.000000 6.294143 0.000000 0.000000 1.109304 
500.00 1253.15 100.262622 29.747488 0.000000 10.175461 21.068680 31.719625 0.000000 0.000000 6.368566 0.000000 0.000000 1.182803 
500.00 1243.15 100.257137 27.147838 0.000000 10.720579 21.061672 33.680693 0.000000 0.000000 6.399452 0.000000 0.000000 1.246903 
500.00 1233.15 100.250768 24.908327 0.000000 11.212576 21.052187 35.378703 0.000000 0.000000 6.396488 0.000000 0.000000 1.302486 
500.00 1223.15 100.243776 22.979026 0.000000 11.663996 21.036967 36.845703 0.000000 0.000000 6.367559 0.000000 0.000000 1.350525 
500.00 1213.15 100.236363 21.313542 0.000000 12.084181 21.014296 38.113424 0.000000 0.000000 6.318906 0.000000 0.000000 1.392015 
500.00 1203.15 100.228682 19.870199 0.000000 12.480018 20.983732 39.211496 0.000000 0.000000 6.255334 0.000000 0.000000 1.427904 
500.00 1193.15 100.220843 18.612642 0.000000 12.856613 20.945709 40.166404 0.000000 0.000000 6.180424 0.000000 0.000000 1.459052 
500.00 1183.15 100.212921 17.509849 0.000000 13.217827 20.901176 41.001084 0.000000 0.000000 6.096769 0.000000 0.000000 1.486215 
500.00 1173.15 100.204967 16.535762 0.000000 13.566688 20.851336 41.734969 0.000000 0.000000 6.006171 0.000000 0.000000 1.510041 
500.00 1163.15 100.197009 15.668690 0.000000 13.905670 20.797468 42.384286 0.000000 0.000000 5.909820 0.000000 0.000000 1.531074 
500.00 1153.15 100.189062 14.890665 0.000000 14.236908 20.740835 42.962462 0.000000 0.000000 5.808420 0.000000 0.000000 1.549772 
500.00 1143.15 100.179358 13.987864 0.000000 14.618964 20.665517 43.394074 0.266666 0.000000 5.676089 0.000000 0.000000 1.570185 
500.00 1133.15 100.165529 12.744591 0.000000 15.128527 20.553022 43.556368 1.111077 0.000000 5.475700 0.000000 0.000000 1.596245 
500.00 1123.15 100.149805 11.479759 0.000000 15.716451 20.434290 43.727803 1.921231 0.000000 5.144630 0.086844 0.016339 1.622458 
500.00 1113.15 100.122506 9.767895 0.191552 16.494243 20.266668 44.053943 2.845124 0.000000 4.392470 0.389302 0.061282 1.660025 
500.00 1103.15 100.095896 8.276546 0.295328 17.321914 20.123518 44.312695 3.634972 0.000000 3.679729 0.660692 0.098144 1.692358 
500.00 1093.15 100.068104 6.912275 0.385659 18.177234 19.993813 44.538939 4.327894 0.000000 2.967697 0.911042 0.131431 1.722119 
500.00 1083.15 100.039418 5.660053 0.463898 19.049890 19.876084 44.737417 4.937382 0.000000 2.262458 1.140964 0.161673 1.749600 
500.00 1073.15 100.010768 4.528797 0.529364 19.911936 19.768214 44.909701 5.466647 0.000000 1.585971 1.346776 0.188800 1.774562 
500.00 1063.15 99.984589 3.571796 0.577823 20.693201 19.666428 45.052671 5.903014 0.000000 0.995907 1.516373 0.211608 1.795768 
500.00 1053.15 99.964806 2.877221 0.602886 21.282841 19.565344 45.160342 6.223757 0.000000 0.581555 1.631742 0.227937 1.811181 
500.00 1043.15 99.952385 2.439444 0.606969 21.656621 19.463004 45.236779 6.440550 0.000000 0.354860 1.695408 0.237877 1.820873 
500.00 1033.15 99.944478 2.153653 0.600194 21.898737 19.361876 45.294843 6.596007 0.000000 0.238125 1.729863 0.244004 1.827176 
500.00 1023.15 99.938794 1.944705 0.589159 22.075933 19.263942 45.343096 6.718668 0.000000 0.172670 1.750666 0.248182 1.831773 
500.00 1013.15 99.934586 0.000000 0.692968 22.176656 19.046299 45.630724 7.352426 0.944094 0.141228 1.773445 0.300563 1.876184 
500.00 1003.15 99.932869 0.000000 0.692814 22.241282 19.001213 45.598446 7.384834 0.929504 0.136076 1.771953 0.300563 1.876184 

Title: Nd2

Phase Volumes:
Pressure Temperature mass V liquid_0 olivine_0 orthopyroxene_0 clinopyroxene_0 feldspar_0 feldspar_1 quartz spinel_0 rhm-oxide_0 apatite water 
500.00 1523.15 100.093345 40.640731 40.640731 0.000000 0.000000 0.000000 0.000000 0.000000 0.000000 0.000000 0.000000 0.000000 0.000000 
500.00 1513.15 100.093895 40.592901 40.592901 0.000000 0.000000 0.000000 0.000000 0.000000 0.000000 0.000000 0.000000 0.000000 0.000000 
500.00 1503.15 100.094479 40.545153 40.545153 0.000000 0.000000 0.000000 0.000000 0.000000 0.000000 0.000000 0.000000 0.000000 0.000000 
500.00 1493.15 100.095098 40.497487 40.497487 0.000000 0.000000 0.000000 0.000000 0.000000 0.000000 0.000000 0.000000 0.000000 0.000000 
500.00 1483.15 100.095753 40.449907 40.449907 0.000000 0.000000 0.000000 0.000000 0.000000 0.000000 0.000000 0.000000 0.000000 0.000000 
500.00 1473.15 100.096445 40.402413 40.402413 0.000000 0.000000 0.000000 0.000000 0.000000 0.000000 0.000000 0.000000 0.000000 0.000000 
500.00 1463.15 100.097175 40.355009 40.355009 0.000000 0.000000 0.000000 0.000000 0.000000 0.000000 0.000000 0.000000 0.000000 0.000000 
500.00 1453.15 100.097945 40.307695 40.307695 0.000000 0.000000 0.000000 0.000000 0.000000 0.000000 0.000000 0.000000 0.000000 0.000000 
500.00 1443.15 100.098755 40.260475 40.260475 0.000000 0.000000 0.000000 0.000000 0.000000 0.000000 0.000000 0.000000 0.000000 0.000000 
500.00 1433.15 100.099607 40.213350 40.213350 0.000000 0.000000 0.000000 0.000000 0.000000 0.000000 0.000000 0.000000 0.000000 0.000000 
500.00 1423.15 100.100503 40.166322 40.166322 0.000000 0.000000 0.000000 0.000000 0.000000 0.000000 0.000000 0.000000 0.000000 0.000000 
500.00 1413.15 100.101383 40.118927 40.112657 0.006270 0.000000 0.000000 0.000000 0.000000 0.000000 0.000000 0.000000 0.000000 0.000000 
500.00 1403.15 100.100014 40.055020 39.818949 0.236071 0.000000 0.000000 0.000000 0.000000 0.000000 0.000000 0.000000 0.000000 0.000000 
500.00 1393.15 100.098536 39.991694 39.531664 0.460029 0.000000 0.000000 0.000000 0.000000 0.000000 0.000000 0.000000 0.000000 0.000000 
500.00 1383.15 100.097820 39.869749 38.869528 0.608435 0.000000 0.391787 0.000000 0.000000 0.000000 0.000000 0.000000 0.000000 0.000000 
500.00 1373.15 100.100513 39.636092 37.480188 0.611981 0.000000 1.534485 0.000000 0.000000 0.000000 0.009438 0.000000 0.000000 0.000000 
500.00 1363.15 100.106849 39.416156 36.156417 0.614337 0.000000 2.605562 0.000000 0.000000 0.000000 0.039841 0.000000 0.000000 0.000000 
500.00 1353.15 100.122174 39.705916 34.628438 0.584304 0.000000 3.772665 0.000000 0.000000 0.000000 0.122891 0.000000 0.000000 0.597618 
500.00 1343.15 100.154328 40.076832 33.041055 0.499759 0.000000 4.943948 0.000000 0.000000 0.000000 0.313755 0.000000 0.000000 1.278314 
500.00 1333.15 100.189605 41.476121 29.854634 0.655486 0.000000 5.617978 1.631769 0.000000 0.000000 0.576748 0.000000 0.000000 3.139505 
500.00 1323.15 100.215893 42.711753 27.102052 0.773040 0.000000 6.122158 3.149050 0.000000 0.000000 0.787403 0.000000 0.000000 4.778052 
500.00 1313.15 100.244060 44.077125 23.995979 0.352463 0.868957 6.427029 4.789733 0.000000 0.000000 0.990248 0.000000 0.000000 6.652716 
500.00 1303.15 100.262237 45.326970 21.181234 0.000000 1.787531 6.453933 6.407074 0.000000 0.000000 1.133076 0.000000 0.000000 8.364122 
500.00 1293.15 100.267961 46.294895 19.051091 0.000000 2.131436 6.442052 7.793400 0.000000 0.000000 1.213120 0.000000 0.000000 9.663797 
500.00 1283.15 100.270124 47.129076 17.178278 0.000000 2.418888 6.427566 9.039109 0.000000 0.000000 1.269740 0.000000 0.000000 10.795496 
500.00 1273.15 100.269561 47.840216 15.530365 0.000000 2.661211 6.415353 10.151667 0.000000 0.000000 1.308034 0.000000 0.000000 11.773586 
500.00 1263.15 100.266897 48.436195 14.085222 0.000000 2.867840 6.406354 11.136743 0.000000 0.000000 1.331835 0.000000 0.000000 12.608201 
500.00 1253.15 100.262622 48.925088 12.824048 0.000000 3.046647 6.399613 12.001235 0.000000 0.000000 1.344205 0.000000 0.000000 13.309342 
500.00 1243.15 100.257137 49.316203 11.728338 0.000000 3.204035 6.393581 12.754199 0.000000 0.000000 1.347654 0.000000 0.000000 13.888397 
500.00 1233.15 100.250768 49.619973 10.779159 0.000000 3.345042 6.386842 13.406542 0.000000 0.000000 1.344245 0.000000 0.000000 14.358143 
500.00 1223.15 100.243776 49.847309 9.957584 0.000000 3.473505 6.378410 13.970155 0.000000 0.000000 1.335638 0.000000 0.000000 14.732016 
500.00 1213.15 100.236363 50.008877 9.245486 0.000000 3.592281 6.367773 14.456979 0.000000 0.000000 1.323135 0.000000 0.000000 15.023222 
500.00 1203.15 100.228682 50.114539 8.626224 0.000000 3.703475 6.354800 14.878269 0.000000 0.000000 1.307729 0.000000 0.000000 15.244043 
500.00 1193.15 100.220843 50.173031 8.085045 0.000000 3.808642 6.339622 15.244150 0.000000 0.000000 1.290153 0.000000 0.000000 15.405420 
500.00 1183.15 100.212921 50.191854 7.609213 0.000000 3.908956 6.322523 15.563434 0.000000 0.000000 1.270932 0.000000 0.000000 15.516797 
500.00 1173.15 100.204967 50.177314 7.187929 0.000000 4.005330 6.303856 15.843615 0.000000 0.000000 1.250426 0.000000 0.000000 15.586157 
500.00 1163.15 100.197009 50.134634 6.812142 0.000000 4.098507 6.283996 16.090971 0.000000 0.000000 1.228867 0.000000 0.000000 15.620151 
500.00 1153.15 100.189062 50.068102 6.474305 0.000000 4.189118 6.263305 16.310706 0.000000 0.000000 1.206390 0.000000 0.000000 15.624278 
500.00 1143.15 100.179358 50.007057 6.081409 0.000000 4.293528 6.236259 16.472435 0.106156 0.000000 1.177641 0.000000 0.000000 15.639628 
500.00 1133.15 100.165529 49.977492 5.539697 0.000000 4.432931 6.196312 16.527157 0.442243 0.000000 1.135011 0.000000 0.000000 15.704141 
500.00 1123.15 100.149805 49.937672 4.989851 0.000000 4.592818 6.154428 16.584824 0.764597 0.000000 1.064878 0.018716 0.005335 15.762224 
500.00 1113.15 100.122506 49.962704 4.252751 0.049873 4.800604 6.096350 16.699311 1.132103 0.000000 0.906811 0.083773 0.020011 15.921118 
500.00 1103.15 100.095896 49.937995 3.607674 0.076371 5.021882 6.045997 16.788719 1.446153 0.000000 0.757820 0.141969 0.032047 16.019362 
500.00 1093.15 100.068104 49.884307 3.016444 0.099109 5.249622 5.999700 16.866073 1.721533 0.000000 0.609795 0.195514 0.042917 16.083601 
500.00 1083.15 100.039418 49.804795 2.472711 0.118534 5.481037 5.957151 16.933172 1.963624 0.000000 0.463894 0.244577 0.052792 16.117303 
500.00 1073.15 100.010768 49.699790 1.980577 0.134564 5.708684 5.918038 16.990645 2.173716 0.000000 0.324534 0.288408 0.061649 16.118976 
500.00 1063.15 99.984589 49.565207 1.563584 0.146228 5.913944 5.881998 17.037408 2.346784 0.000000 0.203400 0.324461 0.069097 16.078302 
500.00 1053.15 99.964806 49.394387 1.260645 0.152031 6.067511 5.848558 17.071334 2.473816 0.000000 0.118555 0.348939 0.074429 15.978569 
500.00 1043.15 99.952385 49.190950 1.069676 0.152647 6.163223 5.817212 17.093935 2.559475 0.000000 0.072211 0.362407 0.077675 15.822488 
500.00 1033.15 99.944478 48.967347 0.945021 0.150608 6.223672 5.787631 17.109889 2.620717 0.000000 0.048371 0.369658 0.079676 15.632104 
500.00 1023.15 99.938794 48.731739 0.853870 0.147548 6.266682 5.759627 17.122301 2.668891 0.000000 0.035015 0.374001 0.081040 15.422764 
500.00 1013.15 99.934586 48.718562 0.000000 0.173300 6.290233 5.696702 17.221839 2.919983 0.372164 0.028598 0.378775 0.098144 15.538824 
500.00 1003.15 99.932869 48.445048 0.000000 0.173040 6.302813 5.684372 17.204595 2.932208 0.366413 0.027522 0.378323 0.098144 15.277619 

Title: Nd2

Solid Composition:
Pressure Temperature mass SiO2 TiO2 Al2O3 Fe2O3 Cr2O3 FeO MnO MgO CaO Na2O K2O P2O5 H2O 
500.00 1523.15 0.000000 ---
500.00 1513.15 0.000000 ---
500.00 1503.15 0.000000 ---
500.00 1493.15 0.000000 ---
500.00 1483.15 0.000000 ---
500.00 1473.15 0.000000 ---
500.00 1463.15 0.000000 ---
500.00 1453.15 0.000000 ---
500.00 1443.15 0.000000 ---
500.00 1433.15 0.000000 ---
500.00 1423.15 0.000000 ---
500.00 1413.15 0.020694 39.4301 0 -5.12826e-012 0 0 16.9509 0.278642 42.9545 0.385902 0 0 0 0
500.00 1403.15 0.781338 39.3226 0 -9.05496e-014 0 0 17.512 0.286223 42.4861 0.393073 0 0 0 0
500.00 1393.15 1.526926 39.2115 0 -2.31674e-014 0 0 18.0925 0.29393 42.0017 0.400435 0 0 0 0
500.00 1383.15 3.298572 43.4106 0.228548 1.7234 0.966019 0 13.6714 0.187725 31.4375 8.31856 0.0562452 0 0 0
500.00 1373.15 7.084684 46.4543 0.513007 3.39738 2.12674 0.0464519 9.90935 0.0942825 22.5377 14.8114 0.10935 0 0 0
500.00 1363.15 10.746581 46.6704 0.719335 4.10065 2.96013 0.0761629 9.16309 0.0670508 19.6117 16.5012 0.130213 0 0 0
500.00 1353.15 14.919243 45.8419 0.977082 4.65742 4.13922 0.0717913 9.10377 0.0504955 17.5798 17.1088 0.145803 0 0 0.323963
500.00 1343.15 19.425274 44.2888 1.294 5.14229 5.90123 0.057752 9.49374 0.0370087 15.9948 17.0971 0.156385 0 0 0.536957
500.00 1333.15 27.921402 43.1792 1.32571 9.309 6.32318 0.0404346 9.20635 0.0402777 13.3251 15.8023 0.503218 0.0194608 0 0.925751
500.00 1323.15 35.162298 42.9422 1.33044 11.3361 6.39749 0.0321465 9.06309 0.0444954 11.92 15.0093 0.761211 0.0344793 0 1.129
500.00 1313.15 43.085595 43.7892 1.31132 12.6782 6.35508 0.0262479 8.63934 0.0215184 10.7149 14.1165 1.00194 0.0511034 0 1.29477
500.00 1303.15 50.139900 44.6051 1.27813 13.5793 6.15691 0.0225595 8.34719 0 9.91532 13.3795 1.23373 0.0703553 0 1.41196
500.00 1293.15 55.434031 45.0471 1.24835 14.1613 5.89656 0.0204067 8.2691 0 9.42735 12.9018 1.4479 0.0904151 0 1.4896
500.00 1283.15 60.031306 45.4962 1.22193 14.5588 5.65181 0.0188449 8.20226 0 9.03157 12.5115 1.64349 0.112206 0 1.55144
500.00 1273.15 64.032341 45.9325 1.19855 14.835 5.42186 0.017668 8.1469 0 8.70479 12.1859 1.81926 0.135642 0 1.60182
500.00 1263.15 67.507534 46.3436 1.1781 15.0285 5.20614 0.0167589 8.10378 0 8.43282 11.9124 1.97414 0.160431 0 1.64323
500.00 1253.15 70.515134 46.7223 1.16043 15.1646 5.00402 0.0160444 8.07316 0 8.20565 11.6823 2.10798 0.186174 0 1.67737
500.00 1243.15 73.109299 47.0653 1.14537 15.2607 4.81475 0.0154752 8.05466 0 8.0154 11.4886 2.22166 0.212441 0 1.70553
500.00 1233.15 75.342441 47.3729 1.13266 15.329 4.63747 0.0150167 8.04731 0 7.85561 11.3256 2.31684 0.23884 0 1.72875
500.00 1223.15 77.264750 47.6468 1.12203 15.3779 4.47122 0.0146432 8.04978 0 7.72081 11.1882 2.39562 0.265059 0 1.74792
500.00 1213.15 78.922822 47.8903 1.11321 15.4133 4.31498 0.0143356 8.06062 0 7.60645 11.0719 2.46025 0.290883 0 1.76377
500.00 1203.15 80.358483 48.1068 1.10592 15.4394 4.16772 0.0140795 8.07841 0 7.50874 10.9729 2.51289 0.316184 0 1.77692
500.00 1193.15 81.608201 48.3 1.09993 15.459 4.02843 0.0138639 8.10188 0 7.42457 10.888 2.55551 0.340912 0 1.78787
500.00 1183.15 82.703072 48.4733 1.09501 15.474 3.89614 0.0136804 8.12992 0 7.35143 10.8146 2.58984 0.365071 0 1.79705
500.00 1173.15 83.669205 48.6296 1.091 15.4857 3.76994 0.0135224 8.16166 0 7.28727 10.7505 2.61731 0.388706 0 1.80477
500.00 1163.15 84.528318 48.7716 1.08774 15.4952 3.64899 0.0133849 8.19638 0 7.23046 10.6939 2.63912 0.411882 0 1.81131
500.00 1153.15 85.298396 48.9017 1.08509 15.503 3.53253 0.0132641 8.23354 0 7.17967 10.6434 2.65625 0.43468 0 1.81688
500.00 1143.15 86.191494 49.0584 1.08184 15.5172 3.3918 0.0131266 8.27287 0 7.11844 10.5761 2.6652 0.483192 0 1.82174
500.00 1133.15 87.420938 49.2808 1.07687 15.5449 3.19367 0.0129419 8.31928 0 7.03112 10.47 2.6612 0.583321 0 1.82593
500.00 1123.15 88.670046 49.5062 1.07472 15.5619 2.97822 0.0127594 8.37918 0.00254475 6.94389 10.3727 2.65263 0.677372 0.00781069 1.8301
500.00 1113.15 90.354611 49.7962 1.07536 15.5655 2.62842 0.0125213 8.5137 0.0400733 6.82865 10.2554 2.63347 0.783509 0.0287484 1.83845
500.00 1103.15 91.819350 50.0704 1.07434 15.5615 2.30307 0.0123212 8.65368 0.0635381 6.73041 10.1545 2.6149 0.871057 0.0453062 1.84506
500.00 1093.15 93.155829 50.3332 1.07196 15.5515 1.97725 0.0121438 8.81061 0.0841472 6.64239 10.064 2.59637 0.945453 0.0598019 1.85117
500.00 1083.15 94.379365 50.5855 1.06858 15.5368 1.65253 0.0119854 8.98046 0.102078 6.56307 9.98239 2.57814 1.00896 0.0726085 1.85687
500.00 1073.15 95.481971 50.8227 1.0646 15.5191 1.33755 0.0118448 9.15548 0.117284 6.49262 9.90966 2.56078 1.06248 0.0838123 1.86208
500.00 1063.15 96.412794 51.0296 1.06062 15.501 1.05651 0.011725 9.31824 0.129312 6.43389 9.8489 2.54556 1.10513 0.0930304 1.86652
500.00 1053.15 97.087585 51.1814 1.05748 15.4867 0.847839 0.0116299 9.44165 0.137533 6.39179 9.80532 2.53438 1.13501 0.0995129 1.86972
500.00 1043.15 97.512941 51.2759 1.05549 15.478 0.718344 0.0115528 9.51822 0.142512 6.36549 9.77814 2.52742 1.15383 0.1034 1.87169
500.00 1033.15 97.790825 51.3363 1.05423 15.4727 0.636515 0.0114818 9.56607 0.145714 6.34841 9.76051 2.52298 1.16635 0.105761 1.87293
500.00 1023.15 97.994089 51.38 1.05331 15.4691 0.577977 0.0114122 9.6 0.148059 6.33597 9.74762 2.51976 1.17561 0.107349 1.87381
500.00 1013.15 99.934586 51.8458 1.03947 15.386 0.527962 0.0113226 9.4587 0.166707 6.21718 9.61996 2.48099 1.23559 0.127482 1.88281
500.00 1003.15 99.932869 51.8467 1.03948 15.3863 0.510819 0.0113228 9.47429 0.16671 6.21729 9.62012 2.48103 1.23561 0.127484 1.88284
Title: Nd2

Bulk Composition:
Pressure Temperature mass SiO2 TiO2 Al2O3 Fe2O3 Cr2O3 FeO MnO MgO CaO Na2O K2O P2O5 H2O 
500.00 1523.15 100.093345 51.7636 1.03782 15.3616 2.11024 0.0113047 8.01919 0.166442 6.20732 9.6047 2.47705 1.23363 0.127279 1.87982
500.00 1513.15 100.093895 51.7633 1.03781 15.3616 2.11572 0.0113046 8.01421 0.166441 6.20728 9.60465 2.47704 1.23362 0.127279 1.87981
500.00 1503.15 100.094479 51.763 1.0378 15.3615 2.12153 0.0113045 8.00892 0.16644 6.20725 9.60459 2.47703 1.23362 0.127278 1.8798
500.00 1493.15 100.095098 51.7627 1.0378 15.3614 2.12769 0.0113045 8.00332 0.166439 6.20721 9.60453 2.47701 1.23361 0.127277 1.87979
500.00 1483.15 100.095753 51.7623 1.03779 15.3613 2.1342 0.0113044 7.99739 0.166438 6.20717 9.60447 2.47699 1.2336 0.127276 1.87977
500.00 1473.15 100.096445 51.762 1.03778 15.3612 2.14109 0.0113043 7.99113 0.166437 6.20713 9.6044 2.47698 1.23359 0.127275 1.87976
500.00 1463.15 100.097175 51.7616 1.03778 15.3611 2.14835 0.0113042 7.98452 0.166436 6.20708 9.60433 2.47696 1.23358 0.127275 1.87975
500.00 1453.15 100.097945 51.7612 1.03777 15.3609 2.15601 0.0113041 7.97755 0.166435 6.20703 9.60426 2.47694 1.23357 0.127274 1.87973
500.00 1443.15 100.098755 51.7608 1.03776 15.3608 2.16407 0.011304 7.97021 0.166433 6.20698 9.60418 2.47692 1.23356 0.127273 1.87972
500.00 1433.15 100.099607 51.7603 1.03775 15.3607 2.17256 0.0113039 7.9625 0.166432 6.20693 9.6041 2.4769 1.23355 0.127271 1.8797
500.00 1423.15 100.100503 51.7599 1.03774 15.3605 2.18147 0.0113038 7.95439 0.16643 6.20688 9.60401 2.47688 1.23354 0.12727 1.87968
500.00 1413.15 100.101383 51.7594 1.03773 15.3604 2.19022 0.0113037 7.94642 0.166429 6.20682 9.60393 2.47685 1.23353 0.127269 1.87967
500.00 1403.15 100.100014 51.7601 1.03775 15.3606 2.1766 0.0113039 7.95882 0.166431 6.20691 9.60406 2.47689 1.23355 0.127271 1.87969
500.00 1393.15 100.098536 51.7609 1.03776 15.3608 2.1619 0.0113041 7.97219 0.166434 6.207 9.6042 2.47692 1.23357 0.127273 1.87972
500.00 1383.15 100.097820 51.7612 1.03777 15.361 2.15477 0.0113041 7.97868 0.166435 6.20704 9.60427 2.47694 1.23358 0.127274 1.87973
500.00 1373.15 100.100513 51.7599 1.03774 15.3605 2.18156 0.0113038 7.9543 0.16643 6.20687 9.60401 2.47688 1.23354 0.12727 1.87968
500.00 1363.15 100.106849 51.7566 1.03768 15.3596 2.2446 0.0113031 7.89696 0.16642 6.20648 9.6034 2.47672 1.23346 0.127262 1.87957
500.00 1353.15 100.122174 51.7487 1.03752 15.3572 2.39703 0.0113014 7.75827 0.166394 6.20553 9.60193 2.47634 1.23328 0.127243 1.87928
500.00 1343.15 100.154328 51.732 1.03718 15.3523 2.7167 0.0112978 7.46745 0.166341 6.20354 9.59885 2.47554 1.23288 0.127202 1.87867
500.00 1333.15 100.189605 51.7138 1.03682 15.3469 3.06718 0.0112938 7.14859 0.166282 6.20136 9.59547 2.47467 1.23245 0.127157 1.87801
500.00 1323.15 100.215893 51.7003 1.03655 15.3429 3.3282 0.0112908 6.91113 0.166239 6.19973 9.59296 2.47402 1.23212 0.127124 1.87752
500.00 1313.15 100.244060 51.6857 1.03626 15.3385 3.60772 0.0112877 6.65683 0.166192 6.19799 9.59026 2.47333 1.23178 0.127088 1.87699
500.00 1303.15 100.262237 51.6764 1.03607 15.3358 3.78801 0.0112856 6.4928 0.166162 6.19686 9.58852 2.47288 1.23155 0.127065 1.87665
500.00 1293.15 100.267961 51.6734 1.03601 15.3349 3.84478 0.011285 6.44116 0.166152 6.19651 9.58797 2.47274 1.23148 0.127058 1.87655
500.00 1283.15 100.270124 51.6723 1.03599 15.3346 3.86622 0.0112847 6.42165 0.166149 6.19638 9.58777 2.47269 1.23146 0.127055 1.8765
500.00 1273.15 100.269561 51.6726 1.03599 15.3346 3.86064 0.0112848 6.42673 0.16615 6.19641 9.58782 2.4727 1.23146 0.127056 1.87652
500.00 1263.15 100.266897 51.674 1.03602 15.3351 3.83422 0.0112851 6.45076 0.166154 6.19657 9.58808 2.47277 1.2315 0.127059 1.87657
500.00 1253.15 100.262622 51.6762 1.03606 15.3357 3.79183 0.0112856 6.48933 0.166161 6.19684 9.58848 2.47287 1.23155 0.127065 1.87665
500.00 1243.15 100.257137 51.679 1.03612 15.3365 3.73743 0.0112862 6.53882 0.16617 6.19718 9.58901 2.47301 1.23162 0.127071 1.87675
500.00 1233.15 100.250768 51.6823 1.03619 15.3375 3.67426 0.0112869 6.59629 0.166181 6.19757 9.58962 2.47316 1.23169 0.12708 1.87687
500.00 1223.15 100.243776 51.6859 1.03626 15.3386 3.6049 0.0112877 6.6594 0.166193 6.198 9.59029 2.47334 1.23178 0.127088 1.877
500.00 1213.15 100.236363 51.6897 1.03634 15.3397 3.53135 0.0112885 6.72631 0.166205 6.19846 9.591 2.47352 1.23187 0.127098 1.87714
500.00 1203.15 100.228682 51.6937 1.03642 15.3409 3.45513 0.0112894 6.79565 0.166218 6.19894 9.59173 2.47371 1.23197 0.127108 1.87728
500.00 1193.15 100.220843 51.6977 1.0365 15.3421 3.37733 0.0112903 6.86643 0.166231 6.19942 9.59248 2.4739 1.23206 0.127117 1.87743
500.00 1183.15 100.212921 51.7018 1.03658 15.3433 3.29869 0.0112912 6.93797 0.166244 6.19991 9.59324 2.4741 1.23216 0.127128 1.87758
500.00 1173.15 100.204967 51.7059 1.03666 15.3445 3.21972 0.0112921 7.00982 0.166257 6.2004 9.594 2.47429 1.23226 0.127138 1.87772
500.00 1163.15 100.197009 51.71 1.03674 15.3458 3.14071 0.011293 7.0817 0.16627 6.2009 9.59476 2.47449 1.23235 0.127148 1.87787
500.00 1153.15 100.189062 51.7141 1.03683 15.347 3.06179 0.0112939 7.1535 0.166283 6.20139 9.59552 2.47469 1.23245 0.127158 1.87802
500.00 1143.15 100.179358 51.7191 1.03693 15.3485 2.9654 0.0112949 7.24119 0.166299 6.20199 9.59645 2.47493 1.23257 0.12717 1.8782
500.00 1133.15 100.165529 51.7263 1.03707 15.3506 2.82801 0.0112965 7.36618 0.166322 6.20285 9.59778 2.47527 1.23274 0.127188 1.87846
500.00 1123.15 100.149805 51.7344 1.03723 15.353 2.67174 0.0112983 7.50835 0.166348 6.20382 9.59929 2.47566 1.23294 0.127208 1.87876
500.00 1113.15 100.122506 51.7485 1.03751 15.3572 2.40033 0.0113014 7.75527 0.166394 6.20551 9.6019 2.47633 1.23327 0.127242 1.87927
500.00 1103.15 100.095896 51.7622 1.03779 15.3613 2.13562 0.0113044 7.9961 0.166438 6.20716 9.60446 2.47699 1.2336 0.127276 1.87977
500.00 1093.15 100.068104 51.7766 1.03808 15.3655 1.85901 0.0113075 8.24775 0.166484 6.20888 9.60712 2.47768 1.23394 0.127312 1.88029
500.00 1083.15 100.039418 51.7915 1.03838 15.3699 1.57334 0.0113107 8.50764 0.166532 6.21067 9.60988 2.47839 1.2343 0.127348 1.88083
500.00 1073.15 100.010768 51.8063 1.03867 15.3743 1.28786 0.011314 8.76736 0.16658 6.21244 9.61263 2.4791 1.23465 0.127385 1.88137
500.00 1063.15 99.984589 51.8199 1.03895 15.3784 1.02687 0.011317 9.00481 0.166623 6.21407 9.61515 2.47975 1.23497 0.127418 1.88186
500.00 1053.15 99.964806 51.8301 1.03915 15.3814 0.829541 0.0113192 9.18433 0.166656 6.2153 9.61705 2.48024 1.23522 0.127443 1.88224
500.00 1043.15 99.952385 51.8366 1.03928 15.3833 0.705608 0.0113206 9.29708 0.166677 6.21607 9.61825 2.48055 1.23537 0.127459 1.88247
500.00 1033.15 99.944478 51.8407 1.03936 15.3845 0.626702 0.0113215 9.36887 0.16669 6.21656 9.61901 2.48074 1.23547 0.127469 1.88262
500.00 1023.15 99.938794 51.8436 1.03942 15.3854 0.569972 0.0113221 9.42048 0.1667 6.21692 9.61955 2.48088 1.23554 0.127476 1.88273
500.00 1013.15 99.934586 51.8458 1.03947 15.386 0.527962 0.0113226 9.4587 0.166707 6.21718 9.61996 2.48099 1.23559 0.127482 1.88281
500.00 1003.15 99.932869 51.8467 1.03948 15.3863 0.510819 0.0113228 9.47429 0.16671 6.21729 9.62012 2.48103 1.23561 0.127484 1.88284
