Title: Nd2

Bulk Composition:
Pressure Temperature mass SiO2 TiO2 Al2O3 Fe2O3 Cr2O3 FeO MnO MgO CaO Na2O K2O P2O5 H2O 
500.00 1523.15 100.093345 51.7636 1.03782 15.3616 2.11024 0.0113047 8.01919 0.166442 6.20732 9.6047 2.47705 1.23363 0.127279 1.87982
500.00 1513.15 100.093895 51.7633 1.03781 15.3616 2.11572 0.0113046 8.01421 0.166441 6.20728 9.60465 2.47704 1.23362 0.127279 1.87981
500.00 1503.15 100.094479 51.763 1.0378 15.3615 2.12153 0.0113045 8.00892 0.16644 6.20725 9.60459 2.47703 1.23362 0.127278 1.8798
500.00 1493.15 100.095098 51.7627 1.0378 15.3614 2.12769 0.0113045 8.00332 0.166439 6.20721 9.60453 2.47701 1.23361 0.127277 1.87979
500.00 1483.15 100.095753 51.7623 1.03779 15.3613 2.1342 0.0113044 7.99739 0.166438 6.20717 9.60447 2.47699 1.2336 0.127276 1.87977
500.00 1473.15 100.096445 51.762 1.03778 15.3612 2.14109 0.0113043 7.99113 0.166437 6.20713 9.6044 2.47698 1.23359 0.127275 1.87976
500.00 1463.15 100.097175 51.7616 1.03778 15.3611 2.14835 0.0113042 7.98452 0.166436 6.20708 9.60433 2.47696 1.23358 0.127275 1.87975
500.00 1453.15 100.097945 51.7612 1.03777 15.3609 2.15601 0.0113041 7.97755 0.166435 6.20703 9.60426 2.47694 1.23357 0.127274 1.87973
500.00 1443.15 100.098755 51.7608 1.03776 15.3608 2.16407 0.011304 7.97021 0.166433 6.20698 9.60418 2.47692 1.23356 0.127273 1.87972
500.00 1433.15 100.099607 51.7603 1.03775 15.3607 2.17256 0.0113039 7.9625 0.166432 6.20693 9.6041 2.4769 1.23355 0.127271 1.8797
500.00 1423.15 100.100503 51.7599 1.03774 15.3605 2.18147 0.0113038 7.95439 0.16643 6.20688 9.60401 2.47688 1.23354 0.12727 1.87968
500.00 1413.15 100.101383 51.7594 1.03773 15.3604 2.19022 0.0113037 7.94642 0.166429 6.20682 9.60393 2.47685 1.23353 0.127269 1.87967
500.00 1403.15 100.100014 51.7601 1.03775 15.3606 2.1766 0.0113039 7.95882 0.166431 6.20691 9.60406 2.47689 1.23355 0.127271 1.87969
500.00 1393.15 100.098536 51.7609 1.03776 15.3608 2.1619 0.0113041 7.97219 0.166434 6.207 9.6042 2.47692 1.23357 0.127273 1.87972
500.00 1383.15 100.097820 51.7612 1.03777 15.361 2.15477 0.0113041 7.97868 0.166435 6.20704 9.60427 2.47694 1.23358 0.127274 1.87973
500.00 1373.15 100.100513 51.7599 1.03774 15.3605 2.18156 0.0113038 7.9543 0.16643 6.20687 9.60401 2.47688 1.23354 0.12727 1.87968
500.00 1363.15 100.106849 51.7566 1.03768 15.3596 2.2446 0.0113031 7.89696 0.16642 6.20648 9.6034 2.47672 1.23346 0.127262 1.87957
500.00 1353.15 100.122174 51.7487 1.03752 15.3572 2.39703 0.0113014 7.75827 0.166394 6.20553 9.60193 2.47634 1.23328 0.127243 1.87928
500.00 1343.15 100.154328 51.732 1.03718 15.3523 2.7167 0.0112978 7.46745 0.166341 6.20354 9.59885 2.47554 1.23288 0.127202 1.87867
500.00 1333.15 100.189605 51.7138 1.03682 15.3469 3.06718 0.0112938 7.14859 0.166282 6.20136 9.59547 2.47467 1.23245 0.127157 1.87801
500.00 1323.15 100.215893 51.7003 1.03655 15.3429 3.3282 0.0112908 6.91113 0.166239 6.19973 9.59296 2.47402 1.23212 0.127124 1.87752
500.00 1313.15 100.244060 51.6857 1.03626 15.3385 3.60772 0.0112877 6.65683 0.166192 6.19799 9.59026 2.47333 1.23178 0.127088 1.87699
500.00 1303.15 100.262237 51.6764 1.03607 15.3358 3.78801 0.0112856 6.4928 0.166162 6.19686 9.58852 2.47288 1.23155 0.127065 1.87665
500.00 1293.15 100.267961 51.6734 1.03601 15.3349 3.84478 0.011285 6.44116 0.166152 6.19651 9.58797 2.47274 1.23148 0.127058 1.87655
500.00 1283.15 100.270124 51.6723 1.03599 15.3346 3.86622 0.0112847 6.42165 0.166149 6.19638 9.58777 2.47269 1.23146 0.127055 1.8765
500.00 1273.15 100.269561 51.6726 1.03599 15.3346 3.86064 0.0112848 6.42673 0.16615 6.19641 9.58782 2.4727 1.23146 0.127056 1.87652
500.00 1263.15 100.266897 51.674 1.03602 15.3351 3.83422 0.0112851 6.45076 0.166154 6.19657 9.58808 2.47277 1.2315 0.127059 1.87657
500.00 1253.15 100.262622 51.6762 1.03606 15.3357 3.79183 0.0112856 6.48933 0.166161 6.19684 9.58848 2.47287 1.23155 0.127065 1.87665
500.00 1243.15 100.257137 51.679 1.03612 15.3365 3.73743 0.0112862 6.53882 0.16617 6.19718 9.58901 2.47301 1.23162 0.127071 1.87675
500.00 1233.15 100.250768 51.6823 1.03619 15.3375 3.67426 0.0112869 6.59629 0.166181 6.19757 9.58962 2.47316 1.23169 0.12708 1.87687
500.00 1223.15 100.243776 51.6859 1.03626 15.3386 3.6049 0.0112877 6.6594 0.166193 6.198 9.59029 2.47334 1.23178 0.127088 1.877
500.00 1213.15 100.236363 51.6897 1.03634 15.3397 3.53135 0.0112885 6.72631 0.166205 6.19846 9.591 2.47352 1.23187 0.127098 1.87714
500.00 1203.15 100.228682 51.6937 1.03642 15.3409 3.45513 0.0112894 6.79565 0.166218 6.19894 9.59173 2.47371 1.23197 0.127108 1.87728
500.00 1193.15 100.220843 51.6977 1.0365 15.3421 3.37733 0.0112903 6.86643 0.166231 6.19942 9.59248 2.4739 1.23206 0.127117 1.87743
500.00 1183.15 100.212921 51.7018 1.03658 15.3433 3.29869 0.0112912 6.93797 0.166244 6.19991 9.59324 2.4741 1.23216 0.127128 1.87758
500.00 1173.15 100.204967 51.7059 1.03666 15.3445 3.21972 0.0112921 7.00982 0.166257 6.2004 9.594 2.47429 1.23226 0.127138 1.87772
500.00 1163.15 100.197009 51.71 1.03674 15.3458 3.14071 0.011293 7.0817 0.16627 6.2009 9.59476 2.47449 1.23235 0.127148 1.87787
500.00 1153.15 100.189062 51.7141 1.03683 15.347 3.06179 0.0112939 7.1535 0.166283 6.20139 9.59552 2.47469 1.23245 0.127158 1.87802
500.00 1143.15 100.179358 51.7191 1.03693 15.3485 2.9654 0.0112949 7.24119 0.166299 6.20199 9.59645 2.47493 1.23257 0.12717 1.8782
500.00 1133.15 100.165529 51.7263 1.03707 15.3506 2.82801 0.0112965 7.36618 0.166322 6.20285 9.59778 2.47527 1.23274 0.127188 1.87846
500.00 1123.15 100.149805 51.7344 1.03723 15.353 2.67174 0.0112983 7.50835 0.166348 6.20382 9.59929 2.47566 1.23294 0.127208 1.87876
500.00 1113.15 100.122506 51.7485 1.03751 15.3572 2.40033 0.0113014 7.75527 0.166394 6.20551 9.6019 2.47633 1.23327 0.127242 1.87927
500.00 1103.15 100.095896 51.7622 1.03779 15.3613 2.13562 0.0113044 7.9961 0.166438 6.20716 9.60446 2.47699 1.2336 0.127276 1.87977
500.00 1093.15 100.068104 51.7766 1.03808 15.3655 1.85901 0.0113075 8.24775 0.166484 6.20888 9.60712 2.47768 1.23394 0.127312 1.88029
500.00 1083.15 100.039418 51.7915 1.03838 15.3699 1.57334 0.0113107 8.50764 0.166532 6.21067 9.60988 2.47839 1.2343 0.127348 1.88083
500.00 1073.15 100.010768 51.8063 1.03867 15.3743 1.28786 0.011314 8.76736 0.16658 6.21244 9.61263 2.4791 1.23465 0.127385 1.88137
500.00 1063.15 99.984589 51.8199 1.03895 15.3784 1.02687 0.011317 9.00481 0.166623 6.21407 9.61515 2.47975 1.23497 0.127418 1.88186
500.00 1053.15 99.964806 51.8301 1.03915 15.3814 0.829541 0.0113192 9.18433 0.166656 6.2153 9.61705 2.48024 1.23522 0.127443 1.88224
500.00 1043.15 99.952385 51.8366 1.03928 15.3833 0.705608 0.0113206 9.29708 0.166677 6.21607 9.61825 2.48055 1.23537 0.127459 1.88247
500.00 1033.15 99.944478 51.8407 1.03936 15.3845 0.626702 0.0113215 9.36887 0.16669 6.21656 9.61901 2.48074 1.23547 0.127469 1.88262
500.00 1023.15 99.938794 51.8436 1.03942 15.3854 0.569972 0.0113221 9.42048 0.1667 6.21692 9.61955 2.48088 1.23554 0.127476 1.88273
500.00 1013.15 99.934586 51.8458 1.03947 15.386 0.527962 0.0113226 9.4587 0.166707 6.21718 9.61996 2.48099 1.23559 0.127482 1.88281
500.00 1003.15 99.932869 51.8467 1.03948 15.3863 0.510819 0.0113228 9.47429 0.16671 6.21729 9.62012 2.48103 1.23561 0.127484 1.88284