Title: Nd2

liquid_0 thermodynamic data and composition:
Pressure Temperature mass S H V Cp viscosity SiO2 TiO2 Al2O3 Fe2O3 Cr2O3 FeO MnO MgO CaO Na2O K2O P2O5 H2O Mg#
500.00 1523.15 100.093345 288.192001 -1209571.108790 40.640731 150.570449 1.932 51.7636 1.03782 15.3616 2.11024 0.0113047 8.01919 0.166442 6.20732 9.6047 2.47705 1.23363 0.127279 1.87982 58.0
500.00 1513.15 100.093895 287.201271 -1211084.748612 40.592901 150.566837 1.972 51.7633 1.03781 15.3616 2.11572 0.0113046 8.01421 0.166441 6.20728 9.60465 2.47704 1.23362 0.127279 1.87981 58.0
500.00 1503.15 100.094479 286.204032 -1212598.871919 40.545153 150.563389 2.013 51.763 1.0378 15.3615 2.12153 0.0113045 8.00892 0.16644 6.20725 9.60459 2.47703 1.23362 0.127278 1.8798 58.0
500.00 1493.15 100.095098 285.200195 -1214113.498856 40.497487 150.560111 2.054 51.7627 1.0378 15.3614 2.12769 0.0113045 8.00332 0.166439 6.20721 9.60453 2.47701 1.23361 0.127277 1.87979 58.0
500.00 1483.15 100.095753 284.189670 -1215628.650422 40.449907 150.557006 2.096 51.7623 1.03779 15.3613 2.1342 0.0113044 7.99739 0.166438 6.20717 9.60447 2.47699 1.2336 0.127276 1.87977 58.0
500.00 1473.15 100.096445 283.190637 -1217117.366316 40.402413 146.611917 2.139 51.762 1.03778 15.3612 2.14109 0.0113043 7.99113 0.166437 6.20713 9.6044 2.47698 1.23359 0.127275 1.87976 58.1
500.00 1463.15 100.097175 282.193341 -1218594.158094 40.355009 146.599136 2.182 51.7616 1.03778 15.3611 2.14835 0.0113042 7.98452 0.166436 6.20708 9.60433 2.47696 1.23358 0.127275 1.87975 58.1
500.00 1453.15 100.097945 281.189329 -1220071.435255 40.307695 146.585891 2.226 51.7612 1.03777 15.3609 2.15601 0.0113041 7.97755 0.166435 6.20703 9.60426 2.47694 1.23357 0.127274 1.87973 58.1
500.00 1443.15 100.098755 280.178510 -1221549.215617 40.260475 146.572178 2.270 51.7608 1.03776 15.3608 2.16407 0.011304 7.97021 0.166433 6.20698 9.60418 2.47692 1.23356 0.127273 1.87972 58.1
500.00 1433.15 100.099607 279.160792 -1223027.517954 40.213350 146.557992 2.315 51.7603 1.03775 15.3607 2.17256 0.0113039 7.9625 0.166432 6.20693 9.6041 2.4769 1.23355 0.127271 1.8797 58.1
500.00 1423.15 100.100503 278.136080 -1224506.362045 40.166322 146.543327 2.361 51.7599 1.03774 15.3605 2.18147 0.0113038 7.95439 0.16643 6.20688 9.60401 2.47688 1.23354 0.12727 1.87968 58.2
500.00 1413.15 100.080689 277.049053 -1225741.246609 40.112657 146.491855 2.408 51.762 1.03795 15.3636 2.19067 0.0113061 7.94456 0.166406 6.19922 9.60583 2.47737 1.23379 0.127296 1.88006 58.2
500.00 1403.15 99.318675 273.990714 -1218268.029874 39.818949 145.145353 2.481 51.858 1.04591 15.4815 2.19372 0.0113928 7.88367 0.165489 5.9215 9.67652 2.49637 1.24325 0.128272 1.89448 57.2
500.00 1393.15 98.571610 270.985338 -1211042.670939 39.531664 143.833225 2.556 51.9553 1.05384 15.5988 2.19539 0.0114792 7.81542 0.164459 5.65252 9.74677 2.51529 1.25268 0.129244 1.90884 56.3
500.00 1383.15 96.799248 265.380893 -1191001.551679 38.869528 140.986290 2.632 52.0458 1.06535 15.8257 2.19528 0.0116894 7.78469 0.165709 5.34728 9.64808 2.55943 1.27561 0.131611 1.94379 55.0
500.00 1373.15 93.015829 254.710918 -1146118.331172 37.480188 135.134325 2.712 52.164 1.07771 16.2717 2.18574 0.00862674 7.80539 0.171926 4.96301 9.20739 2.6572 1.3275 0.136964 2.02285 53.1
500.00 1363.15 89.360268 244.448421 -1103654.182230 36.156417 129.516486 2.801 52.3682 1.07596 16.7136 2.15854 0.00350301 7.74469 0.17837 4.59435 8.77386 2.75891 1.3818 0.142567 2.1056 51.4
500.00 1353.15 85.202931 232.629980 -1056780.755596 34.628438 123.146552 2.932 52.7829 1.0481 17.2308 2.09197 0.000709463 7.52267 0.186689 4.21387 8.28747 2.88442 1.44923 0.149523 2.15162 50.0
500.00 1343.15 80.729054 220.075301 -1009060.204646 33.041055 116.392182 3.107 53.5231 0.975388 17.8091 1.95043 0.000119817 6.97988 0.197461 3.84754 7.79461 3.03359 1.52954 0.15781 2.20152 49.6
500.00 1333.15 72.268204 196.671474 -909948.858722 29.854634 103.656796 3.337 55.0113 0.925204 17.6797 1.80921 3.50014e-005 6.35356 0.214965 3.44904 7.1974 3.23636 1.70109 0.176285 2.24593 49.2
500.00 1323.15 65.053595 176.641775 -824888.960365 27.102052 92.859477 3.562 56.4341 0.877696 17.5086 1.6692 1.80859e-005 5.74797 0.232043 3.10785 6.66534 3.39982 1.87946 0.195836 2.2821 49.1
500.00 1313.15 57.158465 154.867944 -729195.046270 23.995979 81.236242 3.760 57.6381 0.828914 17.3439 1.53678 1.07844e-005 5.16244 0.275246 2.7932 6.17844 3.58245 2.12176 0.222886 2.31587 49.1
500.00 1303.15 50.122337 135.426661 -642651.010678 21.181234 70.916961 3.949 58.7501 0.793919 17.0929 1.41829 7.78332e-006 4.63777 0.332382 2.47711 5.79625 3.71246 2.39316 0.254175 2.34151 48.8
500.00 1293.15 44.833930 120.676898 -577558.987670 19.051091 63.145752 4.144 59.8663 0.773468 16.7859 1.30789 6.55291e-006 4.18104 0.371588 2.2018 5.4906 3.73989 2.64233 0.284156 2.35497 48.4
500.00 1283.15 40.238818 107.838604 -520612.045067 17.178278 56.429787 4.332 60.8863 0.758587 16.4919 1.20235 5.8201e-006 3.76521 0.414022 1.96661 5.22592 3.70974 2.90124 0.316605 2.36146 48.2
500.00 1273.15 36.237220 96.646020 -470710.088567 15.530365 50.610148 4.516 61.8154 0.748744 16.2175 1.10191 5.38164e-006 3.38712 0.459742 1.76402 4.99686 3.62735 3.16782 0.351567 2.36192 48.1
500.00 1263.15 32.759363 86.911997 -427096.547195 14.085222 45.574792 4.694 62.6582 0.743238 15.9667 1.00709 5.13603e-006 3.04439 0.50855 1.58831 4.79827 3.50029 3.43865 0.388891 2.3574 48.2
500.00 1253.15 29.747488 78.479509 -389139.351735 12.824048 41.231624 4.869 63.4192 0.741254 15.7412 0.918385 5.02699e-006 2.73492 0.560039 1.43505 4.62527 3.33783 3.70956 0.428265 2.34901 48.3
500.00 1243.15 27.147838 71.200489 -356234.319749 11.728338 37.496430 5.039 64.1036 0.741919 15.5407 0.836215 5.02079e-006 2.45664 0.613668 1.30069 4.47336 3.14987 3.97626 0.469276 2.33783 48.6
500.00 1233.15 24.908327 64.930199 -327779.137081 10.779159 34.289147 5.205 64.7173 0.74438 15.3633 0.760762 5.09609e-006 2.20727 0.668843 1.18236 4.33854 2.94599 4.23487 0.511468 2.32488 48.8
500.00 1223.15 22.979026 59.529226 -303182.866911 9.957584 31.534258 5.367 65.2668 0.747857 15.2066 0.691981 5.23906e-006 1.98437 0.724999 1.0777 4.21741 2.73464 4.48228 0.554411 2.31101 49.2
500.00 1213.15 21.313542 54.867731 -281886.667927 9.245486 29.162462 5.524 65.7586 0.751684 15.0673 0.629624 5.44082e-006 1.78542 0.781652 0.984749 4.10726 2.52267 4.7163 0.597734 2.29694 49.6
500.00 1203.15 19.870199 50.828997 -263381.901967 8.626224 27.112106 5.677 66.1994 0.755329 14.9426 0.573302 5.69611e-006 1.60794 0.83843 0.901866 4.00599 2.31527 4.93554 0.641152 2.28317 50.0
500.00 1193.15 18.612642 47.311225 -247220.363960 8.085045 25.329804 5.826 66.595 0.758388 14.8297 0.522542 6.00249e-006 1.44955 0.895078 0.82768 3.91208 2.11607 5.13936 0.684471 2.27008 50.4
500.00 1183.15 17.509849 44.227630 -233016.656573 7.609213 23.770284 5.971 66.9508 0.760576 14.7262 0.476842 6.35989e-006 1.30809 0.951451 0.761042 3.82442 1.92743 5.32762 0.72758 2.25792 50.9
500.00 1173.15 16.535762 41.505399 -220444.954066 7.187929 22.395698 6.112 67.2717 0.761699 14.63 0.4357 6.77038e-006 1.18159 1.0075 0.700983 3.7423 1.75066 5.50054 0.770441 2.24685 51.4
500.00 1163.15 15.668690 39.084034 -209232.663996 6.812142 21.174682 6.250 67.5617 0.761642 14.5395 0.398641 7.23815e-006 1.0683 1.06325 0.646688 3.66528 1.58637 5.65858 0.813075 2.23694 51.9
500.00 1153.15 14.890665 36.913521 -199152.916191 6.474305 20.081349 6.384 67.8243 0.760344 14.4533 0.365229 7.76954e-006 0.966701 1.11881 0.597462 3.59309 1.43464 5.80234 0.855558 2.22826 52.4
500.00 1143.15 13.987864 34.467029 -187359.245083 6.081409 18.827994 6.507 68.1139 0.760167 14.3084 0.337975 8.5878e-006 0.884102 1.19102 0.554911 3.55989 1.30247 5.85016 0.910777 2.22614 52.8
500.00 1133.15 12.744591 31.226616 -170962.805620 5.539697 17.127061 6.606 68.501 0.764065 14.0174 0.319767 1.01474e-005 0.82846 1.3072 0.521351 3.61489 1.1999 5.68742 0.999626 2.23882 52.9
500.00 1123.15 11.479759 27.973939 -154221.911364 4.989851 15.397353 6.711 68.9449 0.747633 13.7397 0.304523 1.23242e-005 0.782031 1.43157 0.487493 3.62529 1.10867 5.52413 1.04943 2.2546 52.6
500.00 1113.15 9.767895 23.658278 -131630.432792 4.252751 13.060957 6.930 69.8078 0.687477 13.4297 0.290491 1.67575e-005 0.739635 1.33488 0.441353 3.557 1.0228 5.39365 1.03833 2.25688 51.5
500.00 1103.15 8.276546 19.929677 -111813.730123 3.607674 11.036283 7.114 70.5319 0.632265 13.1402 0.277935 2.37555e-005 0.700906 1.308 0.402247 3.50234 0.947076 5.25562 1.03664 2.2649 50.6
500.00 1093.15 6.912275 16.547479 -93614.958909 3.016444 9.192302 7.298 71.2297 0.581395 12.8593 0.265427 3.62593e-005 0.662216 1.27613 0.366635 3.44922 0.878125 5.12188 1.03713 2.27273 49.7
500.00 1083.15 5.660053 13.470377 -76843.443899 2.472711 7.507277 7.481 71.9007 0.534687 12.5867 0.252926 6.17247e-005 0.623599 1.24129 0.334361 3.39834 0.815012 4.99176 1.04011 2.28045 48.9
500.00 1073.15 4.528797 10.714662 -61632.774299 1.980577 5.991483 7.662 72.543 0.492115 12.3225 0.240225 0.000123404 0.584685 1.2059 0.305477 3.35025 0.756962 4.86463 1.04603 2.28815 48.2
500.00 1063.15 3.571796 8.400563 -48723.088389 1.563584 4.713741 7.841 73.1518 0.453947 12.0683 0.226817 0.000302664 0.544399 1.17375 0.280444 3.3054 0.703291 4.73983 1.05563 2.29607 47.9
500.00 1053.15 2.877221 6.726889 -39337.991760 1.260645 3.788165 8.014 73.7202 0.42052 11.827 0.212101 0.000833897 0.501518 1.14938 0.259952 3.2641 0.653371 4.61663 1.06991 2.3045 48.0
500.00 1043.15 2.439444 5.669452 -33426.296653 1.069676 3.204586 8.181 74.2475 0.391136 11.5985 0.196496 0.00203925 0.457282 1.13265 0.243545 3.22672 0.606714 4.4947 1.08919 2.31346 48.6
500.00 1033.15 2.153653 4.975257 -29573.268366 0.945021 2.823051 8.345 74.7403 0.364444 11.3797 0.181122 0.00404097 0.414438 1.11917 0.229807 3.1939 0.56301 4.37416 1.11314 2.32268 49.6
500.00 1023.15 1.944705 4.465360 -26759.195956 0.853870 2.543822 8.506 75.2035 0.339631 11.168 0.166602 0.00678196 0.374442 1.10603 0.217778 3.16637 0.52202 4.25514 1.14169 2.33196 50.7

olivine_0 thermodynamic data and composition:
Pressure Temperature mass S H V Cp formula SiO2 TiO2 Al2O3 Fe2O3 Cr2O3 FeO MnO MgO CaO Na2O K2O P2O5 H2O
500.00 1413.15 0.020694 0.049080 -252.151203 0.006270 0.025468 (Ca0.01Mg0.82Fe''0.18Mn0.00Co0.00Ni0.00)2SiO4 39.4301 0 0 0 0 16.9509 0.278642 42.9545 0.385902 0 0 0 0
500.00 1403.15 0.781338 1.844741 -9479.989488 0.236071 0.958399 (Ca0.01Mg0.81Fe''0.19Mn0.00Co0.00Ni0.00)2SiO4 39.3226 0 0 0 0 17.512 0.286223 42.4861 0.393073 0 0 0 0
500.00 1393.15 1.526926 3.588590 -18443.912141 0.460029 1.866591 (Ca0.01Mg0.80Fe''0.19Mn0.00Co0.00Ni0.00)2SiO4 39.2115 0 0 0 0 18.0925 0.29393 42.0017 0.400435 0 0 0 0
500.00 1383.15 2.026333 4.739440 -24340.111341 0.608435 2.467501 (Ca0.01Mg0.80Fe''0.20Mn0.00Co0.00Ni0.00)2SiO4 39.0787 0 0 0 0 18.7897 0.305589 41.426 0.400086 0 0 0 0
500.00 1373.15 2.047027 4.762973 -24401.032991 0.611981 2.480882 (Ca0.01Mg0.78Fe''0.21Mn0.00Co0.00Ni0.00)2SiO4 38.906 0 0 0 0 19.7011 0.326308 40.6829 0.383764 0 0 0 0
500.00 1363.15 2.063784 4.776861 -24414.188540 0.614337 2.489384 (Ca0.01Mg0.77Fe''0.22Mn0.00Co0.00Ni0.00)2SiO4 38.7354 0 0 0 0 20.5987 0.349148 39.9491 0.367662 0 0 0 0
500.00 1353.15 1.971394 4.538989 -23143.340094 0.584304 2.366664 (Ca0.00Mg0.76Fe''0.23Mn0.00Co0.00Ni0.00)2SiO4 38.565 0 0 0 0 21.4863 0.382143 39.2166 0.350004 0 0 0 0
500.00 1343.15 1.691194 3.875238 -19762.830068 0.499759 2.023268 (Ca0.00Mg0.76Fe''0.24Mn0.00Co0.00Ni0.00)2SiO4 38.4553 0 0 0 0 22.0419 0.425087 38.7475 0.330204 0 0 0 0
500.00 1333.15 2.226533 5.076071 -25852.790764 0.655486 2.652385 (Ca0.00Mg0.75Fe''0.25Mn0.01Co0.00Ni0.00)2SiO4 38.3102 0 0 0 0 22.7497 0.505094 38.1243 0.310687 0 0 0 0
500.00 1323.15 2.634641 5.976800 -30424.218988 0.773040 3.126352 (Ca0.00Mg0.74Fe''0.26Mn0.01Co0.00Ni0.00)2SiO4 38.1832 0 0 0 0 23.3513 0.593842 37.5792 0.292493 0 0 0 0
500.00 1313.15 1.205006 2.720545 -13845.472848 0.352463 1.424473 (Ca0.00Mg0.73Fe''0.26Mn0.01Co0.00Ni0.00)2SiO4 38.063 0 0 0 0 23.8287 0.769401 37.0601 0.278849 0 0 0 0
500.00 1113.15 0.191552 0.380028 -1725.466885 0.049873 0.196564 (Ca0.00Mg0.36Fe''0.47Mn0.18Co0.00Ni0.00)2SiO4 33.1845 0 0 0 0 37.039 13.8462 15.7335 0.196877 0 0 0 0
500.00 1103.15 0.295328 0.581235 -2618.534114 0.076371 0.300681 (Ca0.00Mg0.33Fe''0.48Mn0.18Co0.00Ni0.00)2SiO4 32.922 0 0 0 0 38.1078 14.1854 14.5922 0.192446 0 0 0 0
500.00 1093.15 0.385659 0.753081 -3370.263697 0.099109 0.389798 (Ca0.00Mg0.31Fe''0.50Mn0.19Co0.00Ni0.00)2SiO4 32.6844 0 0 0 0 39.1048 14.4637 13.5597 0.18737 0 0 0 0
500.00 1083.15 0.463898 0.898923 -4000.825638 0.118534 0.465723 (Ca0.00Mg0.29Fe''0.52Mn0.19Co0.00Ni0.00)2SiO4 32.4698 0 0 0 0 40.0229 14.6974 12.6281 0.181771 0 0 0 0
500.00 1073.15 0.529364 1.018134 -4511.970233 0.134564 0.528166 (Ca0.00Mg0.28Fe''0.53Mn0.20Co0.00Ni0.00)2SiO4 32.2787 0 0 0 0 40.8363 14.9109 11.7984 0.175724 0 0 0 0
500.00 1063.15 0.577823 1.103381 -4876.389040 0.146228 0.573330 (Ca0.00Mg0.26Fe''0.54Mn0.20Co0.00Ni0.00)2SiO4 32.1152 0 0 0 0 41.4789 15.1487 11.0881 0.16924 0 0 0 0
500.00 1053.15 0.602886 1.143505 -5050.237691 0.152031 0.595376 (Ca0.00Mg0.25Fe''0.55Mn0.20Co0.00Ni0.00)2SiO4 31.9854 0 0 0 0 41.8563 15.4728 10.5232 0.162304 0 0 0 0
500.00 1043.15 0.606969 1.143981 -5058.327127 0.152647 0.597006 (Ca0.00Mg0.24Fe''0.55Mn0.21Co0.00Ni0.00)2SiO4 31.8855 0 0 0 0 41.9785 15.8951 10.0858 0.155054 0 0 0 0
500.00 1033.15 0.600194 1.124301 -4982.758850 0.150608 0.588219 (Ca0.00Mg0.23Fe''0.55Mn0.22Co0.00Ni0.00)2SiO4 31.8029 0 0 0 0 41.9566 16.3704 9.72246 0.147727 0 0 0 0
500.00 1023.15 0.589159 1.096962 -4875.762300 0.147548 0.575450 (Ca0.00Mg0.22Fe''0.55Mn0.23Co0.00Ni0.00)2SiO4 31.7293 0 0 0 0 41.8679 16.864 9.3983 0.140468 0 0 0 0
500.00 1013.15 0.692968 1.282778 -5725.464601 0.173300 0.674967 (Ca0.00Mg0.22Fe''0.55Mn0.23Co0.00Ni0.00)2SiO4 31.6795 0 0 0 0 41.7464 17.2624 9.17857 0.133139 0 0 0 0
500.00 1003.15 0.692814 1.275104 -5716.881343 0.173040 0.673214 (Ca0.00Mg0.21Fe''0.55Mn0.23Co0.00Ni0.00)2SiO4 31.6439 0 0 0 0 41.8609 17.344 9.02526 0.125963 0 0 0 0

feldspar_0 thermodynamic data and composition:
Pressure Temperature mass S H V Cp formula SiO2 TiO2 Al2O3 Fe2O3 Cr2O3 FeO MnO MgO CaO Na2O K2O P2O5 H2O
500.00 1333.15 4.368266 10.154120 -60975.282765 1.631769 5.308626 K0.01Na0.21Ca0.78Al1.78Si2.22O8 48.5084 0 33.0413 0 0 0 0 0 15.9406 2.38531 0.124391 0 0
500.00 1323.15 8.414760 19.527250 -117501.880125 3.149050 10.219514 K0.01Na0.24Ca0.75Al1.75Si2.25O8 49.1937 0 32.5752 0 0 0 0 0 15.3962 2.69073 0.144077 0 0
500.00 1313.15 12.773570 29.595260 -178421.084538 4.789733 15.503318 K0.01Na0.27Ca0.72Al1.72Si2.28O8 49.9382 0 32.0674 0 0 0 0 0 14.8036 3.01843 0.172373 0 0
500.00 1303.15 17.053751 39.444181 -238276.293638 6.407074 20.684482 K0.01Na0.29Ca0.69Al1.69Si2.31O8 50.6691 0 31.5673 0 0 0 0 0 14.2204 3.33626 0.206852 0 0
500.00 1293.15 20.707532 47.799836 -289423.165644 7.793400 25.098304 K0.01Na0.32Ca0.67Al1.67Si2.33O8 51.3388 0 31.1084 0 0 0 0 0 13.6855 3.62528 0.242041 0 0
500.00 1283.15 23.979122 55.228662 -335267.975098 9.039109 29.167308 K0.02Na0.34Ca0.64Al1.64Si2.36O8 51.9602 0 30.6811 0 0 0 0 0 13.188 3.88983 0.280905 0 0
500.00 1273.15 26.892280 61.785161 -376142.416160 10.151667 32.694126 K0.02Na0.36Ca0.62Al1.62Si2.38O8 52.5231 0 30.2924 0 0 0 0 0 12.736 4.12546 0.322972 0 0
500.00 1263.15 29.465452 67.512658 -412303.933759 11.136743 35.801174 K0.02Na0.38Ca0.60Al1.60Si2.40O8 53.0222 0 29.9462 0 0 0 0 0 12.3339 4.33005 0.36756 0 0
500.00 1253.15 31.719625 72.461599 -444044.888402 12.001235 38.513886 K0.02Na0.40Ca0.58Al1.58Si2.42O8 53.4567 0 29.6432 0 0 0 0 0 11.9825 4.50372 0.413879 0 0
500.00 1243.15 33.680693 76.694955 -471725.339548 12.754199 40.863976 K0.03Na0.41Ca0.57Al1.57Si2.43O8 53.8293 0 29.3816 0 0 0 0 0 11.6798 4.64822 0.461136 0 0
500.00 1233.15 35.378703 80.286031 -495762.622350 13.406542 42.888460 K0.03Na0.42Ca0.55Al1.55Si2.45O8 54.1453 0 29.158 0 0 0 0 0 11.4216 4.76642 0.508633 0 0
500.00 1223.15 36.845703 83.313003 -516601.444641 13.970155 44.626936 K0.03Na0.43Ca0.54Al1.54Si2.46O8 54.4114 0 28.9682 0 0 0 0 0 11.2029 4.86168 0.555825 0 0
500.00 1213.15 38.113424 85.853187 -534681.840618 14.456979 46.118682 K0.03Na0.43Ca0.53Al1.53Si2.47O8 54.6344 0 28.8075 0 0 0 0 0 11.0183 4.93741 0.602342 0 0
500.00 1203.15 39.211496 87.978675 -550414.498439 14.878269 47.400426 K0.04Na0.44Ca0.53Al1.53Si2.47O8 54.821 0 28.6716 0 0 0 0 0 10.8626 4.99685 0.647975 0 0
500.00 1193.15 40.166404 89.753801 -564166.291801 15.244150 48.505027 K0.04Na0.44Ca0.52Al1.52Si2.48O8 54.9774 0 28.5562 0 0 0 0 0 10.7309 5.04285 0.692649 0 0
500.00 1183.15 41.001084 91.234190 -576254.774196 15.563434 49.460984 K0.04Na0.44Ca0.51Al1.51Si2.49O8 55.1087 0 28.4579 0 0 0 0 0 10.6192 5.07783 0.736384 0 0
500.00 1173.15 41.734969 92.466900 -586948.862313 15.843615 50.292483 K0.04Na0.45Ca0.51Al1.51Si2.49O8 55.2196 0 28.3736 0 0 0 0 0 10.5237 5.10383 0.779267 0 0
500.00 1163.15 42.384286 93.491166 -596472.997944 16.090971 51.019777 K0.05Na0.45Ca0.50Al1.50Si2.50O8 55.3137 0 28.3007 0 0 0 0 0 10.4417 5.1225 0.821429 0 0
500.00 1153.15 42.962462 94.339410 -605012.780579 16.310706 51.659696 K0.05Na0.45Ca0.50Al1.50Si2.50O8 55.3942 0 28.2371 0 0 0 0 0 10.3704 5.13522 0.863022 0 0
500.00 1143.15 43.394074 94.841627 -611558.992769 16.472435 52.122756 K0.05Na0.45Ca0.50Al1.50Si2.50O8 55.4306 0 28.2082 0 0 0 0 0 10.3381 5.14056 0.882537 0 0
500.00 1133.15 43.556368 94.725597 -614458.579202 16.527157 52.263499 K0.05Na0.45Ca0.50Al1.50Si2.50O8 55.3818 0 28.2489 0 0 0 0 0 10.383 5.13835 0.847979 0 0
500.00 1123.15 43.727803 94.619321 -617494.874369 16.584824 52.415184 K0.05Na0.45Ca0.50Al1.50Si2.50O8 55.3225 0 28.2966 0 0 0 0 0 10.4362 5.13125 0.813486 0 0
500.00 1113.15 44.053943 94.828610 -622739.659315 16.699311 52.750459 K0.04Na0.45Ca0.51Al1.51Si2.49O8 55.2258 0 28.3699 0 0 0 0 0 10.5193 5.10798 0.777063 0 0
500.00 1103.15 44.312695 94.885216 -627031.570154 16.788719 53.007250 K0.04Na0.45Ca0.51Al1.51Si2.49O8 55.1401 0 28.4353 0 0 0 0 0 10.5932 5.08864 0.742671 0 0
500.00 1093.15 44.538939 94.864382 -630864.342190 16.866073 53.228067 K0.04Na0.44Ca0.52Al1.52Si2.48O8 55.0609 0 28.4961 0 0 0 0 0 10.6618 5.07134 0.70984 0 0
500.00 1083.15 44.737417 94.777062 -634304.046853 16.933172 53.419855 K0.04Na0.44Ca0.52Al1.52Si2.48O8 54.9878 0 28.5523 0 0 0 0 0 10.7253 5.05604 0.678467 0 0
500.00 1073.15 44.909701 94.627492 -637371.755609 16.990645 53.586185 K0.04Na0.44Ca0.52Al1.52Si2.48O8 54.9214 0 28.6038 0 0 0 0 0 10.7833 5.04297 0.648501 0 0
500.00 1063.15 45.052671 94.410339 -640021.363767 17.037408 53.725676 K0.04Na0.44Ca0.52Al1.52Si2.48O8 54.8633 0 28.6494 0 0 0 0 0 10.8344 5.03291 0.619974 0 0
500.00 1053.15 45.160342 94.114659 -642165.520606 17.071334 53.834411 K0.03Na0.44Ca0.53Al1.53Si2.47O8 54.8162 0 28.6872 0 0 0 0 0 10.8766 5.02704 0.592955 0 0
500.00 1043.15 45.236779 93.749680 -643861.273155 17.093935 53.921217 K0.03Na0.44Ca0.53Al1.53Si2.47O8 54.7793 0 28.7178 0 0 0 0 0 10.9105 5.0251 0.567303 0 0
500.00 1033.15 45.294843 93.341691 -645292.762051 17.109889 54.006580 K0.03Na0.44Ca0.53Al1.53Si2.47O8 54.7488 0 28.7438 0 0 0 0 0 10.9391 5.02551 0.542727 0 0
500.00 1023.15 45.343096 92.907823 -646582.891736 17.122301 54.108204 K0.03Na0.44Ca0.53Al1.53Si2.47O8 54.7222 0 28.7671 0 0 0 0 0 10.9645 5.02716 0.519036 0 0
500.00 1013.15 45.630724 92.936674 -651321.171171 17.221839 54.524368 K0.03Na0.44Ca0.53Al1.53Si2.47O8 54.6289 0 28.8359 0 0 0 0 0 11.043 4.99951 0.492718 0 0
500.00 1003.15 45.598446 92.326942 -651457.072207 17.204595 54.625099 K0.03Na0.44Ca0.53Al1.53Si2.47O8 54.6195 0 28.8471 0 0 0 0 0 11.0544 5.00777 0.471301 0 0

spinel_0 thermodynamic data and composition:
Pressure Temperature mass S H V Cp formula SiO2 TiO2 Al2O3 Fe2O3 Cr2O3 FeO MnO MgO CaO Na2O K2O P2O5 H2O
500.00 1373.15 0.042728 0.091071 -270.764284 0.009438 0.041263 Fe''0.73Mg0.41Fe'''1.10Al0.41Cr0.21Ti0.14O4 0 5.50617 10.297 42.7791 7.7022 25.6267 0 8.08875 0 0 0 0 0
500.00 1363.15 0.181402 0.384672 -1115.381719 0.039841 0.174051 Fe''0.79Mg0.38Fe'''1.16Al0.38Cr0.12Ti0.17O4 0 6.52802 9.35918 44.8079 4.51202 27.3376 0 7.45527 0 0 0 0 0
500.00 1353.15 0.562201 1.185262 -3375.766282 0.122891 0.536826 Fe''0.84Mg0.36Fe'''1.21Al0.35Cr0.05Ti0.19O4 0 7.41258 8.66339 46.2735 1.90514 28.8331 0 6.91227 0 0 0 0 0
500.00 1343.15 1.439041 3.018546 -8562.214582 0.313755 1.370765 Fe''0.86Mg0.34Fe'''1.23Al0.35Cr0.02Ti0.20O4 0 7.69408 8.51544 46.8803 0.779581 29.528 0 6.60265 0 0 0 0 0
500.00 1333.15 2.658754 5.542377 -15531.965657 0.576748 2.518818 Fe''0.89Mg0.32Fe'''1.24Al0.32Cr0.01Ti0.22O4 0 8.17523 7.67992 47.0764 0.424632 30.4452 0 6.19864 0 0 0 0 0
500.00 1323.15 3.644829 7.555877 -21007.929572 0.787403 3.437685 Fe''0.92Mg0.31Fe'''1.25Al0.29Cr0.01Ti0.23O4 0 8.52159 7.04917 47.0933 0.310123 31.1465 0 5.87926 0 0 0 0 0
500.00 1313.15 4.599797 9.485422 -26223.824181 0.990248 4.322199 Fe''0.94Mg0.30Fe'''1.25Al0.27Cr0.01Ti0.23O4 0 8.75425 6.54829 47.1566 0.24586 31.6787 0 5.61638 0 0 0 0 0
500.00 1303.15 5.284316 10.836413 -29747.043543 1.133076 4.944872 Fe''0.96Mg0.28Fe'''1.26Al0.25Cr0.01Ti0.24O4 0 8.969 6.02287 47.2205 0.214054 32.2751 0 5.29843 0 0 0 0 0
500.00 1293.15 5.679817 11.583423 -31591.153808 1.213120 5.293505 Fe''0.98Mg0.26Fe'''1.27Al0.23Cr0.01Ti0.25O4 0 9.21919 5.52254 47.1673 0.199166 32.9151 0 4.97668 0 0 0 0 0
500.00 1283.15 5.965541 12.101817 -32844.711820 1.269740 5.539922 Fe''1.00Mg0.25Fe'''1.27Al0.22Cr0.01Ti0.25O4 0 9.45177 5.09529 47.0763 0.189637 33.4957 0 4.69126 0 0 0 0 0
500.00 1273.15 6.164497 12.441440 -33648.333580 1.308034 5.706343 Fe''1.02Mg0.24Fe'''1.27Al0.20Cr0.01Ti0.26O4 0 9.67297 4.72594 46.9517 0.183523 34.0305 0 4.43532 0 0 0 0 0
500.00 1263.15 6.294143 12.639891 -34105.056570 1.331835 5.809468 Fe''1.04Mg0.23Fe'''1.27Al0.19Cr0.01Ti0.27O4 0 9.88691 4.40392 46.7964 0.179747 34.5289 0 4.20412 0 0 0 0 0
500.00 1253.15 6.368566 12.727216 -34294.832666 1.344205 5.862633 Fe''1.06Mg0.22Fe'''1.27Al0.18Cr0.01Ti0.27O4 0 10.0961 4.12134 46.6137 0.177649 34.9971 0 3.99415 0 0 0 0 0
500.00 1243.15 6.399452 12.728058 -34281.400002 1.347654 5.876785 Fe''1.08Mg0.21Fe'''1.27Al0.17Cr0.01Ti0.28O4 0 10.302 3.87195 46.4071 0.176794 35.4396 0 3.80264 0 0 0 0 0
500.00 1233.15 6.396488 12.662610 -34115.602613 1.344245 5.860914 Fe''1.09Mg0.20Fe'''1.26Al0.16Cr0.01Ti0.29O4 0 10.505 3.65057 46.1808 0.176877 35.8595 0 3.6273 0 0 0 0 0
500.00 1223.15 6.367559 12.547121 -33837.319788 1.335638 5.822266 Fe''1.11Mg0.19Fe'''1.26Al0.15Cr0.01Ti0.29O4 0 10.7053 3.45286 45.9388 0.177682 36.2591 0 3.46618 0 0 0 0 0
500.00 1213.15 6.318906 12.394331 -33477.023932 1.323135 5.766534 Fe''1.12Mg0.18Fe'''1.26Al0.14Cr0.01Ti0.30O4 0 10.9027 3.27516 45.6852 0.179051 36.6404 0 3.31751 0 0 0 0 0
500.00 1203.15 6.255334 12.213948 -33057.302717 1.307729 5.698058 Fe''1.13Mg0.17Fe'''1.25Al0.13Cr0.01Ti0.31O4 0 11.0968 3.11436 45.4234 0.180871 37.0049 0 3.17977 0 0 0 0 0
500.00 1193.15 6.180424 12.013158 -32594.348533 1.290153 5.620051 Fe''1.14Mg0.17Fe'''1.24Al0.13Cr0.01Ti0.31O4 0 11.2874 2.96788 45.1563 0.183063 37.3538 0 3.05156 0 0 0 0 0
500.00 1183.15 6.096769 11.797123 -32099.319737 1.270932 5.534816 Fe''1.16Mg0.16Fe'''1.24Al0.12Cr0.01Ti0.32O4 0 11.4742 2.83355 44.8864 0.185575 37.6886 0 2.93168 0 0 0 0 0
500.00 1173.15 6.006171 11.569419 -31579.495480 1.250426 5.443937 Fe''1.17Mg0.15Fe'''1.23Al0.12Cr0.01Ti0.32O4 0 11.657 2.70961 44.6157 0.188374 38.0103 0 2.81907 0 0 0 0 0
500.00 1163.15 5.909820 11.332397 -31039.193831 1.228867 5.348444 Fe''1.18Mg0.15Fe'''1.23Al0.11Cr0.01Ti0.33O4 0 11.8355 2.59458 44.3459 0.191445 38.3198 0 2.71279 0 0 0 0 0
500.00 1153.15 5.808420 11.087466 -30480.461410 1.206390 5.248936 Fe''1.19Mg0.14Fe'''1.22Al0.11Cr0.01Ti0.33O4 0 12.0096 2.48725 44.0783 0.194787 38.618 0 2.61205 0 0 0 0 0
500.00 1143.15 5.676089 10.786039 -29774.681346 1.177641 5.121712 Fe''1.20Mg0.14Fe'''1.21Al0.10Cr0.01Ti0.34O4 0 12.241 2.37567 43.7034 0.199327 38.9702 0 2.51042 0 0 0 0 0
500.00 1133.15 5.475700 10.359459 -28740.543692 1.135011 4.933062 Fe''1.22Mg0.13Fe'''1.20Al0.10Cr0.01Ti0.35O4 0 12.6172 2.24658 43.0633 0.20662 39.4643 0 2.40209 0 0 0 0 0
500.00 1123.15 5.144630 9.685509 -26951.305964 1.064878 4.627299 Fe''1.23Mg0.13Fe'''1.19Al0.09Cr0.01Ti0.35O4 0 12.7464 2.1414 42.853 0.219915 39.7686 0 2.27067 0 0 0 0 0
500.00 1113.15 4.392470 8.220383 -22835.272965 0.906811 3.943608 Fe''1.23Mg0.11Fe'''1.21Al0.09Cr0.01Ti0.35O4 0 12.3942 2.06181 43.4812 0.257567 39.7326 0 2.07261 0 0 0 0 0
500.00 1103.15 3.679729 6.845942 -18995.259475 0.757820 3.298248 Fe''1.23Mg0.11Fe'''1.23Al0.09Cr0.01Ti0.34O4 0 12.0213 1.99422 44.1366 0.307448 39.6403 0 1.90013 0 0 0 0 0
500.00 1093.15 2.967697 5.489092 -15222.116868 0.609795 2.655880 Fe''1.23Mg0.10Fe'''1.25Al0.08Cr0.01Ti0.33O4 0 11.6544 1.93277 44.7594 0.381195 39.5254 0 1.74682 0 0 0 0 0
500.00 1083.15 2.262458 4.160641 -11538.507930 0.463894 2.021679 Fe''1.23Mg0.09Fe'''1.27Al0.08Cr0.01Ti0.32O4 0 11.2836 1.87829 45.3452 0.499975 39.382 0 1.61095 0 0 0 0 0
500.00 1073.15 1.585971 2.900200 -8048.351935 0.324534 1.415025 Fe''1.22Mg0.08Fe'''1.29Al0.08Cr0.02Ti0.31O4 0 10.889 1.83368 45.8788 0.713104 39.1927 0 1.49267 0 0 0 0 0
500.00 1063.15 0.995907 1.811310 -5034.313718 0.203400 0.887090 Fe''1.22Mg0.08Fe'''1.30Al0.08Cr0.03Ti0.29O4 0 10.4273 1.80639 46.3208 1.13509 38.915 0 1.39532 0 0 0 0 0
500.00 1053.15 0.581555 1.052202 -2933.003347 0.118555 0.516993 Fe''1.20Mg0.07Fe'''1.31Al0.08Cr0.06Ti0.28O4 0 9.83427 1.8077 46.6064 1.94155 38.486 0 1.32408 0 0 0 0 0
500.00 1043.15 0.354860 0.638687 -1788.565858 0.072211 0.314724 Fe''1.18Mg0.07Fe'''1.31Al0.08Cr0.09Ti0.26O4 0 9.0997 1.83896 46.7091 3.17462 37.9014 0 1.27619 0 0 0 0 0
500.00 1033.15 0.238125 0.426222 -1201.006168 0.048371 0.210631 Fe''1.16Mg0.07Fe'''1.31Al0.08Cr0.14Ti0.23O4 0 8.27931 1.89025 46.6491 4.71524 37.2237 0 1.24238 0 0 0 0 0
500.00 1023.15 0.172670 0.307248 -872.456654 0.035015 0.152288 Fe''1.14Mg0.07Fe'''1.31Al0.09Cr0.19Ti0.21O4 0 7.42165 1.95426 46.4263 6.4767 36.5041 0 1.21695 0 0 0 0 0
500.00 1013.15 0.141228 0.249778 -715.092334 0.028598 0.124230 Fe''1.12Mg0.07Fe'''1.30Al0.09Cr0.24Ti0.19O4 0 6.67832 2.01625 46.219 8.01203 35.8754 0 1.19904 0 0 0 0 0
500.00 1003.15 0.136076 0.239242 -687.987209 0.027522 0.119555 Fe''1.11Mg0.06Fe'''1.31Al0.09Cr0.25Ti0.18O4 0 6.32323 2.0083 46.5866 8.31534 35.6026 0 1.16389 0 0 0 0 0

feldspar_1 thermodynamic data and composition:
Pressure Temperature mass S H V Cp formula SiO2 TiO2 Al2O3 Fe2O3 Cr2O3 FeO MnO MgO CaO Na2O K2O P2O5 H2O
500.00 1143.15 0.266666 0.579532 -3605.490198 0.106156 0.314778 K0.73Na0.24Ca0.03Al1.03Si2.97O8 65.0153 0 19.1255 0 0 0 0 0 0.608277 2.68786 12.5631 0 0
500.00 1133.15 1.111077 2.402255 -15031.554548 0.442243 1.310452 K0.74Na0.23Ca0.03Al1.03Si2.97O8 65.0306 0 19.0947 0 0 0 0 0 0.579304 2.64137 12.654 0 0
500.00 1123.15 1.921231 4.132228 -26007.545744 0.764597 2.264106 K0.74Na0.23Ca0.03Al1.03Si2.97O8 65.0442 0 19.0645 0 0 0 0 0 0.551274 2.59261 12.7474 0 0
500.00 1113.15 2.845124 6.086728 -38536.252865 1.132103 3.350032 K0.75Na0.22Ca0.03Al1.03Si2.97O8 65.0546 0 19.0344 0 0 0 0 0 0.523931 2.53669 12.8504 0 0
500.00 1103.15 3.634972 7.734603 -49263.193899 1.446153 4.276514 K0.76Na0.22Ca0.02Al1.02Si2.98O8 65.0645 0 19.0055 0 0 0 0 0 0.497783 2.48299 12.9492 0 0
500.00 1093.15 4.327894 9.158844 -58688.701325 1.721533 5.087650 K0.76Na0.22Ca0.02Al1.02Si2.98O8 65.0737 0 18.9777 0 0 0 0 0 0.472724 2.43057 13.0454 0 0
500.00 1083.15 4.937382 10.391054 -66993.696750 1.963624 5.799663 K0.77Na0.21Ca0.02Al1.02Si2.98O8 65.0821 0 18.9509 0 0 0 0 0 0.448703 2.37932 13.1389 0 0
500.00 1073.15 5.466647 11.440732 -74219.914845 2.173716 6.416671 K0.77Na0.21Ca0.02Al1.02Si2.98O8 65.0899 0 18.9252 0 0 0 0 0 0.425676 2.32925 13.2299 0 0
500.00 1063.15 5.903014 12.284215 -80193.400709 2.346784 6.924184 K0.78Na0.20Ca0.02Al1.02Si2.98O8 65.0971 0 18.9005 0 0 0 0 0 0.403609 2.2806 13.3181 0 0
500.00 1053.15 6.223757 12.877697 -84603.156736 2.473816 7.296003 K0.78Na0.20Ca0.02Al1.02Si2.98O8 65.104 0 18.8768 0 0 0 0 0 0.38247 2.2337 13.403 0 0
500.00 1043.15 6.440550 13.249212 -87605.088092 2.559475 7.546312 K0.79Na0.19Ca0.02Al1.02Si2.98O8 65.1104 0 18.8541 0 0 0 0 0 0.362212 2.18834 13.485 0 0
500.00 1033.15 6.596007 13.489503 -89776.381467 2.620717 7.725516 K0.79Na0.19Ca0.02Al1.02Si2.98O8 65.1162 0 18.8322 0 0 0 0 0 0.342781 2.14382 13.565 0 0
500.00 1023.15 6.718668 13.658700 -91504.029348 2.668891 7.867552 K0.80Na0.19Ca0.02Al1.02Si2.98O8 65.1213 0 18.811 0 0 0 0 0 0.324137 2.09972 13.6439 0 0
500.00 1013.15 7.352426 14.855777 -100195.328342 2.919983 8.609397 K0.80Na0.18Ca0.02Al1.02Si2.98O8 65.1224 0 18.7895 0 0 0 0 0 0.306073 2.04574 13.7363 0 0
500.00 1003.15 7.384834 14.830103 -100702.243483 2.932208 8.650650 K0.81Na0.18Ca0.01Al1.01Si2.99O8 65.1266 0 18.7699 0 0 0 0 0 0.288983 2.00401 13.8104 0 0

orthopyroxene_0 thermodynamic data and composition:
Pressure Temperature mass S H V Cp structure formula SiO2 TiO2 Al2O3 Fe2O3 Cr2O3 FeO MnO MgO CaO Na2O K2O P2O5 H2O
500.00 1313.15 2.870663 6.535677 -35562.657396 0.868957 3.517087 opx Na0.00Ca0.07Fe''0.45Mg1.42Fe'''0.03Ti0.00Al0.10Si1.93O6 53.5195 0.106763 2.36069 1.07955 0 14.8213 0 26.3019 1.79053 0.0197821 0 0 0
500.00 1303.15 5.914858 13.400340 -73099.444654 1.787531 7.229346 opx Na0.00Ca0.07Fe''0.46Mg1.41Fe'''0.03Ti0.00Al0.10Si1.94O6 53.512 0.0994485 2.24991 1.03328 0 15.233 0 26.0573 1.79452 0.0205231 0 0 0
500.00 1293.15 7.066289 15.927485 -87063.024857 2.131436 8.613332 opx Na0.00Ca0.07Fe''0.48Mg1.39Fe'''0.03Ti0.00Al0.09Si1.94O6 53.4839 0.0921722 2.14062 0.988109 0 15.7151 0 25.7597 1.79946 0.0209578 0 0 0
500.00 1283.15 8.034316 18.017039 -98701.100004 2.418888 9.767455 opx Na0.00Ca0.07Fe''0.49Mg1.38Fe'''0.03Ti0.00Al0.09Si1.94O6 53.4525 0.0857238 2.0417 0.945367 0 16.1804 0 25.4741 1.79894 0.0212196 0 0 0
500.00 1273.15 8.855594 19.757067 -108483.979386 2.661211 10.738007 opx Na0.00Ca0.07Fe''0.51Mg1.37Fe'''0.02Ti0.00Al0.08Si1.94O6 53.4173 0.0800245 1.95271 0.905035 0 16.6327 0 25.1976 1.79332 0.0213128 0 0 0
500.00 1263.15 9.560764 21.220590 -116802.349094 2.867840 11.563486 opx Na0.00Ca0.07Fe''0.52Mg1.36Fe'''0.02Ti0.00Al0.08Si1.95O6 53.3779 0.0750021 1.87322 0.867052 0 17.0739 0 24.9288 1.78292 0.0212489 0 0 0
500.00 1253.15 10.175461 22.468174 -123981.488277 3.046647 12.275957 opx Na0.00Ca0.07Fe''0.53Mg1.34Fe'''0.02Ti0.00Al0.08Si1.95O6 53.3345 0.0705847 1.80268 0.831313 0 17.5051 0 24.6668 1.76805 0.0210447 0 0 0
500.00 1243.15 10.720579 23.548816 -130285.728289 3.204035 12.901466 opx Na0.00Ca0.07Fe''0.55Mg1.33Fe'''0.02Ti0.00Al0.08Si1.95O6 53.2875 0.0667004 1.74043 0.797674 0 17.9264 0 24.4115 1.74906 0.0207212 0 0 0
500.00 1233.15 11.212576 24.500854 -135922.819690 3.345042 13.460471 opx Na0.00Ca0.07Fe''0.56Mg1.32Fe'''0.02Ti0.00Al0.07Si1.95O6 53.2376 0.0632785 1.68569 0.765965 0 18.338 0 24.1628 1.7263 0.020301 0 0 0
500.00 1223.15 11.663996 25.353359 -141050.922502 3.473505 13.968541 opx Na0.00Ca0.07Fe''0.58Mg1.31Fe'''0.02Ti0.00Al0.07Si1.95O6 53.1854 0.0602518 1.63763 0.736005 0 18.7397 0 23.921 1.70017 0.0198059 0 0 0
500.00 1213.15 12.084181 26.127892 -145787.632726 3.592281 14.437250 opx Na0.00Ca0.07Fe''0.59Mg1.30Fe'''0.02Ti0.00Al0.07Si1.95O6 53.1315 0.0575587 1.59542 0.707613 0 19.1317 0 23.6859 1.67105 0.0192556 0 0 0
500.00 1203.15 12.480018 26.840289 -150219.392292 3.703475 14.875119 opx Na0.00Ca0.06Fe''0.60Mg1.29Fe'''0.02Ti0.00Al0.07Si1.96O6 53.0763 0.0551446 1.5583 0.680627 0 19.5143 0 23.4574 1.6393 0.0186669 0 0 0
500.00 1193.15 12.856613 27.502236 -154409.911165 3.808642 15.288446 opx Na0.00Ca0.06Fe''0.61Mg1.28Fe'''0.02Ti0.00Al0.07Si1.96O6 53.0202 0.0529623 1.52558 0.654902 0 19.888 0 23.2351 1.60527 0.0180534 0 0 0
500.00 1183.15 13.217827 28.122526 -158406.946784 3.908956 15.681976 opx Na0.00Ca0.06Fe''0.63Mg1.27Fe'''0.02Ti0.00Al0.07Si1.96O6 52.9634 0.0509716 1.49667 0.630316 0 20.2536 0 23.0184 1.56926 0.0174256 0 0 0
500.00 1173.15 13.566688 28.707987 -162247.383108 4.005330 16.059403 opx Na0.00Ca0.06Fe''0.64Mg1.26Fe'''0.02Ti0.00Al0.06Si1.96O6 52.906 0.0491389 1.47107 0.606768 0 20.612 0 22.8067 1.53153 0.0167914 0 0 0
500.00 1163.15 13.905670 29.264143 -165960.870029 4.098507 16.423726 opx Na0.00Ca0.06Fe''0.65Mg1.25Fe'''0.02Ti0.00Al0.06Si1.96O6 52.8481 0.0474363 1.44836 0.584178 0 20.9643 0 22.5992 1.49231 0.0161568 0 0 0
500.00 1153.15 14.236908 29.795670 -169572.379189 4.189118 16.777499 opx Na0.00Ca0.06Fe''0.66Mg1.24Fe'''0.02Ti0.00Al0.06Si1.96O6 52.7895 0.0458405 1.42823 0.562482 0 21.3115 0 22.3951 1.45179 0.015526 0 0 0
500.00 1143.15 14.618964 30.421586 -173695.756474 4.293528 17.186280 opx Na0.00Ca0.06Fe''0.68Mg1.23Fe'''0.02Ti0.00Al0.06Si1.96O6 52.7179 0.04432 1.40933 0.541722 0 21.7044 0 22.1578 1.4097 0.014862 0 0 0
500.00 1133.15 15.128527 31.294364 -179118.216784 4.432931 17.734926 opx Na0.00Ca0.05Fe''0.69Mg1.21Fe'''0.01Ti0.00Al0.06Si1.96O6 52.6169 0.042861 1.39017 0.521997 0 22.2081 0 21.8409 1.36495 0.0141273 0 0 0
500.00 1123.15 15.716451 32.308957 -185258.127485 4.592818 18.365325 opx Na0.00Ca0.05Fe''0.71Mg1.20Fe'''0.01Ti0.00Al0.06Si1.96O6 52.4879 0.0403397 1.37626 0.506849 0 22.8013 0 21.4561 1.31786 0.0133843 0 0 0
500.00 1113.15 16.494243 33.673131 -192940.315147 4.800604 19.187500 opx Na0.00Ca0.05Fe''0.74Mg1.17Fe'''0.01Ti0.00Al0.06Si1.96O6 52.2639 0.0355198 1.37133 0.502318 0 23.7233 0 20.8271 1.2641 0.0124864 0 0 0
500.00 1103.15 17.321914 35.118378 -201150.683897 5.021882 20.063396 opx Na0.00Ca0.05Fe''0.78Mg1.14Fe'''0.01Ti0.00Al0.06Si1.96O6 52.0488 0.0314732 1.37092 0.498537 0 24.5989 0 20.2328 1.20694 0.0116668 0 0 0
500.00 1093.15 18.177234 36.596015 -209575.899855 5.249622 20.964749 opx Na0.00Ca0.05Fe''0.81Mg1.11Fe'''0.01Ti0.00Al0.06Si1.96O6 51.8363 0.0280306 1.37364 0.495346 0 25.4559 0 19.6527 1.14719 0.010891 0 0 0
500.00 1083.15 19.049890 38.084978 -218115.968417 5.481037 21.880155 opx Na0.00Ca0.04Fe''0.84Mg1.08Fe'''0.01Ti0.00Al0.06Si1.96O6 51.6295 0.0250895 1.37856 0.492241 0 26.2852 0 19.093 1.0862 0.0101598 0 0 0
500.00 1073.15 19.911936 39.530967 -226506.732391 5.708684 22.779534 opx Na0.00Ca0.04Fe''0.86Mg1.06Fe'''0.01Ti0.00Al0.06Si1.96O6 51.4355 0.0225774 1.384 0.488132 0 27.0653 0 18.5693 1.02571 0.00947775 0 0 0
500.00 1063.15 20.693201 40.800608 -234088.352499 5.913944 23.588275 opx Na0.00Ca0.04Fe''0.89Mg1.03Fe'''0.01Ti0.00Al0.06Si1.96O6 51.2702 0.0204499 1.38662 0.480648 0 27.7475 0 18.1174 0.968342 0.00885655 0 0 0
500.00 1053.15 21.282841 41.686869 -239823.045725 6.067511 24.189566 opx Na0.00Ca0.04Fe''0.91Mg1.02Fe'''0.01Ti0.00Al0.06Si1.96O6 51.1556 0.0186715 1.3818 0.466568 0 28.2635 0 17.7885 0.917077 0.00831051 0 0 0
500.00 1043.15 21.656621 42.150971 -243496.317904 6.163223 24.559438 opx Na0.00Ca0.04Fe''0.92Mg1.01Fe'''0.01Ti0.00Al0.06Si1.96O6 51.0918 0.0171633 1.36921 0.446148 0 28.6139 0 17.582 0.871948 0.00783312 0 0 0
500.00 1033.15 21.898737 42.358016 -245913.265007 6.223672 24.788391 opx Na0.00Ca0.03Fe''0.93Mg1.00Fe'''0.01Ti0.00Al0.06Si1.96O6 51.0563 0.0158331 1.3529 0.422939 0 28.8686 0 17.4456 0.830361 0.00740098 0 0 0
500.00 1023.15 22.075933 42.436665 -247708.211319 6.266682 24.947614 opx Na0.00Ca0.03Fe''0.94Mg0.99Fe'''0.01Ti0.00Al0.06Si1.96O6 51.0331 0.0146282 1.3358 0.399345 0 29.0777 0 17.3418 0.790543 0.00699837 0 0 0
500.00 1013.15 22.176656 42.372095 -248884.233326 6.290233 25.030198 opx Na0.00Ca0.03Fe''0.94Mg0.99Fe'''0.01Ti0.00Al0.06Si1.96O6 51.0284 0.0136902 1.32815 0.37759 0 29.1888 0 17.3041 0.752689 0.00664322 0 0 0
500.00 1003.15 22.241282 42.233719 -249606.381480 6.302813 25.069821 opx Na0.00Ca0.03Fe''0.94Mg0.99Fe'''0.01Ti0.00Al0.06Si1.96O6 51.0072 0.0129257 1.33493 0.363342 0 29.3136 0 17.2485 0.713118 0.00639885 0 0 0

water thermodynamic data and composition:
Pressure Temperature mass S H V Cp formula
500.00 1353.15 0.048333 0.516855 -543.796233 0.597618 0.135172 H2O
500.00 1343.15 0.104305 1.113244 -1176.467037 1.278314 0.291814 H2O
500.00 1333.15 0.258483 2.753362 -2922.674568 3.139505 0.723470 H2O
500.00 1323.15 0.396984 4.220310 -4499.826878 4.778052 1.111706 H2O
500.00 1313.15 0.557860 5.918717 -6338.988987 6.652716 1.563186 H2O
500.00 1303.15 0.707954 7.495994 -8064.356751 8.364122 1.985190 H2O
500.00 1293.15 0.825746 8.725368 -9429.306038 9.663797 2.317401 H2O
500.00 1283.15 0.931351 9.820962 -10661.376803 10.795496 2.616219 H2O
500.00 1273.15 1.025680 10.793090 -11770.003236 11.773586 2.884229 H2O
500.00 1263.15 1.109304 11.648437 -12760.822482 12.608201 3.123059 H2O
500.00 1253.15 1.182803 12.393741 -13639.635943 13.309342 3.334355 H2O
500.00 1243.15 1.246903 13.037225 -14413.997840 13.888397 3.520170 H2O
500.00 1233.15 1.302486 13.588658 -15093.323788 14.358143 3.682989 H2O
500.00 1223.15 1.350525 14.058725 -15688.230223 14.732016 3.825569 H2O
500.00 1213.15 1.392015 14.458226 -16209.660988 15.023222 3.950727 H2O
500.00 1203.15 1.427904 14.797403 -16668.139786 15.244043 4.061160 H2O
500.00 1193.15 1.459052 15.085518 -17073.281297 15.405420 4.159332 H2O
500.00 1183.15 1.486215 15.330663 -17433.556526 15.516797 4.247419 H2O
500.00 1173.15 1.510041 15.539750 -17756.247049 15.586157 4.327305 H2O
500.00 1163.15 1.531074 15.718588 -18047.514343 15.620151 4.400596 H2O
500.00 1153.15 1.549772 15.872022 -18312.525671 15.624278 4.468660 H2O
500.00 1143.15 1.570185 16.041583 -18599.085628 15.639628 4.543284 H2O
500.00 1133.15 1.596245 16.267167 -18954.045885 15.704141 4.636085 H2O
500.00 1123.15 1.622458 16.492443 -19312.514990 15.762224 4.731400 H2O
500.00 1113.15 1.660025 16.830936 -19808.209185 15.921118 4.862244 H2O
500.00 1103.15 1.692358 17.113922 -20243.707472 16.019362 4.980482 H2O
500.00 1093.15 1.722119 17.368611 -20650.511632 16.083601 5.094035 H2O
500.00 1083.15 1.749600 17.598079 -21031.936309 16.117303 5.203933 H2O
500.00 1073.15 1.774562 17.800058 -21384.944663 16.118976 5.309658 H2O
500.00 1063.15 1.795768 17.962304 -21694.395294 16.078302 5.407674 H2O
500.00 1053.15 1.811181 18.064750 -21935.320641 15.978569 5.491941 H2O
500.00 1043.15 1.820873 18.108542 -22108.113878 15.822488 5.562677 H2O
500.00 1033.15 1.827176 18.117244 -22240.684894 15.632104 5.627052 H2O
500.00 1023.15 1.831773 18.107729 -22353.305148 15.422764 5.690450 H2O
500.00 1013.15 1.876184 18.489230 -22953.806176 15.538824 5.883374 H2O
500.00 1003.15 1.876184 18.430578 -23012.935403 15.277619 5.943352 H2O

quartz thermodynamic data and composition:
Pressure Temperature mass S H V Cp formula
500.00 1013.15 0.944094 1.840694 -13561.837947 0.372164 1.091695 SiO2
500.00 1003.15 0.929504 1.801593 -13362.990377 0.366413 1.073393 SiO2

apatite thermodynamic data and composition:
Pressure Temperature mass S H V Cp formula
500.00 1123.15 0.016339 0.034050 -203.908480 0.005335 0.018403 Ca5(PO4)3OH
500.00 1113.15 0.061282 0.127090 -765.463402 0.020011 0.068916 Ca5(PO4)3OH
500.00 1103.15 0.098144 0.202539 -1226.995022 0.032047 0.110200 Ca5(PO4)3OH
500.00 1093.15 0.131431 0.269890 -1644.619052 0.042917 0.147345 Ca5(PO4)3OH
500.00 1083.15 0.161673 0.330327 -2024.853507 0.052792 0.180961 Ca5(PO4)3OH
500.00 1073.15 0.188800 0.383794 -2366.714660 0.061649 0.210984 Ca5(PO4)3OH
500.00 1063.15 0.211608 0.427946 -2654.990548 0.069097 0.236086 Ca5(PO4)3OH
500.00 1053.15 0.227937 0.458569 -2862.411323 0.074429 0.253882 Ca5(PO4)3OH
500.00 1043.15 0.237877 0.476041 -2989.887780 0.077675 0.264506 Ca5(PO4)3OH
500.00 1033.15 0.244004 0.485691 -3069.606476 0.079676 0.270854 Ca5(PO4)3OH
500.00 1023.15 0.248182 0.491329 -3124.914941 0.081040 0.275012 Ca5(PO4)3OH
500.00 1013.15 0.300563 0.591760 -3787.783536 0.098144 0.332466 Ca5(PO4)3OH
500.00 1003.15 0.300563 0.588466 -3791.105215 0.098144 0.331868 Ca5(PO4)3OH

rhm-oxide_0 thermodynamic data and composition:
Pressure Temperature mass S H V Cp formula SiO2 TiO2 Al2O3 Fe2O3 Cr2O3 FeO MnO MgO CaO Na2O K2O P2O5 H2O
500.00 1123.15 0.086844 0.160135 -647.440878 0.018716 0.078903 Mn0.05Fe''0.74Mg0.09Fe'''0.22Ti0.89O3 0 47.591 0 11.5836 0 35.7535 2.59826 2.47367 0 0 0 0 0
500.00 1113.15 0.389302 0.713974 -2896.074576 0.083773 0.353171 Mn0.05Fe''0.75Mg0.08Fe'''0.22Ti0.89O3 0 47.5758 0 11.463 0 36.1886 2.48791 2.2847 0 0 0 0 0
500.00 1103.15 0.660692 1.205337 -4906.485777 0.141969 0.598506 Mn0.05Fe''0.76Mg0.08Fe'''0.21Ti0.89O3 0 47.5613 0 11.3512 0 36.4916 2.48932 2.10656 0 0 0 0 0
500.00 1093.15 0.911042 1.653301 -6757.011933 0.195514 0.824107 Mn0.05Fe''0.77Mg0.07Fe'''0.21Ti0.89O3 0 47.5641 0 11.2228 0 36.7821 2.48148 1.94946 0 0 0 0 0
500.00 1083.15 1.140964 2.059570 -8455.015007 0.244577 1.030601 Mn0.05Fe''0.78Mg0.07Fe'''0.21Ti0.90O3 0 47.5844 0 11.0756 0 37.0613 2.46802 1.81072 0 0 0 0 0
500.00 1073.15 1.346776 2.418126 -9976.100577 0.288408 1.214733 Mn0.05Fe''0.78Mg0.06Fe'''0.21Ti0.90O3 0 47.6259 0 10.9019 0 37.3284 2.45415 1.68965 0 0 0 0 0
500.00 1063.15 1.516373 2.708065 -11234.520252 0.324461 1.365660 Mn0.05Fe''0.79Mg0.06Fe'''0.20Ti0.90O3 0 47.6993 0 10.6833 0 37.5796 2.44935 1.58851 0 0 0 0 0
500.00 1053.15 1.631742 2.898479 -12101.285751 0.348939 1.467280 Mn0.05Fe''0.79Mg0.06Fe'''0.20Ti0.90O3 0 47.8187 0 10.396 0 37.8079 2.46634 1.51103 0 0 0 0 0
500.00 1043.15 1.695408 2.995387 -12594.626189 0.362407 1.522084 Mn0.05Fe''0.80Mg0.05Fe'''0.19Ti0.91O3 0 47.9776 0 10.0498 0 38.013 2.50611 1.45353 0 0 0 0 0
500.00 1033.15 1.729863 3.039733 -12876.413683 0.369658 1.550496 Mn0.05Fe''0.80Mg0.05Fe'''0.18Ti0.91O3 0 48.1528 0 9.68092 0 38.2021 2.55746 1.40671 0 0 0 0 0
500.00 1023.15 1.750666 3.059498 -13058.699888 0.374001 1.566594 Mn0.06Fe''0.81Mg0.05Fe'''0.18Ti0.91O3 0 48.3301 0 9.31217 0 38.3807 2.61231 1.36475 0 0 0 0 0
500.00 1013.15 1.773445 3.082392 -13255.868311 0.378775 1.584546 Mn0.06Fe''0.81Mg0.05Fe'''0.17Ti0.92O3 0 48.4851 0 8.99441 0 38.5373 2.64879 1.33436 0 0 0 0 0
500.00 1003.15 1.771953 3.062957 -13262.619518 0.378323 1.581080 Mn0.06Fe''0.81Mg0.05Fe'''0.17Ti0.92O3 0 48.5668 0 8.81718 0 38.6889 2.62063 1.30649 0 0 0 0 0

clinopyroxene_0 thermodynamic data and composition:
Pressure Temperature mass S H V Cp structure formula SiO2 TiO2 Al2O3 Fe2O3 Cr2O3 FeO MnO MgO CaO Na2O K2O P2O5 H2O
500.00 1383.15 1.272239 2.895382 -16294.722673 0.391787 1.495629 cpx Na0.01Ca0.83Fe''0.17Mg0.85Fe'''0.07Ti0.02Al0.19Si1.86O6 50.3103 0.592564 4.4683 2.50463 0 5.51937 0 15.5285 20.9305 0.145829 0 0 0
500.00 1373.15 4.994929 11.322983 -63824.601110 1.534485 5.856754 cpx Na0.01Ca0.83Fe''0.18Mg0.84Fe'''0.07Ti0.02Al0.21Si1.85O6 49.9452 0.680535 4.73068 2.65058 0 5.76205 0 15.225 20.8508 0.1551 0 0 0
500.00 1363.15 8.501395 19.195603 -108387.927462 2.605562 9.942929 cpx Na0.01Ca0.82Fe''0.19Mg0.82Fe'''0.08Ti0.02Al0.22Si1.84O6 49.5926 0.770014 4.98391 2.78579 0 5.99918 0 14.9341 20.7699 0.164601 0 0 0
500.00 1353.15 12.337315 27.750484 -156954.683952 3.772665 14.396183 cpx Na0.01Ca0.82Fe''0.19Mg0.81Fe'''0.08Ti0.02Al0.23Si1.83O6 49.2732 0.843778 5.23733 2.89682 0 6.26177 0 14.6774 20.6334 0.176316 0 0 0
500.00 1343.15 16.190733 36.285972 -205820.294316 4.943948 18.866266 cpx Na0.01Ca0.81Fe''0.20Mg0.81Fe'''0.08Ti0.02Al0.24Si1.82O6 49.1199 0.868662 5.41274 2.91342 0 6.46354 0 14.556 20.4782 0.187627 0 0 0
500.00 1333.15 18.409367 41.120832 -233830.303590 5.617978 21.444926 cpx Na0.01Ca0.80Fe''0.21Mg0.81Fe'''0.08Ti0.02Al0.23Si1.83O6 49.3459 0.830001 5.16956 2.79137 0 6.81472 0 14.7039 20.1473 0.197229 0 0 0
500.00 1323.15 20.071083 44.683701 -254787.046373 6.122158 23.377643 cpx Na0.01Ca0.79Fe''0.22Mg0.82Fe'''0.07Ti0.02Al0.22Si1.84O6 49.5935 0.783292 4.92232 2.65572 0 7.15623 0 14.882 19.8014 0.205473 0 0 0
500.00 1313.15 21.078700 46.751558 -267597.602596 6.427029 24.538922 cpx Na0.02Ca0.78Fe''0.23Mg0.83Fe'''0.07Ti0.02Al0.21Si1.85O6 49.7797 0.755495 4.73146 2.55247 0 7.36548 0 14.9753 19.6239 0.216152 0 0 0
500.00 1303.15 21.179022 46.760293 -268939.243570 6.453933 24.617781 cpx Na0.02Ca0.78Fe''0.23Mg0.82Fe'''0.07Ti0.02Al0.20Si1.85O6 49.855 0.760293 4.59833 2.50564 0 7.45426 0 14.8746 19.7233 0.228635 0 0 0
500.00 1293.15 21.154646 46.490129 -268613.357554 6.442052 24.548689 cpx Na0.02Ca0.79Fe''0.24Mg0.82Fe'''0.07Ti0.02Al0.20Si1.86O6 49.9234 0.765143 4.45995 2.45743 0 7.58181 0 14.7629 19.8109 0.238438 0 0 0
500.00 1283.15 21.120975 46.199131 -268200.620048 6.427566 24.469568 cpx Na0.02Ca0.79Fe''0.24Mg0.81Fe'''0.07Ti0.02Al0.19Si1.86O6 49.9873 0.770809 4.3311 2.40775 0 7.69725 0 14.6548 19.904 0.246938 0 0 0
500.00 1273.15 21.094290 45.923045 -267901.467476 6.415353 24.399069 cpx Na0.02Ca0.80Fe''0.24Mg0.81Fe'''0.07Ti0.02Al0.18Si1.86O6 50.0448 0.777862 4.21265 2.35734 0 7.80267 0 14.5493 20.0013 0.254096 0 0 0
500.00 1263.15 21.077870 45.668793 -267753.843271 6.406354 24.340789 cpx Na0.02Ca0.80Fe''0.25Mg0.80Fe'''0.06Ti0.02Al0.18Si1.86O6 50.0946 0.786789 4.10534 2.30672 0 7.89913 0 14.4455 20.102 0.259943 0 0 0
500.00 1253.15 21.068680 45.429559 -267717.294003 6.399613 24.291096 cpx Na0.02Ca0.81Fe''0.25Mg0.80Fe'''0.06Ti0.02Al0.18Si1.87O6 50.1359 0.797967 4.00957 2.25633 0 7.98707 0 14.3431 20.2055 0.264566 0 0 0
500.00 1243.15 21.061672 45.194350 -267726.871148 6.393581 24.244121 cpx Na0.02Ca0.81Fe''0.25Mg0.79Fe'''0.06Ti0.02Al0.17Si1.87O6 50.1686 0.811669 3.92533 2.20644 0 8.06657 0 14.242 20.3113 0.268103 0 0 0
500.00 1233.15 21.052187 44.953206 -267722.997254 6.386842 24.194509 cpx Na0.02Ca0.82Fe''0.25Mg0.79Fe'''0.06Ti0.02Al0.17Si1.87O6 50.1927 0.82807 3.85226 2.15725 0 8.13754 0 14.1425 20.4189 0.270718 0 0 0
500.00 1223.15 21.036967 44.699325 -267663.891290 6.378410 24.138560 cpx Na0.02Ca0.82Fe''0.26Mg0.78Fe'''0.06Ti0.02Al0.17Si1.87O6 50.2088 0.847278 3.78975 2.10888 0 8.19993 0 14.0449 20.5279 0.272585 0 0 0
500.00 1213.15 21.014296 44.429295 -267527.189101 6.367773 24.074362 cpx Na0.02Ca0.83Fe''0.26Mg0.78Fe'''0.06Ti0.02Al0.16Si1.87O6 50.2175 0.869365 3.73706 2.0614 0 8.25382 0 13.9493 20.6377 0.27387 0 0 0
500.00 1203.15 20.983732 44.142430 -267306.360473 6.354800 24.001456 cpx Na0.02Ca0.83Fe''0.26Mg0.77Fe'''0.06Ti0.03Al0.16Si1.88O6 50.2192 0.894393 3.69342 2.01485 0 8.29941 0 13.8561 20.748 0.274722 0 0 0
500.00 1193.15 20.945709 43.839876 -267005.693138 6.339622 23.920366 cpx Na0.02Ca0.83Fe''0.26Mg0.77Fe'''0.06Ti0.03Al0.16Si1.88O6 50.2144 0.922439 3.65812 1.96928 0 8.33703 0 13.7652 20.8583 0.275271 0 0 0
500.00 1183.15 20.901176 43.523821 -266635.797928 6.322523 23.832184 cpx Na0.02Ca0.84Fe''0.26Mg0.76Fe'''0.05Ti0.03Al0.16Si1.88O6 50.2034 0.953616 3.63055 1.92473 0 8.36713 0 13.6767 20.9683 0.275624 0 0 0
500.00 1173.15 20.851336 43.196919 -266210.308544 6.303856 23.738262 cpx Na0.02Ca0.84Fe''0.26Mg0.76Fe'''0.05Ti0.03Al0.16Si1.88O6 50.1863 0.98808 3.61022 1.88124 0 8.39022 0 13.5903 21.0777 0.27587 0 0 0
500.00 1163.15 20.797468 42.861926 -265743.769827 6.283996 23.640019 cpx Na0.02Ca0.85Fe''0.26Mg0.75Fe'''0.05Ti0.03Al0.16Si1.88O6 50.163 1.02605 3.59682 1.83886 0 8.40686 0 13.5059 21.1864 0.276082 0 0 0
500.00 1153.15 20.740835 42.521499 -265250.454647 6.263305 23.538830 cpx Na0.02Ca0.85Fe''0.26Mg0.75Fe'''0.05Ti0.03Al0.16Si1.88O6 50.1334 1.06781 3.59016 1.79768 0 8.41761 0 13.4231 21.294 0.276323 0 0 0
500.00 1143.15 20.665517 42.141670 -264463.554304 6.236259 23.413851 cpx Na0.02Ca0.86Fe''0.26Mg0.74Fe'''0.05Ti0.03Al0.16Si1.87O6 50.0854 1.1186 3.59039 1.75948 0 8.44677 0 13.3254 21.3974 0.276502 0 0 0
500.00 1133.15 20.553022 41.683459 -263065.343520 6.196312 23.240525 cpx Na0.02Ca0.86Fe''0.27Mg0.74Fe'''0.05Ti0.03Al0.16Si1.87O6 50.0009 1.1874 3.59974 1.72702 0 8.52473 0 13.1899 21.4935 0.276753 0 0 0
500.00 1123.15 20.434290 41.214331 -261483.611017 6.154428 23.058732 cpx Na0.02Ca0.87Fe''0.27Mg0.73Fe'''0.05Ti0.03Al0.16Si1.87O6 49.9502 1.22116 3.58462 1.69538 0 8.65835 0 13.0469 21.5673 0.275989 0 0 0
500.00 1113.15 20.266668 40.645749 -258882.827481 6.096350 22.812212 cpx Na0.02Ca0.87Fe''0.28Mg0.72Fe'''0.05Ti0.03Al0.15Si1.88O6 49.9787 1.16521 3.49252 1.6654 0 8.99247 0 12.8519 21.5826 0.271186 0 0 0
500.00 1103.15 20.123518 40.129132 -256644.693251 6.045997 22.594998 cpx Na0.02Ca0.87Fe''0.29Mg0.71Fe'''0.05Ti0.03Al0.15Si1.88O6 50.0014 1.11521 3.41034 1.63593 0 9.30485 0 12.6627 21.6022 0.267299 0 0 0
500.00 1093.15 19.993813 39.640974 -254592.235514 5.999700 22.393150 cpx Na0.02Ca0.87Fe''0.30Mg0.70Fe'''0.05Ti0.03Al0.15Si1.88O6 50.0153 1.07186 3.33544 1.6071 0 9.61053 0 12.4716 21.6242 0.263943 0 0 0
500.00 1083.15 19.876084 39.178171 -252717.188427 5.957151 22.205485 cpx Na0.02Ca0.87Fe''0.31Mg0.69Fe'''0.04Ti0.03Al0.15Si1.89O6 50.0238 1.03408 3.26625 1.57772 0 9.90572 0 12.2826 21.6488 0.261019 0 0 0
500.00 1073.15 19.768214 38.736690 -251023.048044 5.918038 22.030900 cpx Na0.02Ca0.88Fe''0.32Mg0.68Fe'''0.04Ti0.03Al0.14Si1.89O6 50.0329 1.00107 3.20104 1.54527 0 10.1785 0 12.1048 21.6781 0.258403 0 0 0
500.00 1063.15 19.666428 38.310023 -249537.556281 5.881998 21.868295 cpx Na0.02Ca0.88Fe''0.33Mg0.67Fe'''0.04Ti0.03Al0.14Si1.89O6 50.0547 0.972187 3.13728 1.50426 0 10.3987 0 11.9593 21.7177 0.255899 0 0 0
500.00 1053.15 19.565344 37.889259 -248305.054231 5.848558 21.716305 cpx Na0.02Ca0.88Fe''0.33Mg0.67Fe'''0.04Ti0.03Al0.14Si1.89O6 50.1065 0.946791 3.0718 1.4473 0 10.5201 0 11.8779 21.7764 0.253248 0 0 0
500.00 1043.15 19.463004 37.470704 -247306.790108 5.817212 21.573032 cpx Na0.02Ca0.88Fe''0.33Mg0.67Fe'''0.04Ti0.03Al0.13Si1.90O6 50.1902 0.923907 3.00402 1.37554 0 10.5376 0 11.8641 21.8543 0.250387 0 0 0
500.00 1033.15 19.361876 37.057471 -246465.043445 5.787631 21.436773 cpx Na0.02Ca0.89Fe''0.33Mg0.67Fe'''0.04Ti0.03Al0.13Si1.90O6 50.2906 0.902681 2.93609 1.29783 0 10.4926 0 11.8901 21.9426 0.247475 0 0 0
500.00 1023.15 19.263942 36.652070 -245725.635622 5.759627 21.306470 cpx Na0.02Ca0.89Fe''0.33Mg0.67Fe'''0.03Ti0.03Al0.13Si1.90O6 50.3967 0.882675 2.86954 1.22007 0 10.4165 0 11.9349 22.0349 0.24463 0 0 0
500.00 1013.15 19.046299 36.023724 -243580.730629 5.696702 21.047940 cpx Na0.02Ca0.89Fe''0.32Mg0.68Fe'''0.03Ti0.02Al0.13Si1.90O6 50.4887 0.873981 2.83043 1.15033 0 10.2698 0 12.006 22.1384 0.242406 0 0 0
500.00 1003.15 19.001213 35.724440 -243574.844947 5.684372 20.976835 cpx Na0.02Ca0.90Fe''0.32Mg0.68Fe'''0.03Ti0.02Al0.13Si1.91O6 50.5409 0.877448 2.82302 1.10537 0 10.1267 0 12.0496 22.2324 0.244647 0 0 0
