Title: Nd2

System Thermodynamic Data:
Pressure Temperature mass F phi S H V dVdP*10^6 dVdT*10^6 Cp logfO2(absolute) logfO2-NNO rhol rhos viscosity aH2O chisqr
500.00 1523.15 100.093345 1.0000000000000000 1.000000 288.192001 -1209571.108790 40.640731 -541.701935 4834.331280 150.570449 -7.007 0.000 2.462883 0.000000 1.932 0.954525 0.000
500.00 1513.15 100.093895 1.0000000000000000 1.000000 287.201271 -1211084.748612 40.592901 -539.518009 4829.154612 150.566837 -7.116 0.000 2.465798 0.000000 1.972 0.951135 0.000
500.00 1503.15 100.094479 1.0000000000000000 1.000000 286.204032 -1212598.871919 40.545153 -537.338437 4823.860790 150.563389 -7.225 0.000 2.468716 0.000000 2.013 0.947713 0.000
500.00 1493.15 100.095098 1.0000000000000000 1.000000 285.200195 -1214113.498856 40.497487 -535.163280 4818.450049 150.560111 -7.336 0.000 2.471637 0.000000 2.054 0.944259 0.000
500.00 1483.15 100.095753 1.0000000000000000 1.000000 284.189670 -1215628.650422 40.449907 -532.992601 4812.922630 150.557006 -7.449 0.000 2.474561 0.000000 2.096 0.940774 0.000
500.00 1473.15 100.096445 1.0000000000000000 1.000000 283.190637 -1217117.366316 40.402413 -530.826467 4807.278785 146.611917 -7.563 0.000 2.477487 0.000000 2.139 0.937257 0.000
500.00 1463.15 100.097175 1.0000000000000000 1.000000 282.193341 -1218594.158094 40.355009 -528.664947 4801.518778 146.599136 -7.679 0.000 2.480415 0.000000 2.182 0.933708 0.000
500.00 1453.15 100.097945 1.0000000000000000 1.000000 281.189329 -1220071.435255 40.307695 -526.508113 4795.642883 146.585891 -7.796 0.000 2.483346 0.000000 2.226 0.930126 0.000
500.00 1443.15 100.098755 1.0000000000000000 1.000000 280.178510 -1221549.215617 40.260475 -524.356040 4789.651387 146.572178 -7.915 0.000 2.486279 0.000000 2.270 0.926512 0.000
500.00 1433.15 100.099607 1.0000000000000000 1.000000 279.160792 -1223027.517954 40.213350 -522.208807 4783.544590 146.557992 -8.035 0.000 2.489213 0.000000 2.315 0.922866 0.000
500.00 1423.15 100.100503 1.0000000000000000 1.000000 278.136080 -1224506.362045 40.166322 -520.066496 4777.322805 146.543327 -8.157 0.000 2.492150 0.000000 2.361 0.919187 0.000
500.00 1413.15 100.101383 0.9997932683817908 0.999844 277.098133 -1225993.397812 40.118927 -517.916374 4770.545436 146.517322 -8.281 0.000 2.494990 3.300628 2.408 0.915564 0.000
500.00 1403.15 100.100014 0.9921944248675355 0.994106 275.835454 -1227748.019363 40.055020 -515.315045 4747.848445 146.103752 -8.407 0.000 2.494257 3.309761 2.481 0.915063 0.000
500.00 1393.15 100.098536 0.9847457661700351 0.988497 274.573928 -1229486.583080 39.991694 -512.731598 4725.282692 145.699816 -8.535 0.000 2.493485 3.319194 2.556 0.914443 0.000
500.00 1383.15 100.097820 0.9670465187205810 0.974913 273.015715 -1231636.385693 39.869749 -508.870656 4690.917494 144.949420 -8.664 0.000 2.490363 3.297841 2.632 0.925519 0.000
500.00 1373.15 100.100513 0.9292242980004303 0.945608 270.887945 -1234614.729557 39.636092 -502.517782 4631.658956 143.513224 -8.795 0.000 2.481733 3.286178 2.712 0.960749 0.000
500.00 1363.15 100.106849 0.8926488930283106 0.917299 268.805557 -1237571.679951 39.416156 -496.371872 4570.517587 142.122850 -8.929 0.000 2.471491 3.296761 2.801 0.995995 0.000
500.00 1353.15 100.122174 0.8509896179555168 0.872123 266.621570 -1240798.342157 39.705916 -1683.579812 4961.798667 140.581398 -9.064 0.000 2.460490 2.938318 2.932 0.999941 0.000
500.00 1343.15 100.154328 0.8060465874992285 0.824443 264.368301 -1244382.010649 40.076832 -3039.977849 5417.207247 138.944295 -9.201 0.000 2.443295 2.760928 3.107 0.999968 0.000
500.00 1333.15 100.189605 0.7213143856251080 0.719803 261.318235 -1249061.876065 41.476121 -6757.031748 6771.340235 136.305021 -9.340 0.000 2.420670 2.402567 3.337 1 0.000
500.00 1323.15 100.215893 0.6491345163215760 0.634534 258.605713 -1253109.862301 42.711753 -10039.490283 8010.769565 134.132377 -9.481 0.000 2.400320 2.252593 3.562 1.00004 0.000
500.00 1313.15 100.244060 0.5701930344475877 0.544409 255.875121 -1257184.676816 44.077125 -13803.344947 9492.612880 132.105427 -9.625 0.000 2.382002 2.145575 3.760 1.00007 0.000
500.00 1303.15 100.262237 0.4999124117051204 0.467299 253.363884 -1260777.392834 45.326970 -17251.714634 10901.598276 130.378631 -9.771 0.000 2.366356 2.076553 3.949 1.00011 0.000
500.00 1293.15 100.267961 0.4471411399247850 0.411516 251.203139 -1263678.995571 46.294895 -19885.638739 12026.161368 129.016982 -9.919 0.000 2.353352 2.034739 4.144 1.00014 0.000
500.00 1283.15 100.270124 0.4013041627751621 0.364494 249.206214 -1266287.828840 47.129076 -22191.391120 13058.651209 127.990260 -10.069 0.000 2.342424 2.004331 4.332 1.00017 0.000
500.00 1273.15 100.269561 0.3613980128844323 0.324630 247.345823 -1268656.288405 47.840216 -24196.772841 13998.013028 127.031922 -10.221 0.000 2.333314 1.981821 4.516 1.00019 0.000
500.00 1263.15 100.266897 0.3267216198159681 0.290800 245.602365 -1270822.552372 48.436195 -25921.176683 14850.169173 126.212768 -10.376 0.000 2.325797 1.965229 4.694 1.0002 0.000
500.00 1253.15 100.262622 0.2966956896695631 0.262116 243.959798 -1272817.491026 48.925088 -27383.764480 15618.493276 125.509551 -10.534 0.000 2.319664 1.953272 4.869 1.00021 0.000
500.00 1243.15 100.257137 0.2707821001892252 0.237819 242.403893 -1274667.656576 49.316203 -28606.568592 16308.093220 124.902947 -10.694 0.000 2.314722 1.945024 5.039 1.00021 0.000
500.00 1233.15 100.250768 0.2484602099443431 0.217234 240.921558 -1276396.502777 49.619973 -29614.524018 16925.893135 124.376490 -10.857 0.000 2.310786 1.939775 5.205 1.00021 0.000
500.00 1223.15 100.243776 0.2292314488961305 0.199762 239.500760 -1278024.675355 49.847309 -30434.019359 17480.070135 123.916130 -11.022 0.000 2.307691 1.936959 5.367 1.0002 0.000
500.00 1213.15 100.236363 0.2126328304695785 0.184877 238.130662 -1279570.015292 50.008877 -31091.129929 17979.301806 123.510017 -11.190 0.000 2.305292 1.936120 5.524 1.00019 0.000
500.00 1203.15 100.228682 0.1982486336257049 0.172130 236.801743 -1281047.595673 50.114539 -31610.195817 18432.110283 123.148324 -11.361 0.000 2.303464 1.936894 5.677 1.00018 0.000
500.00 1193.15 100.220843 0.1857162743952120 0.161143 235.505814 -1282469.889894 50.173031 -32012.970791 18846.420165 122.823026 -11.534 0.000 2.302107 1.938990 5.826 1.00017 0.000
500.00 1183.15 100.212921 0.1747264611371618 0.151603 234.235954 -1283847.051744 50.191854 -32318.295479 19229.331776 122.527663 -11.711 0.000 2.301138 1.942178 5.971 1.00016 0.000
500.00 1173.15 100.204967 0.1650193817051248 0.143251 232.986374 -1285187.250559 50.177314 -32542.139589 19587.057960 122.257087 -11.890 0.000 2.300490 1.946276 6.112 1.00015 0.000
500.00 1163.15 100.197009 0.1563788237804444 0.135877 231.752255 -1286497.009971 50.134634 -32697.853894 19924.963406 122.007244 -12.073 0.000 2.300112 1.951142 6.250 1.00014 0.000
500.00 1153.15 100.189062 0.1486256586858580 0.129310 230.529590 -1287781.517688 50.068102 -32796.512184 20247.657136 121.774970 -12.259 0.000 2.299963 1.956664 6.384 1.00013 0.000
500.00 1143.15 100.179358 0.1396282011390806 0.121611 229.279065 -1289056.805802 50.007057 -32922.989545 20597.018679 121.530654 -12.448 0.000 2.300102 1.962213 6.507 1.00011 0.000
500.00 1133.15 100.165529 0.1272352986323102 0.110844 227.958917 -1290331.089252 49.977492 -33156.610739 21015.278493 121.245610 -12.641 0.000 2.300593 1.967265 6.606 1.0001 0.000
500.00 1123.15 100.149805 0.1146258759003607 0.099922 226.620914 -1291581.240291 49.937672 -33382.920068 21448.628686 120.956705 -12.837 0.000 2.300621 1.972733 6.711 1.00009 0.000
500.00 1113.15 100.122506 0.0975594382677373 0.085119 225.164907 -1292759.974614 49.962704 -33826.994355 22021.593765 120.585663 -13.036 0.000 2.296842 1.976694 6.930 1.00008 0.000
500.00 1103.15 100.095896 0.0826861686324159 0.072243 223.745983 -1293894.853184 49.937995 -34152.023826 22555.019802 120.266557 -13.239 0.000 2.294150 1.981841 7.114 1.00007 0.000
500.00 1093.15 100.068104 0.0690757057718340 0.060469 222.341668 -1294980.660975 49.884307 -34413.511365 23077.631607 119.977083 -13.446 0.000 2.291531 1.987627 7.298 1.00006 0.000
500.00 1083.15 100.039418 0.0565782292738843 0.049648 220.949184 -1296025.482738 49.804795 -34618.568389 23592.759028 119.715332 -13.656 0.000 2.289007 1.993983 7.481 1.00005 0.000
500.00 1073.15 100.010768 0.0452830905596737 0.039851 219.570854 -1297042.307256 49.699790 -34763.853240 24097.759358 119.483339 -13.871 0.000 2.286605 2.000912 7.662 1.00005 0.000
500.00 1063.15 99.984589 0.0357234626287747 0.031546 218.218754 -1298058.370496 49.565207 -34827.105602 24578.046212 119.290011 -14.089 0.000 2.284365 2.008532 7.841 1.00004 0.000
500.00 1053.15 99.964806 0.0287823383315846 0.025522 216.912878 -1299117.027813 49.394387 -34771.908226 25008.697147 119.149921 -14.312 0.000 2.282340 2.017038 8.014 1.00003 0.000
500.00 1043.15 99.952385 0.0244060635158297 0.021745 215.652657 -1300235.286743 49.190950 -34602.917924 25389.226637 119.065582 -14.539 0.000 2.280546 2.026400 8.181 1.00003 0.000
500.00 1033.15 99.944478 0.0215484964574709 0.019299 214.415128 -1301391.190407 48.967347 -34366.625914 25747.169949 119.027562 -14.770 0.000 2.278948 2.036362 8.345 1.00002 0.000
500.00 1023.15 99.938794 0.0194589646128748 0.017522 213.183384 -1302565.102913 48.731739 -34095.817201 26103.598091 119.033456 -15.006 0.000 2.277520 2.046751 8.506 1.00002 0.000
500.00 1013.15 99.934586 0.0000000000000000 0.000000 211.724902 -1303981.316375 48.718562 -34544.618333 26972.717169 118.903181 -15.246 0.000 0.000000 2.051263 8.637 1 0.000
500.00 1003.15 99.932869 0.0000000000000000 0.000000 210.513143 -1305175.061180 48.445048 -34178.195586 27322.923862 119.044867 -15.492 0.000 0.000000 2.062809 8.637 1 0.000
