Title: Hr

Liquid Composition:
Pressure Temperature mass SiO2 TiO2 Al2O3 Fe2O3 FeO MnO MgO CaO Na2O K2O P2O5 H2O 
500.00 1523.15 99.919920 47.7555 1.39893 15.4146 2.54171 9.99734 0.197249 7.01166 11.1169 2.23156 0.350647 0.158905 1.82503
500.00 1513.15 99.924849 47.7532 1.39886 15.4138 2.54819 9.99089 0.197239 7.01131 11.1163 2.23145 0.350629 0.158898 1.82921
500.00 1503.15 99.929900 47.7508 1.39879 15.413 2.55508 9.98407 0.197229 7.01096 11.1158 2.23134 0.350612 0.15889 1.83347
500.00 1493.15 99.935075 47.7483 1.39872 15.4122 2.56239 9.97686 0.197219 7.0106 11.1152 2.23122 0.350593 0.158881 1.83781
500.00 1483.15 99.940376 47.7457 1.39864 15.4114 2.57013 9.96925 0.197209 7.01022 11.1146 2.2311 0.350575 0.158873 1.84222
500.00 1473.15 99.945809 47.7432 1.39857 15.4106 2.57831 9.96122 0.197198 7.00984 11.114 2.23098 0.350556 0.158864 1.84673
500.00 1463.15 99.951376 47.7405 1.39849 15.4097 2.58695 9.95276 0.197187 7.00945 11.1134 2.23086 0.350536 0.158855 1.85131
500.00 1453.15 99.957082 47.7378 1.39841 15.4088 2.59606 9.94386 0.197176 7.00905 11.1128 2.23073 0.350516 0.158846 1.85599
500.00 1443.15 99.962929 47.735 1.39833 15.4079 2.60566 9.93451 0.197164 7.00864 11.1121 2.2306 0.350496 0.158837 1.86075
500.00 1433.15 99.968923 47.7321 1.39824 15.407 2.61576 9.92468 0.197152 7.00822 11.1114 2.23047 0.350475 0.158828 1.86561
500.00 1423.15 99.975067 47.7292 1.39816 15.4061 2.62638 9.91437 0.19714 7.00779 11.1108 2.23033 0.350453 0.158818 1.87056
500.00 1413.15 99.981365 47.7262 1.39807 15.4051 2.63754 9.90356 0.197128 7.00735 11.1101 2.23019 0.350431 0.158808 1.87561
500.00 1403.15 99.955121 47.7259 1.39843 15.4091 2.64921 9.89077 0.197085 6.99525 11.1128 2.23078 0.350523 0.158849 1.88122
500.00 1393.15 99.146161 47.7943 1.40984 15.5349 2.65962 9.83872 0.196268 6.70568 11.2 2.24898 0.353383 0.160146 1.89826
500.00 1383.15 94.047478 47.7795 1.43266 16.0788 2.67772 10.0512 0.206459 6.24864 10.6871 2.36275 0.372541 0.168828 1.93368
500.00 1373.15 89.260706 47.7923 1.44684 16.6221 2.69164 10.254 0.217142 5.80163 10.1525 2.4807 0.39252 0.177881 1.97071
500.00 1363.15 82.163964 47.9737 1.51183 16.65 2.77476 10.704 0.232283 5.35219 9.55453 2.63035 0.425249 0.193245 1.99786
500.00 1353.15 74.616446 48.2554 1.6118 16.3355 2.89936 11.296 0.249342 4.91608 8.9514 2.7894 0.466087 0.212792 2.01673
500.00 1343.15 57.728576 52.795 1.1104 16.727 2.24305 8.16835 0.318595 4.11611 8.08386 3.35983 0.597715 0.275043 2.20503
500.00 1333.15 51.304590 54.498 1.00969 16.5428 2.08903 7.45296 0.351927 3.69121 7.50867 3.61158 0.669109 0.309481 2.26557
500.00 1323.15 45.670326 56.06 0.928829 16.2489 1.95846 6.82303 0.395361 3.28685 7.0302 3.85511 0.7473 0.347662 2.31836
500.00 1313.15 40.879755 57.5491 0.869483 15.8215 1.84788 6.26648 0.441692 2.88533 6.66509 4.07218 0.829469 0.388403 2.36338
500.00 1303.15 37.073231 58.9333 0.816709 15.3708 1.74444 5.76493 0.487043 2.54974 6.34149 4.25306 0.908853 0.428282 2.40135
500.00 1293.15 33.961866 60.2281 0.769469 14.9054 1.64712 5.31013 0.531663 2.26565 6.05294 4.40242 0.98591 0.467519 2.43374
500.00 1283.15 31.363771 61.4447 0.726931 14.4321 1.55515 4.8956 0.575704 2.02261 5.79427 4.5241 1.06092 0.506247 2.46162
500.00 1273.15 29.158395 62.5921 0.688432 13.9563 1.46793 4.5162 0.619247 1.81286 5.56125 4.62136 1.13403 0.544537 2.4858
500.00 1263.15 27.262496 63.6767 0.653432 13.4822 1.38505 4.16785 0.662311 1.6305 5.35035 4.69701 1.20529 0.582405 2.50694
500.00 1253.15 25.616139 64.7038 0.621484 13.0132 1.30619 3.8472 0.704878 1.47094 5.15864 4.7536 1.27469 0.619836 2.52552
500.00 1243.15 24.174664 65.6778 0.592222 12.552 1.23112 3.5515 0.746908 1.33056 4.9836 4.79338 1.34218 0.656796 2.54196
500.00 1233.15 22.903819 66.6022 0.565332 12.1005 1.15965 3.27842 0.788351 1.20645 4.82312 4.8184 1.40771 0.693239 2.55659
500.00 1223.15 21.776710 67.4802 0.540551 11.6603 1.09164 3.02596 0.829154 1.09625 4.67539 4.83048 1.47122 0.729119 2.56969
500.00 1213.15 20.771815 68.3146 0.517652 11.2325 1.02697 2.79239 0.869267 0.998023 4.53888 4.83126 1.53265 0.764392 2.58149
500.00 1203.15 19.871646 69.1079 0.496436 10.8175 0.96552 2.57616 0.908644 0.910158 4.41228 4.82221 1.59197 0.799019 2.59218
500.00 1193.15 19.061824 69.8624 0.476732 10.416 0.907193 2.37593 0.947247 0.831311 4.29447 4.80463 1.64915 0.832964 2.60193
500.00 1183.15 18.327139 70.5908 0.458458 10.0291 0.851748 2.19055 0.985219 0.76016 4.17777 4.78032 1.70445 0.86049 2.61092
500.00 1173.15 17.644682 71.3413 0.441781 9.66129 0.79854 2.01927 1.02333 0.695048 4.03155 4.75302 1.75917 0.85633 2.61939
500.00 1163.15 17.025777 72.0545 0.426134 9.30619 0.748316 1.86056 1.06052 0.636317 3.89473 4.71985 1.81159 0.854026 2.62724
500.00 1153.15 16.462641 72.7323 0.411418 8.96367 0.700948 1.7135 1.0968 0.583212 3.76669 4.68164 1.86173 0.853566 2.63456
500.00 1143.15 15.948680 73.3761 0.397545 8.6335 0.656311 1.57725 1.13215 0.535085 3.64693 4.63912 1.90958 0.854963 2.64143
500.00 1133.15 15.478280 73.9876 0.384433 8.31542 0.614283 1.45104 1.16655 0.49138 3.53505 4.59293 1.95517 0.858255 2.64792
500.00 1123.15 15.046641 74.5679 0.372008 8.00911 0.574745 1.33417 1.20002 0.451613 3.43073 4.54364 1.99852 0.863501 2.65408
500.00 1113.15 14.649633 75.1182 0.360205 7.71424 0.537579 1.22598 1.23254 0.415366 3.33372 4.49175 2.03963 0.870787 2.65998
500.00 1103.15 14.257459 75.6922 0.358695 7.41522 0.49897 1.11671 1.23154 0.375195 3.25638 4.43529 2.0815 0.875872 2.66246
500.00 1093.15 13.880866 76.2643 0.349774 7.11935 0.464905 1.02044 1.21326 0.332491 3.19302 4.37629 2.12298 0.879452 2.66372
500.00 1083.15 13.532859 76.8242 0.326983 6.83649 0.429425 0.923912 1.19883 0.295321 3.13437 4.3174 2.16241 0.884718 2.66594
500.00 1073.15 13.214594 77.351 0.30592 6.56655 0.395743 0.834207 1.18479 0.261718 3.08235 4.25845 2.19924 0.892017 2.66806
500.00 1063.15 12.923152 77.8453 0.286418 6.309 0.363886 0.751135 1.17121 0.231324 3.03698 4.19966 2.23349 0.901455 2.67014
500.00 1053.15 12.655975 78.3079 0.268335 6.06336 0.333846 0.674444 1.15814 0.20383 2.99833 4.14127 2.26519 0.913162 2.67221
500.00 1043.15 12.410826 78.7394 0.251548 5.82913 0.305595 0.603847 1.1456 0.17897 2.96651 4.08344 2.29436 0.927297 2.67428
500.00 1033.15 12.185740 79.1404 0.235951 5.60586 0.279087 0.539032 1.13361 0.156516 2.9417 4.02634 2.32103 0.944048 2.6764
500.00 1023.15 11.978989 79.5115 0.22145 5.39308 0.254266 0.479674 1.12216 0.136271 2.92412 3.9701 2.34519 0.963641 2.67857