Title: Hr

liquid_0 thermodynamic data and composition:
Pressure Temperature mass S H V Cp viscosity SiO2 TiO2 Al2O3 Fe2O3 FeO MnO MgO CaO Na2O K2O P2O5 H2O Mg#
500.00 1523.15 98.073529 265.348767 -1168615.610064 36.181591 146.320419 2.118 49.0771 1.41618 15.742 2.51032 9.68964 0.196893 7.22489 11.332 2.31275 0.339643 0.158656 0 57.1
500.00 1513.15 98.074172 264.386179 -1170088.220310 36.158077 146.323718 2.160 49.0767 1.41617 15.7419 2.51685 9.68368 0.196892 7.22484 11.3319 2.31274 0.339641 0.158655 0 57.1
500.00 1503.15 98.074855 263.417228 -1171561.476671 36.134596 146.327220 2.202 49.0764 1.41616 15.7418 2.52378 9.67736 0.19689 7.22479 11.3319 2.31272 0.339639 0.158654 0 57.1
500.00 1493.15 98.075578 262.441828 -1173035.402989 36.111147 146.330932 2.245 49.076 1.41615 15.7416 2.53113 9.67067 0.196889 7.22473 11.3318 2.31271 0.339636 0.158653 0 57.1
500.00 1483.15 96.134382 256.252923 -1148405.040282 35.327565 143.406171 2.266 49.0861 1.44475 15.3927 2.58489 9.86356 0.200865 7.37062 11.2394 2.30976 0.345504 0.161857 0 57.1
500.00 1473.15 92.334504 245.132424 -1098693.919312 33.814790 134.654568 2.260 49.0913 1.5042 14.6785 2.6883 10.2721 0.209131 7.67395 11.0602 2.29632 0.357404 0.168518 0 57.1
500.00 1463.15 88.809322 234.805317 -1052573.347560 32.408428 129.484543 2.253 49.0799 1.56391 13.9726 2.79212 10.6825 0.217432 7.97855 10.8935 2.27537 0.369012 0.175207 0 57.1
500.00 1453.15 80.847534 212.815905 -950860.596123 29.385366 117.408675 2.265 49.0363 1.70555 13.3728 2.95151 11.4218 0.235142 7.86068 10.5059 2.31696 0.400853 0.192461 0 55.1
500.00 1443.15 68.999426 180.789433 -800794.758541 24.926146 99.496913 2.261 48.6731 1.96834 12.834 3.19157 12.5976 0.275526 7.37693 9.96361 2.43214 0.46164 0.225509 0 51.1
500.00 1433.15 59.405982 154.883206 -679607.617663 21.311841 85.054815 2.243 48.2192 2.25847 12.2048 3.44555 13.8078 0.32002 6.86197 9.57045 2.52386 0.525941 0.261926 0 47.0
500.00 1423.15 52.059241 135.033717 -587048.461799 18.539914 74.039826 2.218 47.7239 2.55041 11.5677 3.68962 15.0052 0.365182 6.39996 9.22218 2.58856 0.588423 0.29889 0 43.2
500.00 1413.15 46.223161 119.259293 -513695.824987 16.334023 65.326315 2.184 47.1823 2.84651 10.9177 3.92681 16.2036 0.41129 5.9838 8.91483 2.62753 0.648983 0.336628 0 39.7
500.00 1403.15 41.446260 106.344336 -453778.750538 14.524578 58.225129 2.141 46.5873 3.14953 10.2493 4.15984 17.4173 0.458693 5.6081 8.64605 2.6411 0.707331 0.375426 0 36.5
500.00 1393.15 37.433768 95.495278 -403533.625931 13.000712 52.287460 2.088 45.9286 3.46297 9.55508 4.39138 18.6632 0.50786 5.26885 8.41501 2.62854 0.762877 0.415667 0 33.5
500.00 1383.15 33.980648 86.160426 -360344.031954 11.685061 47.202440 2.023 45.1896 3.79175 8.82456 4.62448 19.9642 0.559469 4.96327 8.22271 2.58761 0.814457 0.457908 0 30.7
500.00 1373.15 30.930748 77.920308 -322215.748836 10.518238 42.735314 1.941 44.3422 4.1437 8.04027 4.86331 21.3563 0.614635 4.69011 8.07314 2.51354 0.859654 0.503059 0 28.1
500.00 1363.15 28.138654 70.386025 -287283.939857 9.443884 38.671571 1.836 43.3281 4.53437 7.16569 5.11553 22.9117 0.675623 4.45112 7.97693 2.39535 0.892524 0.552976 0 25.7
500.00 1353.15 25.357380 62.902720 -252351.702553 8.362935 34.659330 1.681 41.9569 5.01288 6.07904 5.40512 24.8634 0.749727 4.26024 7.97234 2.19637 0.89027 0.613628 0 23.4
500.00 1343.15 21.328636 52.154817 -201211.743737 6.760557 28.951276 1.288 38.7961 5.93721 3.97581 5.88037 28.9461 0.891342 4.21849 8.33645 1.67287 0.615704 0.729536 0 20.6
500.00 1333.15 19.272821 46.627160 -175857.904529 5.957293 26.025411 1.078 36.801 6.54467 2.92657 6.12315 31.4894 0.986421 4.03675 8.44352 1.41458 0.4266 0.807355 0 18.6
500.00 1323.15 18.098150 43.432397 -161837.502529 5.509061 24.342116 0.973 35.5878 6.94529 2.4061 6.26105 33.0261 1.05045 3.81848 8.41021 1.29604 0.338695 0.859756 0 17.1
500.00 1313.15 14.762064 35.141524 -128666.154821 4.452603 19.675386 0.955 35.5099 5.44705 1.97412 6.44702 35.3858 1.2172 3.22646 8.15696 1.33267 0.248739 1.05405 0 14.0
500.00 1303.15 13.269474 31.361278 -113548.665882 3.964912 17.588742 0.917 35.0015 4.96164 1.66634 6.5718 36.9144 1.3263 2.84364 8.00723 1.33853 0.195981 1.17262 0 12.1
500.00 1293.15 12.011307 28.191414 -101062.547490 3.558508 15.841852 0.882 34.5141 4.50767 1.41231 6.68677 38.2853 1.43804 2.48049 7.85937 1.36355 0.15697 1.29545 0 10.4

clinopyroxene_1 thermodynamic data and composition:
Pressure Temperature mass S H V Cp structure formula SiO2 TiO2 Al2O3 Fe2O3 FeO MnO MgO CaO Na2O K2O P2O5 H2O
500.00 1443.15 2.527366 6.051521 -31208.704104 0.776163 3.093746 cpx Na0.01Ca0.27Fe''0.37Mg1.26Fe'''0.05Ti0.01Al0.14Si1.90O6 52.4649 0.188696 3.26413 1.70552 12.0714 0 23.3659 6.85275 0.0867724 0 0 0
500.00 1433.15 2.886518 6.876680 -35385.606251 0.883009 3.516528 cpx Na0.01Ca0.27Fe''0.39Mg1.24Fe'''0.05Ti0.01Al0.14Si1.90O6 52.1948 0.212064 3.24264 1.80436 12.8935 0 22.7527 6.80725 0.0926702 0 0 0
500.00 1423.15 2.225216 5.274526 -27081.519650 0.678095 2.698247 cpx Na0.01Ca0.26Fe''0.42Mg1.21Fe'''0.05Ti0.01Al0.14Si1.90O6 51.9426 0.232644 3.20867 1.89525 13.7207 0 22.1697 6.73236 0.0980489 0 0 0
500.00 1413.15 1.772777 4.180791 -21417.912181 0.538159 2.139720 cpx Na0.01Ca0.26Fe''0.45Mg1.18Fe'''0.05Ti0.01Al0.14Si1.90O6 51.7065 0.249957 3.16121 1.97812 14.5595 0 21.6068 6.63492 0.102928 0 0 0
500.00 1403.15 1.449592 3.401093 -17383.669781 0.438370 1.741592 cpx Na0.01Ca0.26Fe''0.48Mg1.16Fe'''0.06Ti0.01Al0.13Si1.90O6 51.4857 0.263516 3.09885 2.05243 15.4151 0 21.056 6.521 0.107318 0 0 0
500.00 1393.15 1.211216 2.827011 -14415.235748 0.364879 1.448470 cpx Na0.01Ca0.25Fe''0.51Mg1.13Fe'''0.06Ti0.01Al0.13Si1.90O6 51.2805 0.272809 3.01956 2.11713 16.2919 0 20.5108 6.39617 0.111221 0 0 0
500.00 1383.15 1.031433 2.394608 -12180.378433 0.309522 1.227699 cpx Na0.01Ca0.25Fe''0.54Mg1.11Fe'''0.06Ti0.01Al0.13Si1.90O6 51.092 0.277271 2.92033 2.17047 17.1942 0 19.9652 6.26585 0.114629 0 0 0
500.00 1373.15 0.894527 2.065452 -10479.197968 0.267394 1.059664 cpx Na0.01Ca0.25Fe''0.57Mg1.08Fe'''0.06Ti0.01Al0.12Si1.90O6 50.9232 0.276192 2.79623 2.20946 18.1281 0 19.4136 6.13575 0.117513 0 0 0
500.00 1363.15 0.792518 1.819611 -9207.074678 0.235970 0.934218 cpx Na0.01Ca0.24Fe''0.60Mg1.06Fe'''0.06Ti0.01Al0.12Si1.91O6 50.7802 0.268418 2.63755 2.22837 19.1044 0 18.8482 6.01312 0.119786 0 0 0
500.00 1353.15 0.731941 1.670539 -8428.141073 0.217055 0.858353 cpx Na0.01Ca0.24Fe''0.64Mg1.03Fe'''0.06Ti0.01Al0.11Si1.91O6 50.6814 0.250758 2.4152 2.21048 20.1574 0 18.2509 5.91265 0.121159 0 0 0
500.00 1343.15 0.763220 1.729417 -8683.452319 0.225212 0.889025 cpx Na0.01Ca0.24Fe''0.69Mg0.99Fe'''0.06Ti0.01Al0.09Si1.92O6 50.6705 0.209286 1.99683 2.07792 21.6073 0 17.4265 5.89126 0.12049 0 0 0
500.00 1333.15 0.375523 0.845143 -4219.370037 0.110198 0.434437 cpx Na0.01Ca0.24Fe''0.73Mg0.94Fe'''0.06Ti0.01Al0.08Si1.93O6 50.4371 0.196727 1.82977 2.08438 22.9926 0 16.5844 5.75445 0.120618 0 0 0
500.00 1323.15 0.246273 0.550720 -2735.266916 0.071888 0.283109 cpx Na0.01Ca0.23Fe''0.78Mg0.91Fe'''0.06Ti0.01Al0.08Si1.93O6 50.1453 0.195263 1.76457 2.14955 24.2262 0 15.8262 5.57192 0.12097 0 0 0
500.00 1313.15 0.171095 0.378600 -1846.579601 0.049353 0.193800 cpx Na0.01Ca0.23Fe''0.88Mg0.80Fe'''0.07Ti0.00Al0.08Si1.93O6 49.3556 0.150855 1.71655 2.40615 26.9317 0 13.8089 5.51331 0.11694 0 0 0
500.00 1303.15 0.231193 0.507156 -2443.756898 0.066107 0.259080 cpx Na0.01Ca0.23Fe''0.95Mg0.73Fe'''0.08Ti0.00Al0.08Si1.92O6 48.784 0.135538 1.68145 2.60366 28.8772 0 12.4307 5.37145 0.116022 0 0 0
500.00 1293.15 0.249104 0.541626 -2578.277301 0.070609 0.276171 cpx Na0.01Ca0.22Fe''1.03Mg0.66Fe'''0.08Ti0.00Al0.08Si1.92O6 48.2103 0.12274 1.6456 2.81892 30.7812 0 11.0717 5.2341 0.115424 0 0 0

feldspar_0 thermodynamic data and composition:
Pressure Temperature mass S H V Cp formula SiO2 TiO2 Al2O3 Fe2O3 FeO MnO MgO CaO Na2O K2O P2O5 H2O
500.00 1483.15 1.941452 4.767271 -26749.362775 0.727801 2.395762 K0.00Na0.22Ca0.78Al1.78Si2.22O8 48.5698 0 33.0169 0 0 0 0 15.9062 2.45815 0.0490076 0 0
500.00 1473.15 3.800602 9.312320 -52396.745961 1.426133 4.686644 K0.00Na0.23Ca0.76Al1.76Si2.24O8 48.9646 0 32.7493 0 0 0 0 15.5933 2.63645 0.056366 0 0
500.00 1463.15 3.525926 8.620892 -48638.723938 1.324433 4.344875 K0.00Na0.25Ca0.75Al1.75Si2.25O8 49.3819 0 32.4663 0 0 0 0 15.2625 2.82442 0.0649444 0 0
500.00 1453.15 4.624373 11.287557 -63821.376634 1.739681 5.694896 K0.00Na0.27Ca0.72Al1.72Si2.28O8 49.961 0 32.0731 0 0 0 0 14.803 3.08423 0.0786765 0 0
500.00 1443.15 5.427681 13.231973 -74932.611414 2.046029 6.680469 K0.01Na0.30Ca0.69Al1.69Si2.31O8 50.7105 0 31.563 0 0 0 0 14.2072 3.41702 0.102281 0 0
500.00 1433.15 4.585211 11.163545 -63321.300591 1.731957 5.640696 K0.01Na0.33Ca0.66Al1.66Si2.34O8 51.462 0 31.0499 0 0 0 0 13.6085 3.74669 0.132817 0 0
500.00 1423.15 3.581398 8.707967 -49472.372393 1.355597 4.403319 K0.01Na0.36Ca0.63Al1.63Si2.37O8 52.2313 0 30.5232 0 0 0 0 12.9945 4.08026 0.170685 0 0
500.00 1413.15 2.907554 7.060023 -40173.389529 1.102890 3.572764 K0.01Na0.39Ca0.60Al1.60Si2.40O8 53.0223 0 29.9797 0 0 0 0 12.3615 4.41804 0.2184 0 0
500.00 1403.15 2.437674 5.911063 -33686.878455 0.926705 2.993596 K0.02Na0.42Ca0.57Al1.57Si2.43O8 53.8404 0 29.4149 0 0 0 0 11.7046 4.76031 0.279779 0 0
500.00 1393.15 2.102992 5.092649 -29064.267551 0.801335 2.580975 K0.02Na0.45Ca0.53Al1.53Si2.47O8 54.6945 0 28.8213 0 0 0 0 11.0157 5.10752 0.360982 0 0
500.00 1383.15 1.865445 4.511508 -25780.010425 0.712599 2.287903 K0.03Na0.48Ca0.50Al1.50Si2.50O8 55.6002 0 28.1861 0 0 0 0 10.2803 5.46059 0.472778 0 0
500.00 1373.15 1.707484 4.124475 -23590.611042 0.654081 2.092599 K0.04Na0.51Ca0.46Al1.46Si2.54O8 56.588 0 27.484 0 0 0 0 9.47054 5.82113 0.636328 0 0
500.00 1363.15 1.636267 3.948450 -22590.731403 0.628912 2.003486 K0.05Na0.54Ca0.41Al1.41Si2.59O8 57.7274 0 26.6568 0 0 0 0 8.52223 6.19156 0.902027 0 0
500.00 1353.15 1.752450 4.226752 -24149.360615 0.676887 2.142753 K0.08Na0.57Ca0.35Al1.35Si2.65O8 59.2514 0 25.5071 0 0 0 0 7.21813 6.57372 1.44964 0 0
500.00 1343.15 2.886991 6.967448 -39510.841843 1.128173 3.516577 K0.19Na0.59Ca0.22Al1.22Si2.78O8 62.1835 0 23.1225 0 0 0 0 4.5666 6.85611 3.2713 0 0
500.00 1333.15 1.190856 2.866048 -16256.514860 0.467739 1.447170 K0.24Na0.60Ca0.17Al1.17Si2.83O8 63.3251 0 22.1613 0 0 0 0 3.50724 6.88024 4.12612 0 0
500.00 1323.15 0.514605 1.234557 -7031.348599 0.202230 0.625049 K0.23Na0.61Ca0.16Al1.16Si2.84O8 63.5802 0 22.0013 0 0 0 0 3.31576 7.02936 4.07334 0 0
500.00 1313.15 0.465758 1.112204 -6342.312083 0.183897 0.563766 K0.30Na0.58Ca0.12Al1.12Si2.88O8 64.339 0 21.2176 0 0 0 0 2.4921 6.66549 5.28587 0 0
500.00 1303.15 0.230196 0.548091 -3143.691444 0.090718 0.278823 K0.27Na0.60Ca0.13Al1.13Si2.87O8 64.212 0 21.44 0 0 0 0 2.70522 6.96575 4.677 0 0
500.00 1293.15 0.157156 0.372880 -2148.623538 0.061934 0.190259 K0.26Na0.61Ca0.13Al1.13Si2.87O8 64.3411 0 21.3748 0 0 0 0 2.62131 7.08247 4.58031 0 0

rhm-oxide_0 thermodynamic data and composition:
Pressure Temperature mass S H V Cp formula SiO2 TiO2 Al2O3 Fe2O3 FeO MnO MgO CaO Na2O K2O P2O5 H2O
500.00 1313.15 1.032327 2.055186 -7076.274381 0.220905 0.963597 Mn0.02Fe''0.72Mg0.06Fe'''0.39Ti0.81O3 0 42.6395 0 20.3222 34.3787 1.01002 1.64961 0 0 0 0 0
500.00 1303.15 0.335049 0.664488 -2276.694071 0.071474 0.313058 Mn0.02Fe''0.72Mg0.05Fe'''0.40Ti0.80O3 0 42.0544 0 21.2048 34.2802 1.10481 1.35581 0 0 0 0 0
500.00 1293.15 0.272894 0.539240 -1839.907673 0.058055 0.255275 Mn0.03Fe''0.72Mg0.04Fe'''0.42Ti0.79O3 0 41.4687 0 22.1325 34.0799 1.20086 1.11816 0 0 0 0 0

olivine_0 thermodynamic data and composition:
Pressure Temperature mass S H V Cp formula SiO2 TiO2 Al2O3 Fe2O3 FeO MnO MgO CaO Na2O K2O P2O5 H2O
500.00 1453.15 0.606581 1.458723 -7319.474454 0.183711 0.747306 (Ca0.01Mg0.81Fe''0.18Mn0.01Co0.00Ni0.00)2SiO4 39.3046 0 0 0 17.3658 0.493557 42.3826 0.453458 0 0 0 0

clinopyroxene_0 thermodynamic data and composition:
Pressure Temperature mass S H V Cp structure formula SiO2 TiO2 Al2O3 Fe2O3 FeO MnO MgO CaO Na2O K2O P2O5 H2O
500.00 1453.15 2.728499 6.421023 -34644.195167 0.843643 3.258536 cpx Na0.01Ca0.71Fe''0.20Mg0.95Fe'''0.06Ti0.01Al0.18Si1.88O6 51.1103 0.366688 4.19562 2.20447 6.50222 0 17.3519 18.088 0.180776 0 0 0
500.00 1443.15 3.890890 9.132410 -49113.376289 1.199333 4.639431 cpx Na0.01Ca0.68Fe''0.22Mg0.95Fe'''0.06Ti0.01Al0.18Si1.87O6 50.9788 0.410899 4.13623 2.29699 7.28684 0 17.3529 17.3466 0.190691 0 0 0
500.00 1433.15 2.119610 4.951666 -26633.667848 0.651380 2.517221 cpx Na0.01Ca0.69Fe''0.24Mg0.93Fe'''0.07Ti0.01Al0.18Si1.87O6 50.6857 0.488675 4.15694 2.46707 7.71442 0 16.8553 17.4241 0.207853 0 0 0
500.00 1423.15 1.538780 3.577629 -19249.848305 0.471482 1.820041 cpx Na0.02Ca0.69Fe''0.25Mg0.90Fe'''0.07Ti0.02Al0.18Si1.86O6 50.3974 0.57008 4.16963 2.63573 8.12214 0 16.3584 17.521 0.225619 0 0 0
500.00 1413.15 1.154912 2.672138 -14384.798388 0.352828 1.360455 cpx Na0.02Ca0.70Fe''0.26Mg0.88Fe'''0.08Ti0.02Al0.18Si1.86O6 50.1159 0.654251 4.17164 2.80272 8.51745 0 15.8641 17.6299 0.244028 0 0 0
500.00 1403.15 0.889136 2.047109 -11026.475850 0.270846 1.043109 cpx Na0.02Ca0.71Fe''0.28Mg0.85Fe'''0.08Ti0.02Al0.18Si1.86O6 49.8447 0.739567 4.15931 2.96676 8.9078 0 15.3747 17.7441 0.263058 0 0 0
500.00 1393.15 0.697994 1.599050 -8618.418104 0.212012 0.815534 cpx Na0.02Ca0.71Fe''0.29Mg0.83Fe'''0.09Ti0.02Al0.18Si1.85O6 49.5898 0.823296 4.12753 3.12523 9.30134 0 14.8932 17.8569 0.282613 0 0 0
500.00 1383.15 0.556046 1.267462 -6835.510258 0.168420 0.647054 cpx Na0.02Ca0.72Fe''0.30Mg0.81Fe'''0.09Ti0.03Al0.18Si1.85O6 49.3607 0.901051 4.0689 3.2736 9.70791 0 14.4238 17.9615 0.302493 0 0 0
500.00 1373.15 0.447661 1.015235 -5478.434898 0.135219 0.518852 cpx Na0.02Ca0.73Fe''0.32Mg0.78Fe'''0.10Ti0.03Al0.18Si1.85O6 49.1725 0.965931 3.97201 3.40424 10.141 0 13.9723 18.0498 0.322318 0 0 0
500.00 1363.15 0.362852 0.818689 -4420.022951 0.109313 0.418923 cpx Na0.02Ca0.73Fe''0.33Mg0.76Fe'''0.10Ti0.03Al0.17Si1.85O6 49.051 1.00661 3.81679 3.50313 10.6224 0 13.5479 18.1108 0.341334 0 0 0
500.00 1353.15 0.295648 0.663601 -3583.780307 0.088851 0.340075 cpx Na0.03Ca0.73Fe''0.35Mg0.74Fe'''0.10Ti0.03Al0.16Si1.86O6 49.0582 0.998933 3.55115 3.53431 11.207 0 13.1705 18.1223 0.357562 0 0 0
500.00 1343.15 0.372703 0.831841 -4487.116623 0.111745 0.427120 cpx Na0.03Ca0.73Fe''0.39Mg0.73Fe'''0.10Ti0.02Al0.13Si1.87O6 49.4041 0.865016 2.95918 3.34664 12.2354 0 12.8389 17.9868 0.363934 0 0 0
500.00 1333.15 0.487461 1.081669 -5825.433882 0.145631 0.555842 cpx Na0.03Ca0.73Fe''0.42Mg0.70Fe'''0.10Ti0.03Al0.12Si1.88O6 49.2771 0.873047 2.76003 3.42 13.0438 0 12.2625 17.9822 0.381217 0 0 0
500.00 1323.15 0.414112 0.913680 -4915.068893 0.123254 0.469773 cpx Na0.03Ca0.74Fe''0.44Mg0.66Fe'''0.10Ti0.03Al0.12Si1.87O6 48.9719 0.94254 2.72298 3.61219 13.6605 0 11.6475 18.0385 0.403891 0 0 0
500.00 1313.15 1.679718 3.677501 -19530.816624 0.495921 1.886205 cpx Na0.03Ca0.73Fe''0.51Mg0.60Fe'''0.11Ti0.02Al0.12Si1.88O6 48.5947 0.740891 2.5328 3.8995 15.7603 0 10.3827 17.6926 0.396469 0 0 0
500.00 1303.15 0.702829 1.527974 -8051.717596 0.206176 0.782780 cpx Na0.03Ca0.73Fe''0.56Mg0.54Fe'''0.12Ti0.02Al0.11Si1.88O6 48.1632 0.701893 2.46413 4.2108 17.1352 0 9.38114 17.5334 0.410144 0 0 0
500.00 1293.15 0.585511 1.263787 -6604.598616 0.170626 0.646659 cpx Na0.03Ca0.73Fe''0.61Mg0.49Fe'''0.13Ti0.02Al0.11Si1.87O6 47.7073 0.668079 2.39842 4.55548 18.524 0 8.36824 17.3527 0.425847 0 0 0
