Title: Mr2

Solid Composition:
Pressure Temperature mass SiO2 TiO2 Al2O3 Fe2O3 Cr2O3 FeO MnO MgO CaO Na2O K2O P2O5 H2O 
500.00 1523.15 0.000000 ---
500.00 1513.15 0.000000 ---
500.00 1503.15 0.000000 ---
500.00 1493.15 0.000000 ---
500.00 1483.15 3.820078 48.2364 0 33.2415 0 0 0 0 0 16.1693 2.30413 0.0486584 0 0
500.00 1473.15 7.465995 48.5817 0 33.0074 0 0 0 0 0 15.8955 2.45979 0.0555889 0 0
500.00 1463.15 11.160895 48.8341 0 32.4178 0 0 0.174318 0.00474109 0.461945 15.4536 2.59038 0.0630112 0 0
500.00 1453.15 25.465023 50.2382 0.0676616 23.7074 0.576224 0 2.7466 0 6.19478 14.3674 2.04379 0.0579977 0 0
500.00 1443.15 38.047944 50.6801 0.0978214 21.2865 0.76594 0 3.78178 0 7.62775 13.7015 1.99082 0.067762 0 0
500.00 1433.15 47.887471 50.927 0.122079 20.1959 0.880914 0 4.41091 0 8.05797 13.2885 2.03377 0.0829266 0 0
500.00 1423.15 55.916756 51.1014 0.144908 19.5255 0.970562 0 4.91218 0 8.18171 12.9633 2.09794 0.10251 0 0
500.00 1413.15 62.693930 51.2355 0.167198 19.0429 1.04605 0 5.35837 0 8.17646 12.6826 2.16382 0.127048 0 0
500.00 1403.15 68.575970 51.3435 0.188739 18.6641 1.10872 0 5.77641 0 8.10749 12.4298 2.22351 0.157732 0 0
500.00 1393.15 78.741621 48.9877 0.72803 17.1092 3.07231 0.0247429 7.59844 0 8.18445 12.1175 2.04838 0.129261 0 0
500.00 1383.15 83.147298 48.6459 0.855403 16.7624 3.35764 0.023443 8.09081 0 8.09609 11.9837 2.04999 0.134596 0 0
500.00 1373.15 85.842881 48.5754 0.917499 16.6026 3.3955 0.0227098 8.36015 0 8.01875 11.9023 2.06231 0.142747 0 0
500.00 1363.15 87.697483 48.5852 0.955544 16.5108 3.35605 0.0222308 8.54252 0 7.95615 11.8468 2.0734 0.151286 0 0
500.00 1353.15 89.062074 48.6235 0.981932 16.4516 3.28792 0.0218909 8.68018 0 7.9052 11.8063 2.08182 0.15968 0 0
500.00 1343.15 90.112830 48.6722 1.00172 16.4104 3.2092 0.021636 8.79104 0 7.86302 11.7751 2.08784 0.167797 0 0
500.00 1333.15 91.090433 48.6976 1.02134 16.3711 3.09348 0.0214042 8.91683 0.0172714 7.82296 11.7596 2.08969 0.175724 0.0130529 0
500.00 1323.15 91.971413 48.7189 1.0399 16.3371 2.95612 0.0211995 9.04565 0.044229 7.78473 11.7498 2.08906 0.183697 0.0296303 0
500.00 1313.15 92.700425 48.7505 1.05545 16.3109 2.826 0.021033 9.15586 0.0669332 7.75063 11.7402 2.08779 0.191751 0.0429372 0
500.00 1303.15 93.314968 48.788 1.06874 16.29 2.70367 0.0208947 9.25214 0.0861656 7.72009 11.7305 2.08605 0.199826 0.0538661 0
500.00 1293.15 93.841311 48.8286 1.08024 16.2729 2.58894 0.0207777 9.33769 0.102546 7.69258 11.7209 2.08395 0.207891 0.0630096 0
500.00 1283.15 94.298406 48.871 1.09029 16.2584 2.48129 0.0206771 9.41475 0.116565 7.66764 11.7112 2.0816 0.215929 0.0707791 0
500.00 1273.15 94.700257 48.914 1.09913 16.2459 2.38009 0.0205895 9.48494 0.128618 7.6449 11.7013 2.07908 0.223927 0.0774705 0
500.00 1263.15 95.417923 49.0217 1.11674 16.2196 2.23135 0.0204348 9.56472 0.148112 7.6002 11.6746 2.07144 0.241572 0.0894987 0
500.00 1253.15 96.208599 49.1574 1.13325 16.1909 2.06704 0.0202671 9.64663 0.166912 7.54907 11.6394 2.06186 0.265097 0.102205 0
500.00 1243.15 96.911536 49.2888 1.14489 16.1665 1.91242 0.0201204 9.72378 0.181293 7.50258 11.6039 2.05264 0.290058 0.113028 0
500.00 1233.15 97.544019 49.4149 1.15299 16.1457 1.76675 0.0199904 9.79648 0.192296 7.45999 11.5685 2.0437 0.316241 0.122479 0
500.00 1223.15 98.038309 49.5182 1.15781 16.1301 1.64812 0.0198902 9.85597 0.199616 7.42628 11.5387 2.03624 0.339357 0.129745 0
500.00 1213.15 98.037846 49.5184 1.15782 16.1302 1.64341 0.0198903 9.86025 0.199617 7.42632 11.5387 2.03625 0.339359 0.129746 0
500.00 1203.15 98.037412 49.5186 1.15782 16.1303 1.639 0.0198904 9.86427 0.199618 7.42635 11.5388 2.03626 0.33936 0.129746 0
500.00 1193.15 98.037006 49.5189 1.15783 16.1303 1.63488 0.0198904 9.86803 0.199619 7.42638 11.5388 2.03627 0.339362 0.129747 0
500.00 1183.15 98.036628 49.519 1.15783 16.1304 1.63104 0.0198905 9.87153 0.199619 7.42641 11.5389 2.03628 0.339363 0.129747 0
500.00 1173.15 98.036278 49.5192 1.15784 16.1305 1.62748 0.0198906 9.87477 0.19962 7.42643 11.5389 2.03629 0.339364 0.129748 0