Title: Mk

System Thermodynamic Data:
Pressure Temperature mass F phi S H V dVdP*10^6 dVdT*10^6 Cp logfO2(absolute) logfO2-NNO rhol rhos viscosity aH2O chisqr
500.00 1523.15 100.097836 0.9989602539361875 0.964142 287.996702 -1194342.001833 41.123298 -3433.135864 5941.407508 151.966545 -7.007 0.000 2.521995 0.070579 1.598 0.999859 0.000
500.00 1513.15 100.098459 0.9990033134424141 0.965785 286.995920 -1195872.240086 41.011726 -3292.381555 5899.817158 151.963250 -7.116 0.000 2.524676 0.071100 1.634 0.999856 0.000
500.00 1503.15 100.099121 0.9990471805357214 0.967445 285.988548 -1197403.066821 40.900013 -3150.999122 5857.216437 151.960134 -7.225 0.000 2.527358 0.071630 1.671 0.999853 0.000
500.00 1493.15 100.099822 0.9990918754805225 0.969119 284.974496 -1198934.505583 40.788160 -3008.978354 5813.572689 151.957201 -7.336 0.000 2.530041 0.072169 1.708 0.99985 0.000
500.00 1483.15 100.100565 0.9991374191515926 0.970809 283.953671 -1200466.580888 40.676171 -2866.308923 5768.851707 151.954455 -7.449 0.000 2.532725 0.072718 1.746 0.999847 0.000
500.00 1473.15 100.101349 0.9991838331855162 0.972514 282.941245 -1201976.772662 40.564048 -2722.980043 5723.017525 148.657932 -7.563 0.000 2.535410 0.073277 1.784 0.999843 0.000
500.00 1463.15 100.102177 0.9992311401546978 0.974235 281.929054 -1203477.212094 40.451794 -2578.980076 5676.032177 148.647076 -7.679 0.000 2.538095 0.073846 1.823 0.99984 0.000
500.00 1453.15 100.103051 0.9992793629272749 0.975972 280.910015 -1204978.275558 40.339412 -2434.298330 5627.856195 148.635869 -7.796 0.000 2.540781 0.074425 1.862 0.999836 0.000
500.00 1443.15 100.103970 0.9993285250261440 0.977725 279.884034 -1206479.985892 40.226908 -2288.924137 5578.448195 148.624306 -7.915 0.000 2.543467 0.075015 1.902 0.999832 0.000
500.00 1433.15 100.104938 0.9993786506749116 0.979494 278.851016 -1207982.367044 40.114285 -2142.846805 5527.764731 148.612383 -8.035 0.000 2.546154 0.075616 1.942 0.999828 0.000
500.00 1423.15 100.105955 0.9994297648161179 0.981280 277.810862 -1209485.444138 40.001548 -1996.055640 5475.760173 148.600094 -8.157 0.000 2.548840 0.076229 1.983 0.999823 0.000
500.00 1413.15 100.107023 0.9994818931286639 0.983081 276.763471 -1210989.243529 39.888704 -1848.539974 5422.386575 148.587435 -8.281 0.000 2.551527 0.076854 2.024 0.999819 0.000
500.00 1403.15 100.107509 0.9972546798821474 0.982822 275.644492 -1212573.160166 39.782775 -1727.673051 5372.847065 148.454749 -8.407 0.000 2.553307 0.402145 2.073 0.999818 0.000
500.00 1393.15 100.107030 0.9791575626732869 0.964724 274.080288 -1214751.011145 39.810453 -2065.025133 5468.492929 147.667959 -8.535 0.000 2.552213 1.485718 2.141 0.99982 0.000
500.00 1383.15 100.113582 0.9239104088334882 0.901932 271.514446 -1218424.921312 40.259323 -3808.476021 6047.528225 145.584681 -8.664 0.000 2.547313 1.929419 2.228 0.999804 0.000
500.00 1373.15 100.124752 0.8710915904317002 0.844426 269.036512 -1222030.538753 40.665905 -5409.145164 6586.112420 143.592325 -8.795 0.000 2.539882 2.040112 2.329 0.999808 0.000
500.00 1363.15 100.148072 0.7588629983363738 0.709386 265.290570 -1227552.686183 42.382285 -10095.670912 8235.687169 139.915439 -8.929 0.000 2.527777 1.960677 2.474 0.999797 0.000
500.00 1353.15 100.198273 0.6451752070654980 0.587067 261.554251 -1233481.071353 44.049753 -14626.307110 9851.798422 136.264484 -9.064 0.000 2.499807 1.954572 2.704 0.999824 0.000
500.00 1343.15 100.240467 0.5485598106558449 0.489016 258.275381 -1238618.440611 45.521947 -18610.023278 11326.445749 133.274437 -9.201 0.000 2.470147 1.945430 2.953 0.999863 0.000
500.00 1333.15 100.268241 0.4692333130302849 0.411385 255.456169 -1242862.289383 46.789883 -22050.390498 12659.155570 130.929185 -9.340 0.000 2.444288 1.932339 3.192 0.999902 0.000
500.00 1323.15 100.308027 0.3656751413120155 0.312197 252.305414 -1247720.880840 48.501098 -26919.024982 14608.444187 128.505318 -9.481 0.000 2.422430 1.907355 3.352 0.99993 0.000
500.00 1313.15 100.315523 0.3055464569366718 0.257341 250.002308 -1250883.876170 49.526660 -29763.151337 15825.448794 126.951442 -9.625 0.000 2.404903 1.894012 3.541 0.999975 0.000
500.00 1303.15 100.315916 0.2582656627711110 0.215366 247.985600 -1253528.852306 50.321765 -32008.581819 16846.972776 125.742420 -9.771 0.000 2.390584 1.884496 3.721 1.00002 0.000
500.00 1293.15 100.312505 0.2200105902786035 0.182121 246.172712 -1255824.887772 50.937163 -33804.237440 17722.244389 124.778639 -9.919 0.000 2.379047 1.878106 3.888 1.00006 0.000
500.00 1283.15 100.306514 0.1891059671337133 0.155731 244.520414 -1257852.530073 51.397363 -35212.153071 18473.854359 124.190213 -10.069 0.000 2.369844 1.874439 4.042 1.00009 0.000
500.00 1273.15 100.298855 0.1641419720079812 0.134714 242.995108 -1259673.388055 51.726989 -36293.590324 19109.596685 123.575271 -10.221 0.000 2.362581 1.873059 4.184 1.00012 0.000
500.00 1263.15 100.290197 0.1439122000660856 0.117877 241.568746 -1261336.879891 51.949672 -37107.343646 19653.482684 123.067352 -10.376 0.000 2.356915 1.873548 4.315 1.00014 0.000
500.00 1253.15 100.281009 0.1274086791692392 0.104268 240.218240 -1262881.969372 52.086558 -37706.206302 20123.465226 122.640377 -10.534 0.000 2.352564 1.875538 4.434 1.00015 0.000
500.00 1243.15 100.271236 0.1133634324118078 0.092791 238.918001 -1264341.205114 52.159738 -38148.846632 20540.878932 122.254677 -10.694 0.000 2.348590 1.878795 4.560 1.00015 0.000
500.00 1233.15 100.261257 0.1014597733419879 0.083132 237.659617 -1265732.391819 52.179599 -38459.615641 20914.207059 121.908489 -10.857 0.000 2.345073 1.883056 4.687 1.00015 0.000
500.00 1223.15 100.251467 0.0915063242105862 0.075092 236.436874 -1267070.591168 52.154576 -38657.691537 21250.235735 121.604409 -11.022 0.000 2.342363 1.888086 4.805 1.00015 0.000
500.00 1213.15 100.238655 0.0821768542398538 0.067604 235.214525 -1268345.857270 52.120499 -38832.484037 21587.386649 121.301607 -11.190 0.000 2.337769 1.893152 4.971 1.00014 0.000
500.00 1203.15 100.225132 0.0737821721040186 0.060887 234.004785 -1269582.130282 52.064082 -38954.663492 21912.648787 121.017549 -11.361 0.000 2.332730 1.898601 5.157 1.00013 0.000
500.00 1193.15 100.211998 0.0663985119681196 0.054985 232.811192 -1270793.729756 51.981510 -39015.223607 22221.345429 120.757580 -11.534 0.000 2.328021 1.904555 5.343 1.00012 0.000
500.00 1183.15 100.199277 0.0598551273512861 0.049754 231.629732 -1271986.136884 51.876752 -39024.062069 22517.373128 120.517747 -11.711 0.000 2.323636 1.910955 5.531 1.00011 0.000
500.00 1173.15 100.186971 0.0540116710868898 0.045077 230.457053 -1273163.533810 51.753046 -38989.373560 22804.088467 120.294906 -11.890 0.000 2.319569 1.917753 5.720 1.0001 0.000
500.00 1163.15 100.175062 0.0487523371531838 0.040859 229.290334 -1274329.110181 51.613028 -38917.943146 23084.402512 120.086574 -12.073 0.000 2.315813 1.924915 5.909 1.00009 0.000
500.00 1153.15 100.161540 0.0423366945601298 0.035627 228.087524 -1275498.278314 51.485658 -38898.621904 23404.423811 119.867954 -12.259 0.000 2.311819 1.931890 6.109 1.00009 0.000
500.00 1143.15 100.146446 0.0350844416788310 0.029641 226.858359 -1276660.092023 51.364168 -38912.401345 23756.265414 119.644981 -12.448 0.000 2.307796 1.938796 6.318 1.00008 0.000
500.00 1133.15 100.131553 0.0284191853342211 0.024108 225.637778 -1277803.475270 51.225357 -38886.720921 24102.272588 119.437304 -12.641 0.000 2.304272 1.946091 6.525 1.00008 0.000
500.00 1123.15 100.116921 0.0222480559257608 0.018952 224.423508 -1278932.164251 51.071309 -38826.765293 24444.938583 119.243136 -12.837 0.000 2.301243 1.953750 6.730 1.00007 0.000
500.00 1113.15 100.102595 0.0164887057207795 0.014106 223.213533 -1280049.259608 50.903820 -38737.119186 24786.651003 119.061147 -13.036 0.000 2.298700 1.961752 6.933 1.00007 0.000
500.00 1103.15 100.088598 0.0110663673812617 0.009508 222.006010 -1281157.255792 50.724457 -38621.914787 25129.763951 118.890417 -13.239 0.000 2.296626 1.970077 7.132 1.00006 0.000
500.00 1093.15 100.074930 0.0059118346343213 0.005101 220.799210 -1282258.064488 50.534587 -38484.929445 25476.651055 118.730429 -13.446 0.000 2.294997 1.978712 7.327 1.00006 0.000
500.00 1083.15 100.058893 0.0000000000000000 0.000000 219.558755 -1283344.891639 50.347204 -38370.831514 25854.101553 118.567908 -13.656 0.000 0.000000 1.987377 7.438 1 0.000
500.00 1073.15 100.058992 0.0000000000000000 0.000000 218.428410 -1284565.186310 50.086545 -37997.382963 26093.779474 118.494713 -13.871 0.000 0.000000 1.997722 7.438 1 0.000
500.00 1063.15 100.059086 0.0000000000000000 0.000000 217.288413 -1285784.410309 49.823385 -37623.236854 26346.620194 118.431095 -14.089 0.000 0.000000 2.008276 7.438 1 0.000
500.00 1053.15 100.059175 0.0000000000000000 0.000000 216.138471 -1287002.673737 49.557582 -37248.357241 26613.715753 118.379788 -14.312 0.000 0.000000 2.019049 7.438 1 0.000
500.00 1043.15 100.041314 0.0000000000000000 0.000000 214.814864 -1288098.410527 49.062971 -36360.510251 26538.189776 118.313957 -14.539 0.000 0.000000 2.039039 7.438 1 0.000
500.00 1033.15 100.033755 0.0000000000000000 0.000000 213.565812 -1289273.208787 48.703740 -35779.991609 26683.966789 118.285850 -14.770 0.000 0.000000 2.053923 7.438 1 0.000
500.00 1023.15 100.026947 0.0000000000000000 0.000000 212.315389 -1290449.245172 48.355007 -35227.516128 26862.311095 118.286761 -15.006 0.000 0.000000 2.068595 7.438 1 0.000

Title: Mk

Liquid Composition:
Pressure Temperature mass SiO2 TiO2 Al2O3 Fe2O3 Cr2O3 FeO MnO MgO CaO Na2O K2O P2O5 H2O 
500.00 1523.15 99.993759 48.4098 1.24278 15.5886 2.39617 0.0205954 9.35187 0.195714 7.09463 11.2731 2.14307 0.303356 0.137 1.84327
500.00 1513.15 99.998692 48.4074 1.24272 15.5878 2.40228 0.0205943 9.34582 0.195704 7.09428 11.2726 2.14296 0.303341 0.136993 1.84749
500.00 1503.15 100.003744 48.405 1.24266 15.5871 2.40876 0.0205933 9.3394 0.195694 7.09392 11.272 2.14285 0.303326 0.136986 1.85179
500.00 1493.15 100.008919 48.4025 1.24259 15.5862 2.41564 0.0205922 9.33262 0.195684 7.09355 11.2714 2.14274 0.30331 0.136979 1.85616
500.00 1483.15 100.014220 48.3999 1.24253 15.5854 2.42292 0.0205911 9.32545 0.195674 7.09318 11.2708 2.14263 0.303294 0.136972 1.86062
500.00 1473.15 100.019650 48.3973 1.24246 15.5846 2.43062 0.02059 9.3179 0.195663 7.09279 11.2702 2.14251 0.303278 0.136964 1.86517
500.00 1463.15 100.025213 48.3946 1.24239 15.5837 2.43875 0.0205889 9.30995 0.195652 7.0924 11.2696 2.14239 0.303261 0.136957 1.8698
500.00 1453.15 100.030913 48.3918 1.24232 15.5828 2.44732 0.0205877 9.30158 0.195641 7.09199 11.2689 2.14227 0.303244 0.136949 1.87451
500.00 1443.15 100.036753 48.389 1.24225 15.5819 2.45635 0.0205865 9.29278 0.19563 7.09158 11.2683 2.14215 0.303226 0.136941 1.87932
500.00 1433.15 100.042738 48.3861 1.24217 15.581 2.46586 0.0205853 9.28354 0.195618 7.09115 11.2676 2.14202 0.303208 0.136933 1.88423
500.00 1423.15 100.048871 48.3832 1.2421 15.58 2.47585 0.020584 9.27384 0.195606 7.09072 11.2669 2.14189 0.303189 0.136924 1.88922
500.00 1413.15 100.055157 48.3801 1.24202 15.579 2.48635 0.0205827 9.26367 0.195594 7.09027 11.2662 2.14175 0.30317 0.136916 1.89432
500.00 1403.15 99.832681 48.3981 1.24479 15.6138 2.49675 0.0206286 9.2421 0.195379 7.00781 11.2903 2.14652 0.303846 0.137221 1.9028
500.00 1393.15 98.020555 48.4493 1.259 15.8415 2.50686 0.02101 9.24478 0.197009 6.67867 11.2441 2.18457 0.309463 0.139758 1.92394
500.00 1383.15 92.495981 48.5183 1.27552 16.4446 2.5077 0.0109245 9.38459 0.208359 6.20562 10.6986 2.30632 0.327947 0.148105 1.96337
500.00 1373.15 87.217830 48.7104 1.26882 17.0439 2.48619 0.00418154 9.4152 0.220407 5.74358 10.1591 2.43587 0.347793 0.157068 2.00751
500.00 1363.15 75.998666 49.6205 1.29676 16.8512 2.5077 0.00072304 9.5127 0.245728 5.21161 9.45931 2.66338 0.396986 0.180255 2.05318
500.00 1353.15 64.645442 51.2588 1.22713 16.7822 2.37998 0.000134433 8.90592 0.279597 4.65809 8.76983 2.93867 0.463363 0.211912 2.1244
500.00 1343.15 54.987892 53.0413 1.13915 16.6958 2.2096 5.66448e-005 8.11311 0.31687 4.16593 8.14423 3.1922 0.539781 0.24913 2.19287
500.00 1333.15 47.049199 54.7085 1.06514 16.5548 2.04447 3.50239e-005 7.36376 0.356018 3.75078 7.60158 3.39108 0.623671 0.291166 2.24899
500.00 1323.15 36.680152 55.8614 0.979361 16.3698 1.91436 2.17559e-005 6.67787 0.526231 3.34433 7.13448 3.7234 0.781408 0.373475 2.31382
500.00 1313.15 30.651053 57.1573 0.943301 16.0396 1.78781 1.85511e-005 6.08639 0.638483 2.96653 6.84944 3.81915 0.913032 0.446938 2.35196
500.00 1303.15 25.908156 58.338 0.920979 15.708 1.66383 1.70673e-005 5.54533 0.755367 2.65138 6.63837 3.82005 1.05091 0.528757 2.37898
500.00 1293.15 22.069813 59.3784 0.908015 15.3965 1.54376 1.64434e-005 5.0499 0.886739 2.38809 6.48494 3.74861 1.19615 0.620717 2.39818
500.00 1283.15 18.968560 60.2857 0.902225 15.111 1.42875 1.63892e-005 4.59722 1.03172 2.16562 6.37761 3.62056 1.34589 0.722201 2.41152
500.00 1273.15 16.463252 61.0685 0.901488 14.853 1.31996 1.6745e-005 4.18486 1.18872 1.97551 6.3055 3.45257 1.49708 0.832103 2.42075
500.00 1263.15 14.432983 61.7368 0.90395 14.6209 1.21822 1.7416e-005 3.81029 1.35593 1.81126 6.2593 3.25972 1.64709 0.949153 2.42734
500.00 1253.15 12.776671 62.3013 0.908141 14.4118 1.12393 1.83444e-005 3.47069 1.53171 1.66787 6.23188 3.05409 1.79387 1.0722 2.43242
500.00 1243.15 11.367092 62.8938 0.913322 14.2485 1.03502 1.9481e-005 3.16626 1.72165 1.53657 6.13147 2.84834 1.94154 1.12576 2.43774
500.00 1233.15 10.172484 63.485 0.918531 14.1199 0.952485 2.0809e-005 2.89308 1.92383 1.41731 5.98061 2.64693 2.08734 1.13137 2.44363
500.00 1223.15 9.173643 63.9997 0.922993 14.0054 0.877404 2.23294e-005 2.64603 2.1333 1.31121 5.83637 2.45124 2.22685 1.1395 2.44993
500.00 1213.15 8.237297 64.7057 0.927049 13.8756 0.801655 2.41705e-005 2.39846 2.19472 1.20165 5.67061 2.26107 2.38128 1.13539 2.44679
500.00 1203.15 7.394828 65.4533 0.929348 13.7482 0.729986 2.62392e-005 2.16542 2.19112 1.09809 5.49546 2.08045 2.5426 1.12658 2.43942
500.00 1193.15 6.653928 66.1627 0.929504 13.6309 0.664458 2.85037e-005 1.95321 2.17166 1.00415 5.31951 1.91074 2.70447 1.11768 2.43104
500.00 1183.15 5.997440 66.8338 0.927514 13.5225 0.604681 3.09811e-005 1.76037 2.13929 0.918852 5.14372 1.75191 2.86648 1.109 2.42186
500.00 1173.15 5.411266 67.4669 0.923422 13.4223 0.550242 3.36955e-005 1.58541 2.09653 0.841295 4.9691 1.60368 3.02832 1.1008 2.41203
500.00 1163.15 4.883768 68.0624 0.917296 13.3294 0.500721 3.66791e-005 1.42689 2.04547 0.770689 4.79661 1.46566 3.18976 1.09335 2.40169
500.00 1153.15 4.240509 68.634 0.882218 13.2648 0.456978 4.06613e-005 1.28572 1.96088 0.699421 4.60797 1.33366 3.40367 1.08287 2.38774
500.00 1143.15 3.513582 69.159 0.826083 13.2343 0.417455 4.58882e-005 1.15741 1.8499 0.629417 4.40685 1.20608 3.67305 1.07073 2.36971
500.00 1133.15 2.845657 69.6194 0.774019 13.2205 0.380639 5.19642e-005 1.03875 1.73902 0.566606 4.21141 1.08584 3.95252 1.06083 2.35038
500.00 1123.15 2.227407 70.0163 0.725688 13.2224 0.346492 5.90673e-005 0.929601 1.62979 0.510285 4.02272 0.973165 4.24029 1.0533 2.32999
500.00 1113.15 1.650562 70.3518 0.680762 13.2382 0.31496 6.74297e-005 0.829763 1.52348 0.459823 3.84188 0.868237 4.534 1.04825 2.30881
500.00 1103.15 1.107617 70.6293 0.638924 13.266 0.285971 7.73676e-005 0.738942 1.42112 0.414649 3.67 0.771197 4.83088 1.04581 2.28715
500.00 1093.15 0.591626 70.8532 0.599878 13.3034 0.259434 8.93267e-005 0.656773 1.32351 0.37424 3.50816 0.682103 5.12776 1.0461 2.26531
500.00 1083.15 0.000000 ---
500.00 1073.15 0.000000 ---
500.00 1063.15 0.000000 ---
500.00 1053.15 0.000000 ---
500.00 1043.15 0.000000 ---
500.00 1033.15 0.000000 ---
Title: Mk

liquid_0 thermodynamic data and composition:
Pressure Temperature mass S H V Cp viscosity SiO2 TiO2 Al2O3 Fe2O3 Cr2O3 FeO MnO MgO CaO Na2O K2O P2O5 H2O Mg#
500.00 1523.15 99.993759 286.849285 -1193220.529150 39.648682 151.674583 1.598 48.4098 1.24278 15.5886 2.39617 0.0205954 9.35187 0.195714 7.09463 11.2731 2.14307 0.303356 0.137 1.84327 57.5
500.00 1513.15 99.998692 285.897858 -1194794.406807 39.608530 151.683523 1.634 48.4074 1.24272 15.5878 2.40228 0.0205943 9.34582 0.195704 7.09428 11.2726 2.14296 0.303341 0.136993 1.84749 57.5
500.00 1503.15 100.003744 284.940581 -1196369.991811 39.568494 151.692847 1.671 48.405 1.24266 15.5871 2.40876 0.0205933 9.3394 0.195694 7.09392 11.272 2.14285 0.303326 0.136986 1.85179 57.5
500.00 1493.15 100.008919 283.977381 -1197947.336330 39.528576 151.702566 1.708 48.4025 1.24259 15.5862 2.41564 0.0205922 9.33262 0.195684 7.09355 11.2714 2.14274 0.30331 0.136979 1.85616 57.5
500.00 1483.15 100.014220 283.008180 -1199526.494403 39.488779 151.712690 1.746 48.3999 1.24253 15.5854 2.42292 0.0205911 9.32545 0.195674 7.09318 11.2708 2.14263 0.303294 0.136972 1.86062 57.5
500.00 1473.15 100.019650 282.048170 -1201084.976560 39.449105 148.429262 1.784 48.3973 1.24246 15.5846 2.43062 0.02059 9.3179 0.195663 7.09279 11.2702 2.14251 0.303278 0.136964 1.86517 57.6
500.00 1463.15 100.025213 281.089203 -1202634.945873 39.409558 148.431733 1.823 48.3946 1.24239 15.5837 2.43875 0.0205889 9.30995 0.195652 7.0924 11.2696 2.14239 0.303261 0.136957 1.8698 57.6
500.00 1453.15 100.030913 280.124217 -1204186.811194 39.370142 148.434092 1.862 48.3918 1.24232 15.5828 2.44732 0.0205877 9.30158 0.195641 7.09199 11.2689 2.14227 0.303244 0.136949 1.87451 57.6
500.00 1443.15 100.036753 279.153135 -1205740.628835 39.330858 148.436342 1.902 48.389 1.24225 15.5819 2.45635 0.0205865 9.29278 0.19563 7.09158 11.2683 2.14215 0.303226 0.136941 1.87932 57.6
500.00 1433.15 100.042738 278.175881 -1207296.457277 39.291710 148.438486 1.942 48.3861 1.24217 15.581 2.46586 0.0205853 9.28354 0.195618 7.09115 11.2676 2.14202 0.303208 0.136933 1.88423 57.6
500.00 1423.15 100.048871 277.192377 -1208854.357266 39.252702 148.440527 1.983 48.3832 1.2421 15.58 2.47585 0.020584 9.27384 0.195606 7.09072 11.2669 2.14189 0.303189 0.136924 1.88922 57.7
500.00 1413.15 100.055157 276.202541 -1210414.391909 39.213837 148.442469 2.024 48.3801 1.24202 15.579 2.48635 0.0205827 9.26367 0.195594 7.09027 11.2662 2.14175 0.30317 0.136916 1.89432 57.7
500.00 1403.15 99.832681 274.593284 -1209264.987487 39.099371 148.042007 2.073 48.3981 1.24479 15.6138 2.49675 0.0206286 9.2421 0.195379 7.00781 11.2903 2.14652 0.303846 0.137221 1.9028 57.5
500.00 1393.15 98.020555 268.734899 -1188643.309727 38.406099 145.071424 2.141 48.4493 1.259 15.8415 2.50686 0.02101 9.24478 0.197009 6.67867 11.2441 2.18457 0.309463 0.139758 1.92394 56.3
500.00 1383.15 92.495981 253.032903 -1122509.586310 36.311190 136.421281 2.228 48.5183 1.27552 16.4446 2.5077 0.0109245 9.38459 0.208359 6.20562 10.6986 2.30632 0.327947 0.148105 1.96337 54.1
500.00 1373.15 87.217830 238.116506 -1060511.035714 34.339329 128.209227 2.329 48.7104 1.26882 17.0439 2.48619 0.00418154 9.4152 0.220407 5.74358 10.1591 2.43587 0.347793 0.157068 2.00751 52.1
500.00 1363.15 75.998666 207.109140 -924034.767729 30.065414 110.996750 2.474 49.6205 1.29676 16.8512 2.5077 0.00072304 9.5127 0.245728 5.21161 9.45931 2.66338 0.396986 0.180255 2.05318 49.4
500.00 1353.15 64.645442 176.088133 -792007.497814 25.860176 93.855425 2.704 51.2588 1.22713 16.7822 2.37998 0.000134433 8.90592 0.279597 4.65809 8.76983 2.93867 0.463363 0.211912 2.1244 48.2
500.00 1343.15 54.987892 149.683240 -680136.355400 22.260979 79.403422 2.953 53.0413 1.13915 16.6958 2.2096 5.66448e-005 8.11311 0.31687 4.16593 8.14423 3.1922 0.539781 0.24913 2.19287 47.8
500.00 1333.15 47.049199 127.892376 -587159.057747 19.248633 67.604455 3.192 54.7085 1.06514 16.5548 2.04447 3.50239e-005 7.36376 0.356018 3.75078 7.60158 3.39108 0.623671 0.291166 2.24899 47.6
500.00 1323.15 36.680152 99.668245 -460508.162706 15.141885 52.497413 3.352 55.8614 0.979361 16.3698 1.91436 2.17559e-005 6.67787 0.526231 3.34433 7.13448 3.7234 0.781408 0.373475 2.31382 47.2
500.00 1313.15 30.651053 83.061898 -387089.287286 12.745233 43.664681 3.541 57.1573 0.943301 16.0396 1.78781 1.85511e-005 6.08639 0.638483 2.96653 6.84944 3.81915 0.913032 0.446938 2.35196 46.5
500.00 1303.15 25.908156 69.959952 -328984.097589 10.837587 36.750266 3.721 58.338 0.920979 15.708 1.66383 1.70673e-005 5.54533 0.755367 2.65138 6.63837 3.82005 1.05091 0.528757 2.37898 46.0
500.00 1293.15 22.069813 59.346093 -281640.771277 9.276747 31.184672 3.888 59.3784 0.908015 15.3965 1.54376 1.64434e-005 5.0499 0.886739 2.38809 6.48494 3.74861 1.19615 0.620717 2.39818 45.7
500.00 1283.15 18.968560 50.767638 -243156.172797 8.004138 26.708966 4.042 60.2857 0.902225 15.111 1.42875 1.63892e-005 4.59722 1.03172 2.16562 6.37761 3.62056 1.34589 0.722201 2.41152 45.6
500.00 1273.15 16.463252 43.838989 -211896.462336 6.968334 23.108179 4.184 61.0685 0.901488 14.853 1.31996 1.6745e-005 4.18486 1.18872 1.97551 6.3055 3.45257 1.49708 0.832103 2.42075 45.7
500.00 1263.15 14.432983 38.227428 -186437.383112 6.123676 20.200764 4.315 61.7368 0.90395 14.6209 1.21822 1.7416e-005 3.81029 1.35593 1.81126 6.2593 3.25972 1.64709 0.949153 2.42734 45.9
500.00 1253.15 12.776671 33.653596 -165571.514750 5.430956 17.836638 4.434 62.3013 0.908141 14.4118 1.12393 1.83444e-005 3.47069 1.53171 1.66787 6.23188 3.05409 1.79387 1.0722 2.43242 46.1
500.00 1243.15 11.367092 29.777894 -147739.813839 4.839964 15.821283 4.560 62.8938 0.913322 14.2485 1.03502 1.9481e-005 3.16626 1.72165 1.53657 6.13147 2.84834 1.94154 1.12576 2.43774 46.4
500.00 1233.15 10.172484 26.505610 -132567.023290 4.337811 14.112733 4.687 63.485 0.918531 14.1199 0.952485 2.0809e-005 2.89308 1.92383 1.41731 5.98061 2.64693 2.08734 1.13137 2.44363 46.6
500.00 1223.15 9.173643 23.774485 -119829.662205 3.916406 12.688402 4.805 63.9997 0.922993 14.0054 0.877404 2.23294e-005 2.64603 2.1333 1.31121 5.83637 2.45124 2.22685 1.1395 2.44993 46.9
500.00 1213.15 8.237297 21.224901 -107960.684979 3.523572 11.354820 4.971 64.7057 0.927049 13.8756 0.801655 2.41705e-005 2.39846 2.19472 1.20165 5.67061 2.26107 2.38128 1.13539 2.44679 47.2
500.00 1203.15 7.394828 18.941349 -97270.598128 3.170032 10.158640 5.157 65.4533 0.929348 13.7482 0.729986 2.62392e-005 2.16542 2.19112 1.09809 5.49546 2.08045 2.5426 1.12658 2.43942 47.5
500.00 1193.15 6.653928 16.942122 -87829.276980 2.858191 9.110621 5.343 66.1627 0.929504 13.6309 0.664458 2.85037e-005 1.95321 2.17166 1.00415 5.31951 1.91074 2.70447 1.11768 2.43104 47.8
500.00 1183.15 5.997440 15.179254 -79426.974600 2.581059 8.185532 5.531 66.8338 0.927514 13.5225 0.604681 3.09811e-005 1.76037 2.13929 0.918852 5.14372 1.75191 2.86648 1.109 2.42186 48.2
500.00 1173.15 5.411266 13.613431 -71891.002099 2.332875 7.362713 5.720 67.4669 0.923422 13.4223 0.550242 3.36955e-005 1.58541 2.09653 0.841295 4.9691 1.60368 3.02832 1.1008 2.41203 48.6
500.00 1163.15 4.883768 12.212324 -65078.563230 2.108878 6.625178 5.909 68.0624 0.917296 13.3294 0.500721 3.66791e-005 1.42689 2.04547 0.770689 4.79661 1.46566 3.18976 1.09335 2.40169 49.1
500.00 1153.15 4.240509 10.538436 -56671.421672 1.834274 5.735126 6.109 68.634 0.882218 13.2648 0.456978 4.06613e-005 1.28572 1.96088 0.699421 4.60797 1.33366 3.40367 1.08287 2.38774 49.2
500.00 1143.15 3.513582 8.676757 -47087.037851 1.522484 4.737650 6.318 69.159 0.826083 13.2343 0.417455 4.58882e-005 1.15741 1.8499 0.629417 4.40685 1.20608 3.67305 1.07073 2.36971 49.2
500.00 1133.15 2.845657 6.982577 -38234.550123 1.234948 3.826065 6.525 69.6194 0.774019 13.2205 0.380639 5.19642e-005 1.03875 1.73902 0.566606 4.21141 1.08584 3.95252 1.06083 2.35038 49.3
500.00 1123.15 2.227407 5.430475 -29999.315019 0.967914 2.986727 6.730 70.0163 0.725688 13.2224 0.346492 5.90673e-005 0.929601 1.62979 0.510285 4.02272 0.973165 4.24029 1.0533 2.32999 49.5
500.00 1113.15 1.650562 3.998133 -22279.195861 0.718041 2.207612 6.933 70.3518 0.680762 13.2382 0.31496 6.74297e-005 0.829763 1.52348 0.459823 3.84188 0.868237 4.534 1.04825 2.30881 49.7
500.00 1103.15 1.107617 2.665548 -14980.753606 0.482280 1.477895 7.132 70.6293 0.638924 13.266 0.285971 7.73676e-005 0.738942 1.42112 0.414649 3.67 0.771197 4.83088 1.04581 2.28715 50.0
500.00 1093.15 0.591626 1.414501 -8016.655085 0.257790 0.787646 7.327 70.8532 0.599878 13.3034 0.259434 8.93267e-005 0.656773 1.32351 0.37424 3.50816 0.682103 5.12776 1.0461 2.26531 50.4

orthopyroxene_0 thermodynamic data and composition:
Pressure Temperature mass S H V Cp structure formula SiO2 TiO2 Al2O3 Fe2O3 Cr2O3 FeO MnO MgO CaO Na2O K2O P2O5 H2O
500.00 1323.15 6.114756 13.979739 -75702.186093 1.851895 7.499604 opx Na0.00Ca0.07Fe''0.45Mg1.42Fe'''0.03Ti0.00Al0.10Si1.93O6 53.5004 0.120471 2.37491 1.09706 0 14.7584 0 26.3122 1.81662 0.0198741 0 0 0
500.00 1313.15 7.738218 17.599341 -95420.349756 2.338295 9.461099 opx Na0.00Ca0.07Fe''0.46Mg1.40Fe'''0.03Ti0.00Al0.10Si1.94O6 53.4569 0.109852 2.25033 1.04952 0 15.3435 0 25.9362 1.83344 0.0203462 0 0 0
500.00 1303.15 8.849432 20.021509 -108697.765308 2.668053 10.786388 opx Na0.00Ca0.07Fe''0.48Mg1.38Fe'''0.03Ti0.00Al0.09Si1.94O6 53.4052 0.10081 2.14057 1.00512 0 15.9169 0 25.5679 1.84297 0.0205486 0 0 0
500.00 1293.15 9.790511 22.035237 -119816.545661 2.945321 11.898006 opx Na0.00Ca0.07Fe''0.50Mg1.37Fe'''0.03Ti0.00Al0.09Si1.94O6 53.3497 0.0932614 2.04608 0.963959 0 16.4621 0 25.2199 1.84449 0.0205376 0 0 0
500.00 1283.15 10.606121 23.746765 -129351.965108 3.183903 12.852277 opx Na0.00Ca0.07Fe''0.52Mg1.35Fe'''0.03Ti0.00Al0.08Si1.94O6 53.2913 0.0869542 1.96519 0.925732 0 16.98 0 24.8916 1.8388 0.0203487 0 0 0
500.00 1273.15 11.328312 25.232060 -137716.359790 3.393706 13.689553 opx Na0.00Ca0.07Fe''0.53Mg1.34Fe'''0.02Ti0.00Al0.08Si1.95O6 53.2315 0.0816605 1.89604 0.89008 0 17.471 0 24.5829 1.82675 0.0200223 0 0 0
500.00 1263.15 11.979431 26.544014 -145197.142416 3.581639 14.437955 opx Na0.00Ca0.07Fe''0.55Mg1.33Fe'''0.02Ti0.00Al0.08Si1.95O6 53.1715 0.077179 1.8368 0.856638 0 17.9356 0 24.2935 1.80923 0.0195972 0 0 0
500.00 1253.15 12.574881 27.719088 -151992.087215 3.752470 15.116855 opx Na0.00Ca0.07Fe''0.56Mg1.31Fe'''0.02Ti0.00Al0.08Si1.95O6 53.1121 0.0733397 1.78577 0.825076 0 18.3752 0 24.0223 1.78706 0.0191062 0 0 0
500.00 1243.15 13.139723 28.813592 -158397.543074 3.913650 15.756328 opx Na0.00Ca0.07Fe''0.58Mg1.30Fe'''0.02Ti0.00Al0.08Si1.95O6 53.0521 0.0699729 1.74073 0.795015 0 18.8009 0 23.7614 1.7613 0.0185647 0 0 0
500.00 1233.15 13.673444 29.827621 -164416.997926 4.065148 16.356333 opx Na0.00Ca0.07Fe''0.59Mg1.29Fe'''0.02Ti0.00Al0.07Si1.95O6 52.9926 0.0669981 1.70101 0.766311 0 19.2099 0 23.5129 1.73233 0.0179947 0 0 0
500.00 1223.15 14.171880 30.753478 -170013.071837 4.205880 16.912591 opx Na0.00Ca0.07Fe''0.60Mg1.28Fe'''0.02Ti0.00Al0.07Si1.95O6 52.9351 0.0643502 1.66613 0.738853 0 19.598 0 23.2796 1.70052 0.0174163 0 0 0
500.00 1213.15 14.571778 31.452223 -174342.126475 4.316269 17.346283 opx Na0.00Ca0.07Fe''0.62Mg1.27Fe'''0.02Ti0.00Al0.07Si1.95O6 52.8674 0.0619196 1.63191 0.71197 0 20.0221 0 23.0208 1.66708 0.0167716 0 0 0
500.00 1203.15 14.959051 32.113806 -178493.927842 4.422435 17.762698 opx Na0.00Ca0.06Fe''0.63Mg1.26Fe'''0.02Ti0.00Al0.07Si1.95O6 52.7978 0.0597169 1.60038 0.685968 0 20.4461 0 22.7625 1.63141 0.0161141 0 0 0
500.00 1193.15 15.355769 32.786750 -182759.142710 4.531183 18.189236 opx Na0.00Ca0.06Fe''0.65Mg1.24Fe'''0.02Ti0.00Al0.07Si1.96O6 52.73 0.0577066 1.57213 0.660942 0 20.8544 0 22.5158 1.5936 0.0154704 0 0 0
500.00 1183.15 15.758101 33.462450 -187090.195568 4.641357 18.621239 opx Na0.00Ca0.06Fe''0.66Mg1.23Fe'''0.02Ti0.00Al0.07Si1.96O6 52.6637 0.0558457 1.54673 0.636831 0 21.2488 0 22.2793 1.554 0.0148432 0 0 0
500.00 1173.15 16.163488 34.135143 -191454.678640 4.752183 19.055576 opx Na0.00Ca0.06Fe''0.67Mg1.22Fe'''0.02Ti0.00Al0.07Si1.96O6 52.5988 0.0541003 1.52384 0.613593 0 21.6311 0 22.0515 1.51289 0.0142341 0 0 0
500.00 1163.15 16.570451 34.801452 -195832.998118 4.863203 19.490412 opx Na0.00Ca0.06Fe''0.69Mg1.21Fe'''0.02Ti0.00Al0.07Si1.96O6 52.5348 0.0524433 1.50322 0.5912 0 22.0031 0 21.831 1.47049 0.0136435 0 0 0
500.00 1153.15 17.062044 35.627389 -200998.701882 4.996610 20.014539 opx Na0.00Ca0.06Fe''0.70Mg1.20Fe'''0.02Ti0.00Al0.07Si1.96O6 52.4406 0.0492191 1.48876 0.574832 0 22.4689 0 21.5378 1.42684 0.013045 0 0 0
500.00 1143.15 17.622928 36.579094 -206793.283849 5.148070 20.610662 opx Na0.00Ca0.06Fe''0.72Mg1.18Fe'''0.02Ti0.00Al0.07Si1.96O6 52.3223 0.0450042 1.48044 0.563368 0 23.0054 0 21.1897 1.38134 0.0124447 0 0 0
500.00 1133.15 18.173656 37.496578 -212465.430438 5.296220 21.193335 opx Na0.00Ca0.05Fe''0.74Mg1.17Fe'''0.02Ti0.00Al0.07Si1.96O6 52.2087 0.0412899 1.4745 0.551964 0 23.5182 0 20.8592 1.33434 0.0118667 0 0 0
500.00 1123.15 18.711037 38.373670 -217983.039107 5.440197 21.759114 opx Na0.00Ca0.05Fe''0.75Mg1.15Fe'''0.02Ti0.00Al0.07Si1.96O6 52.0997 0.0379964 1.47066 0.540556 0 24.0077 0 20.5458 1.28628 0.0113102 0 0 0
500.00 1113.15 19.232923 39.206449 -223325.519356 5.579433 22.305753 opx Na0.00Ca0.05Fe''0.77Mg1.14Fe'''0.02Ti0.00Al0.07Si1.96O6 51.9954 0.0350579 1.4687 0.529098 0 24.4744 0 20.249 1.23753 0.0107745 0 0 0
500.00 1103.15 19.738197 39.993134 -228483.141012 5.713653 22.832166 opx Na0.00Ca0.05Fe''0.79Mg1.12Fe'''0.01Ti0.00Al0.07Si1.96O6 51.8957 0.0324201 1.46842 0.517568 0 24.9197 0 19.9676 1.1884 0.0102582 0 0 0
500.00 1093.15 20.226749 40.733969 -233456.378673 5.842857 23.338373 opx Na0.00Ca0.05Fe''0.80Mg1.11Fe'''0.01Ti0.00Al0.07Si1.96O6 51.8001 0.0300378 1.46969 0.505958 0 25.3449 0 19.7004 1.13912 0.00976004 0 0 0
500.00 1083.15 20.780183 41.587492 -239041.671911 5.989106 23.912633 opx Na0.00Ca0.04Fe''0.82Mg1.10Fe'''0.01Ti0.00Al0.07Si1.96O6 51.6919 0.0277227 1.47269 0.495425 0 25.8127 0 19.4021 1.08825 0.00928536 0 0 0
500.00 1073.15 20.845477 41.486902 -239866.682361 6.003323 23.958785 opx Na0.00Ca0.04Fe''0.82Mg1.10Fe'''0.01Ti0.00Al0.07Si1.96O6 51.6822 0.0264698 1.47656 0.478444 0 25.9098 0 19.3711 1.04645 0.00906876 0 0 0
500.00 1063.15 20.907903 41.377205 -240655.112918 6.016640 24.001214 opx Na0.00Ca0.04Fe''0.82Mg1.09Fe'''0.01Ti0.00Al0.07Si1.96O6 51.6715 0.0252503 1.48096 0.461761 0 26.0081 0 19.3385 1.00502 0.0088502 0 0 0
500.00 1053.15 20.967820 41.259152 -241410.878459 6.029162 24.040334 opx Na0.00Ca0.04Fe''0.83Mg1.09Fe'''0.01Ti0.00Al0.07Si1.96O6 51.66 0.0240645 1.48594 0.445387 0 26.1077 0 19.3044 0.963972 0.00862969 0 0 0
500.00 1043.15 21.028458 41.095637 -240951.948203 6.029231 24.032381 opx Na0.00Ca0.04Fe''0.85Mg1.07Fe'''0.01Ti0.00Al0.07Si1.96O6 51.5111 0.0218338 1.49188 0.438162 0 26.7176 0 18.9014 0.909817 0.00814422 0 0 0
500.00 1033.15 21.087519 40.950809 -241166.806674 6.035941 24.049763 opx Na0.00Ca0.04Fe''0.86Mg1.06Fe'''0.01Ti0.00Al0.07Si1.96O6 51.4388 0.0203589 1.49956 0.426196 0 27.0361 0 18.7076 0.863433 0.00784705 0 0 0

feldspar_0 thermodynamic data and composition:
Pressure Temperature mass S H V Cp formula SiO2 TiO2 Al2O3 Fe2O3 Cr2O3 FeO MnO MgO CaO Na2O K2O P2O5 H2O
500.00 1363.15 5.209907 12.191087 -72625.372378 1.938911 6.347135 K0.00Na0.16Ca0.84Al1.84Si2.16O8 47.0552 0 34.0411 0 0 0 0 0 17.1045 1.76789 0.0313487 0 0
500.00 1353.15 10.218531 23.867942 -142511.762565 3.808762 12.440590 K0.00Na0.18Ca0.82Al1.82Si2.18O8 47.6408 0 33.6453 0 0 0 0 0 16.6414 2.03538 0.0371345 0 0
500.00 1343.15 14.822987 34.564084 -206816.622905 5.534383 18.034660 K0.00Na0.21Ca0.79Al1.79Si2.21O8 48.2837 0 33.2107 0 0 0 0 0 16.1328 2.32877 0.0440072 0 0
500.00 1333.15 18.987340 44.198181 -265030.652360 7.101564 23.086529 K0.00Na0.23Ca0.76Al1.76Si2.24O8 48.9439 0 32.7642 0 0 0 0 0 15.6104 2.62937 0.0521683 0 0
500.00 1323.15 24.197887 56.248513 -337866.470541 9.069531 29.405150 K0.00Na0.26Ca0.73Al1.73Si2.27O8 49.7316 0 32.2298 0 0 0 0 0 14.9857 2.98379 0.0690795 0 0
500.00 1313.15 27.982866 64.917582 -390880.301354 10.505300 33.981359 K0.00Na0.29Ca0.71Al1.71Si2.29O8 50.3607 0 31.8028 0 0 0 0 0 14.4866 3.26602 0.083921 0 0
500.00 1303.15 31.126694 72.044352 -435000.776774 11.701748 37.770697 K0.01Na0.31Ca0.68Al1.68Si2.32O8 50.9081 0 31.4304 0 0 0 0 0 14.0517 3.50992 0.0998045 0 0
500.00 1293.15 33.738106 77.883870 -471742.292830 12.697873 40.905867 K0.01Na0.33Ca0.67Al1.67Si2.33O8 51.372 0 31.1142 0 0 0 0 0 13.6826 3.71459 0.11663 0 0
500.00 1283.15 35.885316 82.597252 -502054.590757 13.517962 43.658173 K0.01Na0.34Ca0.65Al1.65Si2.35O8 51.7532 0 30.8536 0 0 0 0 0 13.3786 3.88075 0.133877 0 0
500.00 1273.15 37.639652 86.356642 -526926.561908 14.188216 45.757292 K0.01Na0.35Ca0.64Al1.64Si2.36O8 52.0597 0 30.6432 0 0 0 0 0 13.1336 4.01241 0.151087 0 0
500.00 1263.15 39.070995 89.331202 -547326.375244 14.734770 47.456819 K0.01Na0.36Ca0.63Al1.63Si2.37O8 52.3031 0 30.4755 0 0 0 0 0 12.9384 4.11505 0.167934 0 0
500.00 1253.15 40.242616 91.674151 -564130.412224 15.181558 48.834814 K0.01Na0.37Ca0.62Al1.62Si2.38O8 52.4952 0 30.3425 0 0 0 0 0 12.7838 4.19431 0.184234 0 0
500.00 1243.15 41.223888 93.551667 -578300.356990 15.555042 49.976661 K0.01Na0.37Ca0.61Al1.61Si2.39O8 52.6486 0 30.2355 0 0 0 0 0 12.6598 4.25572 0.200467 0 0
500.00 1233.15 42.044808 95.037649 -590250.307995 15.866703 50.919650 K0.01Na0.38Ca0.61Al1.61Si2.39O8 52.7704 0 30.1498 0 0 0 0 0 12.5606 4.30266 0.216443 0 0
500.00 1223.15 42.729164 96.191050 -600308.577834 16.125697 51.693480 K0.01Na0.38Ca0.61Al1.61Si2.39O8 52.8668 0 30.0815 0 0 0 0 0 12.4818 4.33816 0.231819 0 0
500.00 1213.15 43.373534 97.232872 -609826.569320 16.368609 52.415511 K0.01Na0.38Ca0.60Al1.60Si2.40O8 52.9416 0 30.0276 0 0 0 0 0 12.4199 4.36376 0.24712 0 0
500.00 1203.15 43.944969 98.091824 -618337.562473 16.583218 53.046450 K0.02Na0.38Ca0.60Al1.60Si2.40O8 53.0002 0 29.9847 0 0 0 0 0 12.3708 4.38187 0.262411 0 0
500.00 1193.15 44.437083 98.756730 -625747.950901 16.767294 53.579211 K0.02Na0.39Ca0.60Al1.60Si2.40O8 53.0469 0 29.9498 0 0 0 0 0 12.3312 4.39446 0.277661 0 0
500.00 1183.15 44.862985 99.259514 -632238.720132 16.925919 54.030157 K0.02Na0.39Ca0.60Al1.60Si2.40O8 53.0844 0 29.9211 0 0 0 0 0 12.2987 4.40283 0.292941 0 0
500.00 1173.15 45.233196 99.625775 -637955.131655 17.063169 54.412468 K0.02Na0.39Ca0.60Al1.60Si2.40O8 53.1152 0 29.8969 0 0 0 0 0 12.2716 4.40797 0.308328 0 0
500.00 1163.15 45.556124 99.875969 -643013.201825 17.182308 54.736731 K0.02Na0.39Ca0.59Al1.59Si2.41O8 53.1408 0 29.8762 0 0 0 0 0 12.2485 4.41065 0.323902 0 0
500.00 1153.15 45.948162 100.265323 -649041.349812 17.327284 55.141990 K0.02Na0.39Ca0.59Al1.59Si2.41O8 53.1611 0 29.8575 0 0 0 0 0 12.2284 4.40697 0.346052 0 0
500.00 1143.15 46.392084 100.754584 -655795.295804 17.491688 55.607526 K0.02Na0.39Ca0.59Al1.59Si2.41O8 53.1777 0 29.8397 0 0 0 0 0 12.2097 4.3972 0.375671 0 0
500.00 1133.15 46.795845 101.143705 -661984.187016 17.640890 56.024171 K0.02Na0.39Ca0.59Al1.59Si2.41O8 53.1934 0 29.8218 0 0 0 0 0 12.1914 4.38549 0.407861 0 0
500.00 1123.15 47.167307 101.450900 -667717.045599 17.777909 56.401911 K0.03Na0.38Ca0.59Al1.59Si2.41O8 53.2091 0 29.8034 0 0 0 0 0 12.1725 4.3721 0.442868 0 0
500.00 1113.15 47.513288 101.691783 -673088.527160 17.905361 56.749532 K0.03Na0.38Ca0.59Al1.59Si2.41O8 53.2254 0 29.7839 0 0 0 0 0 12.1526 4.35721 0.48092 0 0
500.00 1103.15 47.839774 101.879877 -678181.883228 18.025540 57.074922 K0.03Na0.38Ca0.59Al1.59Si2.41O8 53.243 0 29.7628 0 0 0 0 0 12.1311 4.34098 0.522222 0 0
500.00 1093.15 48.152069 102.026966 -683071.008661 18.140477 57.385293 K0.03Na0.38Ca0.59Al1.59Si2.41O8 53.2623 0 29.7397 0 0 0 0 0 12.1075 4.32353 0.566955 0 0
500.00 1083.15 48.310038 101.825475 -685886.338076 18.194558 57.517234 K0.03Na0.38Ca0.59Al1.59Si2.41O8 53.2387 0 29.7546 0 0 0 0 0 12.1253 4.31005 0.571311 0 0
500.00 1073.15 48.221895 101.101263 -685271.033814 18.155691 57.365983 K0.03Na0.38Ca0.59Al1.59Si2.41O8 53.2169 0 29.7745 0 0 0 0 0 12.1468 4.31347 0.548399 0 0
500.00 1063.15 48.136711 100.380743 -684693.355438 18.118011 57.225618 K0.03Na0.38Ca0.59Al1.59Si2.41O8 53.1958 0 29.7937 0 0 0 0 0 12.1676 4.31688 0.526099 0 0
500.00 1053.15 48.054303 99.663296 -684150.943188 18.081444 57.098393 K0.03Na0.38Ca0.59Al1.59Si2.41O8 53.1755 0 29.8122 0 0 0 0 0 12.1876 4.32029 0.504402 0 0
500.00 1043.15 48.142386 99.299483 -686027.507178 18.109892 57.189072 K0.03Na0.38Ca0.59Al1.59Si2.41O8 53.1723 0 29.8191 0 0 0 0 0 12.194 4.33117 0.483407 0 0
500.00 1033.15 47.985809 98.412821 -684526.187374 18.043562 57.008640 K0.02Na0.38Ca0.59Al1.59Si2.41O8 53.124 0 29.8652 0 0 0 0 0 12.2433 4.34437 0.423125 0 0

spinel_0 thermodynamic data and composition:
Pressure Temperature mass S H V Cp formula SiO2 TiO2 Al2O3 Fe2O3 Cr2O3 FeO MnO MgO CaO Na2O K2O P2O5 H2O
500.00 1383.15 0.130128 0.281715 -906.803813 0.029435 0.129307 Fe''0.64Mg0.49Fe'''0.97Al0.56Cr0.21Ti0.13O4 0 5.15002 14.448 39.2035 8.06081 23.2305 0 9.90717 0 0 0 0 0
500.00 1373.15 0.368461 0.793026 -2466.940869 0.082647 0.362144 Fe''0.71Mg0.45Fe'''1.05Al0.51Cr0.12Ti0.16O4 0 6.19969 13.0583 41.8454 4.59941 25.2827 0 9.01448 0 0 0 0 0
500.00 1363.15 1.180508 2.512695 -7375.294611 0.260773 1.139520 Fe''0.81Mg0.40Fe'''1.14Al0.40Cr0.05Ti0.21O4 0 7.99003 9.90939 44.3528 1.69796 28.307 0 7.74282 0 0 0 0 0
500.00 1353.15 2.877735 6.076064 -17392.135354 0.630424 2.752476 Fe''0.87Mg0.36Fe'''1.17Al0.34Cr0.02Ti0.23O4 0 8.8642 8.44376 45.0099 0.712615 29.9301 0 7.03946 0 0 0 0 0
500.00 1343.15 4.400328 9.231399 -26067.545723 0.958438 4.182530 Fe''0.90Mg0.34Fe'''1.19Al0.31Cr0.01Ti0.24O4 0 9.32066 7.56804 45.1488 0.467304 30.9354 0 6.55986 0 0 0 0 0
500.00 1333.15 5.522144 11.518600 -32229.242606 1.197230 5.222501 Fe''0.93Mg0.32Fe'''1.19Al0.29Cr0.01Ti0.26O4 0 9.67623 6.90513 45.132 0.372638 31.7359 0 6.17812 0 0 0 0 0
500.00 1323.15 6.768803 14.039382 -38983.078212 1.461496 6.373986 Fe''0.95Mg0.31Fe'''1.20Al0.27Cr0.01Ti0.26O4 0 9.8136 6.38846 45.366 0.304132 32.2791 0 5.8487 0 0 0 0 0
500.00 1313.15 7.258433 14.965806 -41165.071762 1.559612 6.800652 Fe''0.98Mg0.29Fe'''1.21Al0.24Cr0.01Ti0.27O4 0 10.0841 5.79146 45.3396 0.283648 33.0731 0 5.42808 0 0 0 0 0
500.00 1303.15 7.546536 15.472925 -42259.888705 1.614711 7.039751 Fe''1.01Mg0.27Fe'''1.21Al0.22Cr0.01Ti0.28O4 0 10.3489 5.29295 45.2274 0.272836 33.7968 0 5.06102 0 0 0 0 0
500.00 1293.15 7.711443 15.727409 -42741.878385 1.644054 7.166502 Fe''1.03Mg0.25Fe'''1.22Al0.21Cr0.01Ti0.29O4 0 10.601 4.8794 45.0623 0.267012 34.4456 0 4.74468 0 0 0 0 0
500.00 1283.15 7.787606 15.802477 -42805.788651 1.655116 7.213438 Fe''1.05Mg0.24Fe'''1.21Al0.19Cr0.01Ti0.29O4 0 10.8442 4.53168 44.8559 0.264407 35.0342 0 4.46963 0 0 0 0 0
500.00 1273.15 7.801004 15.752616 -42590.696692 1.653451 7.204758 Fe''1.07Mg0.23Fe'''1.21Al0.18Cr0.01Ti0.30O4 0 11.0797 4.23585 44.6196 0.263957 35.5722 0 4.22867 0 0 0 0 0
500.00 1263.15 7.771062 15.618034 -42195.292245 1.643155 7.158322 Fe''1.09Mg0.22Fe'''1.21Al0.17Cr0.01Ti0.31O4 0 11.3072 3.98129 44.3639 0.264977 36.0667 0 4.01595 0 0 0 0 0
500.00 1253.15 7.711872 15.427541 -41687.612130 1.627161 7.086935 Fe''1.11Mg0.21Fe'''1.20Al0.16Cr0.01Ti0.31O4 0 11.5261 3.75971 44.0977 0.267013 36.5229 0 3.82658 0 0 0 0 0
500.00 1243.15 7.629345 15.193164 -41090.893024 1.606641 6.995676 Fe''1.12Mg0.20Fe'''1.20Al0.15Cr0.01Ti0.32O4 0 11.7461 3.56086 43.811 0.269903 36.9578 0 3.65435 0 0 0 0 0
500.00 1233.15 7.531524 14.931129 -40443.088433 1.583260 6.891846 Fe''1.14Mg0.19Fe'''1.19Al0.15Cr0.01Ti0.33O4 0 11.9621 3.3823 43.5158 0.27341 37.3689 0 3.49753 0 0 0 0 0
500.00 1223.15 7.425967 14.656418 -39779.121616 1.558570 6.782279 Fe''1.15Mg0.18Fe'''1.19Al0.14Cr0.01Ti0.33O4 0 12.1663 3.22264 43.2283 0.277298 37.7506 0 3.35485 0 0 0 0 0
500.00 1213.15 7.267826 14.281410 -38863.153149 1.523124 6.625280 Fe''1.17Mg0.18Fe'''1.18Al0.13Cr0.01Ti0.34O4 0 12.439 3.05902 42.813 0.283332 38.1904 0 3.21533 0 0 0 0 0
500.00 1203.15 7.091195 13.873781 -37872.969608 1.484112 6.452517 Fe''1.18Mg0.17Fe'''1.17Al0.13Cr0.01Ti0.35O4 0 12.7307 2.90446 42.3543 0.29039 38.6351 0 3.08506 0 0 0 0 0
500.00 1193.15 6.912930 13.466425 -36891.523311 1.445032 6.279431 Fe''1.20Mg0.16Fe'''1.15Al0.12Cr0.01Ti0.36O4 0 13.015 2.76321 41.8991 0.297879 39.0596 0 2.96515 0 0 0 0 0
500.00 1183.15 6.733982 13.061022 -35919.664669 1.406040 6.106750 Fe''1.21Mg0.16Fe'''1.14Al0.11Cr0.01Ti0.37O4 0 13.2907 2.63344 41.4515 0.305796 39.4645 0 2.85396 0 0 0 0 0
500.00 1173.15 6.554678 12.658057 -34955.698164 1.367170 5.934655 Fe''1.22Mg0.15Fe'''1.13Al0.11Cr0.01Ti0.37O4 0 13.5565 2.51365 41.0149 0.314161 39.8507 0 2.75008 0 0 0 0 0
500.00 1163.15 6.374861 12.257110 -33995.975366 1.328360 5.762914 Fe''1.24Mg0.15Fe'''1.12Al0.10Cr0.01Ti0.38O4 0 13.8111 2.40261 40.5923 0.323023 40.2186 0 2.65236 0 0 0 0 0
500.00 1153.15 6.018767 11.514717 -31981.283069 1.252020 5.432204 Fe''1.24Mg0.14Fe'''1.13Al0.10Cr0.01Ti0.38O4 0 13.7203 2.3221 40.7703 0.342136 40.3267 0 2.51838 0 0 0 0 0
500.00 1143.15 5.529252 10.519997 -29190.988909 1.147586 4.982378 Fe''1.24Mg0.13Fe'''1.15Al0.10Cr0.01Ti0.37O4 0 13.3398 2.26739 41.454 0.372428 40.2042 0 2.36215 0 0 0 0 0
500.00 1133.15 5.068268 9.590052 -26598.360118 1.049672 4.560160 Fe''1.24Mg0.12Fe'''1.17Al0.10Cr0.01Ti0.36O4 0 12.969 2.21728 42.1183 0.406304 40.0678 0 2.22137 0 0 0 0 0
500.00 1123.15 4.634964 8.722168 -24190.633643 0.958003 4.164445 Fe''1.24Mg0.12Fe'''1.19Al0.09Cr0.01Ti0.35O4 0 12.6063 2.17124 42.765 0.444292 39.9192 0 2.09397 0 0 0 0 0
500.00 1113.15 4.228256 7.913286 -21955.231452 0.872275 3.793982 Fe''1.23Mg0.11Fe'''1.21Al0.09Cr0.01Ti0.34O4 0 12.2505 2.12884 43.3957 0.487032 39.7597 0 1.97818 0 0 0 0 0
500.00 1103.15 3.846716 7.159796 -19878.948493 0.792123 3.447257 Fe''1.23Mg0.10Fe'''1.23Al0.09Cr0.02Ti0.33O4 0 11.9004 2.08968 44.0114 0.535345 39.5907 0 1.87247 0 0 0 0 0
500.00 1093.15 3.488512 6.457435 -17947.488105 0.717111 3.122438 Fe''1.22Mg0.10Fe'''1.25Al0.09Cr0.02Ti0.32O4 0 11.5547 2.05341 44.613 0.590325 39.413 0 1.7755 0 0 0 0 0
500.00 1083.15 3.086194 5.681061 -15807.639574 0.633302 2.758910 Fe''1.22Mg0.09Fe'''1.27Al0.09Cr0.02Ti0.31O4 0 11.206 2.01649 45.1993 0.667297 39.2319 0 1.67907 0 0 0 0 0
500.00 1073.15 3.082445 5.643656 -15743.284035 0.631729 2.753125 Fe''1.21Mg0.09Fe'''1.28Al0.09Cr0.02Ti0.31O4 0 10.8978 2.00146 45.7841 0.668109 39.0192 0 1.62931 0 0 0 0 0
500.00 1063.15 3.079011 5.606688 -15681.443544 0.630229 2.747623 Fe''1.21Mg0.09Fe'''1.30Al0.09Cr0.02Ti0.30O4 0 10.5929 1.98612 46.3636 0.668854 38.8079 0 1.58063 0 0 0 0 0
500.00 1053.15 3.075870 5.570111 -15622.031255 0.628799 2.742377 Fe''1.20Mg0.09Fe'''1.32Al0.09Cr0.02Ti0.29O4 0 10.2916 1.97049 46.9371 0.669537 38.5983 0 1.53302 0 0 0 0 0
500.00 1043.15 2.664905 4.797648 -13473.982201 0.543816 2.372844 Fe''1.20Mg0.08Fe'''1.33Al0.08Cr0.02Ti0.28O4 0 9.95269 1.92347 47.4888 0.772789 38.4272 0 1.43509 0 0 0 0 0
500.00 1033.15 2.492828 4.462100 -12562.200590 0.507971 2.217240 Fe''1.19Mg0.08Fe'''1.35Al0.08Cr0.02Ti0.27O4 0 9.63996 1.89536 48.0365 0.826133 38.2313 0 1.37073 0 0 0 0 0

water thermodynamic data and composition:
Pressure Temperature mass S H V Cp formula
500.00 1523.15 0.104076 1.147416 -1121.472683 1.474616 0.291962 H2O
500.00 1513.15 0.099767 1.098062 -1077.833279 1.403196 0.279727 H2O
500.00 1503.15 0.095376 1.047967 -1033.075010 1.331518 0.267287 H2O
500.00 1493.15 0.090903 0.997116 -987.169253 1.259584 0.254635 H2O
500.00 1483.15 0.086345 0.945491 -940.086485 1.187392 0.241765 H2O
500.00 1473.15 0.081699 0.893076 -891.796102 1.114942 0.228669 H2O
500.00 1463.15 0.076965 0.839851 -842.266221 1.042235 0.215343 H2O
500.00 1453.15 0.072138 0.785798 -791.464364 0.969271 0.201777 H2O
500.00 1443.15 0.067217 0.730899 -739.357057 0.896050 0.187964 H2O
500.00 1433.15 0.062200 0.675135 -685.909768 0.822575 0.173897 H2O
500.00 1423.15 0.057084 0.618485 -631.086872 0.748846 0.159567 H2O
500.00 1413.15 0.051866 0.560930 -574.851621 0.674867 0.144965 H2O
500.00 1403.15 0.047618 0.514041 -529.098589 0.614498 0.133084 H2O
500.00 1393.15 0.061379 0.661370 -683.720985 0.785500 0.171545 H2O
500.00 1383.15 0.131191 1.410955 -1465.036556 1.664788 0.366680 H2O
500.00 1373.15 0.196328 2.107520 -2197.923301 2.470160 0.548810 H2O
500.00 1363.15 0.386840 4.144702 -4341.549061 4.825216 1.081579 H2O
500.00 1353.15 0.573901 6.137116 -6457.015798 7.096095 1.605032 H2O
500.00 1343.15 0.741420 7.913123 -8362.521330 9.086464 2.074264 H2O
500.00 1333.15 0.889098 9.470689 -10053.072073 10.798900 2.488507 H2O
500.00 1323.15 1.098517 11.678264 -12451.732161 13.221626 3.076265 H2O
500.00 1313.15 1.226332 13.010998 -13934.874118 14.624534 3.436321 H2O
500.00 1303.15 1.330882 14.091717 -15160.180818 15.723709 3.731958 H2O
500.00 1293.15 1.417957 14.983050 -16191.839630 16.594503 3.979401 H2O
500.00 1283.15 1.489801 15.709728 -17054.065891 17.268604 4.184936 H2O
500.00 1273.15 1.548697 16.296730 -17771.794093 17.777204 4.354963 H2O
500.00 1263.15 1.596894 16.768465 -18369.795319 18.150090 4.495788 H2O
500.00 1253.15 1.636448 17.147169 -18870.907255 18.413934 4.613195 H2O
500.00 1243.15 1.669749 17.458362 -19302.021052 18.598180 4.713917 H2O
500.00 1233.15 1.697727 17.712148 -19673.406388 18.715135 4.800595 H2O
500.00 1223.15 1.721110 17.916447 -19993.090160 18.774490 4.875307 H2O
500.00 1213.15 1.743843 18.112503 -20306.608442 18.820300 4.949262 H2O
500.00 1203.15 1.764569 18.286277 -20598.089092 18.838225 5.018684 H2O
500.00 1193.15 1.782822 18.433064 -20861.921535 18.823954 5.082307 H2O
500.00 1183.15 1.799000 18.557112 -21102.574915 18.782419 5.141319 H2O
500.00 1173.15 1.813434 18.661957 -21323.786964 18.717688 5.196736 H2O
500.00 1163.15 1.826402 18.750534 -21528.684538 18.633110 5.249423 H2O
500.00 1153.15 1.842126 18.866179 -21767.067117 18.571698 5.311645 H2O
500.00 1143.15 1.859765 19.000046 -22029.215639 18.523961 5.381178 H2O
500.00 1133.15 1.875829 19.116380 -22273.868906 18.454739 5.448101 H2O
500.00 1123.15 1.890530 19.217426 -22503.447223 18.366555 5.513151 H2O
500.00 1113.15 1.904059 19.305186 -22720.136572 18.261619 5.577023 H2O
500.00 1103.15 1.916593 19.381486 -22925.962186 18.141899 5.640387 H2O
500.00 1093.15 1.928295 19.448020 -23122.837467 18.009166 5.703904 H2O
500.00 1083.15 1.941436 19.527628 -23337.991888 17.884492 5.774521 H2O
500.00 1073.15 1.941436 19.473910 -23395.906945 17.634745 5.808958 H2O
500.00 1063.15 1.941436 19.419354 -23454.180831 17.382526 5.846329 H2O
500.00 1053.15 1.941436 19.363913 -23512.844208 17.127700 5.886905 H2O
500.00 1043.15 1.914433 19.038995 -23244.072410 16.635479 5.848498 H2O
500.00 1033.15 1.903285 18.871898 -23167.096928 16.283243 5.861441 H2O

clinopyroxene_0 thermodynamic data and composition:
Pressure Temperature mass S H V Cp structure formula SiO2 TiO2 Al2O3 Fe2O3 Cr2O3 FeO MnO MgO CaO Na2O K2O P2O5 H2O
500.00 1393.15 1.151721 2.628762 -14793.212309 0.354800 1.353842 cpx Na0.01Ca0.85Fe''0.15Mg0.84Fe'''0.07Ti0.02Al0.23Si1.83O6 49.7259 0.748676 5.18098 2.65308 0 4.88197 0 15.2091 21.4613 0.139027 0 0 0
500.00 1383.15 6.436061 14.634651 -82432.904127 1.976967 7.544389 cpx Na0.01Ca0.84Fe''0.16Mg0.82Fe'''0.08Ti0.02Al0.24Si1.82O6 49.2347 0.873246 5.56587 2.83797 0 5.15194 0 14.8549 21.331 0.150447 0 0 0
500.00 1373.15 11.362654 25.738630 -145126.465694 3.480364 13.282815 cpx Na0.01Ca0.84Fe''0.17Mg0.80Fe'''0.08Ti0.03Al0.26Si1.81O6 48.7625 0.996485 5.93351 3.01074 0 5.42652 0 14.5152 21.1929 0.162131 0 0 0
500.00 1363.15 15.261861 34.448415 -194227.081282 4.663979 17.805838 cpx Na0.01Ca0.83Fe''0.18Mg0.80Fe'''0.09Ti0.03Al0.26Si1.81O6 48.6655 1.06714 5.83448 3.06664 0 5.90767 0 14.4169 20.8667 0.174928 0 0 0
500.00 1353.15 19.031471 42.821985 -241730.078274 5.810251 22.192421 cpx Na0.01Ca0.81Fe''0.20Mg0.81Fe'''0.08Ti0.03Al0.24Si1.82O6 48.8884 1.02111 5.55735 2.96716 0 6.37581 0 14.55 20.455 0.185127 0 0 0
500.00 1343.15 21.970791 49.288133 -278702.424308 6.704050 25.621969 cpx Na0.01Ca0.80Fe''0.21Mg0.82Fe'''0.08Ti0.03Al0.23Si1.83O6 49.2102 0.938394 5.23929 2.81259 0 6.83767 0 14.7782 19.9906 0.193048 0 0 0
500.00 1333.15 24.244744 54.230599 -307146.890242 7.393960 28.280660 cpx Na0.01Ca0.77Fe''0.23Mg0.83Fe'''0.07Ti0.02Al0.22Si1.84O6 49.5312 0.85474 4.93462 2.65092 0 7.3176 0 15.039 19.473 0.198843 0 0 0
500.00 1323.15 25.237586 56.214536 -319803.980050 7.693212 29.404512 cpx Na0.02Ca0.78Fe''0.23Mg0.83Fe'''0.07Ti0.02Al0.21Si1.84O6 49.6539 0.839399 4.78092 2.59124 0 7.43617 0 14.9996 19.485 0.213787 0 0 0
500.00 1313.15 25.458621 56.446683 -322393.991893 7.753687 29.607330 cpx Na0.02Ca0.78Fe''0.24Mg0.82Fe'''0.07Ti0.02Al0.20Si1.85O6 49.7219 0.837141 4.62514 2.54787 0 7.63107 0 14.863 19.5507 0.223195 0 0 0
500.00 1303.15 25.554215 56.395145 -323426.143113 7.775958 29.663360 cpx Na0.02Ca0.78Fe''0.24Mg0.82Fe'''0.07Ti0.02Al0.20Si1.85O6 49.7782 0.838172 4.48402 2.50288 0 7.81454 0 14.7245 19.6273 0.230449 0 0 0
500.00 1293.15 25.584675 56.197054 -323691.559990 7.778665 29.644191 cpx Na0.02Ca0.79Fe''0.25Mg0.81Fe'''0.07Ti0.02Al0.19Si1.85O6 49.8226 0.843027 4.36088 2.45707 0 7.97679 0 14.5872 19.7164 0.236004 0 0 0
500.00 1283.15 25.569110 55.896553 -323429.946869 7.767640 29.572423 cpx Na0.02Ca0.79Fe''0.25Mg0.80Fe'''0.07Ti0.02Al0.19Si1.86O6 49.8553 0.851958 4.25533 2.41102 0 8.11857 0 14.4521 19.8156 0.240083 0 0 0
500.00 1273.15 25.517937 55.518071 -322771.513236 7.746080 29.460527 cpx Na0.02Ca0.80Fe''0.26Mg0.80Fe'''0.07Ti0.02Al0.18Si1.86O6 49.8771 0.864931 4.16616 2.36506 0 8.24041 0 14.3203 19.9231 0.242973 0 0 0
500.00 1263.15 25.438832 55.079603 -321810.891555 7.716341 29.317705 cpx Na0.02Ca0.80Fe''0.26Mg0.79Fe'''0.07Ti0.02Al0.18Si1.86O6 49.8897 0.881736 4.0917 2.31934 0 8.34309 0 14.1927 20.0367 0.244973 0 0 0
500.00 1253.15 25.338520 54.596696 -320629.435798 7.680480 29.151940 cpx Na0.02Ca0.81Fe''0.26Mg0.78Fe'''0.06Ti0.03Al0.18Si1.86O6 49.8946 0.902095 4.03012 2.27396 0 8.42783 0 14.0703 20.1548 0.246345 0 0 0
500.00 1243.15 25.220147 54.076492 -319247.750100 7.639309 28.966429 cpx Na0.02Ca0.81Fe''0.27Mg0.78Fe'''0.06Ti0.03Al0.18Si1.86O6 49.8923 0.926023 3.97842 2.22899 0 8.50121 0 13.9513 20.2746 0.247217 0 0 0
500.00 1233.15 25.089595 53.532295 -317743.150230 7.594669 28.768232 cpx Na0.02Ca0.82Fe''0.27Mg0.77Fe'''0.06Ti0.03Al0.17Si1.86O6 49.8839 0.953308 3.93604 2.1845 0 8.56201 0 13.8367 20.3958 0.247781 0 0 0
500.00 1223.15 24.953129 52.978014 -316200.143701 7.548529 28.564885 cpx Na0.02Ca0.82Fe''0.27Mg0.77Fe'''0.06Ti0.03Al0.17Si1.87O6 49.8706 0.983622 3.90264 2.14052 0 8.60819 0 13.7282 20.5181 0.248219 0 0 0
500.00 1213.15 24.799618 52.387902 -314390.046335 7.496616 28.340076 cpx Na0.02Ca0.83Fe''0.27Mg0.76Fe'''0.06Ti0.03Al0.17Si1.87O6 49.8438 1.02128 3.87305 2.09765 0 8.66957 0 13.6099 20.6367 0.248073 0 0 0
500.00 1203.15 24.640916 51.788904 -312517.860856 7.443081 28.109653 cpx Na0.02Ca0.83Fe''0.27Mg0.75Fe'''0.06Ti0.03Al0.17Si1.87O6 49.8082 1.06446 3.85072 2.05578 0 8.72689 0 13.4914 20.7547 0.247823 0 0 0
500.00 1193.15 24.483969 51.196395 -310694.105082 7.390264 27.882541 cpx Na0.02Ca0.84Fe''0.27Mg0.75Fe'''0.06Ti0.03Al0.17Si1.86O6 49.7662 1.11205 3.83672 2.0149 0 8.77219 0 13.3772 20.873 0.247707 0 0 0
500.00 1183.15 24.330732 50.614309 -308939.585093 7.338716 27.660810 cpx Na0.02Ca0.84Fe''0.28Mg0.74Fe'''0.06Ti0.03Al0.17Si1.86O6 49.7177 1.1643 3.83079 1.97514 0 8.80663 0 13.2666 20.9911 0.247776 0 0 0
500.00 1173.15 24.182757 50.045636 -307270.111239 7.288859 27.446036 cpx Na0.02Ca0.85Fe''0.28Mg0.74Fe'''0.05Ti0.03Al0.17Si1.86O6 49.6619 1.22157 3.83293 1.93669 0 8.8313 0 13.1591 21.1085 0.248066 0 0 0
500.00 1163.15 24.041290 49.492665 -305697.838779 7.241018 27.239426 cpx Na0.02Ca0.85Fe''0.28Mg0.73Fe'''0.05Ti0.04Al0.17Si1.86O6 49.5979 1.28437 3.84332 1.8997 0 8.84724 0 13.0538 21.225 0.248612 0 0 0
500.00 1153.15 23.901103 48.945838 -304003.636459 7.193824 27.033685 cpx Na0.02Ca0.86Fe''0.28Mg0.72Fe'''0.05Ti0.04Al0.17Si1.86O6 49.5888 1.29558 3.81729 1.8625 0 8.93097 0 12.9481 21.309 0.247829 0 0 0
500.00 1143.15 23.759859 48.400185 -302197.885665 7.146751 26.826876 cpx Na0.02Ca0.86Fe''0.28Mg0.72Fe'''0.05Ti0.04Al0.17Si1.86O6 49.63 1.26148 3.75896 1.82389 0 9.06677 0 12.8452 21.3678 0.245845 0 0 0
500.00 1133.15 23.622303 47.864125 -300480.640807 7.101092 26.625673 cpx Na0.02Ca0.86Fe''0.29Mg0.71Fe'''0.05Ti0.03Al0.16Si1.87O6 49.6672 1.23242 3.70705 1.78495 0 9.18547 0 12.7486 21.4303 0.24405 0 0 0
500.00 1123.15 23.488639 47.338006 -298853.828189 7.056928 26.430350 cpx Na0.02Ca0.87Fe''0.29Mg0.71Fe'''0.05Ti0.03Al0.16Si1.87O6 49.7014 1.20764 3.66064 1.74551 0 9.28745 0 12.6589 21.496 0.242417 0 0 0
500.00 1113.15 23.358973 46.821935 -297317.442016 7.014300 26.241020 cpx Na0.02Ca0.87Fe''0.29Mg0.71Fe'''0.05Ti0.03Al0.16Si1.87O6 49.7339 1.18651 3.61894 1.70547 0 9.37331 0 12.5767 21.5643 0.240917 0 0 0
500.00 1103.15 23.233331 46.315814 -295869.703277 6.973212 26.057661 cpx Na0.02Ca0.87Fe''0.30Mg0.70Fe'''0.05Ti0.03Al0.16Si1.87O6 49.7653 1.16845 3.58123 1.66477 0 9.44387 0 12.5019 21.6349 0.239523 0 0 0
500.00 1093.15 23.111670 45.819381 -294507.237348 6.933639 25.880131 cpx Na0.02Ca0.88Fe''0.30Mg0.70Fe'''0.05Ti0.03Al0.16Si1.87O6 49.7963 1.15299 3.54687 1.62337 0 9.50021 0 12.4347 21.7074 0.238204 0 0 0
500.00 1083.15 22.988500 45.320300 -293065.043560 6.893149 25.698885 cpx Na0.02Ca0.88Fe''0.30Mg0.69Fe'''0.04Ti0.03Al0.16Si1.88O6 49.8258 1.13579 3.50953 1.58328 0 9.5788 0 12.3565 21.7728 0.237506 0 0 0
500.00 1073.15 22.915844 44.931578 -292819.211418 6.872244 25.594241 cpx Na0.02Ca0.88Fe''0.30Mg0.69Fe'''0.04Ti0.03Al0.16Si1.88O6 49.859 1.14832 3.51916 1.53704 0 9.43747 0 12.3811 21.8773 0.240636 0 0 0
500.00 1063.15 22.847140 44.550325 -292620.977366 6.852546 25.493918 cpx Na0.02Ca0.89Fe''0.29Mg0.70Fe'''0.04Ti0.03Al0.16Si1.88O6 49.8927 1.16094 3.52859 1.49077 0 9.29605 0 12.4081 21.979 0.24379 0 0 0
500.00 1053.15 22.782140 44.175897 -292467.639261 6.833980 25.397599 cpx Na0.02Ca0.89Fe''0.29Mg0.70Fe'''0.04Ti0.03Al0.16Si1.88O6 49.927 1.17369 3.53786 1.44453 0 9.15439 0 12.4375 22.0781 0.24697 0 0 0
500.00 1043.15 22.731923 43.817350 -291772.447467 6.814200 25.291354 cpx Na0.02Ca0.89Fe''0.29Mg0.69Fe'''0.04Ti0.03Al0.15Si1.88O6 49.9651 1.1444 3.47796 1.40666 0 9.30385 0 12.334 22.1213 0.246743 0 0 0
500.00 1033.15 22.680027 43.462413 -291477.970161 6.797206 25.198221 cpx Na0.02Ca0.89Fe''0.29Mg0.69Fe'''0.04Ti0.03Al0.15Si1.88O6 50.001 1.14036 3.45926 1.36484 0 9.2833 0 12.3088 22.193 0.249542 0 0 0

feldspar_1 thermodynamic data and composition:
Pressure Temperature mass S H V Cp formula SiO2 TiO2 Al2O3 Fe2O3 Cr2O3 FeO MnO MgO CaO Na2O K2O P2O5 H2O
500.00 1083.15 0.201573 0.423306 -2731.908840 0.080151 0.236455 K0.79Na0.19Ca0.02Al1.02Si2.98O8 64.9989 0 18.9119 0 0 0 0 0 0.435885 2.09153 13.5618 0 0
500.00 1073.15 0.285287 0.595816 -3869.041892 0.113417 0.334423 K0.80Na0.18Ca0.02Al1.02Si2.98O8 65.0096 0 18.889 0 0 0 0 0 0.414483 2.05528 13.6316 0 0
500.00 1063.15 0.365597 0.759290 -4961.500354 0.145316 0.428287 K0.80Na0.18Ca0.02Al1.02Si2.98O8 65.0195 0 18.8667 0 0 0 0 0 0.393838 2.01886 13.7011 0 0
500.00 1053.15 0.442628 0.914078 -6010.865368 0.175899 0.518216 K0.81Na0.18Ca0.02Al1.02Si2.98O8 65.0284 0 18.8451 0 0 0 0 0 0.373932 1.98227 13.7702 0 0

apatite thermodynamic data and composition:
Pressure Temperature mass S H V Cp formula
500.00 1243.15 0.021293 0.046828 -262.827035 0.006953 0.024384 Ca5(PO4)3OH
500.00 1233.15 0.051674 0.113165 -638.417558 0.016873 0.059100 Ca5(PO4)3OH
500.00 1223.15 0.076574 0.166982 -946.923815 0.025004 0.087464 Ca5(PO4)3OH
500.00 1213.15 0.102546 0.222656 -1269.258445 0.033485 0.116974 Ca5(PO4)3OH
500.00 1203.15 0.126650 0.273797 -1569.046357 0.041355 0.144277 Ca5(PO4)3OH
500.00 1193.15 0.147739 0.317984 -1831.997590 0.048242 0.168073 Ca5(PO4)3OH
500.00 1183.15 0.166279 0.356297 -2063.787422 0.054296 0.188905 Ca5(PO4)3OH
500.00 1173.15 0.182662 0.389642 -2269.200712 0.059645 0.207228 Ca5(PO4)3OH
500.00 1163.15 0.197220 0.418782 -2452.289473 0.064399 0.223428 Ca5(PO4)3OH
500.00 1153.15 0.214861 0.454142 -2674.077677 0.070159 0.243065 Ca5(PO4)3OH
500.00 1143.15 0.234438 0.493213 -2920.379561 0.076552 0.264827 Ca5(PO4)3OH
500.00 1133.15 0.251975 0.527608 -3141.677051 0.082278 0.284218 Ca5(PO4)3OH
500.00 1123.15 0.267844 0.558160 -3342.555607 0.087460 0.301666 Ca5(PO4)3OH
500.00 1113.15 0.282375 0.585600 -3527.076230 0.092205 0.317550 Ca5(PO4)3OH
500.00 1103.15 0.295866 0.610578 -3698.917940 0.096610 0.332210 Ca5(PO4)3OH
500.00 1093.15 0.308593 0.633690 -3861.491808 0.100766 0.345959 Ca5(PO4)3OH
500.00 1083.15 0.323195 0.660346 -4047.822386 0.105534 0.361754 Ca5(PO4)3OH
500.00 1073.15 0.323195 0.656994 -4051.437017 0.105534 0.361171 Ca5(PO4)3OH
500.00 1063.15 0.323195 0.653615 -4055.045782 0.105534 0.360581 Ca5(PO4)3OH
500.00 1053.15 0.323195 0.650210 -4058.648600 0.105534 0.359982 Ca5(PO4)3OH
500.00 1043.15 0.323195 0.646779 -4062.245389 0.105534 0.359375 Ca5(PO4)3OH
500.00 1033.15 0.323195 0.643320 -4065.836062 0.105534 0.358759 Ca5(PO4)3OH

biotite_0 thermodynamic data and composition:
Pressure Temperature mass S H V Cp formula SiO2 TiO2 Al2O3 Fe2O3 Cr2O3 FeO MnO MgO CaO Na2O K2O P2O5 H2O
500.00 1043.15 0.671894 1.445885 -8233.360320 0.232644 0.811992 K(Fe''0.33Mg0.67)3AlSi3O10(OH)2 40.2193 0 11.3752 0 0 15.7102 0 18.1659 0 0 10.5097 0 4.01968
500.00 1033.15 0.954578 2.042933 -11703.112173 0.330341 1.151904 K(Fe''0.33Mg0.67)3AlSi3O10(OH)2 40.2091 0 11.3723 0 0 15.7642 0 18.1288 0 0 10.507 0 4.01866

rhm-oxide_0 thermodynamic data and composition:
Pressure Temperature mass S H V Cp formula SiO2 TiO2 Al2O3 Fe2O3 Cr2O3 FeO MnO MgO CaO Na2O K2O P2O5 H2O
500.00 1153.15 0.129383 0.241880 -962.461502 0.027930 0.117915 Mn0.06Fe''0.74Mg0.10Fe'''0.22Ti0.89O3 0 47.4902 0 11.8856 0 35.3879 2.62143 2.6148 0 0 0 0 0
500.00 1143.15 0.354702 0.659896 -2635.887240 0.076481 0.322862 Mn0.06Fe''0.74Mg0.09Fe'''0.22Ti0.89O3 0 47.4852 0 11.7873 0 35.6373 2.61318 2.47707 0 0 0 0 0
500.00 1133.15 0.557454 1.032040 -4139.661234 0.120070 0.506781 Mn0.05Fe''0.75Mg0.09Fe'''0.22Ti0.89O3 0 47.492 0 11.678 0 35.8763 2.59962 2.35414 0 0 0 0 0
500.00 1123.15 0.739802 1.362906 -5491.390818 0.159191 0.671715 Mn0.05Fe''0.75Mg0.08Fe'''0.22Ti0.89O3 0 47.5091 0 11.5589 0 36.1063 2.58191 2.24377 0 0 0 0 0
500.00 1113.15 0.903723 1.656660 -6706.791794 0.194291 0.819521 Mn0.05Fe''0.76Mg0.08Fe'''0.21Ti0.89O3 0 47.5352 0 11.4311 0 36.3286 2.56102 2.14406 0 0 0 0 0
500.00 1103.15 1.051072 1.917173 -7800.306740 0.225784 0.951939 Mn0.05Fe''0.76Mg0.08Fe'''0.21Ti0.89O3 0 47.569 0 11.2955 0 36.5442 2.5378 2.05338 0 0 0 0 0
500.00 1093.15 1.183617 2.148088 -8785.474221 0.254062 1.070620 Mn0.05Fe''0.77Mg0.07Fe'''0.21Ti0.90O3 0 47.6098 0 11.1528 0 36.7542 2.51296 1.9703 0 0 0 0 0
500.00 1083.15 1.322068 2.387101 -9814.555015 0.283559 1.194287 Mn0.05Fe''0.77Mg0.07Fe'''0.21Ti0.90O3 0 47.653 0 11.003 0 36.9703 2.48948 1.88422 0 0 0 0 0
500.00 1073.15 1.337164 2.402384 -9939.177537 0.286689 1.206499 Mn0.05Fe''0.78Mg0.07Fe'''0.20Ti0.90O3 0 47.722 0 10.8503 0 37.1183 2.45216 1.85721 0 0 0 0 0
500.00 1063.15 1.351753 2.416388 -10060.292437 0.289708 1.218197 Mn0.05Fe''0.78Mg0.07Fe'''0.20Ti0.90O3 0 47.7919 0 10.6956 0 37.2667 2.41611 1.82966 0 0 0 0 0
500.00 1053.15 1.365813 2.429087 -10177.735676 0.292611 1.229365 Mn0.05Fe''0.78Mg0.07Fe'''0.20Ti0.90O3 0 47.8625 0 10.5391 0 37.4155 2.38128 1.80159 0 0 0 0 0
500.00 1043.15 1.487777 2.631611 -11085.826168 0.318467 1.337211 Mn0.05Fe''0.79Mg0.06Fe'''0.20Ti0.90O3 0 47.9063 0 10.3775 0 37.6538 2.36052 1.70183 0 0 0 0 0
500.00 1033.15 1.541548 2.712141 -11495.164378 0.329791 1.383668 Mn0.05Fe''0.79Mg0.06Fe'''0.19Ti0.90O3 0 47.9694 0 10.2132 0 37.84 2.33208 1.64534 0 0 0 0 0

olivine_0 thermodynamic data and composition:
Pressure Temperature mass S H V Cp formula SiO2 TiO2 Al2O3 Fe2O3 Cr2O3 FeO MnO MgO CaO Na2O K2O P2O5 H2O
500.00 1403.15 0.227209 0.537167 -2779.074090 0.068905 0.279658 (Ca0.01Mg0.82Fe''0.18Mn0.00Co0.00Ni0.00)2SiO4 39.4846 0 0 0 0 16.6277 0.285924 43.1764 0.425378 0 0 0 0
500.00 1393.15 0.873374 2.055257 -10630.768125 0.264054 1.071147 (Ca0.01Mg0.81Fe''0.18Mn0.00Co0.00Ni0.00)2SiO4 39.3648 0 0 0 0 17.2553 0.296828 42.6566 0.426428 0 0 0 0
500.00 1383.15 0.920222 2.154223 -11110.590507 0.276943 1.123025 (Ca0.01Mg0.80Fe''0.19Mn0.00Co0.00Ni0.00)2SiO4 39.1811 0 0 0 0 18.2224 0.323617 41.8678 0.405074 0 0 0 0
500.00 1373.15 0.979480 2.280830 -11728.173175 0.293406 1.189329 (Ca0.01Mg0.79Fe''0.21Mn0.00Co0.00Ni0.00)2SiO4 38.9946 0 0 0 0 19.2006 0.354028 41.0663 0.384473 0 0 0 0
500.00 1363.15 2.110290 4.884532 -24948.621121 0.627993 2.544617 (Ca0.01Mg0.77Fe''0.22Mn0.00Co0.00Ni0.00)2SiO4 38.721 0 0 0 0 20.6039 0.424202 39.8871 0.363759 0 0 0 0
500.00 1353.15 2.851193 6.563010 -33382.581548 0.844046 3.418539 (Ca0.00Mg0.76Fe''0.24Mn0.01Co0.00Ni0.00)2SiO4 38.5093 0 0 0 0 21.6491 0.524522 38.9758 0.341299 0 0 0 0
500.00 1343.15 3.317050 7.595402 -38532.970945 0.977634 3.957592 (Ca0.00Mg0.75Fe''0.25Mn0.01Co0.00Ni0.00)2SiO4 38.3343 0 0 0 0 22.4754 0.647007 38.2233 0.31996 0 0 0 0
500.00 1333.15 3.575715 8.145725 -41243.374355 1.049596 4.246533 (Ca0.00Mg0.74Fe''0.25Mn0.01Co0.00Ni0.00)2SiO4 38.1743 0 0 0 0 23.2017 0.788599 37.5347 0.300659 0 0 0 0
500.00 1323.15 0.210326 0.476735 -2405.271077 0.061452 0.248386 (Ca0.00Mg0.72Fe''0.26Mn0.01Co0.00Ni0.00)2SiO4 37.9769 0 0 0 0 23.7818 1.27384 36.6738 0.293633 0 0 0 0
500.00 1213.15 0.142212 0.300058 -1387.410125 0.038523 0.153400 (Ca0.00Mg0.48Fe''0.39Mn0.13Co0.00Ni0.00)2SiO4 34.7011 0 0 0 0 32.2064 10.4883 22.3352 0.269003 0 0 0 0
500.00 1203.15 0.302953 0.635047 -2922.075925 0.081624 0.324630 (Ca0.00Mg0.47Fe''0.40Mn0.14Co0.00Ni0.00)2SiO4 34.4807 0 0 0 0 32.7697 11.1146 21.3717 0.263378 0 0 0 0
500.00 1193.15 0.437759 0.911722 -4177.811647 0.117351 0.466160 (Ca0.00Mg0.45Fe''0.41Mn0.14Co0.00Ni0.00)2SiO4 34.2766 0 0 0 0 33.2899 11.6962 20.4802 0.257183 0 0 0 0
500.00 1183.15 0.550758 1.139774 -5204.634485 0.146946 0.583034 (Ca0.00Mg0.43Fe''0.41Mn0.15Co0.00Ni0.00)2SiO4 34.0872 0 0 0 0 33.772 12.2374 19.6528 0.25052 0 0 0 0
500.00 1173.15 0.645491 1.327412 -6043.924337 0.171456 0.679494 (Ca0.00Mg0.42Fe''0.42Mn0.16Co0.00Ni0.00)2SiO4 33.9107 0 0 0 0 34.2209 12.7427 18.8822 0.243482 0 0 0 0
500.00 1163.15 0.724946 1.481498 -6729.558853 0.191752 0.759060 (Ca0.00Mg0.40Fe''0.43Mn0.17Co0.00Ni0.00)2SiO4 33.7456 0 0 0 0 34.6409 13.2156 18.1618 0.236152 0 0 0 0
500.00 1153.15 0.804587 1.633619 -7398.279125 0.211859 0.837785 (Ca0.00Mg0.39Fe''0.44Mn0.17Co0.00Ni0.00)2SiO4 33.572 0 0 0 0 35.2256 13.567 17.406 0.229318 0 0 0 0
500.00 1143.15 0.879834 1.774586 -8010.117505 0.230596 0.911022 (Ca0.00Mg0.38Fe''0.45Mn0.18Co0.00Ni0.00)2SiO4 33.3963 0 0 0 0 35.9357 13.802 16.6432 0.222766 0 0 0 0
500.00 1133.15 0.940564 1.884712 -8485.099576 0.245447 0.968799 (Ca0.00Mg0.36Fe''0.46Mn0.18Co0.00Ni0.00)2SiO4 33.2354 0 0 0 0 36.5993 14.0047 15.9447 0.215885 0 0 0 0
500.00 1123.15 0.989391 1.969796 -8850.909045 0.257150 1.014058 (Ca0.00Mg0.35Fe''0.47Mn0.18Co0.00Ni0.00)2SiO4 33.0876 0 0 0 0 37.2195 14.1803 15.3039 0.208757 0 0 0 0
500.00 1113.15 1.028436 2.034502 -9129.339167 0.266295 1.049153 (Ca0.00Mg0.34Fe''0.48Mn0.18Co0.00Ni0.00)2SiO4 32.9515 0 0 0 0 37.7992 14.3335 14.7143 0.201456 0 0 0 0
500.00 1103.15 1.059431 2.082603 -9337.639310 0.273356 1.075979 (Ca0.00Mg0.32Fe''0.49Mn0.19Co0.00Ni0.00)2SiO4 32.8257 0 0 0 0 38.3416 14.4688 14.1698 0.194048 0 0 0 0
500.00 1093.15 1.083798 2.117161 -9489.493120 0.278718 1.096065 (Ca0.00Mg0.31Fe''0.50Mn0.19Co0.00Ni0.00)2SiO4 32.7089 0 0 0 0 38.8502 14.5901 13.6642 0.186592 0 0 0 0
500.00 1083.15 1.105707 2.146046 -9611.920390 0.283354 1.113230 (Ca0.00Mg0.30Fe''0.51Mn0.19Co0.00Ni0.00)2SiO4 32.5839 0 0 0 0 39.3911 14.7226 13.1229 0.179414 0 0 0 0
500.00 1073.15 1.106249 2.135908 -9609.411291 0.283174 1.111529 (Ca0.00Mg0.30Fe''0.51Mn0.19Co0.00Ni0.00)2SiO4 32.5567 0 0 0 0 39.5379 14.7265 13.0082 0.170609 0 0 0 0
500.00 1063.15 1.106341 2.124806 -9602.501639 0.282874 1.109328 (Ca0.00Mg0.30Fe''0.51Mn0.19Co0.00Ni0.00)2SiO4 32.5286 0 0 0 0 39.6829 14.737 12.8893 0.162102 0 0 0 0
500.00 1053.15 1.105972 2.112726 -9591.087722 0.282453 1.106619 (Ca0.00Mg0.30Fe''0.51Mn0.19Co0.00Ni0.00)2SiO4 32.4996 0 0 0 0 39.8259 14.7542 12.7663 0.15389 0 0 0 0
500.00 1043.15 1.076343 2.041477 -9247.021191 0.273708 1.071231 (Ca0.00Mg0.28Fe''0.52Mn0.20Co0.00Ni0.00)2SiO4 32.3436 0 0 0 0 40.4995 14.9192 12.0897 0.147986 0 0 0 0
500.00 1033.15 1.064967 2.007377 -9108.834447 0.270150 1.056214 (Ca0.00Mg0.27Fe''0.53Mn0.20Co0.00Ni0.00)2SiO4 32.2619 0 0 0 0 40.8601 15.0006 11.7364 0.141033 0 0 0 0

Title: Mk

Phase Masses:
Pressure Temperature mass liquid_0 olivine_0 orthopyroxene_0 clinopyroxene_0 biotite_0 feldspar_0 feldspar_1 spinel_0 rhm-oxide_0 apatite water 
500.00 1523.15 100.097836 99.993759 0.000000 0.000000 0.000000 0.000000 0.000000 0.000000 0.000000 0.000000 0.000000 0.104076 
500.00 1513.15 100.098459 99.998692 0.000000 0.000000 0.000000 0.000000 0.000000 0.000000 0.000000 0.000000 0.000000 0.099767 
500.00 1503.15 100.099121 100.003744 0.000000 0.000000 0.000000 0.000000 0.000000 0.000000 0.000000 0.000000 0.000000 0.095376 
500.00 1493.15 100.099822 100.008919 0.000000 0.000000 0.000000 0.000000 0.000000 0.000000 0.000000 0.000000 0.000000 0.090903 
500.00 1483.15 100.100565 100.014220 0.000000 0.000000 0.000000 0.000000 0.000000 0.000000 0.000000 0.000000 0.000000 0.086345 
500.00 1473.15 100.101349 100.019650 0.000000 0.000000 0.000000 0.000000 0.000000 0.000000 0.000000 0.000000 0.000000 0.081699 
500.00 1463.15 100.102177 100.025213 0.000000 0.000000 0.000000 0.000000 0.000000 0.000000 0.000000 0.000000 0.000000 0.076965 
500.00 1453.15 100.103051 100.030913 0.000000 0.000000 0.000000 0.000000 0.000000 0.000000 0.000000 0.000000 0.000000 0.072138 
500.00 1443.15 100.103970 100.036753 0.000000 0.000000 0.000000 0.000000 0.000000 0.000000 0.000000 0.000000 0.000000 0.067217 
500.00 1433.15 100.104938 100.042738 0.000000 0.000000 0.000000 0.000000 0.000000 0.000000 0.000000 0.000000 0.000000 0.062200 
500.00 1423.15 100.105955 100.048871 0.000000 0.000000 0.000000 0.000000 0.000000 0.000000 0.000000 0.000000 0.000000 0.057084 
500.00 1413.15 100.107023 100.055157 0.000000 0.000000 0.000000 0.000000 0.000000 0.000000 0.000000 0.000000 0.000000 0.051866 
500.00 1403.15 100.107509 99.832681 0.227209 0.000000 0.000000 0.000000 0.000000 0.000000 0.000000 0.000000 0.000000 0.047618 
500.00 1393.15 100.107030 98.020555 0.873374 0.000000 1.151721 0.000000 0.000000 0.000000 0.000000 0.000000 0.000000 0.061379 
500.00 1383.15 100.113582 92.495981 0.920222 0.000000 6.436061 0.000000 0.000000 0.000000 0.130128 0.000000 0.000000 0.131191 
500.00 1373.15 100.124752 87.217830 0.979480 0.000000 11.362654 0.000000 0.000000 0.000000 0.368461 0.000000 0.000000 0.196328 
500.00 1363.15 100.148072 75.998666 2.110290 0.000000 15.261861 0.000000 5.209907 0.000000 1.180508 0.000000 0.000000 0.386840 
500.00 1353.15 100.198273 64.645442 2.851193 0.000000 19.031471 0.000000 10.218531 0.000000 2.877735 0.000000 0.000000 0.573901 
500.00 1343.15 100.240467 54.987892 3.317050 0.000000 21.970791 0.000000 14.822987 0.000000 4.400328 0.000000 0.000000 0.741420 
500.00 1333.15 100.268241 47.049199 3.575715 0.000000 24.244744 0.000000 18.987340 0.000000 5.522144 0.000000 0.000000 0.889098 
500.00 1323.15 100.308027 36.680152 0.210326 6.114756 25.237586 0.000000 24.197887 0.000000 6.768803 0.000000 0.000000 1.098517 
500.00 1313.15 100.315523 30.651053 0.000000 7.738218 25.458621 0.000000 27.982866 0.000000 7.258433 0.000000 0.000000 1.226332 
500.00 1303.15 100.315916 25.908156 0.000000 8.849432 25.554215 0.000000 31.126694 0.000000 7.546536 0.000000 0.000000 1.330882 
500.00 1293.15 100.312505 22.069813 0.000000 9.790511 25.584675 0.000000 33.738106 0.000000 7.711443 0.000000 0.000000 1.417957 
500.00 1283.15 100.306514 18.968560 0.000000 10.606121 25.569110 0.000000 35.885316 0.000000 7.787606 0.000000 0.000000 1.489801 
500.00 1273.15 100.298855 16.463252 0.000000 11.328312 25.517937 0.000000 37.639652 0.000000 7.801004 0.000000 0.000000 1.548697 
500.00 1263.15 100.290197 14.432983 0.000000 11.979431 25.438832 0.000000 39.070995 0.000000 7.771062 0.000000 0.000000 1.596894 
500.00 1253.15 100.281009 12.776671 0.000000 12.574881 25.338520 0.000000 40.242616 0.000000 7.711872 0.000000 0.000000 1.636448 
500.00 1243.15 100.271236 11.367092 0.000000 13.139723 25.220147 0.000000 41.223888 0.000000 7.629345 0.000000 0.021293 1.669749 
500.00 1233.15 100.261257 10.172484 0.000000 13.673444 25.089595 0.000000 42.044808 0.000000 7.531524 0.000000 0.051674 1.697727 
500.00 1223.15 100.251467 9.173643 0.000000 14.171880 24.953129 0.000000 42.729164 0.000000 7.425967 0.000000 0.076574 1.721110 
500.00 1213.15 100.238655 8.237297 0.142212 14.571778 24.799618 0.000000 43.373534 0.000000 7.267826 0.000000 0.102546 1.743843 
500.00 1203.15 100.225132 7.394828 0.302953 14.959051 24.640916 0.000000 43.944969 0.000000 7.091195 0.000000 0.126650 1.764569 
500.00 1193.15 100.211998 6.653928 0.437759 15.355769 24.483969 0.000000 44.437083 0.000000 6.912930 0.000000 0.147739 1.782822 
500.00 1183.15 100.199277 5.997440 0.550758 15.758101 24.330732 0.000000 44.862985 0.000000 6.733982 0.000000 0.166279 1.799000 
500.00 1173.15 100.186971 5.411266 0.645491 16.163488 24.182757 0.000000 45.233196 0.000000 6.554678 0.000000 0.182662 1.813434 
500.00 1163.15 100.175062 4.883768 0.724946 16.570451 24.041290 0.000000 45.556124 0.000000 6.374861 0.000000 0.197220 1.826402 
500.00 1153.15 100.161540 4.240509 0.804587 17.062044 23.901103 0.000000 45.948162 0.000000 6.018767 0.129383 0.214861 1.842126 
500.00 1143.15 100.146446 3.513582 0.879834 17.622928 23.759859 0.000000 46.392084 0.000000 5.529252 0.354702 0.234438 1.859765 
500.00 1133.15 100.131553 2.845657 0.940564 18.173656 23.622303 0.000000 46.795845 0.000000 5.068268 0.557454 0.251975 1.875829 
500.00 1123.15 100.116921 2.227407 0.989391 18.711037 23.488639 0.000000 47.167307 0.000000 4.634964 0.739802 0.267844 1.890530 
500.00 1113.15 100.102595 1.650562 1.028436 19.232923 23.358973 0.000000 47.513288 0.000000 4.228256 0.903723 0.282375 1.904059 
500.00 1103.15 100.088598 1.107617 1.059431 19.738197 23.233331 0.000000 47.839774 0.000000 3.846716 1.051072 0.295866 1.916593 
500.00 1093.15 100.074930 0.591626 1.083798 20.226749 23.111670 0.000000 48.152069 0.000000 3.488512 1.183617 0.308593 1.928295 
500.00 1083.15 100.058893 0.000000 1.105707 20.780183 22.988500 0.000000 48.310038 0.201573 3.086194 1.322068 0.323195 1.941436 
500.00 1073.15 100.058992 0.000000 1.106249 20.845477 22.915844 0.000000 48.221895 0.285287 3.082445 1.337164 0.323195 1.941436 
500.00 1063.15 100.059086 0.000000 1.106341 20.907903 22.847140 0.000000 48.136711 0.365597 3.079011 1.351753 0.323195 1.941436 
500.00 1053.15 100.059175 0.000000 1.105972 20.967820 22.782140 0.000000 48.054303 0.442628 3.075870 1.365813 0.323195 1.941436 
500.00 1043.15 100.041314 0.000000 1.076343 21.028458 22.731923 0.671894 48.142386 0.000000 2.664905 1.487777 0.323195 1.914433 
500.00 1033.15 100.033755 0.000000 1.064967 21.087519 22.680027 0.954578 47.985809 0.000000 2.492828 1.541548 0.323195 1.903285 

Title: Mk

Phase Volumes:
Pressure Temperature mass V liquid_0 olivine_0 orthopyroxene_0 clinopyroxene_0 biotite_0 feldspar_0 feldspar_1 spinel_0 rhm-oxide_0 apatite water 
500.00 1523.15 100.097836 41.123298 39.648682 0.000000 0.000000 0.000000 0.000000 0.000000 0.000000 0.000000 0.000000 0.000000 1.474616 
500.00 1513.15 100.098459 41.011726 39.608530 0.000000 0.000000 0.000000 0.000000 0.000000 0.000000 0.000000 0.000000 0.000000 1.403196 
500.00 1503.15 100.099121 40.900013 39.568494 0.000000 0.000000 0.000000 0.000000 0.000000 0.000000 0.000000 0.000000 0.000000 1.331518 
500.00 1493.15 100.099822 40.788160 39.528576 0.000000 0.000000 0.000000 0.000000 0.000000 0.000000 0.000000 0.000000 0.000000 1.259584 
500.00 1483.15 100.100565 40.676171 39.488779 0.000000 0.000000 0.000000 0.000000 0.000000 0.000000 0.000000 0.000000 0.000000 1.187392 
500.00 1473.15 100.101349 40.564048 39.449105 0.000000 0.000000 0.000000 0.000000 0.000000 0.000000 0.000000 0.000000 0.000000 1.114942 
500.00 1463.15 100.102177 40.451794 39.409558 0.000000 0.000000 0.000000 0.000000 0.000000 0.000000 0.000000 0.000000 0.000000 1.042235 
500.00 1453.15 100.103051 40.339412 39.370142 0.000000 0.000000 0.000000 0.000000 0.000000 0.000000 0.000000 0.000000 0.000000 0.969271 
500.00 1443.15 100.103970 40.226908 39.330858 0.000000 0.000000 0.000000 0.000000 0.000000 0.000000 0.000000 0.000000 0.000000 0.896050 
500.00 1433.15 100.104938 40.114285 39.291710 0.000000 0.000000 0.000000 0.000000 0.000000 0.000000 0.000000 0.000000 0.000000 0.822575 
500.00 1423.15 100.105955 40.001548 39.252702 0.000000 0.000000 0.000000 0.000000 0.000000 0.000000 0.000000 0.000000 0.000000 0.748846 
500.00 1413.15 100.107023 39.888704 39.213837 0.000000 0.000000 0.000000 0.000000 0.000000 0.000000 0.000000 0.000000 0.000000 0.674867 
500.00 1403.15 100.107509 39.782775 39.099371 0.068905 0.000000 0.000000 0.000000 0.000000 0.000000 0.000000 0.000000 0.000000 0.614498 
500.00 1393.15 100.107030 39.810453 38.406099 0.264054 0.000000 0.354800 0.000000 0.000000 0.000000 0.000000 0.000000 0.000000 0.785500 
500.00 1383.15 100.113582 40.259323 36.311190 0.276943 0.000000 1.976967 0.000000 0.000000 0.000000 0.029435 0.000000 0.000000 1.664788 
500.00 1373.15 100.124752 40.665905 34.339329 0.293406 0.000000 3.480364 0.000000 0.000000 0.000000 0.082647 0.000000 0.000000 2.470160 
500.00 1363.15 100.148072 42.382285 30.065414 0.627993 0.000000 4.663979 0.000000 1.938911 0.000000 0.260773 0.000000 0.000000 4.825216 
500.00 1353.15 100.198273 44.049753 25.860176 0.844046 0.000000 5.810251 0.000000 3.808762 0.000000 0.630424 0.000000 0.000000 7.096095 
500.00 1343.15 100.240467 45.521947 22.260979 0.977634 0.000000 6.704050 0.000000 5.534383 0.000000 0.958438 0.000000 0.000000 9.086464 
500.00 1333.15 100.268241 46.789883 19.248633 1.049596 0.000000 7.393960 0.000000 7.101564 0.000000 1.197230 0.000000 0.000000 10.798900 
500.00 1323.15 100.308027 48.501098 15.141885 0.061452 1.851895 7.693212 0.000000 9.069531 0.000000 1.461496 0.000000 0.000000 13.221626 
500.00 1313.15 100.315523 49.526660 12.745233 0.000000 2.338295 7.753687 0.000000 10.505300 0.000000 1.559612 0.000000 0.000000 14.624534 
500.00 1303.15 100.315916 50.321765 10.837587 0.000000 2.668053 7.775958 0.000000 11.701748 0.000000 1.614711 0.000000 0.000000 15.723709 
500.00 1293.15 100.312505 50.937163 9.276747 0.000000 2.945321 7.778665 0.000000 12.697873 0.000000 1.644054 0.000000 0.000000 16.594503 
500.00 1283.15 100.306514 51.397363 8.004138 0.000000 3.183903 7.767640 0.000000 13.517962 0.000000 1.655116 0.000000 0.000000 17.268604 
500.00 1273.15 100.298855 51.726989 6.968334 0.000000 3.393706 7.746080 0.000000 14.188216 0.000000 1.653451 0.000000 0.000000 17.777204 
500.00 1263.15 100.290197 51.949672 6.123676 0.000000 3.581639 7.716341 0.000000 14.734770 0.000000 1.643155 0.000000 0.000000 18.150090 
500.00 1253.15 100.281009 52.086558 5.430956 0.000000 3.752470 7.680480 0.000000 15.181558 0.000000 1.627161 0.000000 0.000000 18.413934 
500.00 1243.15 100.271236 52.159738 4.839964 0.000000 3.913650 7.639309 0.000000 15.555042 0.000000 1.606641 0.000000 0.006953 18.598180 
500.00 1233.15 100.261257 52.179599 4.337811 0.000000 4.065148 7.594669 0.000000 15.866703 0.000000 1.583260 0.000000 0.016873 18.715135 
500.00 1223.15 100.251467 52.154576 3.916406 0.000000 4.205880 7.548529 0.000000 16.125697 0.000000 1.558570 0.000000 0.025004 18.774490 
500.00 1213.15 100.238655 52.120499 3.523572 0.038523 4.316269 7.496616 0.000000 16.368609 0.000000 1.523124 0.000000 0.033485 18.820300 
500.00 1203.15 100.225132 52.064082 3.170032 0.081624 4.422435 7.443081 0.000000 16.583218 0.000000 1.484112 0.000000 0.041355 18.838225 
500.00 1193.15 100.211998 51.981510 2.858191 0.117351 4.531183 7.390264 0.000000 16.767294 0.000000 1.445032 0.000000 0.048242 18.823954 
500.00 1183.15 100.199277 51.876752 2.581059 0.146946 4.641357 7.338716 0.000000 16.925919 0.000000 1.406040 0.000000 0.054296 18.782419 
500.00 1173.15 100.186971 51.753046 2.332875 0.171456 4.752183 7.288859 0.000000 17.063169 0.000000 1.367170 0.000000 0.059645 18.717688 
500.00 1163.15 100.175062 51.613028 2.108878 0.191752 4.863203 7.241018 0.000000 17.182308 0.000000 1.328360 0.000000 0.064399 18.633110 
500.00 1153.15 100.161540 51.485658 1.834274 0.211859 4.996610 7.193824 0.000000 17.327284 0.000000 1.252020 0.027930 0.070159 18.571698 
500.00 1143.15 100.146446 51.364168 1.522484 0.230596 5.148070 7.146751 0.000000 17.491688 0.000000 1.147586 0.076481 0.076552 18.523961 
500.00 1133.15 100.131553 51.225357 1.234948 0.245447 5.296220 7.101092 0.000000 17.640890 0.000000 1.049672 0.120070 0.082278 18.454739 
500.00 1123.15 100.116921 51.071309 0.967914 0.257150 5.440197 7.056928 0.000000 17.777909 0.000000 0.958003 0.159191 0.087460 18.366555 
500.00 1113.15 100.102595 50.903820 0.718041 0.266295 5.579433 7.014300 0.000000 17.905361 0.000000 0.872275 0.194291 0.092205 18.261619 
500.00 1103.15 100.088598 50.724457 0.482280 0.273356 5.713653 6.973212 0.000000 18.025540 0.000000 0.792123 0.225784 0.096610 18.141899 
500.00 1093.15 100.074930 50.534587 0.257790 0.278718 5.842857 6.933639 0.000000 18.140477 0.000000 0.717111 0.254062 0.100766 18.009166 
500.00 1083.15 100.058893 50.347204 0.000000 0.283354 5.989106 6.893149 0.000000 18.194558 0.080151 0.633302 0.283559 0.105534 17.884492 
500.00 1073.15 100.058992 50.086545 0.000000 0.283174 6.003323 6.872244 0.000000 18.155691 0.113417 0.631729 0.286689 0.105534 17.634745 
500.00 1063.15 100.059086 49.823385 0.000000 0.282874 6.016640 6.852546 0.000000 18.118011 0.145316 0.630229 0.289708 0.105534 17.382526 
500.00 1053.15 100.059175 49.557582 0.000000 0.282453 6.029162 6.833980 0.000000 18.081444 0.175899 0.628799 0.292611 0.105534 17.127700 
500.00 1043.15 100.041314 49.062971 0.000000 0.273708 6.029231 6.814200 0.232644 18.109892 0.000000 0.543816 0.318467 0.105534 16.635479 
500.00 1033.15 100.033755 48.703740 0.000000 0.270150 6.035941 6.797206 0.330341 18.043562 0.000000 0.507971 0.329791 0.105534 16.283243 

Title: Mk

Solid Composition:
Pressure Temperature mass SiO2 TiO2 Al2O3 Fe2O3 Cr2O3 FeO MnO MgO CaO Na2O K2O P2O5 H2O 
500.00 1523.15 0.104076 -8.59264e-011 9.72168e-012 3.51365e-011 -6.22842e-011 -3.95835e-015 1.50792e-009 2.36474e-013 0 -1.06021e-010 1.23966e-012 -7.85082e-014 1.19774e-012 100
500.00 1513.15 0.099767 -1.26413e-011 0 -4.87542e-013 0 0 0 0 0 -7.31322e-014 0 0 0 100
500.00 1503.15 0.095376 -6.66623e-012 0 -8.80883e-013 0 0 0 0 0 -4.07993e-013 0 0 0 100
500.00 1493.15 0.090903 1.1466e-012 0 -1.41067e-012 0 0 0 0 0 8.5614e-013 0 0 0 100
500.00 1483.15 0.086345 -2.53498e-012 0 1.48514e-012 0 0 0 0 0 6.19669e-013 0 0 0 100
500.00 1473.15 0.081699 5.61339e-012 0 1.24484e-012 0 0 0 0 0 3.86989e-013 0 0 0 100
500.00 1463.15 0.076965 1.76053e-012 0 9.76706e-013 0 0 0 0 0 9.47991e-014 0 0 0 100
500.00 1453.15 0.072138 -1.01141e-012 0 5.51676e-013 0 0 0 0 0 -3.3714e-013 0 0 0 100
500.00 1443.15 0.067217 -2.48102e-012 0 -6.57846e-014 0 0 0 0 0 -9.40732e-013 0 0 0 100
500.00 1433.15 0.062200 8.211e-012 0 -4.97637e-013 0 0 0 0 0 1.09481e-012 0 0 0 100
500.00 1423.15 0.057084 -1.4242e-011 0 -1.00701e-012 0 0 0 0 0 7.66888e-013 0 0 0 100
500.00 1413.15 0.051866 -1.52729e-011 0 -2.13138e-012 0 0 0 0 0 -4.6891e-014 0 0 0 100
500.00 1403.15 0.274827 32.6433 0 4.02241e-013 0 0 13.7467 0.236384 35.6954 0.351675 0 0 0 17.3265
500.00 1393.15 2.086474 43.926 0.413265 2.85987 1.46448 0 9.9177 0.124249 26.2509 12.025 0.076742 0 0 2.94177
500.00 1383.15 7.617602 46.3312 0.825775 4.94937 3.06748 0.137699 6.95098 0.0390936 17.7777 18.0713 0.127111 0 0 1.72221
500.00 1373.15 12.906923 45.8875 1.05424 5.59636 3.8451 0.131302 6.95611 0.0268664 16.1523 18.6864 0.142732 0 0 1.5211
500.00 1363.15 24.149406 44.2906 1.06499 11.5156 4.10617 0.0830024 6.91773 0.0370688 12.9752 16.9092 0.491949 0.00676306 0 1.60186
500.00 1353.15 35.552832 42.9511 1.26409 13.3286 5.23154 0.0576808 7.57177 0.0420646 11.4841 15.76 0.684104 0.0106731 0 1.61422
500.00 1343.15 45.252576 42.5181 1.36194 14.1582 5.75578 0.0454404 7.97539 0.0474261 10.6147 15.0137 0.856541 0.0144151 0 1.6384
500.00 1333.15 53.219042 42.5917 1.39342 14.654 5.89067 0.0386659 8.18554 0.0529849 10.0142 14.4609 1.02869 0.0186124 0 1.67064
500.00 1323.15 63.627875 43.875 1.3885 15.0613 5.95932 0.0323539 7.88031 0.00421078 9.22155 13.6033 1.22145 0.0262712 0 1.72647
500.00 1313.15 69.664471 44.3375 1.36881 15.3182 5.77168 0.0295536 7.939 0 8.87814 13.1674 1.39572 0.0337094 0 1.76034
500.00 1303.15 74.407759 44.7433 1.34945 15.4795 5.56614 0.0276714 8.00453 0 8.61101 12.8381 1.54988 0.0417508 0 1.78863
500.00 1293.15 78.242691 45.1187 1.33215 15.5793 5.36531 0.0263161 8.06314 0 8.39329 12.5778 1.68146 0.0502909 0 1.81225
500.00 1283.15 81.337954 45.4541 1.31742 15.64 5.1733 0.0253153 8.12056 0 8.21682 12.3714 1.79026 0.0590649 0 1.83162
500.00 1273.15 83.835603 45.7478 1.30528 15.6763 4.99206 0.0245615 8.17903 0 8.07408 12.2076 1.87811 0.0678335 0 1.8473
500.00 1263.15 85.857214 46.0023 1.29545 15.6975 4.82217 0.0239835 8.23895 0 7.95829 12.077 1.94795 0.0764218 0 1.85994
500.00 1253.15 87.504338 46.2226 1.28756 15.7093 4.66343 0.0235322 8.29987 0 7.86371 11.9722 2.00301 0.0847277 0 1.87013
500.00 1243.15 88.904145 46.4068 1.28103 15.7113 4.50947 0.0231619 8.36186 0 7.78312 11.8953 2.0462 0.0929544 0.0101519 1.87857
500.00 1233.15 90.088773 46.5638 1.27571 15.7082 4.36266 0.0228574 8.42422 0 7.71462 11.8373 2.07981 0.101015 0.0243127 1.88553
500.00 1223.15 91.077824 46.7026 1.27148 15.704 4.22601 0.0226093 8.48589 0 7.65708 11.7888 2.10596 0.108758 0.0356369 1.89122
500.00 1213.15 92.001358 46.8219 1.26774 15.7005 4.0603 0.0223824 8.57488 0.0162124 7.60337 11.7447 2.1268 0.116503 0.0472446 1.89745
500.00 1203.15 92.830304 46.9315 1.26465 15.6964 3.89162 0.0221826 8.66947 0.0362729 7.55463 11.7053 2.14271 0.124223 0.0578286 1.9033
500.00 1193.15 93.558070 47.0343 1.26216 15.6915 3.73167 0.0220101 8.76036 0.0547264 7.51124 11.6702 2.15459 0.13188 0.0669332 1.90841
500.00 1183.15 94.201837 47.1312 1.26014 15.6861 3.57982 0.0218597 8.84766 0.0715471 7.47233 11.6388 2.16329 0.139511 0.0748179 1.91289
500.00 1173.15 94.775705 47.2231 1.25848 15.6805 3.43539 0.0217274 8.93158 0.086787 7.4372 11.6101 2.16949 0.147155 0.0816918 1.91685
500.00 1163.15 95.291294 47.3105 1.2571 15.6747 3.29766 0.0216098 9.01239 0.10054 7.40524 11.5836 2.17371 0.154848 0.0877253 1.92036
500.00 1153.15 95.921031 47.4311 1.25655 15.6641 3.14059 0.021468 9.09564 0.117336 7.36494 11.5481 2.1751 0.165766 0.0949449 1.92448
500.00 1143.15 96.632864 47.5789 1.25597 15.6496 2.96643 0.02131 9.18326 0.135258 7.31849 11.505 2.17375 0.180355 0.102833 1.92892
500.00 1133.15 97.285895 47.7209 1.25473 15.6358 2.79766 0.0211671 9.27053 0.150294 7.27553 11.4637 2.17096 0.196187 0.109783 1.93281
500.00 1123.15 97.889514 47.8573 1.25299 15.6228 2.63439 0.0210367 9.35665 0.162836 7.23552 11.4239 2.16699 0.213393 0.115977 1.9362
500.00 1113.15 98.452033 47.9884 1.25083 15.6108 2.47667 0.0209167 9.44099 0.173237 7.19802 11.3852 2.16207 0.232094 0.121571 1.93914
500.00 1103.15 98.980981 48.1148 1.24835 15.5997 2.32434 0.0208052 9.52311 0.181814 7.16258 11.3474 2.15636 0.252402 0.126699 1.94168
500.00 1093.15 99.483303 48.2368 1.24559 15.5895 2.17711 0.0207005 9.60274 0.188847 7.1288 11.3101 2.15001 0.274418 0.131481 1.94387
500.00 1083.15 100.058893 48.3783 1.24197 15.5785 2.00615 0.020582 9.69533 0.195586 7.09001 11.2658 2.14167 0.303159 0.136911 1.94609
500.00 1073.15 100.058992 48.3783 1.24197 15.5784 2.00713 0.0205819 9.69443 0.195586 7.09 11.2658 2.14167 0.303159 0.13691 1.94608
500.00 1063.15 100.059086 48.3782 1.24197 15.5784 2.00807 0.0205819 9.69358 0.195586 7.08999 11.2658 2.14167 0.303158 0.13691 1.94608
500.00 1053.15 100.059175 48.3782 1.24197 15.5784 2.00896 0.0205819 9.69277 0.195586 7.08999 11.2657 2.14167 0.303158 0.13691 1.94608
500.00 1043.15 100.041314 48.3868 1.24219 15.5812 1.83107 0.0205856 9.85489 0.195621 7.09125 11.2678 2.14205 0.303212 0.136935 1.94643
500.00 1033.15 100.033755 48.3905 1.24229 15.5824 1.75374 0.0205871 9.92534 0.195636 7.09179 11.2686 2.14221 0.303235 0.136945 1.94678
Title: Mk

Bulk Composition:
Pressure Temperature mass SiO2 TiO2 Al2O3 Fe2O3 Cr2O3 FeO MnO MgO CaO Na2O K2O P2O5 H2O 
500.00 1523.15 100.097836 48.3595 1.24149 15.5724 2.39368 0.0205739 9.34215 0.19551 7.08725 11.2614 2.14084 0.303041 0.136857 1.94533
500.00 1513.15 100.098459 48.3592 1.24148 15.5723 2.39988 0.0205738 9.3365 0.195509 7.08721 11.2613 2.14083 0.303039 0.136856 1.94532
500.00 1503.15 100.099121 48.3589 1.24147 15.5722 2.40646 0.0205737 9.3305 0.195508 7.08716 11.2613 2.14081 0.303037 0.136855 1.9453
500.00 1493.15 100.099822 48.3585 1.24147 15.5721 2.41344 0.0205735 9.32414 0.195506 7.08711 11.2612 2.1408 0.303035 0.136855 1.94529
500.00 1483.15 100.100565 48.3582 1.24146 15.572 2.42083 0.0205734 9.31741 0.195505 7.08706 11.2611 2.14078 0.303033 0.136854 1.94527
500.00 1473.15 100.101349 48.3578 1.24145 15.5719 2.42863 0.0205732 9.3103 0.195503 7.087 11.261 2.14076 0.30303 0.136852 1.94526
500.00 1463.15 100.102177 48.3574 1.24144 15.5717 2.43687 0.0205731 9.30279 0.195502 7.08694 11.2609 2.14075 0.303028 0.136851 1.94524
500.00 1453.15 100.103051 48.357 1.24143 15.5716 2.44556 0.0205729 9.29488 0.1955 7.08688 11.2608 2.14073 0.303025 0.13685 1.94523
500.00 1443.15 100.103970 48.3565 1.24141 15.5714 2.4547 0.0205727 9.28654 0.195498 7.08682 11.2607 2.14071 0.303022 0.136849 1.94521
500.00 1433.15 100.104938 48.3561 1.2414 15.5713 2.46432 0.0205725 9.27777 0.195496 7.08675 11.2606 2.14069 0.30302 0.136848 1.94519
500.00 1423.15 100.105955 48.3556 1.24139 15.5711 2.47444 0.0205723 9.26855 0.195494 7.08668 11.2605 2.14066 0.303016 0.136846 1.94517
500.00 1413.15 100.107023 48.355 1.24138 15.571 2.48506 0.0205721 9.25887 0.195492 7.0866 11.2604 2.14064 0.303013 0.136845 1.94515
500.00 1403.15 100.107509 48.3548 1.24137 15.5709 2.48989 0.020572 9.25447 0.195491 7.08657 11.2603 2.14063 0.303012 0.136844 1.94514
500.00 1393.15 100.107030 48.355 1.24138 15.571 2.48513 0.0205721 9.25881 0.195492 7.0866 11.2604 2.14064 0.303013 0.136845 1.94515
500.00 1383.15 100.113582 48.3519 1.2413 15.57 2.5503 0.0205707 9.19942 0.19548 7.08614 11.2596 2.1405 0.302993 0.136836 1.94502
500.00 1373.15 100.124752 48.3465 1.24116 15.5682 2.66136 0.0205684 9.0982 0.195458 7.08534 11.2584 2.14026 0.30296 0.13682 1.9448
500.00 1363.15 100.148072 48.3352 1.24087 15.5646 2.89315 0.0205636 8.88696 0.195412 7.08369 11.2557 2.13976 0.302889 0.136789 1.94435
500.00 1353.15 100.198273 48.311 1.24025 15.5568 3.39178 0.0205533 8.43253 0.195314 7.08015 11.2501 2.13869 0.302737 0.13672 1.94338
500.00 1343.15 100.240467 48.2907 1.23972 15.5502 3.81049 0.0205447 8.05094 0.195232 7.07717 11.2454 2.13779 0.30261 0.136663 1.94256
500.00 1333.15 100.268241 48.2773 1.23938 15.5459 4.08591 0.020539 7.79993 0.195178 7.07521 11.2423 2.1372 0.302526 0.136625 1.94202
500.00 1323.15 100.308027 48.2581 1.23889 15.5398 4.48018 0.0205308 7.44061 0.195101 7.0724 11.2378 2.13635 0.302406 0.13657 1.94125
500.00 1313.15 100.315523 48.2545 1.2388 15.5386 4.55443 0.0205293 7.37294 0.195086 7.07187 11.237 2.13619 0.302383 0.13656 1.94111
500.00 1303.15 100.315916 48.2544 1.23879 15.5385 4.55831 0.0205292 7.3694 0.195085 7.07184 11.2369 2.13618 0.302382 0.13656 1.9411
500.00 1293.15 100.312505 48.256 1.23883 15.5391 4.52453 0.0205299 7.40019 0.195092 7.07208 11.2373 2.13626 0.302393 0.136564 1.94116
500.00 1283.15 100.306514 48.2589 1.23891 15.54 4.46519 0.0205311 7.45427 0.195104 7.07251 11.238 2.13638 0.302411 0.136573 1.94128
500.00 1273.15 100.298855 48.2626 1.239 15.5412 4.38931 0.0205327 7.52342 0.195119 7.07305 11.2388 2.13655 0.302434 0.136583 1.94143
500.00 1263.15 100.290197 48.2667 1.23911 15.5425 4.30352 0.0205345 7.60161 0.195135 7.07366 11.2398 2.13673 0.30246 0.136595 1.9416
500.00 1253.15 100.281009 48.2711 1.23922 15.544 4.21246 0.0205364 7.68459 0.195153 7.0743 11.2408 2.13693 0.302487 0.136607 1.94177
500.00 1243.15 100.271236 48.2759 1.23934 15.5455 4.1156 0.0205384 7.77287 0.195172 7.07499 11.2419 2.13714 0.302517 0.136621 1.94196
500.00 1233.15 100.261257 48.2807 1.23947 15.547 4.01667 0.0205404 7.86303 0.195192 7.0757 11.243 2.13735 0.302547 0.136634 1.94216
500.00 1223.15 100.251467 48.2854 1.23959 15.5485 3.91959 0.0205424 7.95151 0.195211 7.07639 11.2441 2.13756 0.302577 0.136648 1.94235
500.00 1213.15 100.238655 48.2915 1.23975 15.5505 3.79251 0.020545 8.06732 0.195236 7.07729 11.2456 2.13783 0.302615 0.136665 1.9426
500.00 1203.15 100.225132 48.2981 1.23991 15.5526 3.65835 0.0205478 8.18959 0.195262 7.07825 11.2471 2.13812 0.302656 0.136683 1.94286
500.00 1193.15 100.211998 48.3044 1.24008 15.5547 3.52801 0.0205505 8.30837 0.195288 7.07918 11.2486 2.1384 0.302696 0.136701 1.94311
500.00 1183.15 100.199277 48.3105 1.24023 15.5566 3.40174 0.0205531 8.42345 0.195312 7.08007 11.25 2.13867 0.302734 0.136719 1.94336
500.00 1173.15 100.186971 48.3165 1.24039 15.5585 3.27956 0.0205556 8.5348 0.195336 7.08094 11.2514 2.13893 0.302771 0.136735 1.9436
500.00 1163.15 100.175062 48.3222 1.24053 15.5604 3.1613 0.0205581 8.64258 0.19536 7.08179 11.2527 2.13919 0.302807 0.136752 1.94383
500.00 1153.15 100.161540 48.3287 1.2407 15.5625 3.02697 0.0205609 8.765 0.195386 7.08274 11.2542 2.13948 0.302848 0.13677 1.94409
500.00 1143.15 100.146446 48.336 1.24089 15.5648 2.877 0.020564 8.90168 0.195415 7.08381 11.2559 2.1398 0.302894 0.136791 1.94438
500.00 1133.15 100.131553 48.3432 1.24107 15.5672 2.72897 0.020567 9.03659 0.195445 7.08486 11.2576 2.14012 0.302939 0.136811 1.94467
500.00 1123.15 100.116921 48.3503 1.24125 15.5694 2.58349 0.02057 9.16916 0.195473 7.0859 11.2592 2.14043 0.302983 0.136831 1.94496
500.00 1113.15 100.102595 48.3572 1.24143 15.5717 2.44102 0.020573 9.29901 0.195501 7.08691 11.2609 2.14074 0.303027 0.136851 1.94524
500.00 1103.15 100.088598 48.3639 1.24161 15.5738 2.30179 0.0205758 9.4259 0.195528 7.0879 11.2624 2.14104 0.303069 0.13687 1.94551
500.00 1093.15 100.074930 48.3706 1.24177 15.576 2.16578 0.0205787 9.54985 0.195555 7.08887 11.264 2.14133 0.30311 0.136889 1.94577
500.00 1083.15 100.058893 48.3783 1.24197 15.5785 2.00615 0.020582 9.69533 0.195586 7.09001 11.2658 2.14167 0.303159 0.136911 1.94609
500.00 1073.15 100.058992 48.3783 1.24197 15.5784 2.00713 0.0205819 9.69443 0.195586 7.09 11.2658 2.14167 0.303159 0.13691 1.94608
500.00 1063.15 100.059086 48.3782 1.24197 15.5784 2.00807 0.0205819 9.69358 0.195586 7.08999 11.2658 2.14167 0.303158 0.13691 1.94608
500.00 1053.15 100.059175 48.3782 1.24197 15.5784 2.00896 0.0205819 9.69277 0.195586 7.08999 11.2657 2.14167 0.303158 0.13691 1.94608
500.00 1043.15 100.041314 48.3868 1.24219 15.5812 1.83107 0.0205856 9.85489 0.195621 7.09125 11.2678 2.14205 0.303212 0.136935 1.94643
500.00 1033.15 100.033755 48.3905 1.24229 15.5824 1.75374 0.0205871 9.92534 0.195636 7.09179 11.2686 2.14221 0.303235 0.136945 1.94678
