Title: Mk

Liquid Composition:
Pressure Temperature mass SiO2 TiO2 Al2O3 Fe2O3 Cr2O3 FeO MnO MgO CaO Na2O K2O P2O5 H2O 
500.00 1523.15 99.993759 48.4098 1.24278 15.5886 2.39617 0.0205954 9.35187 0.195714 7.09463 11.2731 2.14307 0.303356 0.137 1.84327
500.00 1513.15 99.998692 48.4074 1.24272 15.5878 2.40228 0.0205943 9.34582 0.195704 7.09428 11.2726 2.14296 0.303341 0.136993 1.84749
500.00 1503.15 100.003744 48.405 1.24266 15.5871 2.40876 0.0205933 9.3394 0.195694 7.09392 11.272 2.14285 0.303326 0.136986 1.85179
500.00 1493.15 100.008919 48.4025 1.24259 15.5862 2.41564 0.0205922 9.33262 0.195684 7.09355 11.2714 2.14274 0.30331 0.136979 1.85616
500.00 1483.15 100.014220 48.3999 1.24253 15.5854 2.42292 0.0205911 9.32545 0.195674 7.09318 11.2708 2.14263 0.303294 0.136972 1.86062
500.00 1473.15 100.019650 48.3973 1.24246 15.5846 2.43062 0.02059 9.3179 0.195663 7.09279 11.2702 2.14251 0.303278 0.136964 1.86517
500.00 1463.15 100.025213 48.3946 1.24239 15.5837 2.43875 0.0205889 9.30995 0.195652 7.0924 11.2696 2.14239 0.303261 0.136957 1.8698
500.00 1453.15 100.030913 48.3918 1.24232 15.5828 2.44732 0.0205877 9.30158 0.195641 7.09199 11.2689 2.14227 0.303244 0.136949 1.87451
500.00 1443.15 100.036753 48.389 1.24225 15.5819 2.45635 0.0205865 9.29278 0.19563 7.09158 11.2683 2.14215 0.303226 0.136941 1.87932
500.00 1433.15 100.042738 48.3861 1.24217 15.581 2.46586 0.0205853 9.28354 0.195618 7.09115 11.2676 2.14202 0.303208 0.136933 1.88423
500.00 1423.15 100.048871 48.3832 1.2421 15.58 2.47585 0.020584 9.27384 0.195606 7.09072 11.2669 2.14189 0.303189 0.136924 1.88922
500.00 1413.15 100.055157 48.3801 1.24202 15.579 2.48635 0.0205827 9.26367 0.195594 7.09027 11.2662 2.14175 0.30317 0.136916 1.89432
500.00 1403.15 99.832681 48.3981 1.24479 15.6138 2.49675 0.0206286 9.2421 0.195379 7.00781 11.2903 2.14652 0.303846 0.137221 1.9028
500.00 1393.15 98.020555 48.4493 1.259 15.8415 2.50686 0.02101 9.24478 0.197009 6.67867 11.2441 2.18457 0.309463 0.139758 1.92394
500.00 1383.15 92.495981 48.5183 1.27552 16.4446 2.5077 0.0109245 9.38459 0.208359 6.20562 10.6986 2.30632 0.327947 0.148105 1.96337
500.00 1373.15 87.217830 48.7104 1.26882 17.0439 2.48619 0.00418154 9.4152 0.220407 5.74358 10.1591 2.43587 0.347793 0.157068 2.00751
500.00 1363.15 75.998666 49.6205 1.29676 16.8512 2.5077 0.00072304 9.5127 0.245728 5.21161 9.45931 2.66338 0.396986 0.180255 2.05318
500.00 1353.15 64.645442 51.2588 1.22713 16.7822 2.37998 0.000134433 8.90592 0.279597 4.65809 8.76983 2.93867 0.463363 0.211912 2.1244
500.00 1343.15 54.987892 53.0413 1.13915 16.6958 2.2096 5.66448e-005 8.11311 0.31687 4.16593 8.14423 3.1922 0.539781 0.24913 2.19287
500.00 1333.15 47.049199 54.7085 1.06514 16.5548 2.04447 3.50239e-005 7.36376 0.356018 3.75078 7.60158 3.39108 0.623671 0.291166 2.24899
500.00 1323.15 36.680152 55.8614 0.979361 16.3698 1.91436 2.17559e-005 6.67787 0.526231 3.34433 7.13448 3.7234 0.781408 0.373475 2.31382
500.00 1313.15 30.651053 57.1573 0.943301 16.0396 1.78781 1.85511e-005 6.08639 0.638483 2.96653 6.84944 3.81915 0.913032 0.446938 2.35196
500.00 1303.15 25.908156 58.338 0.920979 15.708 1.66383 1.70673e-005 5.54533 0.755367 2.65138 6.63837 3.82005 1.05091 0.528757 2.37898
500.00 1293.15 22.069813 59.3784 0.908015 15.3965 1.54376 1.64434e-005 5.0499 0.886739 2.38809 6.48494 3.74861 1.19615 0.620717 2.39818
500.00 1283.15 18.968560 60.2857 0.902225 15.111 1.42875 1.63892e-005 4.59722 1.03172 2.16562 6.37761 3.62056 1.34589 0.722201 2.41152
500.00 1273.15 16.463252 61.0685 0.901488 14.853 1.31996 1.6745e-005 4.18486 1.18872 1.97551 6.3055 3.45257 1.49708 0.832103 2.42075
500.00 1263.15 14.432983 61.7368 0.90395 14.6209 1.21822 1.7416e-005 3.81029 1.35593 1.81126 6.2593 3.25972 1.64709 0.949153 2.42734
500.00 1253.15 12.776671 62.3013 0.908141 14.4118 1.12393 1.83444e-005 3.47069 1.53171 1.66787 6.23188 3.05409 1.79387 1.0722 2.43242
500.00 1243.15 11.367092 62.8938 0.913322 14.2485 1.03502 1.9481e-005 3.16626 1.72165 1.53657 6.13147 2.84834 1.94154 1.12576 2.43774
500.00 1233.15 10.172484 63.485 0.918531 14.1199 0.952485 2.0809e-005 2.89308 1.92383 1.41731 5.98061 2.64693 2.08734 1.13137 2.44363
500.00 1223.15 9.173643 63.9997 0.922993 14.0054 0.877404 2.23294e-005 2.64603 2.1333 1.31121 5.83637 2.45124 2.22685 1.1395 2.44993
500.00 1213.15 8.237297 64.7057 0.927049 13.8756 0.801655 2.41705e-005 2.39846 2.19472 1.20165 5.67061 2.26107 2.38128 1.13539 2.44679
500.00 1203.15 7.394828 65.4533 0.929348 13.7482 0.729986 2.62392e-005 2.16542 2.19112 1.09809 5.49546 2.08045 2.5426 1.12658 2.43942
500.00 1193.15 6.653928 66.1627 0.929504 13.6309 0.664458 2.85037e-005 1.95321 2.17166 1.00415 5.31951 1.91074 2.70447 1.11768 2.43104
500.00 1183.15 5.997440 66.8338 0.927514 13.5225 0.604681 3.09811e-005 1.76037 2.13929 0.918852 5.14372 1.75191 2.86648 1.109 2.42186
500.00 1173.15 5.411266 67.4669 0.923422 13.4223 0.550242 3.36955e-005 1.58541 2.09653 0.841295 4.9691 1.60368 3.02832 1.1008 2.41203
500.00 1163.15 4.883768 68.0624 0.917296 13.3294 0.500721 3.66791e-005 1.42689 2.04547 0.770689 4.79661 1.46566 3.18976 1.09335 2.40169
500.00 1153.15 4.240509 68.634 0.882218 13.2648 0.456978 4.06613e-005 1.28572 1.96088 0.699421 4.60797 1.33366 3.40367 1.08287 2.38774
500.00 1143.15 3.513582 69.159 0.826083 13.2343 0.417455 4.58882e-005 1.15741 1.8499 0.629417 4.40685 1.20608 3.67305 1.07073 2.36971
500.00 1133.15 2.845657 69.6194 0.774019 13.2205 0.380639 5.19642e-005 1.03875 1.73902 0.566606 4.21141 1.08584 3.95252 1.06083 2.35038
500.00 1123.15 2.227407 70.0163 0.725688 13.2224 0.346492 5.90673e-005 0.929601 1.62979 0.510285 4.02272 0.973165 4.24029 1.0533 2.32999
500.00 1113.15 1.650562 70.3518 0.680762 13.2382 0.31496 6.74297e-005 0.829763 1.52348 0.459823 3.84188 0.868237 4.534 1.04825 2.30881
500.00 1103.15 1.107617 70.6293 0.638924 13.266 0.285971 7.73676e-005 0.738942 1.42112 0.414649 3.67 0.771197 4.83088 1.04581 2.28715
500.00 1093.15 0.591626 70.8532 0.599878 13.3034 0.259434 8.93267e-005 0.656773 1.32351 0.37424 3.50816 0.682103 5.12776 1.0461 2.26531
500.00 1083.15 0.000000 ---
500.00 1073.15 0.000000 ---
500.00 1063.15 0.000000 ---
500.00 1053.15 0.000000 ---
500.00 1043.15 0.000000 ---
500.00 1033.15 0.000000 ---