Title: Mk

Phase Masses:
Pressure Temperature mass liquid_0 olivine_0 orthopyroxene_0 clinopyroxene_0 biotite_0 feldspar_0 feldspar_1 spinel_0 rhm-oxide_0 apatite water 
500.00 1523.15 100.097836 99.993759 0.000000 0.000000 0.000000 0.000000 0.000000 0.000000 0.000000 0.000000 0.000000 0.104076 
500.00 1513.15 100.098459 99.998692 0.000000 0.000000 0.000000 0.000000 0.000000 0.000000 0.000000 0.000000 0.000000 0.099767 
500.00 1503.15 100.099121 100.003744 0.000000 0.000000 0.000000 0.000000 0.000000 0.000000 0.000000 0.000000 0.000000 0.095376 
500.00 1493.15 100.099822 100.008919 0.000000 0.000000 0.000000 0.000000 0.000000 0.000000 0.000000 0.000000 0.000000 0.090903 
500.00 1483.15 100.100565 100.014220 0.000000 0.000000 0.000000 0.000000 0.000000 0.000000 0.000000 0.000000 0.000000 0.086345 
500.00 1473.15 100.101349 100.019650 0.000000 0.000000 0.000000 0.000000 0.000000 0.000000 0.000000 0.000000 0.000000 0.081699 
500.00 1463.15 100.102177 100.025213 0.000000 0.000000 0.000000 0.000000 0.000000 0.000000 0.000000 0.000000 0.000000 0.076965 
500.00 1453.15 100.103051 100.030913 0.000000 0.000000 0.000000 0.000000 0.000000 0.000000 0.000000 0.000000 0.000000 0.072138 
500.00 1443.15 100.103970 100.036753 0.000000 0.000000 0.000000 0.000000 0.000000 0.000000 0.000000 0.000000 0.000000 0.067217 
500.00 1433.15 100.104938 100.042738 0.000000 0.000000 0.000000 0.000000 0.000000 0.000000 0.000000 0.000000 0.000000 0.062200 
500.00 1423.15 100.105955 100.048871 0.000000 0.000000 0.000000 0.000000 0.000000 0.000000 0.000000 0.000000 0.000000 0.057084 
500.00 1413.15 100.107023 100.055157 0.000000 0.000000 0.000000 0.000000 0.000000 0.000000 0.000000 0.000000 0.000000 0.051866 
500.00 1403.15 100.107509 99.832681 0.227209 0.000000 0.000000 0.000000 0.000000 0.000000 0.000000 0.000000 0.000000 0.047618 
500.00 1393.15 100.107030 98.020555 0.873374 0.000000 1.151721 0.000000 0.000000 0.000000 0.000000 0.000000 0.000000 0.061379 
500.00 1383.15 100.113582 92.495981 0.920222 0.000000 6.436061 0.000000 0.000000 0.000000 0.130128 0.000000 0.000000 0.131191 
500.00 1373.15 100.124752 87.217830 0.979480 0.000000 11.362654 0.000000 0.000000 0.000000 0.368461 0.000000 0.000000 0.196328 
500.00 1363.15 100.148072 75.998666 2.110290 0.000000 15.261861 0.000000 5.209907 0.000000 1.180508 0.000000 0.000000 0.386840 
500.00 1353.15 100.198273 64.645442 2.851193 0.000000 19.031471 0.000000 10.218531 0.000000 2.877735 0.000000 0.000000 0.573901 
500.00 1343.15 100.240467 54.987892 3.317050 0.000000 21.970791 0.000000 14.822987 0.000000 4.400328 0.000000 0.000000 0.741420 
500.00 1333.15 100.268241 47.049199 3.575715 0.000000 24.244744 0.000000 18.987340 0.000000 5.522144 0.000000 0.000000 0.889098 
500.00 1323.15 100.308027 36.680152 0.210326 6.114756 25.237586 0.000000 24.197887 0.000000 6.768803 0.000000 0.000000 1.098517 
500.00 1313.15 100.315523 30.651053 0.000000 7.738218 25.458621 0.000000 27.982866 0.000000 7.258433 0.000000 0.000000 1.226332 
500.00 1303.15 100.315916 25.908156 0.000000 8.849432 25.554215 0.000000 31.126694 0.000000 7.546536 0.000000 0.000000 1.330882 
500.00 1293.15 100.312505 22.069813 0.000000 9.790511 25.584675 0.000000 33.738106 0.000000 7.711443 0.000000 0.000000 1.417957 
500.00 1283.15 100.306514 18.968560 0.000000 10.606121 25.569110 0.000000 35.885316 0.000000 7.787606 0.000000 0.000000 1.489801 
500.00 1273.15 100.298855 16.463252 0.000000 11.328312 25.517937 0.000000 37.639652 0.000000 7.801004 0.000000 0.000000 1.548697 
500.00 1263.15 100.290197 14.432983 0.000000 11.979431 25.438832 0.000000 39.070995 0.000000 7.771062 0.000000 0.000000 1.596894 
500.00 1253.15 100.281009 12.776671 0.000000 12.574881 25.338520 0.000000 40.242616 0.000000 7.711872 0.000000 0.000000 1.636448 
500.00 1243.15 100.271236 11.367092 0.000000 13.139723 25.220147 0.000000 41.223888 0.000000 7.629345 0.000000 0.021293 1.669749 
500.00 1233.15 100.261257 10.172484 0.000000 13.673444 25.089595 0.000000 42.044808 0.000000 7.531524 0.000000 0.051674 1.697727 
500.00 1223.15 100.251467 9.173643 0.000000 14.171880 24.953129 0.000000 42.729164 0.000000 7.425967 0.000000 0.076574 1.721110 
500.00 1213.15 100.238655 8.237297 0.142212 14.571778 24.799618 0.000000 43.373534 0.000000 7.267826 0.000000 0.102546 1.743843 
500.00 1203.15 100.225132 7.394828 0.302953 14.959051 24.640916 0.000000 43.944969 0.000000 7.091195 0.000000 0.126650 1.764569 
500.00 1193.15 100.211998 6.653928 0.437759 15.355769 24.483969 0.000000 44.437083 0.000000 6.912930 0.000000 0.147739 1.782822 
500.00 1183.15 100.199277 5.997440 0.550758 15.758101 24.330732 0.000000 44.862985 0.000000 6.733982 0.000000 0.166279 1.799000 
500.00 1173.15 100.186971 5.411266 0.645491 16.163488 24.182757 0.000000 45.233196 0.000000 6.554678 0.000000 0.182662 1.813434 
500.00 1163.15 100.175062 4.883768 0.724946 16.570451 24.041290 0.000000 45.556124 0.000000 6.374861 0.000000 0.197220 1.826402 
500.00 1153.15 100.161540 4.240509 0.804587 17.062044 23.901103 0.000000 45.948162 0.000000 6.018767 0.129383 0.214861 1.842126 
500.00 1143.15 100.146446 3.513582 0.879834 17.622928 23.759859 0.000000 46.392084 0.000000 5.529252 0.354702 0.234438 1.859765 
500.00 1133.15 100.131553 2.845657 0.940564 18.173656 23.622303 0.000000 46.795845 0.000000 5.068268 0.557454 0.251975 1.875829 
500.00 1123.15 100.116921 2.227407 0.989391 18.711037 23.488639 0.000000 47.167307 0.000000 4.634964 0.739802 0.267844 1.890530 
500.00 1113.15 100.102595 1.650562 1.028436 19.232923 23.358973 0.000000 47.513288 0.000000 4.228256 0.903723 0.282375 1.904059 
500.00 1103.15 100.088598 1.107617 1.059431 19.738197 23.233331 0.000000 47.839774 0.000000 3.846716 1.051072 0.295866 1.916593 
500.00 1093.15 100.074930 0.591626 1.083798 20.226749 23.111670 0.000000 48.152069 0.000000 3.488512 1.183617 0.308593 1.928295 
500.00 1083.15 100.058893 0.000000 1.105707 20.780183 22.988500 0.000000 48.310038 0.201573 3.086194 1.322068 0.323195 1.941436 
500.00 1073.15 100.058992 0.000000 1.106249 20.845477 22.915844 0.000000 48.221895 0.285287 3.082445 1.337164 0.323195 1.941436 
500.00 1063.15 100.059086 0.000000 1.106341 20.907903 22.847140 0.000000 48.136711 0.365597 3.079011 1.351753 0.323195 1.941436 
500.00 1053.15 100.059175 0.000000 1.105972 20.967820 22.782140 0.000000 48.054303 0.442628 3.075870 1.365813 0.323195 1.941436 
500.00 1043.15 100.041314 0.000000 1.076343 21.028458 22.731923 0.671894 48.142386 0.000000 2.664905 1.487777 0.323195 1.914433 
500.00 1033.15 100.033755 0.000000 1.064967 21.087519 22.680027 0.954578 47.985809 0.000000 2.492828 1.541548 0.323195 1.903285 
