Title: Hr

System Thermodynamic Data:
Pressure Temperature mass F phi S H V dVdP*10^6 dVdT*10^6 Cp logfO2(absolute) logfO2-NNO rhol rhos viscosity aH2O chisqr
500.00 1523.15 98.101379 1.0000000000000000 1.000000 265.143798 -1166422.668252 36.218228 -201.852405 2375.999175 145.973147 -7.007 0.000 2.708619 0.000000 2.176 0 0.000
500.00 1513.15 98.102030 1.0000000000000000 1.000000 264.183508 -1167891.954475 36.195045 -202.070882 2376.145049 145.976488 -7.116 0.000 2.710372 0.000000 2.218 0 0.000
500.00 1503.15 98.102721 1.0000000000000000 1.000000 263.216871 -1169361.897099 36.171894 -202.290607 2376.299902 145.980033 -7.225 0.000 2.712126 0.000000 2.261 0 0.000
500.00 1493.15 98.103454 1.0000000000000000 1.000000 262.243801 -1170832.520377 36.148777 -202.511650 2376.464012 145.983791 -7.336 0.000 2.713880 0.000000 2.305 0 0.000
500.00 1483.15 98.104229 1.0000000000000000 1.000000 261.264206 -1172303.849590 36.125694 -202.734089 2376.637665 145.987767 -7.449 0.000 2.715636 0.000000 2.349 0 0.000
500.00 1473.15 98.104362 0.9789542663119736 0.978519 259.828838 -1174426.949625 36.067766 -199.028358 2353.127634 142.087513 -7.563 0.000 2.721210 2.664945 2.369 0 0.000
500.00 1463.15 96.040249 0.9622661180914224 0.961339 253.010761 -1148554.914336 35.208894 -191.186845 2293.870705 138.691739 -7.679 0.000 2.730358 2.662312 2.366 0 0.000
500.00 1453.15 92.415560 0.9402249528298612 0.940571 241.987911 -1101702.223851 33.694350 -179.338473 2197.843245 132.820241 -7.796 0.000 2.741751 2.758750 2.360 0 0.000
500.00 1443.15 86.886573 0.8400471341584109 0.847642 224.517382 -1032507.042015 31.211766 -153.869709 1975.837687 122.034232 -7.915 0.000 2.758834 2.922540 2.360 0 0.000
500.00 1433.15 72.986366 0.8645896456762013 0.871391 187.977031 -854941.085412 26.096560 -132.427697 1704.384732 102.147690 -8.035 0.000 2.774952 2.944686 2.364 0 0.000
500.00 1423.15 63.101702 0.8802721013948994 0.885735 161.937123 -729436.618824 22.464492 -116.231790 1503.003764 87.962134 -8.157 0.000 2.791629 2.943242 2.364 0 0.000
500.00 1413.15 55.545751 0.8922938830708609 0.896645 141.971907 -633899.473083 19.678595 -103.345282 1346.731505 77.099655 -8.281 0.000 2.808950 2.941486 2.358 0 0.000
500.00 1403.15 49.562685 0.9017026269804548 0.905108 126.123988 -558548.892100 17.465921 -92.776578 1221.511312 68.493043 -8.407 0.000 2.827004 2.939500 2.347 0 0.000
500.00 1393.15 44.690705 0.9091666135581503 0.911745 113.193438 -497425.202219 15.659163 -83.892843 1118.557310 61.486298 -8.535 0.000 2.845893 2.937353 2.330 0 0.000
500.00 1383.15 40.631465 0.9151231220316384 0.916962 102.402860 -446688.176472 14.149928 -76.269568 1032.083220 55.653556 -8.664 0.000 2.865738 2.935087 2.309 0 0.000
500.00 1373.15 37.183160 0.9198564422628754 0.921014 93.225139 -403747.024565 12.864706 -69.609191 958.107728 50.705639 -8.795 0.000 2.886690 2.932695 2.282 0 0.000
500.00 1363.15 34.203679 0.9235355594361024 0.924044 85.288269 -366782.224175 11.751580 -63.693666 893.780147 46.438266 -8.929 0.000 2.908957 2.930061 2.248 0 0.000
500.00 1353.15 31.588913 0.9262192116267566 0.926079 78.319098 -334464.693516 10.772355 -58.354008 836.971290 42.701373 -9.064 0.000 2.932849 2.926846 2.208 0 0.000
500.00 1343.15 29.258884 0.9278103873977630 0.926970 72.107072 -305776.793204 9.897449 -53.446411 785.994968 39.379288 -9.201 0.000 2.958885 2.922179 2.159 0 0.000
500.00 1333.15 27.358089 0.5576416440215146 0.666963 63.837206 -287144.942786 9.025130 -43.441678 406.106482 32.756903 -9.340 0.000 2.534462 4.026374 4.873 0 0.000
500.00 1323.15 15.262954 0.9456739913879838 0.955374 37.878129 -190524.207130 5.997859 -40.263249 275.537856 20.346293 -9.481 0.000 2.518897 3.097847 5.077 0 0.000

Title: Hr

Liquid Composition:
Pressure Temperature mass SiO2 TiO2 Al2O3 Fe2O3 FeO MnO MgO CaO Na2O K2O P2O5 H2O 
500.00 1523.15 98.101379 49.722 1.43678 15.4313 2.5266 10.0472 0.197041 7.20398 10.7199 2.20609 0.348313 0.160752 0
500.00 1513.15 98.102030 49.7217 1.43677 15.4312 2.53321 10.0412 0.19704 7.20393 10.7199 2.20607 0.348311 0.160751 0
500.00 1503.15 98.102721 49.7214 1.43676 15.4311 2.54022 10.0348 0.197038 7.20388 10.7198 2.20606 0.348308 0.16075 0
500.00 1493.15 98.103454 49.721 1.43675 15.431 2.54765 10.028 0.197037 7.20382 10.7197 2.20604 0.348306 0.160749 0
500.00 1483.15 98.104229 49.7206 1.43674 15.4308 2.55552 10.0208 0.197035 7.20377 10.7196 2.20602 0.348303 0.160747 0
500.00 1473.15 96.039684 49.7367 1.46762 15.0585 2.61184 10.235 0.201271 7.35862 10.6149 2.19669 0.354641 0.164203 0
500.00 1463.15 92.416277 49.7513 1.52516 14.3758 2.70954 10.6405 0.209162 7.64714 10.4324 2.17221 0.366148 0.170641 0
500.00 1453.15 86.891416 49.6907 1.62102 13.6264 2.84807 11.1925 0.222418 7.7641 10.3106 2.15688 0.385773 0.181491 0
500.00 1443.15 72.988817 49.3841 1.91118 12.8534 3.11648 12.3098 0.264789 7.13123 10.1207 2.24202 0.45017 0.21606 0
500.00 1433.15 63.103256 49.0834 2.18553 12.27 3.34566 13.4002 0.306271 6.58363 9.7457 2.31783 0.511864 0.249908 0
500.00 1423.15 55.546668 48.7563 2.4587 11.6929 3.56207 14.4553 0.347936 6.08772 9.41254 2.37092 0.571759 0.283905 0
500.00 1413.15 49.563134 48.4022 2.7321 11.1196 3.7683 15.4841 0.38994 5.6356 9.11654 2.40349 0.629907 0.31818 0
500.00 1403.15 44.690803 48.02 3.00715 10.5483 3.9664 16.494 0.432453 5.22102 8.85426 2.41716 0.686291 0.352869 0
500.00 1393.15 40.631297 47.6081 3.2853 9.97728 4.15804 17.4915 0.47566 4.83891 8.62323 2.41306 0.740808 0.388124 0
500.00 1383.15 37.182793 47.1638 3.56817 9.40469 4.34465 18.4827 0.519775 4.48504 8.42178 2.39197 0.793245 0.424121 0
500.00 1373.15 34.203169 46.6839 3.85763 8.8285 4.52755 19.4738 0.565055 4.15586 8.24906 2.35428 0.843228 0.461068 0
500.00 1363.15 31.588314 46.1633 4.156 8.246 4.70805 20.4721 0.61183 3.84835 8.10508 2.29994 0.890134 0.499235 0
500.00 1353.15 29.258258 45.5941 4.46649 7.65303 4.88765 21.4871 0.660554 3.55994 7.99103 2.22821 0.932894 0.538993 0
500.00 1343.15 27.146697 44.9631 4.794 7.04218 5.06842 22.534 0.711935 3.28859 7.91019 2.13717 0.96954 0.580918 0
500.00 1333.15 15.256010 64.2151 1.87716 9.7217 1.9406 5.79514 1.26682 1.23395 7.62727 3.5714 1.71712 1.03369 0
500.00 1323.15 14.433778 65.3979 1.80992 9.42526 1.78754 5.22574 1.33899 1.08352 7.44617 3.58958 1.80281 1.09258 0
Title: Hr

liquid_0 thermodynamic data and composition:
Pressure Temperature mass S H V Cp viscosity SiO2 TiO2 Al2O3 Fe2O3 FeO MnO MgO CaO Na2O K2O P2O5 H2O Mg#
500.00 1523.15 98.101379 265.143798 -1166422.668252 36.218228 145.973147 2.176 49.722 1.43678 15.4313 2.5266 10.0472 0.197041 7.20398 10.7199 2.20609 0.348313 0.160752 0 56.1
500.00 1513.15 98.102030 264.183508 -1167891.954475 36.195045 145.976488 2.218 49.7217 1.43677 15.4312 2.53321 10.0412 0.19704 7.20393 10.7199 2.20607 0.348311 0.160751 0 56.1
500.00 1503.15 98.102721 263.216871 -1169361.897099 36.171894 145.980033 2.261 49.7214 1.43676 15.4311 2.54022 10.0348 0.197038 7.20388 10.7198 2.20606 0.348308 0.16075 0 56.1
500.00 1493.15 98.103454 262.243801 -1170832.520377 36.148777 145.983791 2.305 49.721 1.43675 15.431 2.54765 10.028 0.197037 7.20382 10.7197 2.20604 0.348306 0.160749 0 56.2
500.00 1483.15 98.104229 261.264206 -1172303.849590 36.125694 145.987767 2.349 49.7206 1.43674 15.4308 2.55552 10.0208 0.197035 7.20377 10.7196 2.20602 0.348303 0.160747 0 56.2
500.00 1473.15 96.039684 254.769869 -1145962.185764 35.293011 139.541460 2.369 49.7367 1.46762 15.0585 2.61184 10.235 0.201271 7.35862 10.6149 2.19669 0.354641 0.164203 0 56.2
500.00 1463.15 92.416277 244.150475 -1098562.675582 33.847682 134.226017 2.366 49.7513 1.52516 14.3758 2.70954 10.6405 0.209162 7.64714 10.4324 2.17221 0.366148 0.170641 0 56.2
500.00 1453.15 86.891416 228.535436 -1026772.467842 31.691941 125.987105 2.360 49.6907 1.62102 13.6264 2.84807 11.1925 0.222418 7.7641 10.3106 2.15688 0.385773 0.181491 0 55.3
500.00 1443.15 72.988817 190.998152 -850640.096167 26.456396 105.013157 2.360 49.3841 1.91118 12.8534 3.11648 12.3098 0.264789 7.13123 10.1207 2.24202 0.45017 0.21606 0 50.8
500.00 1433.15 63.103256 164.310813 -726075.275890 22.740307 90.129812 2.364 49.0834 2.18553 12.27 3.34566 13.4002 0.306271 6.58363 9.7457 2.31783 0.511864 0.249908 0 46.7
500.00 1423.15 55.546668 143.900735 -631181.996371 19.897582 78.797532 2.364 48.7563 2.4587 11.6929 3.56207 14.4553 0.347936 6.08772 9.41254 2.37092 0.571759 0.283905 0 42.9
500.00 1413.15 49.563134 127.733074 -556293.088168 17.644719 69.859988 2.358 48.4022 2.7321 11.1196 3.7683 15.4841 0.38994 5.6356 9.11654 2.40349 0.629907 0.31818 0 39.3
500.00 1403.15 44.690803 114.564473 -495512.462937 15.808537 62.611722 2.347 48.02 3.00715 10.5483 3.9664 16.494 0.432453 5.22102 8.85426 2.41716 0.686291 0.352869 0 36.1
500.00 1393.15 40.631297 103.591645 -445037.744869 14.277167 56.597681 2.330 47.6081 3.2853 9.97728 4.15804 17.4915 0.47566 4.83891 8.62323 2.41306 0.740808 0.388124 0 33.0
500.00 1383.15 37.182793 94.271306 -402301.779197 12.974946 51.510616 2.309 47.1638 3.56817 9.40469 4.34465 18.4827 0.519775 4.48504 8.42178 2.39197 0.793245 0.424121 0 30.2
500.00 1373.15 34.203169 86.221021 -365500.325074 11.848579 47.134653 2.282 46.6839 3.85763 8.8285 4.52755 19.4738 0.565055 4.15586 8.24906 2.35428 0.843228 0.461068 0 27.6
500.00 1363.15 31.588314 79.160869 -333314.327977 10.858983 43.312173 2.248 46.1633 4.156 8.246 4.70805 20.4721 0.61183 3.84835 8.10508 2.29994 0.890134 0.499235 0 25.1
500.00 1353.15 29.258258 72.876230 -304732.445692 9.976052 39.922775 2.208 45.5941 4.46649 7.65303 4.88765 21.4871 0.660554 3.55994 7.99103 2.22821 0.932894 0.538993 0 22.8
500.00 1343.15 27.146697 67.189827 -278916.741118 9.174636 36.867653 2.159 44.9631 4.794 7.04218 5.06842 22.534 0.711935 3.28859 7.91019 2.13717 0.96954 0.580918 0 20.6
500.00 1333.15 15.256010 38.235745 -189942.502788 6.019428 20.578270 4.873 64.2151 1.87716 9.7217 1.9406 5.79514 1.26682 1.23395 7.62727 3.5714 1.71712 1.03369 0 27.5
500.00 1323.15 14.433778 36.010125 -180915.157497 5.730197 19.407507 5.077 65.3979 1.80992 9.42526 1.78754 5.22574 1.33899 1.08352 7.44617 3.58958 1.80281 1.09258 0 27.0

olivine_0 thermodynamic data and composition:
Pressure Temperature mass S H V Cp formula SiO2 TiO2 Al2O3 Fe2O3 FeO MnO MgO CaO Na2O K2O P2O5 H2O
500.00 1453.15 0.008165 0.019626 -98.289744 0.002470 0.010050 (Ca0.01Mg0.81Fe''0.19Mn0.01Co0.00Ni0.00)2SiO4 39.2587 0 0 0 17.654 0.46459 42.1928 0.429887 0 0 0 0

clinopyroxene_0 thermodynamic data and composition:
Pressure Temperature mass S H V Cp structure formula SiO2 TiO2 Al2O3 Fe2O3 FeO MnO MgO CaO Na2O K2O P2O5 H2O
500.00 1443.15 6.107040 14.610521 -75214.717288 1.873522 7.463292 cpx Na0.01Ca0.27Fe''0.38Mg1.25Fe'''0.05Ti0.00Al0.14Si1.91O6 52.402 0.175033 3.22715 1.70846 12.3391 0 23.081 6.98381 0.0834739 0 0 0
500.00 1433.15 3.032601 7.217694 -37058.560225 0.926508 3.687298 cpx Na0.01Ca0.27Fe''0.40Mg1.22Fe'''0.05Ti0.01Al0.14Si1.90O6 52.1131 0.195879 3.20875 1.81207 13.216 0 22.4186 6.9469 0.0887585 0 0 0
500.00 1423.15 2.341968 5.545068 -28393.249877 0.712561 2.833326 cpx Na0.01Ca0.27Fe''0.43Mg1.19Fe'''0.05Ti0.01Al0.14Si1.90O6 51.8358 0.214374 3.18211 1.91068 14.1062 0 21.7808 6.87655 0.0934841 0 0 0
500.00 1413.15 1.868880 4.401812 -22474.894112 0.566260 2.249684 cpx Na0.01Ca0.27Fe''0.46Mg1.16Fe'''0.06Ti0.01Al0.14Si1.90O6 51.5669 0.230295 3.14719 2.00505 15.0174 0 21.1564 6.77918 0.0976725 0 0 0
500.00 1403.15 1.530581 3.585918 -18253.400016 0.461802 1.833162 cpx Na0.01Ca0.26Fe''0.49Mg1.13Fe'''0.06Ti0.01Al0.14Si1.90O6 51.3037 0.243455 3.10386 2.09574 15.9557 0 20.536 6.66028 0.101339 0 0 0
500.00 1393.15 1.280699 2.984307 -15141.389829 0.384744 1.526002 cpx Na0.01Ca0.26Fe''0.53Mg1.10Fe'''0.06Ti0.01Al0.13Si1.90O6 51.0441 0.253705 3.05186 2.18312 16.9263 0 19.9118 6.5246 0.104495 0 0 0
500.00 1383.15 1.091581 2.529611 -12789.092656 0.326481 1.293809 cpx Na0.01Ca0.26Fe''0.56Mg1.07Fe'''0.06Ti0.01Al0.13Si1.90O6 50.7864 0.260933 2.99079 2.26745 17.934 0 19.277 6.37628 0.107147 0 0 0
500.00 1373.15 0.945938 2.179716 -10977.888280 0.281631 1.115086 cpx Na0.01Ca0.25Fe''0.60Mg1.04Fe'''0.07Ti0.01Al0.13Si1.90O6 50.5291 0.265066 2.92007 2.34883 18.9833 0 18.6254 6.21901 0.109299 0 0 0
500.00 1363.15 0.832598 1.907392 -9566.311644 0.246718 0.975938 cpx Na0.01Ca0.25Fe''0.63Mg1.01Fe'''0.07Ti0.01Al0.13Si1.90O6 50.2712 0.266054 2.83879 2.42711 20.0787 0 17.951 6.05617 0.11095 0 0 0
500.00 1353.15 0.744282 1.694830 -8461.580960 0.219469 0.867280 cpx Na0.01Ca0.24Fe''0.67Mg0.98Fe'''0.07Ti0.01Al0.12Si1.90O6 50.0118 0.263844 2.74552 2.50179 21.2255 0 17.2483 5.8911 0.112091 0 0 0
500.00 1343.15 0.676547 1.530987 -7605.613443 0.198479 0.783481 cpx Na0.01Ca0.23Fe''0.72Mg0.94Fe'''0.07Ti0.01Al0.12Si1.90O6 49.7511 0.258323 2.6378 2.57158 22.4302 0 16.511 5.72734 0.112699 0 0 0
500.00 1333.15 4.611458 10.180124 -55830.138410 1.381500 5.233268 cpx Na0.03Ca0.85Fe''0.35Mg0.63Fe'''0.11Ti0.03Al0.16Si1.85O6 48.4162 1.04397 3.66636 3.83146 10.8733 0 11.1037 20.7137 0.35126 0 0 0
500.00 1323.15 0.255262 0.560848 -3085.700538 0.076369 0.289016 cpx Na0.03Ca0.85Fe''0.36Mg0.62Fe'''0.11Ti0.03Al0.16Si1.85O6 48.4146 1.05491 3.56216 3.80545 11.1425 0 10.8966 20.7628 0.360979 0 0 0

clinopyroxene_1 thermodynamic data and composition:
Pressure Temperature mass S H V Cp structure formula SiO2 TiO2 Al2O3 Fe2O3 FeO MnO MgO CaO Na2O K2O P2O5 H2O
500.00 1443.15 0.765199 1.795726 -9640.424078 0.235736 0.911975 cpx Na0.01Ca0.68Fe''0.23Mg0.95Fe'''0.06Ti0.01Al0.18Si1.88O6 51.0081 0.377844 4.05413 2.27971 7.54188 0 17.3131 17.2451 0.180177 0 0 0
500.00 1433.15 2.209589 5.160701 -27699.805006 0.678566 2.622400 cpx Na0.01Ca0.68Fe''0.25Mg0.92Fe'''0.07Ti0.01Al0.18Si1.87O6 50.7115 0.446674 4.07086 2.45038 8.01922 0 16.7928 17.3132 0.195283 0 0 0
500.00 1423.15 1.618409 3.761617 -20189.251423 0.495455 1.912601 cpx Na0.02Ca0.69Fe''0.26Mg0.90Fe'''0.07Ti0.01Al0.18Si1.87O6 50.4135 0.519079 4.08447 2.62317 8.48023 0 16.2659 17.4028 0.210852 0 0 0
500.00 1413.15 1.228910 2.842212 -15255.060209 0.375033 1.446013 cpx Na0.02Ca0.70Fe''0.28Mg0.87Fe'''0.08Ti0.02Al0.18Si1.86O6 50.113 0.595095 4.09396 2.79932 8.93214 0 15.7325 17.507 0.226951 0 0 0
500.00 1403.15 0.960419 2.210086 -11862.741018 0.292167 1.125105 cpx Na0.02Ca0.70Fe''0.29Mg0.84Fe'''0.08Ti0.02Al0.18Si1.86O6 49.8099 0.674544 4.09811 2.97967 9.38173 0 15.1926 17.6198 0.243612 0 0 0
500.00 1393.15 0.768480 1.759368 -9443.476522 0.233027 0.896206 cpx Na0.02Ca0.71Fe''0.31Mg0.82Fe'''0.09Ti0.02Al0.18Si1.85O6 49.5043 0.756964 4.09541 3.16467 9.83566 0 14.6462 17.736 0.260836 0 0 0
500.00 1383.15 0.627041 1.428098 -7664.594289 0.189516 0.727901 cpx Na0.02Ca0.72Fe''0.32Mg0.79Fe'''0.09Ti0.02Al0.18Si1.85O6 49.197 0.8415 4.08394 3.3544 10.3008 0 14.0931 17.8507 0.278596 0 0 0
500.00 1373.15 0.520030 1.178125 -6321.359745 0.156648 0.600846 cpx Na0.02Ca0.73Fe''0.34Mg0.76Fe'''0.10Ti0.03Al0.18Si1.84O6 48.8897 0.926748 4.06123 3.54835 10.7844 0 13.5331 17.9596 0.296824 0 0 0
500.00 1363.15 0.437066 0.984849 -5281.843764 0.131205 0.502567 cpx Na0.02Ca0.73Fe''0.36Mg0.73Fe'''0.11Ti0.03Al0.18Si1.84O6 48.5858 1.01053 4.02397 3.7453 11.295 0 12.9659 18.058 0.3154 0 0 0
500.00 1353.15 0.371082 0.831593 -4456.623847 0.111006 0.424601 cpx Na0.02Ca0.74Fe''0.38Mg0.70Fe'''0.11Ti0.03Al0.18Si1.84O6 48.2903 1.08954 3.96753 3.94274 11.8426 0 12.3919 18.1413 0.334124 0 0 0
500.00 1343.15 0.316848 0.706094 -3780.003489 0.094440 0.360726 cpx Na0.03Ca0.74Fe''0.40Mg0.67Fe'''0.12Ti0.03Al0.17Si1.83O6 48.012 1.15867 3.88497 4.13594 12.4404 0 11.8118 18.2036 0.352653 0 0 0

spinel_0 thermodynamic data and composition:
Pressure Temperature mass S H V Cp formula SiO2 TiO2 Al2O3 Fe2O3 FeO MnO MgO CaO Na2O K2O P2O5 H2O
500.00 1333.15 7.177768 14.676230 -37031.994838 1.504377 6.563115 Fe''1.23Mg0.15Fe'''1.15Al0.11Cr0.00Ti0.37O4 0 13.4708 2.43053 41.562 39.8515 0 2.68513 0 0 0 0 0
500.00 1323.15 0.165152 0.336251 -849.720569 0.034555 0.150719 Fe''1.24Mg0.14Fe'''1.14Al0.10Cr0.00Ti0.38O4 0 13.6792 2.26851 41.2677 40.2524 0 2.53216 0 0 0 0 0

feldspar_0 thermodynamic data and composition:
Pressure Temperature mass S H V Cp formula SiO2 TiO2 Al2O3 Fe2O3 FeO MnO MgO CaO Na2O K2O P2O5 H2O
500.00 1473.15 2.064678 5.058969 -28464.763861 0.774755 2.546053 K0.00Na0.23Ca0.76Al1.76Si2.24O8 48.9683 0 32.7474 0 0 0 0 15.5909 2.63989 0.0534467 0 0
500.00 1463.15 3.623971 8.860287 -49992.238753 1.361212 4.465722 K0.00Na0.25Ca0.75Al1.75Si2.25O8 49.3706 0 32.4747 0 0 0 0 15.272 2.82145 0.0611794 0 0
500.00 1453.15 4.412164 10.764523 -60900.118133 1.659072 5.433165 K0.00Na0.27Ca0.73Al1.73Si2.27O8 49.8071 0 32.1783 0 0 0 0 14.9256 3.01698 0.0719986 0 0
500.00 1443.15 7.025517 17.112983 -97011.804483 2.646111 8.645808 K0.01Na0.29Ca0.70Al1.70Si2.30O8 50.4299 0 31.7538 0 0 0 0 14.43 3.2919 0.0943802 0 0
500.00 1433.15 4.640919 11.287822 -64107.444292 1.751180 5.708180 K0.01Na0.32Ca0.68Al1.68Si2.32O8 51.1172 0 31.285 0 0 0 0 13.883 3.59472 0.120057 0 0
500.00 1423.15 3.594658 8.729703 -49672.121153 1.358893 4.418676 K0.01Na0.34Ca0.65Al1.65Si2.35O8 51.8102 0 30.8114 0 0 0 0 13.3305 3.89732 0.150532 0 0
500.00 1413.15 2.884827 6.994810 -39876.430595 1.092583 3.543970 K0.01Na0.37Ca0.62Al1.62Si2.38O8 52.5097 0 30.3321 0 0 0 0 12.7718 4.19945 0.186939 0 0
500.00 1403.15 2.380882 5.763511 -32920.288128 0.903415 2.923055 K0.01Na0.39Ca0.59Al1.59Si2.41O8 53.2166 0 29.8461 0 0 0 0 12.206 4.5006 0.230782 0 0
500.00 1393.15 2.010229 4.858118 -27802.590999 0.764224 2.466409 K0.02Na0.42Ca0.56Al1.56Si2.44O8 53.9321 0 29.3521 0 0 0 0 11.6315 4.80018 0.284113 0 0
500.00 1383.15 1.730050 4.173844 -23932.710330 0.658984 2.121229 K0.02Na0.45Ca0.53Al1.53Si2.47O8 54.6588 0 28.8479 0 0 0 0 11.0459 5.09759 0.349826 0 0
500.00 1373.15 1.514023 3.646278 -20947.451466 0.577848 1.855054 K0.02Na0.47Ca0.50Al1.50Si2.50O8 55.4008 0 28.3296 0 0 0 0 10.4452 5.39227 0.432179 0 0
500.00 1363.15 1.345702 3.235159 -18619.740790 0.514674 1.647588 K0.03Na0.50Ca0.47Al1.47Si2.53O8 56.1651 0 27.791 0 0 0 0 9.82248 5.68361 0.537776 0 0
500.00 1353.15 1.215290 2.916445 -16814.043017 0.465828 1.486718 K0.04Na0.52Ca0.44Al1.44Si2.56O8 56.9642 0 27.2213 0 0 0 0 9.16607 5.9708 0.677629 0 0
500.00 1343.15 1.118793 2.680164 -15474.435153 0.429894 1.367428 K0.05Na0.54Ca0.41Al1.41Si2.59O8 57.8204 0 26.6008 0 0 0 0 8.45435 6.25224 0.872124 0 0
500.00 1333.15 0.312854 0.745106 -4340.306751 0.119825 0.382251 K0.02Na0.53Ca0.44Al1.44Si2.56O8 56.9562 0 27.2897 0 0 0 0 9.22435 6.13235 0.397364 0 0
500.00 1323.15 0.408761 0.970905 -5673.628526 0.156738 0.499051 K0.02Na0.55Ca0.42Al1.42Si2.58O8 57.4299 0 26.9636 0 0 0 0 8.84474 6.33274 0.429116 0 0

orthopyroxene_0 thermodynamic data and composition:
Pressure Temperature mass S H V Cp structure formula SiO2 TiO2 Al2O3 Fe2O3 FeO MnO MgO CaO Na2O K2O P2O5 H2O
500.00 1453.15 1.103815 2.668326 -13931.348132 0.340866 1.389922 opx Na0.00Ca0.08Fe''0.33Mg1.52Fe'''0.03Ti0.00Al0.10Si1.93O6 54.4519 0.0884204 2.35383 1.10423 11.0743 0 28.7567 2.14849 0.0221293 0 0 0

Title: Hr

Phase Masses:
Pressure Temperature mass liquid_0 olivine_0 orthopyroxene_0 clinopyroxene_0 clinopyroxene_1 feldspar_0 spinel_0 
500.00 1523.15 98.101379 98.101379 0.000000 0.000000 0.000000 0.000000 0.000000 0.000000 
500.00 1513.15 98.102030 98.102030 0.000000 0.000000 0.000000 0.000000 0.000000 0.000000 
500.00 1503.15 98.102721 98.102721 0.000000 0.000000 0.000000 0.000000 0.000000 0.000000 
500.00 1493.15 98.103454 98.103454 0.000000 0.000000 0.000000 0.000000 0.000000 0.000000 
500.00 1483.15 98.104229 98.104229 0.000000 0.000000 0.000000 0.000000 0.000000 0.000000 
500.00 1473.15 98.104362 96.039684 0.000000 0.000000 0.000000 0.000000 2.064678 0.000000 
500.00 1463.15 96.040249 92.416277 0.000000 0.000000 0.000000 0.000000 3.623971 0.000000 
500.00 1453.15 92.415560 86.891416 0.008165 1.103815 0.000000 0.000000 4.412164 0.000000 
500.00 1443.15 86.886573 72.988817 0.000000 0.000000 6.107040 0.765199 7.025517 0.000000 
500.00 1433.15 72.986366 63.103256 0.000000 0.000000 3.032601 2.209589 4.640919 0.000000 
500.00 1423.15 63.101702 55.546668 0.000000 0.000000 2.341968 1.618409 3.594658 0.000000 
500.00 1413.15 55.545751 49.563134 0.000000 0.000000 1.868880 1.228910 2.884827 0.000000 
500.00 1403.15 49.562685 44.690803 0.000000 0.000000 1.530581 0.960419 2.380882 0.000000 
500.00 1393.15 44.690705 40.631297 0.000000 0.000000 1.280699 0.768480 2.010229 0.000000 
500.00 1383.15 40.631465 37.182793 0.000000 0.000000 1.091581 0.627041 1.730050 0.000000 
500.00 1373.15 37.183160 34.203169 0.000000 0.000000 0.945938 0.520030 1.514023 0.000000 
500.00 1363.15 34.203679 31.588314 0.000000 0.000000 0.832598 0.437066 1.345702 0.000000 
500.00 1353.15 31.588913 29.258258 0.000000 0.000000 0.744282 0.371082 1.215290 0.000000 
500.00 1343.15 29.258884 27.146697 0.000000 0.000000 0.676547 0.316848 1.118793 0.000000 
500.00 1333.15 27.358089 15.256010 0.000000 0.000000 4.611458 0.000000 0.312854 7.177768 
500.00 1323.15 15.262954 14.433778 0.000000 0.000000 0.255262 0.000000 0.408761 0.165152 

Title: Hr

Phase Volumes:
Pressure Temperature mass V liquid_0 olivine_0 orthopyroxene_0 clinopyroxene_0 clinopyroxene_1 feldspar_0 spinel_0 
500.00 1523.15 98.101379 36.218228 36.218228 0.000000 0.000000 0.000000 0.000000 0.000000 0.000000 
500.00 1513.15 98.102030 36.195045 36.195045 0.000000 0.000000 0.000000 0.000000 0.000000 0.000000 
500.00 1503.15 98.102721 36.171894 36.171894 0.000000 0.000000 0.000000 0.000000 0.000000 0.000000 
500.00 1493.15 98.103454 36.148777 36.148777 0.000000 0.000000 0.000000 0.000000 0.000000 0.000000 
500.00 1483.15 98.104229 36.125694 36.125694 0.000000 0.000000 0.000000 0.000000 0.000000 0.000000 
500.00 1473.15 98.104362 36.067766 35.293011 0.000000 0.000000 0.000000 0.000000 0.774755 0.000000 
500.00 1463.15 96.040249 35.208894 33.847682 0.000000 0.000000 0.000000 0.000000 1.361212 0.000000 
500.00 1453.15 92.415560 33.694350 31.691941 0.002470 0.340866 0.000000 0.000000 1.659072 0.000000 
500.00 1443.15 86.886573 31.211766 26.456396 0.000000 0.000000 1.873522 0.235736 2.646111 0.000000 
500.00 1433.15 72.986366 26.096560 22.740307 0.000000 0.000000 0.926508 0.678566 1.751180 0.000000 
500.00 1423.15 63.101702 22.464492 19.897582 0.000000 0.000000 0.712561 0.495455 1.358893 0.000000 
500.00 1413.15 55.545751 19.678595 17.644719 0.000000 0.000000 0.566260 0.375033 1.092583 0.000000 
500.00 1403.15 49.562685 17.465921 15.808537 0.000000 0.000000 0.461802 0.292167 0.903415 0.000000 
500.00 1393.15 44.690705 15.659163 14.277167 0.000000 0.000000 0.384744 0.233027 0.764224 0.000000 
500.00 1383.15 40.631465 14.149928 12.974946 0.000000 0.000000 0.326481 0.189516 0.658984 0.000000 
500.00 1373.15 37.183160 12.864706 11.848579 0.000000 0.000000 0.281631 0.156648 0.577848 0.000000 
500.00 1363.15 34.203679 11.751580 10.858983 0.000000 0.000000 0.246718 0.131205 0.514674 0.000000 
500.00 1353.15 31.588913 10.772355 9.976052 0.000000 0.000000 0.219469 0.111006 0.465828 0.000000 
500.00 1343.15 29.258884 9.897449 9.174636 0.000000 0.000000 0.198479 0.094440 0.429894 0.000000 
500.00 1333.15 27.358089 9.025130 6.019428 0.000000 0.000000 1.381500 0.000000 0.119825 1.504377 
500.00 1323.15 15.262954 5.997859 5.730197 0.000000 0.000000 0.076369 0.000000 0.156738 0.034555 

Title: Hr

Solid Composition:
Pressure Temperature mass SiO2 TiO2 Al2O3 Fe2O3 FeO MnO MgO CaO Na2O K2O P2O5 H2O 
500.00 1523.15 0.000000 ---
500.00 1513.15 0.000000 ---
500.00 1503.15 0.000000 ---
500.00 1493.15 0.000000 ---
500.00 1483.15 0.000000 ---
500.00 1473.15 2.064678 48.9683 0 32.7474 0 0 0 0 15.5909 2.63989 0.0534467 0 0
500.00 1463.15 3.623971 49.3706 0 32.4747 0 0 0 0 15.272 2.82145 0.0611794 0 0
500.00 1453.15 5.524144 50.7196 0.0176679 26.1713 0.220643 2.23891 0.000686692 5.80843 12.3511 2.4141 0.0575057 0 0
500.00 1443.15 13.897756 51.3283 0.0977177 17.6933 0.876259 5.83737 0 11.0957 11.313 1.7107 0.0477106 0 0
500.00 1433.15 9.883110 51.3321 0.159969 16.5856 1.10386 5.84817 0 10.6335 12.5216 1.75891 0.0563765 0 0
500.00 1423.15 7.555034 51.5189 0.177648 16.5213 1.15421 6.18935 0 10.2362 12.2022 1.92848 0.0716226 0 0
500.00 1413.15 5.982617 51.7229 0.194181 16.4503 1.20137 6.52598 0 9.8406 11.8725 2.10211 0.0901422 0 0
500.00 1403.15 4.871882 51.944 0.209462 16.3687 1.24581 6.8622 0 9.44672 11.5309 2.2793 0.112783 0 0
500.00 1393.15 4.059408 52.1828 0.223341 16.2734 1.28785 7.20204 0 9.05462 11.1759 2.45941 0.140693 0 0
500.00 1383.15 3.448672 52.44 0.235593 16.1609 1.3276 7.5494 0 8.66403 10.8051 2.64181 0.175493 0 0
500.00 1373.15 2.979991 52.7181 0.245864 16.0288 1.3648 7.90781 0 8.27387 10.415 2.8261 0.219574 0 0
500.00 1363.15 2.615365 53.0222 0.253573 15.8757 1.39856 8.27959 0 7.88149 9.99977 3.01246 0.276705 0 0
500.00 1353.15 2.330655 53.3629 0.257732 15.7027 1.42669 8.66382 0 7.48117 9.54924 3.20239 0.353341 0 0
500.00 1343.15 2.112188 53.7644 0.256554 15.5177 1.44412 9.05069 0 7.06044 9.04335 3.40071 0.46195 0 0
500.00 1333.15 12.102079 19.9212 8.38737 3.54408 26.1105 27.7793 0 5.82359 8.13135 0.292375 0.0102724 0 0
Title: Hr

Bulk Composition:
Pressure Temperature mass SiO2 TiO2 Al2O3 Fe2O3 FeO MnO MgO CaO Na2O K2O P2O5 H2O 
500.00 1523.15 98.101379 49.722 1.43678 15.4313 2.5266 10.0472 0.197041 7.20398 10.7199 2.20609 0.348313 0.160752 0
500.00 1513.15 98.102030 49.7217 1.43677 15.4312 2.53321 10.0412 0.19704 7.20393 10.7199 2.20607 0.348311 0.160751 0
500.00 1503.15 98.102721 49.7214 1.43676 15.4311 2.54022 10.0348 0.197038 7.20388 10.7198 2.20606 0.348308 0.16075 0
500.00 1493.15 98.103454 49.721 1.43675 15.431 2.54765 10.028 0.197037 7.20382 10.7197 2.20604 0.348306 0.160749 0
500.00 1483.15 98.104229 49.7206 1.43674 15.4308 2.55552 10.0208 0.197035 7.20377 10.7196 2.20602 0.348303 0.160747 0
500.00 1473.15 98.104362 49.7205 1.43674 15.4308 2.55687 10.0196 0.197035 7.20376 10.7196 2.20602 0.348303 0.160747 0
500.00 1463.15 96.040249 49.7369 1.46761 15.0588 2.6073 10.239 0.20127 7.35858 10.615 2.19671 0.35464 0.164202 0
500.00 1453.15 92.415560 49.7522 1.52518 14.3763 2.69102 10.6573 0.209164 7.6472 10.4326 2.17225 0.366151 0.170642 0
500.00 1443.15 86.886573 49.6951 1.62111 13.6276 2.75815 11.2745 0.222436 7.76535 10.3114 2.15703 0.385796 0.181501 0
500.00 1433.15 72.986366 49.3879 1.91125 12.8544 3.0421 12.3775 0.264798 7.13202 10.1216 2.24214 0.450187 0.216068 0
500.00 1423.15 63.101702 49.087 2.18559 12.271 3.27378 13.4656 0.306278 6.58441 9.74655 2.31795 0.511879 0.249914 0
500.00 1413.15 55.545751 48.7599 2.45875 11.6937 3.49183 14.5193 0.347941 6.08851 9.41338 2.37103 0.571771 0.28391 0
500.00 1403.15 49.562685 48.4057 2.73214 11.1205 3.69897 15.5473 0.389944 5.6364 9.11737 2.40361 0.629917 0.318183 0
500.00 1393.15 44.690705 48.0236 3.00718 10.5492 3.89733 16.5569 0.432454 5.22183 8.8551 2.41727 0.686298 0.35287 0
500.00 1383.15 40.631465 47.6117 3.28532 9.97814 4.08858 17.5547 0.475658 4.83974 8.62407 2.41318 0.740812 0.388123 0
500.00 1373.15 37.183160 47.1675 3.56817 9.40556 4.27408 18.5469 0.519769 4.48589 8.42265 2.3921 0.793247 0.424117 0
500.00 1363.15 34.203679 46.6878 3.85761 8.8294 4.45499 19.5398 0.565047 4.15674 8.24995 2.35442 0.843229 0.461062 0
500.00 1353.15 31.588913 46.1673 4.15596 8.24694 4.6323 20.541 0.611818 3.84925 8.106 2.30009 0.890134 0.499226 0
500.00 1343.15 29.258884 45.5985 4.46644 7.65403 4.80679 21.5606 0.66054 3.56088 7.992 2.22838 0.932897 0.538982 0
500.00 1333.15 27.358089 44.6214 4.75701 6.98898 12.6323 15.52 0.706434 3.26421 7.85026 2.1209 0.96208 0.576429 0
