Title: Hr

liquid_0 thermodynamic data and composition:
Pressure Temperature mass S H V Cp viscosity SiO2 TiO2 Al2O3 Fe2O3 FeO MnO MgO CaO Na2O K2O P2O5 H2O Mg#
500.00 1523.15 98.101379 265.143798 -1166422.668252 36.218228 145.973147 2.176 49.722 1.43678 15.4313 2.5266 10.0472 0.197041 7.20398 10.7199 2.20609 0.348313 0.160752 0 56.1
500.00 1513.15 98.102030 264.183508 -1167891.954475 36.195045 145.976488 2.218 49.7217 1.43677 15.4312 2.53321 10.0412 0.19704 7.20393 10.7199 2.20607 0.348311 0.160751 0 56.1
500.00 1503.15 98.102721 263.216871 -1169361.897099 36.171894 145.980033 2.261 49.7214 1.43676 15.4311 2.54022 10.0348 0.197038 7.20388 10.7198 2.20606 0.348308 0.16075 0 56.1
500.00 1493.15 98.103454 262.243801 -1170832.520377 36.148777 145.983791 2.305 49.721 1.43675 15.431 2.54765 10.028 0.197037 7.20382 10.7197 2.20604 0.348306 0.160749 0 56.2
500.00 1483.15 98.104229 261.264206 -1172303.849590 36.125694 145.987767 2.349 49.7206 1.43674 15.4308 2.55552 10.0208 0.197035 7.20377 10.7196 2.20602 0.348303 0.160747 0 56.2
500.00 1473.15 96.039684 254.769869 -1145962.185764 35.293011 139.541460 2.369 49.7367 1.46762 15.0585 2.61184 10.235 0.201271 7.35862 10.6149 2.19669 0.354641 0.164203 0 56.2
500.00 1463.15 92.416277 244.150475 -1098562.675582 33.847682 134.226017 2.366 49.7513 1.52516 14.3758 2.70954 10.6405 0.209162 7.64714 10.4324 2.17221 0.366148 0.170641 0 56.2
500.00 1453.15 86.891416 228.535436 -1026772.467842 31.691941 125.987105 2.360 49.6907 1.62102 13.6264 2.84807 11.1925 0.222418 7.7641 10.3106 2.15688 0.385773 0.181491 0 55.3
500.00 1443.15 72.988817 190.998152 -850640.096167 26.456396 105.013157 2.360 49.3841 1.91118 12.8534 3.11648 12.3098 0.264789 7.13123 10.1207 2.24202 0.45017 0.21606 0 50.8
500.00 1433.15 63.103256 164.310813 -726075.275890 22.740307 90.129812 2.364 49.0834 2.18553 12.27 3.34566 13.4002 0.306271 6.58363 9.7457 2.31783 0.511864 0.249908 0 46.7
500.00 1423.15 55.546668 143.900735 -631181.996371 19.897582 78.797532 2.364 48.7563 2.4587 11.6929 3.56207 14.4553 0.347936 6.08772 9.41254 2.37092 0.571759 0.283905 0 42.9
500.00 1413.15 49.563134 127.733074 -556293.088168 17.644719 69.859988 2.358 48.4022 2.7321 11.1196 3.7683 15.4841 0.38994 5.6356 9.11654 2.40349 0.629907 0.31818 0 39.3
500.00 1403.15 44.690803 114.564473 -495512.462937 15.808537 62.611722 2.347 48.02 3.00715 10.5483 3.9664 16.494 0.432453 5.22102 8.85426 2.41716 0.686291 0.352869 0 36.1
500.00 1393.15 40.631297 103.591645 -445037.744869 14.277167 56.597681 2.330 47.6081 3.2853 9.97728 4.15804 17.4915 0.47566 4.83891 8.62323 2.41306 0.740808 0.388124 0 33.0
500.00 1383.15 37.182793 94.271306 -402301.779197 12.974946 51.510616 2.309 47.1638 3.56817 9.40469 4.34465 18.4827 0.519775 4.48504 8.42178 2.39197 0.793245 0.424121 0 30.2
500.00 1373.15 34.203169 86.221021 -365500.325074 11.848579 47.134653 2.282 46.6839 3.85763 8.8285 4.52755 19.4738 0.565055 4.15586 8.24906 2.35428 0.843228 0.461068 0 27.6
500.00 1363.15 31.588314 79.160869 -333314.327977 10.858983 43.312173 2.248 46.1633 4.156 8.246 4.70805 20.4721 0.61183 3.84835 8.10508 2.29994 0.890134 0.499235 0 25.1
500.00 1353.15 29.258258 72.876230 -304732.445692 9.976052 39.922775 2.208 45.5941 4.46649 7.65303 4.88765 21.4871 0.660554 3.55994 7.99103 2.22821 0.932894 0.538993 0 22.8
500.00 1343.15 27.146697 67.189827 -278916.741118 9.174636 36.867653 2.159 44.9631 4.794 7.04218 5.06842 22.534 0.711935 3.28859 7.91019 2.13717 0.96954 0.580918 0 20.6
500.00 1333.15 15.256010 38.235745 -189942.502788 6.019428 20.578270 4.873 64.2151 1.87716 9.7217 1.9406 5.79514 1.26682 1.23395 7.62727 3.5714 1.71712 1.03369 0 27.5
500.00 1323.15 14.433778 36.010125 -180915.157497 5.730197 19.407507 5.077 65.3979 1.80992 9.42526 1.78754 5.22574 1.33899 1.08352 7.44617 3.58958 1.80281 1.09258 0 27.0

olivine_0 thermodynamic data and composition:
Pressure Temperature mass S H V Cp formula SiO2 TiO2 Al2O3 Fe2O3 FeO MnO MgO CaO Na2O K2O P2O5 H2O
500.00 1453.15 0.008165 0.019626 -98.289744 0.002470 0.010050 (Ca0.01Mg0.81Fe''0.19Mn0.01Co0.00Ni0.00)2SiO4 39.2587 0 0 0 17.654 0.46459 42.1928 0.429887 0 0 0 0

clinopyroxene_0 thermodynamic data and composition:
Pressure Temperature mass S H V Cp structure formula SiO2 TiO2 Al2O3 Fe2O3 FeO MnO MgO CaO Na2O K2O P2O5 H2O
500.00 1443.15 6.107040 14.610521 -75214.717288 1.873522 7.463292 cpx Na0.01Ca0.27Fe''0.38Mg1.25Fe'''0.05Ti0.00Al0.14Si1.91O6 52.402 0.175033 3.22715 1.70846 12.3391 0 23.081 6.98381 0.0834739 0 0 0
500.00 1433.15 3.032601 7.217694 -37058.560225 0.926508 3.687298 cpx Na0.01Ca0.27Fe''0.40Mg1.22Fe'''0.05Ti0.01Al0.14Si1.90O6 52.1131 0.195879 3.20875 1.81207 13.216 0 22.4186 6.9469 0.0887585 0 0 0
500.00 1423.15 2.341968 5.545068 -28393.249877 0.712561 2.833326 cpx Na0.01Ca0.27Fe''0.43Mg1.19Fe'''0.05Ti0.01Al0.14Si1.90O6 51.8358 0.214374 3.18211 1.91068 14.1062 0 21.7808 6.87655 0.0934841 0 0 0
500.00 1413.15 1.868880 4.401812 -22474.894112 0.566260 2.249684 cpx Na0.01Ca0.27Fe''0.46Mg1.16Fe'''0.06Ti0.01Al0.14Si1.90O6 51.5669 0.230295 3.14719 2.00505 15.0174 0 21.1564 6.77918 0.0976725 0 0 0
500.00 1403.15 1.530581 3.585918 -18253.400016 0.461802 1.833162 cpx Na0.01Ca0.26Fe''0.49Mg1.13Fe'''0.06Ti0.01Al0.14Si1.90O6 51.3037 0.243455 3.10386 2.09574 15.9557 0 20.536 6.66028 0.101339 0 0 0
500.00 1393.15 1.280699 2.984307 -15141.389829 0.384744 1.526002 cpx Na0.01Ca0.26Fe''0.53Mg1.10Fe'''0.06Ti0.01Al0.13Si1.90O6 51.0441 0.253705 3.05186 2.18312 16.9263 0 19.9118 6.5246 0.104495 0 0 0
500.00 1383.15 1.091581 2.529611 -12789.092656 0.326481 1.293809 cpx Na0.01Ca0.26Fe''0.56Mg1.07Fe'''0.06Ti0.01Al0.13Si1.90O6 50.7864 0.260933 2.99079 2.26745 17.934 0 19.277 6.37628 0.107147 0 0 0
500.00 1373.15 0.945938 2.179716 -10977.888280 0.281631 1.115086 cpx Na0.01Ca0.25Fe''0.60Mg1.04Fe'''0.07Ti0.01Al0.13Si1.90O6 50.5291 0.265066 2.92007 2.34883 18.9833 0 18.6254 6.21901 0.109299 0 0 0
500.00 1363.15 0.832598 1.907392 -9566.311644 0.246718 0.975938 cpx Na0.01Ca0.25Fe''0.63Mg1.01Fe'''0.07Ti0.01Al0.13Si1.90O6 50.2712 0.266054 2.83879 2.42711 20.0787 0 17.951 6.05617 0.11095 0 0 0
500.00 1353.15 0.744282 1.694830 -8461.580960 0.219469 0.867280 cpx Na0.01Ca0.24Fe''0.67Mg0.98Fe'''0.07Ti0.01Al0.12Si1.90O6 50.0118 0.263844 2.74552 2.50179 21.2255 0 17.2483 5.8911 0.112091 0 0 0
500.00 1343.15 0.676547 1.530987 -7605.613443 0.198479 0.783481 cpx Na0.01Ca0.23Fe''0.72Mg0.94Fe'''0.07Ti0.01Al0.12Si1.90O6 49.7511 0.258323 2.6378 2.57158 22.4302 0 16.511 5.72734 0.112699 0 0 0
500.00 1333.15 4.611458 10.180124 -55830.138410 1.381500 5.233268 cpx Na0.03Ca0.85Fe''0.35Mg0.63Fe'''0.11Ti0.03Al0.16Si1.85O6 48.4162 1.04397 3.66636 3.83146 10.8733 0 11.1037 20.7137 0.35126 0 0 0
500.00 1323.15 0.255262 0.560848 -3085.700538 0.076369 0.289016 cpx Na0.03Ca0.85Fe''0.36Mg0.62Fe'''0.11Ti0.03Al0.16Si1.85O6 48.4146 1.05491 3.56216 3.80545 11.1425 0 10.8966 20.7628 0.360979 0 0 0

clinopyroxene_1 thermodynamic data and composition:
Pressure Temperature mass S H V Cp structure formula SiO2 TiO2 Al2O3 Fe2O3 FeO MnO MgO CaO Na2O K2O P2O5 H2O
500.00 1443.15 0.765199 1.795726 -9640.424078 0.235736 0.911975 cpx Na0.01Ca0.68Fe''0.23Mg0.95Fe'''0.06Ti0.01Al0.18Si1.88O6 51.0081 0.377844 4.05413 2.27971 7.54188 0 17.3131 17.2451 0.180177 0 0 0
500.00 1433.15 2.209589 5.160701 -27699.805006 0.678566 2.622400 cpx Na0.01Ca0.68Fe''0.25Mg0.92Fe'''0.07Ti0.01Al0.18Si1.87O6 50.7115 0.446674 4.07086 2.45038 8.01922 0 16.7928 17.3132 0.195283 0 0 0
500.00 1423.15 1.618409 3.761617 -20189.251423 0.495455 1.912601 cpx Na0.02Ca0.69Fe''0.26Mg0.90Fe'''0.07Ti0.01Al0.18Si1.87O6 50.4135 0.519079 4.08447 2.62317 8.48023 0 16.2659 17.4028 0.210852 0 0 0
500.00 1413.15 1.228910 2.842212 -15255.060209 0.375033 1.446013 cpx Na0.02Ca0.70Fe''0.28Mg0.87Fe'''0.08Ti0.02Al0.18Si1.86O6 50.113 0.595095 4.09396 2.79932 8.93214 0 15.7325 17.507 0.226951 0 0 0
500.00 1403.15 0.960419 2.210086 -11862.741018 0.292167 1.125105 cpx Na0.02Ca0.70Fe''0.29Mg0.84Fe'''0.08Ti0.02Al0.18Si1.86O6 49.8099 0.674544 4.09811 2.97967 9.38173 0 15.1926 17.6198 0.243612 0 0 0
500.00 1393.15 0.768480 1.759368 -9443.476522 0.233027 0.896206 cpx Na0.02Ca0.71Fe''0.31Mg0.82Fe'''0.09Ti0.02Al0.18Si1.85O6 49.5043 0.756964 4.09541 3.16467 9.83566 0 14.6462 17.736 0.260836 0 0 0
500.00 1383.15 0.627041 1.428098 -7664.594289 0.189516 0.727901 cpx Na0.02Ca0.72Fe''0.32Mg0.79Fe'''0.09Ti0.02Al0.18Si1.85O6 49.197 0.8415 4.08394 3.3544 10.3008 0 14.0931 17.8507 0.278596 0 0 0
500.00 1373.15 0.520030 1.178125 -6321.359745 0.156648 0.600846 cpx Na0.02Ca0.73Fe''0.34Mg0.76Fe'''0.10Ti0.03Al0.18Si1.84O6 48.8897 0.926748 4.06123 3.54835 10.7844 0 13.5331 17.9596 0.296824 0 0 0
500.00 1363.15 0.437066 0.984849 -5281.843764 0.131205 0.502567 cpx Na0.02Ca0.73Fe''0.36Mg0.73Fe'''0.11Ti0.03Al0.18Si1.84O6 48.5858 1.01053 4.02397 3.7453 11.295 0 12.9659 18.058 0.3154 0 0 0
500.00 1353.15 0.371082 0.831593 -4456.623847 0.111006 0.424601 cpx Na0.02Ca0.74Fe''0.38Mg0.70Fe'''0.11Ti0.03Al0.18Si1.84O6 48.2903 1.08954 3.96753 3.94274 11.8426 0 12.3919 18.1413 0.334124 0 0 0
500.00 1343.15 0.316848 0.706094 -3780.003489 0.094440 0.360726 cpx Na0.03Ca0.74Fe''0.40Mg0.67Fe'''0.12Ti0.03Al0.17Si1.83O6 48.012 1.15867 3.88497 4.13594 12.4404 0 11.8118 18.2036 0.352653 0 0 0

spinel_0 thermodynamic data and composition:
Pressure Temperature mass S H V Cp formula SiO2 TiO2 Al2O3 Fe2O3 FeO MnO MgO CaO Na2O K2O P2O5 H2O
500.00 1333.15 7.177768 14.676230 -37031.994838 1.504377 6.563115 Fe''1.23Mg0.15Fe'''1.15Al0.11Cr0.00Ti0.37O4 0 13.4708 2.43053 41.562 39.8515 0 2.68513 0 0 0 0 0
500.00 1323.15 0.165152 0.336251 -849.720569 0.034555 0.150719 Fe''1.24Mg0.14Fe'''1.14Al0.10Cr0.00Ti0.38O4 0 13.6792 2.26851 41.2677 40.2524 0 2.53216 0 0 0 0 0

feldspar_0 thermodynamic data and composition:
Pressure Temperature mass S H V Cp formula SiO2 TiO2 Al2O3 Fe2O3 FeO MnO MgO CaO Na2O K2O P2O5 H2O
500.00 1473.15 2.064678 5.058969 -28464.763861 0.774755 2.546053 K0.00Na0.23Ca0.76Al1.76Si2.24O8 48.9683 0 32.7474 0 0 0 0 15.5909 2.63989 0.0534467 0 0
500.00 1463.15 3.623971 8.860287 -49992.238753 1.361212 4.465722 K0.00Na0.25Ca0.75Al1.75Si2.25O8 49.3706 0 32.4747 0 0 0 0 15.272 2.82145 0.0611794 0 0
500.00 1453.15 4.412164 10.764523 -60900.118133 1.659072 5.433165 K0.00Na0.27Ca0.73Al1.73Si2.27O8 49.8071 0 32.1783 0 0 0 0 14.9256 3.01698 0.0719986 0 0
500.00 1443.15 7.025517 17.112983 -97011.804483 2.646111 8.645808 K0.01Na0.29Ca0.70Al1.70Si2.30O8 50.4299 0 31.7538 0 0 0 0 14.43 3.2919 0.0943802 0 0
500.00 1433.15 4.640919 11.287822 -64107.444292 1.751180 5.708180 K0.01Na0.32Ca0.68Al1.68Si2.32O8 51.1172 0 31.285 0 0 0 0 13.883 3.59472 0.120057 0 0
500.00 1423.15 3.594658 8.729703 -49672.121153 1.358893 4.418676 K0.01Na0.34Ca0.65Al1.65Si2.35O8 51.8102 0 30.8114 0 0 0 0 13.3305 3.89732 0.150532 0 0
500.00 1413.15 2.884827 6.994810 -39876.430595 1.092583 3.543970 K0.01Na0.37Ca0.62Al1.62Si2.38O8 52.5097 0 30.3321 0 0 0 0 12.7718 4.19945 0.186939 0 0
500.00 1403.15 2.380882 5.763511 -32920.288128 0.903415 2.923055 K0.01Na0.39Ca0.59Al1.59Si2.41O8 53.2166 0 29.8461 0 0 0 0 12.206 4.5006 0.230782 0 0
500.00 1393.15 2.010229 4.858118 -27802.590999 0.764224 2.466409 K0.02Na0.42Ca0.56Al1.56Si2.44O8 53.9321 0 29.3521 0 0 0 0 11.6315 4.80018 0.284113 0 0
500.00 1383.15 1.730050 4.173844 -23932.710330 0.658984 2.121229 K0.02Na0.45Ca0.53Al1.53Si2.47O8 54.6588 0 28.8479 0 0 0 0 11.0459 5.09759 0.349826 0 0
500.00 1373.15 1.514023 3.646278 -20947.451466 0.577848 1.855054 K0.02Na0.47Ca0.50Al1.50Si2.50O8 55.4008 0 28.3296 0 0 0 0 10.4452 5.39227 0.432179 0 0
500.00 1363.15 1.345702 3.235159 -18619.740790 0.514674 1.647588 K0.03Na0.50Ca0.47Al1.47Si2.53O8 56.1651 0 27.791 0 0 0 0 9.82248 5.68361 0.537776 0 0
500.00 1353.15 1.215290 2.916445 -16814.043017 0.465828 1.486718 K0.04Na0.52Ca0.44Al1.44Si2.56O8 56.9642 0 27.2213 0 0 0 0 9.16607 5.9708 0.677629 0 0
500.00 1343.15 1.118793 2.680164 -15474.435153 0.429894 1.367428 K0.05Na0.54Ca0.41Al1.41Si2.59O8 57.8204 0 26.6008 0 0 0 0 8.45435 6.25224 0.872124 0 0
500.00 1333.15 0.312854 0.745106 -4340.306751 0.119825 0.382251 K0.02Na0.53Ca0.44Al1.44Si2.56O8 56.9562 0 27.2897 0 0 0 0 9.22435 6.13235 0.397364 0 0
500.00 1323.15 0.408761 0.970905 -5673.628526 0.156738 0.499051 K0.02Na0.55Ca0.42Al1.42Si2.58O8 57.4299 0 26.9636 0 0 0 0 8.84474 6.33274 0.429116 0 0

orthopyroxene_0 thermodynamic data and composition:
Pressure Temperature mass S H V Cp structure formula SiO2 TiO2 Al2O3 Fe2O3 FeO MnO MgO CaO Na2O K2O P2O5 H2O
500.00 1453.15 1.103815 2.668326 -13931.348132 0.340866 1.389922 opx Na0.00Ca0.08Fe''0.33Mg1.52Fe'''0.03Ti0.00Al0.10Si1.93O6 54.4519 0.0884204 2.35383 1.10423 11.0743 0 28.7567 2.14849 0.0221293 0 0 0
