Title: Hr

Solid Composition:
Pressure Temperature mass SiO2 TiO2 Al2O3 Fe2O3 FeO MnO MgO CaO Na2O K2O P2O5 H2O 
500.00 1523.15 0.000000 ---
500.00 1513.15 0.000000 ---
500.00 1503.15 0.000000 ---
500.00 1493.15 0.000000 ---
500.00 1483.15 0.000000 ---
500.00 1473.15 0.000000 ---
500.00 1463.15 0.000000 ---
500.00 1453.15 0.000000 ---
500.00 1443.15 0.000000 ---
500.00 1433.15 0.000000 ---
500.00 1423.15 0.000000 ---
500.00 1413.15 3.435086 49.3588 0.567924 10.0151 2.22535 4.32316 0 12.8786 20.1691 0.456114 0.00596194 0 0
500.00 1403.15 7.469736 47.5309 0.3628 16.7709 1.29107 4.60932 0.0432775 11.7498 16.687 0.937995 0.0168469 0 0
500.00 1393.15 6.396100 47.3118 0.397769 16.9019 1.28874 5.0291 0.0531818 11.7702 16.2289 0.999647 0.0186973 0 0
500.00 1383.15 5.480174 47.2024 0.451273 16.9308 1.33434 5.35876 0.0594662 11.5789 16.0091 1.05451 0.0203798 0 0
500.00 1373.15 4.752141 47.0744 0.511657 16.9608 1.38178 5.71104 0.0665003 11.3788 15.7812 1.11155 0.0221338 0 0
500.00 1363.15 4.165280 46.9221 0.581415 16.9889 1.43229 6.09126 0.0744754 11.17 15.5448 1.17074 0.0239627 0 0
500.00 1353.15 3.686968 46.7358 0.665071 17.0095 1.48819 6.50668 0.0836388 10.953 15.3005 1.23168 0.0258608 0 0
500.00 1343.15 12.133346 27.8833 4.86077 11.4015 20.3548 16.5772 0 7.95671 10.2928 0.660831 0.0122111 0 0
500.00 1333.15 3.569079 38.2785 2.74256 15.1372 11.3202 10.4583 0 7.459 13.4023 1.17908 0.0228283 0 0
500.00 1323.15 3.171248 40.3243 2.32879 16.6031 9.73935 9.96343 0 7.60929 11.9605 1.44212 0.0291472 0 0
500.00 1313.15 3.769130 42.7776 1.71729 19.0996 7.26376 8.59408 0 6.93352 10.3966 1.92385 0.0415008 0 1.25219
500.00 1303.15 3.829790 43.4631 1.45501 19.9193 6.13225 7.754 0 6.05702 9.67043 2.30206 0.0528818 0 3.19398
500.00 1293.15 3.212572 43.0415 1.36689 19.622 5.70419 7.36125 0 5.42267 9.10827 2.54153 0.061922 0 5.76973
500.00 1283.15 2.764348 42.4383 1.27887 19.1805 5.28851 6.94676 0 4.84547 8.54338 2.75345 0.0712226 0 8.65361
500.00 1273.15 2.427085 41.6678 1.19277 18.6213 4.89018 6.52319 0 4.32442 7.98832 2.93324 0.080609 0 11.7782
500.00 1263.15 2.165650 40.7458 1.10987 17.9694 4.51262 6.10023 0 3.85699 7.45213 3.07828 0.0899059 0 15.0848
500.00 1253.15 1.958223 39.6905 1.0309 17.2488 4.15737 5.68465 0 3.43938 6.94036 3.18815 0.0989593 0 18.521
500.00 1243.15 1.790587 38.5225 0.956265 16.4809 3.82491 5.28123 0 3.06729 6.45616 3.26404 0.107642 0 22.0391
500.00 1233.15 1.653117 37.2635 0.886151 15.6846 3.51506 4.89328 0 2.7363 6.00095 3.30835 0.115856 0 25.596
500.00 1223.15 1.539056 35.9357 0.820602 14.8759 3.22729 4.52305 0 2.44222 5.57506 3.3242 0.123537 0 29.1525