Title: Nd2

System Thermodynamic Data:
Pressure Temperature mass F phi S H V dVdP*10^6 dVdT*10^6 Cp logfO2(absolute) logfO2-NNO rhol rhos viscosity aH2O chisqr
500.00 1523.15 98.230426 1.0000000000000000 1.000000 275.790658 -1187910.138346 38.644049 -387.853838 3625.678041 146.654746 -7.007 0.000 2.541929 0.000000 2.207 0.350285 0.000
500.00 1513.15 98.230973 1.0000000000000000 1.000000 274.825677 -1189384.615733 38.608290 -386.798845 3622.983687 146.654130 -7.116 0.000 2.544297 0.000000 2.250 0.349396 0.000
500.00 1503.15 98.231553 1.0000000000000000 1.000000 273.854336 -1190859.605045 38.572587 -385.746653 3620.230569 146.653680 -7.225 0.000 2.546667 0.000000 2.293 0.348499 0.000
500.00 1493.15 98.232167 1.0000000000000000 1.000000 272.876549 -1192335.126388 38.536941 -384.697321 3617.418917 146.653403 -7.336 0.000 2.549039 0.000000 2.337 0.347592 0.000
500.00 1483.15 98.232818 1.0000000000000000 1.000000 271.892227 -1193811.200714 38.501354 -383.650913 3614.548971 146.653303 -7.449 0.000 2.551412 0.000000 2.381 0.346676 0.000
500.00 1473.15 98.233505 1.0000000000000000 1.000000 270.919370 -1195261.134504 38.465826 -382.607495 3611.620982 142.750207 -7.563 0.000 2.553786 0.000000 2.426 0.345751 0.000
500.00 1463.15 98.234230 1.0000000000000000 1.000000 269.948323 -1196699.295962 38.430360 -381.567135 3608.635212 142.740536 -7.679 0.000 2.556162 0.000000 2.472 0.344817 0.000
500.00 1453.15 98.234994 1.0000000000000000 1.000000 268.970717 -1198137.972039 38.394956 -380.529905 3605.591932 142.730411 -7.796 0.000 2.558539 0.000000 2.518 0.343873 0.000
500.00 1443.15 98.235799 1.0000000000000000 1.000000 267.986463 -1199577.180556 38.359617 -379.495879 3602.491428 142.719828 -7.915 0.000 2.560917 0.000000 2.565 0.34292 0.000
500.00 1433.15 98.236645 1.0000000000000000 1.000000 266.995471 -1201016.940286 38.324344 -378.465136 3599.333997 142.708781 -8.035 0.000 2.563296 0.000000 2.613 0.341958 0.000
500.00 1423.15 98.237421 0.9996148230987445 0.999701 265.986472 -1202471.220166 38.288275 -377.413863 3595.316136 142.677554 -8.157 0.000 2.565510 3.305077 2.663 0.341061 0.000
500.00 1413.15 98.199121 0.9922386922667164 0.993984 264.671703 -1203739.972450 38.224729 -375.903162 3575.322039 142.224920 -8.281 0.000 2.564483 3.314475 2.743 0.341578 0.000
500.00 1403.15 97.439063 0.9604138951282726 0.968544 260.786599 -1197507.082144 37.765025 -370.273386 3510.582416 139.848639 -8.407 0.000 2.558483 3.246978 2.834 0.357882 0.000
500.00 1393.15 93.586175 0.9597398356657737 0.968232 249.907163 -1151220.681833 36.355150 -363.945447 3406.141086 133.889900 -8.535 0.000 2.551642 3.262377 2.931 0.374988 0.000
500.00 1383.15 89.821641 0.9389538762632680 0.947894 238.959372 -1106772.803363 34.989441 -354.120043 3278.383196 127.634395 -8.664 0.000 2.542895 3.007555 3.018 0.410203 0.000
500.00 1373.15 84.344450 0.9380495676733933 0.946951 224.053252 -1038551.287153 32.982270 -343.470653 3140.625270 119.375743 -8.795 0.000 2.533229 2.986347 3.108 0.44944 0.000
500.00 1363.15 79.141586 0.9318758668569142 0.943730 209.775389 -974153.102650 31.060449 -333.002615 2995.296004 111.382208 -8.929 0.000 2.515980 3.084772 3.239 0.493219 0.000
500.00 1353.15 73.797624 0.9186414182228625 0.935903 195.154878 -911583.749426 29.148782 -322.299592 2825.477769 103.133684 -9.064 0.000 2.485063 3.213550 3.444 0.54598 0.000
500.00 1343.15 67.829984 0.9236880029862036 0.939600 179.628759 -845605.430340 27.134508 -312.067399 2669.480339 94.687919 -9.201 0.000 2.457435 3.158324 3.629 0.601891 0.000
500.00 1333.15 62.682288 0.9309908812740666 0.945163 166.204129 -787647.927066 25.373987 -302.910812 2539.722210 87.428035 -9.340 0.000 2.433296 3.108756 3.795 0.657887 0.000
500.00 1323.15 58.379493 0.9376055897170947 0.950397 154.918795 -738472.456105 23.879001 -294.785747 2431.800147 81.337089 -9.481 0.000 2.411900 3.075258 3.947 0.713053 0.000
500.00 1313.15 54.755826 0.9432953425564324 0.954941 145.356163 -696700.503403 22.604874 -287.547498 2340.749958 76.195834 -9.625 0.000 2.392761 3.048359 4.088 0.76707 0.000
500.00 1303.15 51.666881 0.9479568032961823 0.958651 137.153801 -660863.555057 21.507306 -281.016669 2262.665222 71.803908 -9.771 0.000 2.375495 3.023639 4.220 0.820075 0.000
500.00 1293.15 48.991724 0.9518430678187108 0.961735 130.008794 -629642.570830 20.547342 -275.052437 2194.642098 67.994261 -9.919 0.000 2.359810 3.000708 4.343 0.872175 0.000
500.00 1283.15 46.644472 0.9551294344119196 0.964335 123.705056 -602095.814779 19.697108 -269.551591 2134.818972 64.654895 -10.069 0.000 2.345483 2.979283 4.458 0.923454 0.000
500.00 1273.15 44.562195 0.9579412853923772 0.966552 118.083724 -577529.820468 18.936048 -264.433525 2081.219883 61.683125 -10.221 0.000 2.332334 2.959139 4.568 0.973983 0.000
500.00 1263.15 42.697838 0.9500340661468865 0.943864 112.946958 -555524.005758 18.512194 -892.009775 2304.918780 58.929448 -10.376 0.000 2.321547 2.052976 4.703 1.00018 0.000
500.00 1253.15 40.600955 0.9416516409750833 0.906236 107.277858 -530121.672334 18.237446 -2094.984835 2788.750751 55.865115 -10.534 0.000 2.313242 1.385368 4.867 1.00019 0.000
500.00 1243.15 38.319721 0.9439027964331057 0.879781 101.274902 -501863.579575 17.829383 -3155.827613 3226.455336 52.646941 -10.694 0.000 2.305890 1.002895 5.025 1.00019 0.000
500.00 1233.15 36.304860 0.9456984539379199 0.855099 95.952549 -476819.285503 17.461817 -4096.164527 3629.396497 49.807120 -10.857 0.000 2.299385 0.779140 5.179 1.0002 0.000
500.00 1223.15 34.510787 0.9471652844382763 0.832132 91.196100 -454444.097846 17.126289 -4932.409688 4002.470603 47.281359 -11.022 0.000 2.293639 0.634226 5.328 1.00019 0.000
500.00 1213.15 32.903483 0.9483717254966253 0.810794 86.919369 -434333.628703 16.816871 -5677.686725 4349.599298 45.021325 -11.190 0.000 2.288573 0.533887 5.472 1.00019 0.000
500.00 1203.15 31.456148 0.9493677622861478 0.790994 83.054228 -416169.672975 16.529052 -6342.730764 4673.996401 42.988865 -11.361 0.000 2.284121 0.461026 5.613 1.00019 0.000
500.00 1193.15 30.147232 0.9501894351220630 0.772640 79.545703 -399696.347392 16.259333 -6936.512733 4978.364889 41.153243 -11.534 0.000 2.280224 0.406212 5.749 1.00018 0.000
500.00 1183.15 28.959165 0.9513902576055729 0.756343 76.347740 -384706.334327 16.000170 -7455.857555 5259.682218 39.487512 -11.711 0.000 2.276676 0.361082 5.885 1.00017 0.000
500.00 1173.15 27.892827 0.9516188551989858 0.740572 73.461825 -371252.321594 15.764144 -7924.705357 5528.528105 37.993677 -11.890 0.000 2.273619 0.329976 6.017 1.00016 0.000
500.00 1163.15 26.909659 0.9519544083376875 0.726081 70.791948 -358810.796052 15.535734 -8344.121012 5784.250703 36.618409 -12.073 0.000 2.270949 0.303814 6.147 1.00015 0.000
500.00 1153.15 26.006183 0.9520917960902532 0.712555 68.328125 -347357.391539 15.317010 -8720.267111 6029.155295 35.355997 -12.259 0.000 2.268627 0.282981 6.276 1.00014 0.000
500.00 1143.15 25.171158 0.9519813078882561 0.699829 66.041751 -336753.679400 15.106412 -9059.185865 6265.591482 34.190539 -12.448 0.000 2.266618 0.266553 6.402 1.00013 0.000
500.00 1133.15 24.393339 0.9402628065450330 0.677920 63.863427 -326905.733411 14.939164 -9471.711957 6549.038327 33.071037 -12.641 0.000 2.264728 0.302849 6.523 1.00012 0.000
500.00 1123.15 23.392481 0.9259427411377128 0.651203 61.182731 -314049.495668 14.700635 -9951.011457 6874.850898 31.664627 -12.837 0.000 2.262600 0.337859 6.634 1.0001 0.000
500.00 1113.15 22.143793 0.9289263546826762 0.635172 58.026733 -297759.877954 14.325742 -10336.214659 7161.602398 30.000931 -13.036 0.000 2.260605 0.301131 6.742 1.00009 0.000
500.00 1103.15 21.078136 0.9311010744335618 0.620979 55.313093 -283873.420879 13.992225 -10647.635682 7422.878615 28.578879 -13.239 0.000 2.258735 0.273839 6.846 1.00008 0.000
500.00 1093.15 20.153604 0.9327144445828577 0.608362 52.942506 -271852.373939 13.690170 -10900.647587 7665.202114 27.344693 -13.446 0.000 2.256996 0.252919 6.948 1.00007 0.000
500.00 1083.15 19.343274 0.9338823592135678 0.597154 50.848984 -261329.035560 13.412723 -11105.517749 7892.871927 26.262340 -13.656 0.000 2.255377 0.236696 7.046 1.00006 0.000
500.00 1073.15 18.625930 0.9347232581092718 0.587199 48.981637 -252026.060195 13.154864 -11270.327101 8109.390775 25.304210 -13.871 0.000 2.253873 0.223898 7.141 1.00006 0.000
500.00 1063.15 17.985797 0.9353058137779539 0.578361 47.302242 -243735.530307 12.912886 -11401.388840 8317.602760 24.449606 -14.089 0.000 2.252479 0.213713 7.234 1.00005 0.000
500.00 1053.15 17.410568 0.9356820522038351 0.570526 45.780934 -236295.448244 12.683924 -11503.716717 8519.876614 23.682395 -14.312 0.000 2.251191 0.205568 7.324 1.00004 0.000
500.00 1043.15 16.890234 0.9353505047877450 0.563162 44.391420 -229575.980743 12.469431 -11590.985162 8724.374370 22.987896 -14.539 0.000 2.249729 0.200463 7.419 1.00003 0.000
500.00 1033.15 16.408604 0.9353589325095624 0.556737 43.099707 -223404.399365 12.261640 -11657.497049 8927.379159 22.348958 -14.770 0.000 2.248283 0.195151 7.515 1.00003 0.000
500.00 1023.15 15.967824 0.8080686731295933 0.465184 41.639037 -218050.635240 12.332882 -12591.577204 9723.938962 21.632002 -15.006 0.000 2.249079 0.464646 7.441 1.00002 0.000
