Title: Hr

liquid_0 thermodynamic data and composition:
Pressure Temperature mass S H V Cp viscosity SiO2 TiO2 Al2O3 Fe2O3 FeO MnO MgO CaO Na2O K2O P2O5 H2O Mg#
500.00 1523.15 98.149319 274.662583 -1166693.953156 37.825284 146.991174 1.926 50.0729 1.3562 14.7453 2.49857 9.85121 0.194296 6.87901 10.6671 2.23109 0.332453 0.153032 1.01886 55.5
500.00 1513.15 98.149963 273.695608 -1168173.234492 37.789202 146.991055 1.967 50.0726 1.35619 14.7452 2.50509 9.84526 0.194295 6.87896 10.667 2.23108 0.33245 0.153031 1.01885 55.5
500.00 1503.15 98.150645 272.722265 -1169653.126791 37.753180 146.991133 2.007 50.0722 1.35618 14.7451 2.51202 9.83894 0.194293 6.87892 10.667 2.23106 0.332448 0.15303 1.01884 55.5
500.00 1493.15 98.151369 271.742467 -1171133.653855 37.717221 146.991415 2.049 50.0718 1.35617 14.745 2.51936 9.83225 0.194292 6.87886 10.6669 2.23104 0.332446 0.153029 1.01883 55.5
500.00 1483.15 98.152135 270.756125 -1172614.840491 37.681325 146.991907 2.091 50.0715 1.35616 14.7449 2.52713 9.82516 0.19429 6.87881 10.6668 2.23103 0.332443 0.153028 1.01883 55.5
500.00 1473.15 98.152944 269.779440 -1174072.654128 37.645494 143.477620 2.133 50.071 1.35615 14.7447 2.53533 9.81768 0.194289 6.87875 10.6667 2.23101 0.33244 0.153026 1.01882 55.5
500.00 1463.15 98.153798 268.803707 -1175520.038782 37.609730 143.469498 2.176 50.0706 1.35614 14.7446 2.54399 9.80978 0.194287 6.87869 10.6666 2.23099 0.332437 0.153025 1.01881 55.6
500.00 1453.15 98.154698 267.821381 -1176968.065709 37.574034 143.461017 2.220 50.0701 1.35612 14.7445 2.55312 9.80146 0.194285 6.87863 10.6665 2.23097 0.332434 0.153024 1.0188 55.6
500.00 1443.15 98.155645 266.832371 -1178416.757830 37.538408 143.452174 2.264 50.0697 1.35611 14.7443 2.56274 9.79269 0.194283 6.87857 10.6664 2.23095 0.332431 0.153022 1.01879 55.6
500.00 1433.15 98.156643 265.836584 -1179866.139225 37.502854 143.442966 2.309 50.0692 1.3561 14.7442 2.57285 9.78347 0.194281 6.8785 10.6663 2.23092 0.332428 0.153021 1.01878 55.6
500.00 1423.15 98.157691 264.833928 -1181316.235197 37.467373 143.433391 2.355 50.0686 1.35608 14.744 2.58348 9.77377 0.194279 6.87842 10.6662 2.2309 0.332424 0.153019 1.01877 55.6
500.00 1413.15 97.095685 261.077117 -1169607.255104 37.049848 141.771951 2.407 50.0637 1.3653 14.8551 2.59548 9.808 0.196404 6.77761 10.5641 2.25358 0.33606 0.154693 1.02991 55.2
500.00 1403.15 92.635732 248.591908 -1116006.728685 35.416690 134.848526 2.483 50.0665 1.40164 15.332 2.60665 9.97247 0.20586 6.34762 10.1195 2.35387 0.35224 0.16214 1.0795 53.2
500.00 1393.15 86.638176 232.160123 -1041609.480580 33.196724 125.648882 2.544 50.2 1.46716 15.4009 2.66062 10.2774 0.217818 5.95249 9.66421 2.45613 0.375656 0.173365 1.15423 50.8
500.00 1383.15 80.589874 215.687326 -966429.929964 30.957636 116.415771 2.603 50.4048 1.54303 15.3143 2.7253 10.5978 0.229897 5.55824 9.24269 2.55439 0.402332 0.186376 1.24085 48.3
500.00 1373.15 75.190414 201.000021 -899895.835397 28.964687 108.213933 2.664 50.6293 1.6133 15.2385 2.77991 10.8644 0.24142 5.18091 8.84502 2.64802 0.429554 0.199759 1.32996 45.9
500.00 1363.15 70.312600 187.755163 -840378.735912 27.171118 100.843849 2.728 50.8805 1.6771 15.1747 2.82381 11.0721 0.252293 4.81918 8.46915 2.73777 0.457525 0.213617 1.42222 43.7
500.00 1353.15 65.859877 175.692323 -786650.254727 25.541675 94.153858 2.796 51.1674 1.73317 15.1245 2.85598 11.2144 0.262354 4.47189 8.11307 2.82433 0.486462 0.22806 1.51838 41.5
500.00 1343.15 53.475615 144.172436 -661434.878523 21.544273 76.488195 3.206 54.6095 1.22306 15.9125 2.20869 8.07237 0.356611 3.86748 7.72162 3.28157 0.595698 0.280876 1.87001 46.1
500.00 1333.15 49.106059 132.594860 -612221.606038 20.015934 70.085807 3.357 55.738 1.12567 15.9225 2.06632 7.40687 0.388343 3.50673 7.44228 3.41563 0.645382 0.305869 2.03641 45.8
500.00 1323.15 45.372193 122.686816 -569739.325033 18.691759 64.646370 3.488 56.7263 1.04859 15.9162 1.93363 6.80415 0.420301 3.20303 7.18467 3.53316 0.694877 0.33104 2.20399 45.6
500.00 1313.15 41.239852 111.507113 -521199.632032 17.144568 58.608223 3.634 57.7928 0.988852 15.7812 1.81042 6.24948 0.462417 2.90383 6.92617 3.63276 0.758204 0.364211 2.32963 45.3
500.00 1303.15 35.882229 96.706257 -456203.357462 15.017949 50.760198 3.834 59.1365 0.956113 15.412 1.68838 5.70385 0.531461 2.58113 6.66644 3.68824 0.857278 0.418592 2.35996 44.6
500.00 1293.15 31.446135 84.427597 -402006.018092 13.236119 44.296639 4.024 60.3603 0.932164 15.0535 1.57125 5.20699 0.606434 2.31057 6.45616 3.6818 0.96039 0.477642 2.38278 44.2
500.00 1283.15 27.755198 74.198457 -356626.942821 11.738490 38.944281 4.204 61.4731 0.915319 14.714 1.45912 4.75337 0.687078 2.08119 6.28662 3.62291 1.06651 0.54116 2.39961 43.8
500.00 1273.15 24.676738 65.660177 -318563.606647 10.478591 34.498807 4.375 62.4826 0.903965 14.3979 1.3524 4.33891 0.772793 1.88477 6.1495 3.52228 1.17436 0.60867 2.41183 43.6
500.00 1263.15 22.102959 58.518812 -286577.941213 9.417529 30.795896 4.538 63.3963 0.896636 14.1067 1.25154 3.96033 0.86278 1.71497 6.03729 3.39068 1.28263 0.679547 2.42062 43.6
500.00 1253.15 19.943182 52.525412 -259612.447751 8.521582 27.698848 4.695 64.2213 0.892076 13.8401 1.15687 3.61473 0.956216 1.56688 5.9437 3.23779 1.39022 0.75314 2.42694 43.6
500.00 1243.15 18.121323 47.470135 -236768.237771 7.761744 25.094084 4.844 64.9652 0.889268 13.5964 1.06853 3.29941 1.05235 1.43665 5.86376 3.07171 1.49627 0.828858 2.43157 43.7
500.00 1233.15 16.574485 43.178990 -217294.489335 7.113571 22.888454 4.986 65.6351 0.887421 13.3734 0.986499 3.0118 1.15056 1.32127 5.79371 2.8988 1.60016 0.906212 2.4351 43.9
500.00 1223.15 15.251446 39.510031 -200574.814851 6.556863 21.006591 5.122 66.2376 0.88594 13.1687 0.910584 2.74947 1.25037 1.21834 5.73087 2.72382 1.7015 0.984825 2.43796 44.1
500.00 1213.15 14.094066 36.307910 -185896.920861 6.068591 19.359918 5.259 66.8259 0.88452 12.9886 0.839897 2.51111 1.35305 1.12466 5.64138 2.55149 1.80171 1.03692 2.44074 44.4
500.00 1203.15 13.060717 33.461396 -172749.152638 5.632148 17.885559 5.405 67.4484 0.882928 12.8386 0.773764 2.29534 1.4601 1.03795 5.49462 2.38516 1.90217 1.03706 2.4439 44.6
500.00 1193.15 12.159244 30.980264 -161239.748907 5.250164 16.602337 5.546 68.0174 0.880677 12.7006 0.713085 2.09831 1.56835 0.959696 5.35232 2.2239 1.99963 1.03892 2.4471 44.9
500.00 1183.15 11.366392 28.800242 -151083.024221 4.913186 15.476295 5.681 68.537 0.87762 12.573 0.65744 1.91829 1.67775 0.888772 5.21413 2.06884 2.0941 1.04254 2.45048 45.2
500.00 1173.15 10.663621 26.870092 -142050.409300 4.613634 14.480438 5.812 69.0108 0.87366 12.4546 0.606422 1.75373 1.78832 0.824251 5.07997 1.92063 2.18563 1.04796 2.45413 45.6
500.00 1163.15 10.036036 25.148680 -133957.720403 4.345393 13.593142 5.937 69.4415 0.868738 12.3441 0.559652 1.60324 1.90015 0.765361 4.94992 1.77964 2.27428 1.05529 2.45813 46.0
500.00 1153.15 9.172158 22.856120 -122621.608526 3.974249 12.390442 6.057 69.8247 0.817904 12.2533 0.523371 1.48321 2.01236 0.701718 4.80978 1.6442 2.40567 1.06153 2.46231 45.8

olivine_0 thermodynamic data and composition:
Pressure Temperature mass S H V Cp formula SiO2 TiO2 Al2O3 Fe2O3 FeO MnO MgO CaO Na2O K2O P2O5 H2O
500.00 1393.15 0.474669 1.112147 -5623.057067 0.141775 0.575371 (Ca0.01Mg0.78Fe''0.22Mn0.00Co0.00Ni0.00)2SiO4 38.8204 0 0 0 20.0677 0.418441 40.3109 0.38266 0 0 0 0
500.00 1383.15 1.188748 2.769413 -13931.861752 0.353055 1.432257 (Ca0.01Mg0.76Fe''0.23Mn0.01Co0.00Ni0.00)2SiO4 38.5887 0 0 0 21.2745 0.45644 39.3115 0.368844 0 0 0 0
500.00 1373.15 1.851728 4.288844 -21458.901777 0.546750 2.217138 (Ca0.00Mg0.75Fe''0.25Mn0.01Co0.00Ni0.00)2SiO4 38.3493 0 0 0 22.5212 0.495498 38.2778 0.356098 0 0 0 0
500.00 1363.15 2.485001 5.721247 -28459.613934 0.729306 2.956202 (Ca0.00Mg0.73Fe''0.26Mn0.01Co0.00Ni0.00)2SiO4 38.1019 0 0 0 23.8094 0.535462 37.209 0.344322 0 0 0 0
500.00 1353.15 3.109969 7.116307 -35179.058208 0.907031 3.675038 (Ca0.00Mg0.72Fe''0.28Mn0.01Co0.00Ni0.00)2SiO4 37.8464 0 0 0 25.1391 0.576025 36.1051 0.333409 0 0 0 0

apatite thermodynamic data and composition:
Pressure Temperature mass S H V Cp formula
500.00 1213.15 0.009570 0.020778 -118.448733 0.003125 0.010916 Ca5(PO4)3OH
500.00 1203.15 0.034806 0.075245 -431.209027 0.011365 0.039650 Ca5(PO4)3OH
500.00 1193.15 0.056326 0.121232 -698.454703 0.018392 0.064078 Ca5(PO4)3OH
500.00 1183.15 0.074790 0.160258 -928.268356 0.024422 0.084967 Ca5(PO4)3OH
500.00 1173.15 0.090712 0.193501 -1126.912955 0.029621 0.102912 Ca5(PO4)3OH
500.00 1163.15 0.104492 0.221882 -1299.288910 0.034120 0.118378 Ca5(PO4)3OH
500.00 1153.15 0.124650 0.263467 -1551.348264 0.040702 0.141013 Ca5(PO4)3OH

orthopyroxene_0 thermodynamic data and composition:
Pressure Temperature mass S H V Cp structure formula SiO2 TiO2 Al2O3 Fe2O3 FeO MnO MgO CaO Na2O K2O P2O5 H2O
500.00 1343.15 2.070826 4.772320 -25567.674101 0.627441 2.543391 opx Na0.00Ca0.07Fe''0.45Mg1.41Fe'''0.03Ti0.00Al0.10Si1.93O6 53.4043 0.126197 2.43493 1.17041 14.7605 0 26.206 1.87812 0.019604 0 0 0
500.00 1333.15 5.037049 11.553592 -62059.948168 1.523783 6.172411 opx Na0.00Ca0.07Fe''0.46Mg1.40Fe'''0.03Ti0.00Al0.10Si1.93O6 53.3807 0.118183 2.36102 1.13098 15.1371 0 25.9764 1.87594 0.0196 0 0 0
500.00 1323.15 5.834638 13.321274 -71777.691696 1.762677 7.135391 opx Na0.00Ca0.07Fe''0.47Mg1.39Fe'''0.03Ti0.00Al0.10Si1.93O6 53.3673 0.11255 2.29637 1.09188 15.4501 0 25.7959 1.86638 0.01958 0 0 0
500.00 1313.15 6.776038 15.395807 -83164.680759 2.043680 8.266991 opx Na0.00Ca0.07Fe''0.48Mg1.38Fe'''0.03Ti0.00Al0.09Si1.94O6 53.3406 0.105836 2.2168 1.05117 15.8513 0 25.5523 1.86231 0.0196709 0 0 0
500.00 1303.15 8.021364 18.128723 -98031.978751 2.413496 9.754828 opx Na0.00Ca0.07Fe''0.50Mg1.37Fe'''0.03Ti0.00Al0.09Si1.94O6 53.2811 0.0967395 2.10519 1.0068 16.46 0 25.1595 1.87079 0.0199372 0 0 0
500.00 1293.15 9.077090 20.406122 -110487.157704 2.724769 11.004277 opx Na0.00Ca0.07Fe''0.52Mg1.35Fe'''0.03Ti0.00Al0.09Si1.94O6 53.2177 0.0890694 2.00765 0.965629 17.0433 0 24.7854 1.87126 0.020015 0 0 0
500.00 1283.15 9.988892 22.337100 -121118.245887 2.991622 12.073001 opx Na0.00Ca0.07Fe''0.54Mg1.33Fe'''0.03Ti0.00Al0.08Si1.94O6 53.1512 0.0825872 1.92269 0.927329 17.6034 0 24.4283 1.86453 0.0199264 0 0 0
500.00 1273.15 10.791184 24.003481 -130367.056641 3.224683 13.004336 opx Na0.00Ca0.07Fe''0.56Mg1.32Fe'''0.02Ti0.00Al0.08Si1.95O6 53.0824 0.0770925 1.84888 0.891579 18.1412 0 24.0878 1.85139 0.0196984 0 0 0
500.00 1263.15 11.509630 25.466049 -138562.495720 3.431873 13.830536 opx Na0.00Ca0.07Fe''0.57Mg1.30Fe'''0.02Ti0.00Al0.08Si1.95O6 53.0123 0.0724126 1.78478 0.858064 18.657 0 23.7634 1.83261 0.0193599 0 0 0
500.00 1253.15 12.163115 26.769408 -145946.245895 3.619020 14.575306 opx Na0.00Ca0.07Fe''0.59Mg1.29Fe'''0.02Ti0.00Al0.08Si1.95O6 52.9419 0.0683986 1.72905 0.826484 19.1515 0 23.4548 1.80896 0.0189381 0 0 0
500.00 1243.15 12.765394 27.945981 -152693.976150 3.790366 15.255887 opx Na0.00Ca0.07Fe''0.61Mg1.27Fe'''0.02Ti0.00Al0.07Si1.95O6 52.8717 0.0649249 1.68043 0.796577 19.6254 0 23.1614 1.78113 0.0184565 0 0 0
500.00 1233.15 13.326496 29.019382 -158933.360197 3.949005 15.884837 opx Na0.00Ca0.07Fe''0.62Mg1.26Fe'''0.02Ti0.00Al0.07Si1.95O6 52.8023 0.0618875 1.63782 0.768119 20.0799 0 22.8823 1.74977 0.0179341 0 0 0
500.00 1223.15 13.853836 30.007057 -164758.326100 4.097219 16.471421 opx Na0.00Ca0.07Fe''0.64Mg1.25Fe'''0.02Ti0.00Al0.07Si1.95O6 52.734 0.0592023 1.6003 0.740927 20.5164 0 22.6163 1.71543 0.0173859 0 0 0
500.00 1213.15 14.358561 30.933889 -170299.501666 4.238312 17.028958 opx Na0.00Ca0.07Fe''0.65Mg1.24Fe'''0.02Ti0.00Al0.07Si1.95O6 52.6661 0.0567964 1.56688 0.714836 20.9401 0 22.3598 1.67862 0.0168193 0 0 0
500.00 1203.15 14.848712 31.817612 -175649.701327 4.374647 17.566981 opx Na0.00Ca0.07Fe''0.66Mg1.23Fe'''0.02Ti0.00Al0.07Si1.96O6 52.5982 0.0546164 1.53686 0.689728 21.3547 0 22.11 1.63969 0.0162397 0 0 0
500.00 1193.15 15.316756 32.642994 -180731.987833 4.504143 18.077185 opx Na0.00Ca0.06Fe''0.68Mg1.21Fe'''0.02Ti0.00Al0.07Si1.96O6 52.5315 0.0526295 1.51013 0.665559 21.755 0 21.8706 1.59894 0.0156607 0 0 0
500.00 1183.15 15.766107 33.417897 -185587.638679 4.627831 18.563748 opx Na0.00Ca0.06Fe''0.69Mg1.20Fe'''0.02Ti0.00Al0.07Si1.96O6 52.4661 0.0507991 1.48627 0.64226 22.1427 0 21.6402 1.55664 0.0150864 0 0 0
500.00 1173.15 16.199738 34.149087 -190251.974776 4.746601 19.030275 opx Na0.00Ca0.06Fe''0.70Mg1.19Fe'''0.02Ti0.00Al0.06Si1.96O6 52.4017 0.0490958 1.46493 0.619778 22.5193 0 21.4176 1.51306 0.0145199 0 0 0
500.00 1163.15 16.620345 34.842602 -194756.441597 4.861254 19.480001 opx Na0.00Ca0.06Fe''0.72Mg1.18Fe'''0.02Ti0.00Al0.06Si1.96O6 52.338 0.0474958 1.44585 0.598079 22.8866 0 21.2016 1.4684 0.013963 0 0 0
500.00 1153.15 17.238127 35.921462 -201128.319536 5.028686 20.140582 opx Na0.00Ca0.06Fe''0.74Mg1.17Fe'''0.02Ti0.00Al0.06Si1.96O6 52.2099 0.0433512 1.43732 0.587893 23.4597 0 20.828 1.42051 0.0133619 0 0 0

clinopyroxene_1 thermodynamic data and composition:
Pressure Temperature mass S H V Cp structure formula SiO2 TiO2 Al2O3 Fe2O3 FeO MnO MgO CaO Na2O K2O P2O5 H2O
500.00 1343.15 2.878057 6.619307 -34909.223308 0.870117 3.457756 cpx Na0.00Ca0.22Fe''0.47Mg1.21Fe'''0.05Ti0.01Al0.15Si1.90O6 51.6846 0.230337 3.38707 1.73909 15.3567 0 22.0687 5.46671 0.0667821 0 0 0

rhm-oxide_0 thermodynamic data and composition:
Pressure Temperature mass S H V Cp formula SiO2 TiO2 Al2O3 Fe2O3 FeO MnO MgO CaO Na2O K2O P2O5 H2O
500.00 1153.15 0.241213 0.450604 -1785.609573 0.051990 0.219763 Mn0.05Fe''0.74Mg0.09Fe'''0.23Ti0.89O3 0 47.3254 0 12.0332 35.6979 2.53862 2.40478 0 0 0 0 0

clinopyroxene_0 thermodynamic data and composition:
Pressure Temperature mass S H V Cp structure formula SiO2 TiO2 Al2O3 Fe2O3 FeO MnO MgO CaO Na2O K2O P2O5 H2O
500.00 1413.15 1.062983 2.453369 -13573.244577 0.327841 1.257073 cpx Na0.01Ca0.79Fe''0.18Mg0.88Fe'''0.07Ti0.01Al0.20Si1.86O6 50.4679 0.512598 4.58438 2.40246 5.81257 0 16.0806 19.9818 0.157631 0 0 0
500.00 1403.15 5.523954 12.702493 -70340.250672 1.699253 6.516019 cpx Na0.01Ca0.78Fe''0.19Mg0.87Fe'''0.07Ti0.02Al0.21Si1.85O6 50.0858 0.591647 4.8784 2.55469 6.11354 0 15.7775 19.8306 0.167835 0 0 0
500.00 1393.15 9.003417 20.629429 -114275.398213 2.762749 10.596568 cpx Na0.01Ca0.78Fe''0.20Mg0.86Fe'''0.07Ti0.02Al0.22Si1.84O6 49.835 0.666196 4.9842 2.66592 6.50792 0 15.5855 19.5795 0.17574 0 0 0
500.00 1383.15 11.732742 26.781817 -148393.060114 3.591177 13.775327 cpx Na0.01Ca0.77Fe''0.21Mg0.85Fe'''0.08Ti0.02Al0.22Si1.84O6 49.6058 0.746417 5.03156 2.77341 6.92787 0 15.3843 19.3477 0.182992 0 0 0
500.00 1373.15 14.159444 32.196207 -178433.548703 4.322651 16.582008 cpx Na0.01Ca0.76Fe''0.23Mg0.84Fe'''0.08Ti0.02Al0.22Si1.83O6 49.3599 0.833763 5.08699 2.88483 7.35323 0 15.1655 19.1255 0.190317 0 0 0
500.00 1363.15 16.337293 37.000551 -205107.182092 4.974092 19.080837 cpx Na0.01Ca0.75Fe''0.24Mg0.83Fe'''0.08Ti0.03Al0.23Si1.83O6 49.0953 0.92969 5.15128 3.00105 7.78009 0 14.9264 18.9184 0.197772 0 0 0
500.00 1353.15 18.301262 41.278401 -228885.802338 5.556594 21.313549 cpx Na0.01Ca0.75Fe''0.26Mg0.82Fe'''0.09Ti0.03Al0.23Si1.82O6 48.8093 1.0362 5.22553 3.12306 8.20247 0 14.6638 18.7342 0.205437 0 0 0
500.00 1343.15 21.249693 47.752476 -267942.287379 6.476056 24.809171 cpx Na0.01Ca0.76Fe''0.24Mg0.84Fe'''0.08Ti0.02Al0.21Si1.84O6 49.5844 0.813512 4.80143 2.69252 7.77987 0 15.1306 18.9963 0.201368 0 0 0
500.00 1333.15 22.637584 50.641645 -285557.326998 6.894924 26.385663 cpx Na0.01Ca0.76Fe''0.24Mg0.83Fe'''0.07Ti0.02Al0.21Si1.84O6 49.6145 0.815504 4.72382 2.65409 7.84459 0 14.9982 19.1436 0.205772 0 0 0
500.00 1323.15 23.177851 51.614682 -292603.529042 7.055979 26.973032 cpx Na0.02Ca0.77Fe''0.24Mg0.82Fe'''0.07Ti0.02Al0.20Si1.85O6 49.6351 0.829197 4.66274 2.61271 7.86275 0 14.8769 19.3102 0.210434 0 0 0
500.00 1313.15 23.517593 52.131174 -296992.344275 7.154951 27.323119 cpx Na0.02Ca0.78Fe''0.25Mg0.82Fe'''0.07Ti0.02Al0.20Si1.85O6 49.6696 0.838344 4.57387 2.56941 7.93774 0 14.7517 19.443 0.216355 0 0 0
500.00 1303.15 23.684412 52.255310 -298880.733678 7.198952 27.463819 cpx Na0.02Ca0.78Fe''0.25Mg0.81Fe'''0.07Ti0.02Al0.19Si1.85O6 49.7285 0.837171 4.42527 2.52398 8.14179 0 14.6024 19.5165 0.224418 0 0 0
500.00 1293.15 23.777861 52.213478 -299890.712337 7.220836 27.519432 cpx Na0.02Ca0.78Fe''0.26Mg0.80Fe'''0.07Ti0.02Al0.19Si1.86O6 49.7771 0.839367 4.29263 2.47797 8.32608 0 14.4542 19.6015 0.231095 0 0 0
500.00 1283.15 23.827958 52.073814 -300398.249307 7.229729 27.525128 cpx Na0.02Ca0.79Fe''0.27Mg0.80Fe'''0.07Ti0.02Al0.18Si1.86O6 49.8151 0.845212 4.17569 2.43182 8.49218 0 14.3077 19.6958 0.236485 0 0 0
500.00 1273.15 23.848474 51.867875 -300575.721933 7.229830 27.497151 cpx Na0.02Ca0.79Fe''0.27Mg0.79Fe'''0.07Ti0.02Al0.18Si1.86O6 49.8428 0.854847 4.07381 2.38584 8.64081 0 14.1635 19.7977 0.240748 0 0 0
500.00 1263.15 23.846125 51.611339 -300506.837044 7.223195 27.443529 cpx Na0.02Ca0.80Fe''0.27Mg0.78Fe'''0.07Ti0.02Al0.18Si1.86O6 49.861 0.868288 3.98607 2.34018 8.77243 0 14.0225 19.9055 0.244078 0 0 0
500.00 1253.15 23.824980 51.313859 -300241.490992 7.211075 27.369172 cpx Na0.02Ca0.80Fe''0.28Mg0.77Fe'''0.06Ti0.02Al0.17Si1.87O6 49.8707 0.885465 3.91129 2.29495 8.88763 0 13.8855 20.0178 0.246672 0 0 0
500.00 1243.15 23.788282 50.983088 -299818.465097 7.194463 27.277968 cpx Na0.02Ca0.81Fe''0.28Mg0.77Fe'''0.06Ti0.03Al0.17Si1.87O6 49.8728 0.906272 3.84823 2.25021 8.98722 0 13.7532 20.1334 0.248712 0 0 0
500.00 1233.15 23.739011 50.625927 -299272.573147 7.174260 27.173429 cpx Na0.02Ca0.81Fe''0.28Mg0.76Fe'''0.06Ti0.03Al0.17Si1.87O6 49.8682 0.930615 3.79568 2.206 9.07215 0 13.6259 20.2511 0.250353 0 0 0
500.00 1223.15 23.679955 50.248695 -298635.794262 7.151301 27.058782 cpx Na0.02Ca0.82Fe''0.29Mg0.75Fe'''0.06Ti0.03Al0.17Si1.87O6 49.8576 0.958434 3.7526 2.16238 9.14353 0 13.5036 20.3702 0.251724 0 0 0
500.00 1213.15 23.612264 49.853962 -297914.104593 7.125867 26.935118 cpx Na0.02Ca0.82Fe''0.29Mg0.75Fe'''0.06Ti0.03Al0.16Si1.87O6 49.8408 0.9899 3.71778 2.11945 9.20436 0 13.3854 20.4894 0.252902 0 0 0
500.00 1203.15 23.537008 49.444085 -297114.153888 7.098222 26.803460 cpx Na0.02Ca0.83Fe''0.29Mg0.74Fe'''0.06Ti0.03Al0.16Si1.87O6 49.8177 1.02529 3.69046 2.07732 9.25695 0 13.2701 20.6082 0.253949 0 0 0
500.00 1193.15 23.458942 49.029452 -296303.112920 7.069881 26.669569 cpx Na0.02Ca0.83Fe''0.29Mg0.74Fe'''0.06Ti0.03Al0.16Si1.87O6 49.789 1.06445 3.6709 2.03604 9.29847 0 13.1594 20.7267 0.254995 0 0 0
500.00 1183.15 23.379769 48.613604 -295499.064145 7.041324 26.535264 cpx Na0.02Ca0.84Fe''0.29Mg0.73Fe'''0.06Ti0.03Al0.16Si1.87O6 49.7545 1.10758 3.65876 1.99571 9.32996 0 13.0528 20.8446 0.256099 0 0 0
500.00 1173.15 23.300938 48.199472 -294717.075011 7.012953 26.402055 cpx Na0.02Ca0.84Fe''0.29Mg0.73Fe'''0.06Ti0.03Al0.16Si1.87O6 49.7138 1.15501 3.65391 1.95647 9.35242 0 12.9496 20.9615 0.257313 0 0 0
500.00 1163.15 23.223695 47.789499 -293969.827348 6.985105 26.271202 cpx Na0.02Ca0.85Fe''0.29Mg0.72Fe'''0.05Ti0.03Al0.16Si1.87O6 49.6662 1.20715 3.65638 1.91847 9.36674 0 12.8492 21.0772 0.258682 0 0 0
500.00 1153.15 23.151666 47.391227 -292968.978479 6.958183 26.140741 cpx Na0.02Ca0.85Fe''0.30Mg0.71Fe'''0.05Ti0.03Al0.16Si1.87O6 49.699 1.1735 3.59774 1.88405 9.5295 0 12.7258 21.1328 0.257619 0 0 0

feldspar_0 thermodynamic data and composition:
Pressure Temperature mass S H V Cp formula SiO2 TiO2 Al2O3 Fe2O3 FeO MnO MgO CaO Na2O K2O P2O5 H2O
500.00 1393.15 2.042355 4.850751 -28374.580679 0.763012 2.497760 K0.00Na0.20Ca0.80Al1.80Si2.20O8 48.1182 0 33.3229 0 0 0 0 16.264 2.2539 0.0410732 0 0
500.00 1383.15 4.644906 10.999822 -64577.976017 1.736173 5.675653 K0.00Na0.21Ca0.79Al1.79Si2.21O8 48.358 0 33.1606 0 0 0 0 16.0742 2.36289 0.0443721 0 0
500.00 1373.15 6.952380 16.415461 -96727.599593 2.599932 8.487649 K0.00Na0.22Ca0.78Al1.78Si2.22O8 48.5959 0 32.9996 0 0 0 0 15.8858 2.47102 0.0476991 0 0
500.00 1363.15 9.016776 21.225700 -125538.754828 3.373565 10.998055 K0.00Na0.23Ca0.77Al1.77Si2.23O8 48.8323 0 32.8396 0 0 0 0 15.6986 2.57841 0.051044 0 0
500.00 1353.15 10.878228 25.529395 -151563.405801 4.071953 13.256505 K0.00Na0.24Ca0.76Al1.76Si2.24O8 49.0675 0 32.6804 0 0 0 0 15.5125 2.68521 0.0543919 0 0
500.00 1343.15 13.800389 32.294030 -192406.706773 5.169279 16.803032 K0.00Na0.25Ca0.75Al1.75Si2.25O8 49.3716 0 32.4752 0 0 0 0 15.2722 2.82485 0.0561364 0 0
500.00 1333.15 15.831335 36.931627 -220878.229782 5.933008 19.258201 K0.00Na0.26Ca0.74Al1.74Si2.26O8 49.6177 0 32.3087 0 0 0 0 15.0774 2.93688 0.0592393 0 0
500.00 1323.15 17.631364 41.000190 -246166.933790 6.610730 21.427850 K0.00Na0.27Ca0.73Al1.73Si2.27O8 49.8548 0 32.1483 0 0 0 0 14.8898 3.04463 0.0624981 0 0
500.00 1313.15 19.950705 46.261359 -278724.122305 7.486471 24.225671 K0.00Na0.28Ca0.71Al1.71Si2.29O8 50.209 0 31.9084 0 0 0 0 14.6092 3.20511 0.0682565 0 0
500.00 1303.15 23.375271 54.084820 -326717.440904 8.784835 28.363911 K0.00Na0.31Ca0.69Al1.69Si2.31O8 50.8012 0 31.5069 0 0 0 0 14.1398 3.47216 0.0799541 0 0
500.00 1293.15 26.299100 60.701894 -367767.476143 9.896668 31.887308 K0.01Na0.33Ca0.67Al1.67Si2.33O8 51.3275 0 31.1496 0 0 0 0 13.7222 3.7083 0.0923773 0 0
500.00 1283.15 28.783461 66.255678 -402728.283399 10.843489 35.022536 K0.01Na0.34Ca0.65Al1.65Si2.35O8 51.7835 0 30.8396 0 0 0 0 13.36 3.91167 0.105227 0 0
500.00 1273.15 30.884162 70.879393 -432374.698972 11.645294 37.554063 K0.01Na0.36Ca0.63Al1.63Si2.37O8 52.1709 0 30.5757 0 0 0 0 13.0519 4.08324 0.118208 0 0
500.00 1263.15 32.654829 74.701990 -457450.452001 12.321670 39.677953 K0.01Na0.37Ca0.62Al1.62Si2.38O8 52.4955 0 30.3542 0 0 0 0 12.7934 4.2258 0.131069 0 0
500.00 1253.15 34.146422 77.846407 -478661.874924 12.891524 41.456819 K0.01Na0.38Ca0.61Al1.61Si2.39O8 52.765 0 30.1698 0 0 0 0 12.5784 4.34309 0.143632 0 0
500.00 1243.15 35.405225 80.424575 -496650.101446 13.372223 42.947668 K0.01Na0.39Ca0.60Al1.60Si2.40O8 52.9879 0 30.017 0 0 0 0 12.4003 4.43902 0.155785 0 0
500.00 1233.15 36.471488 82.533964 -511972.479108 13.778992 44.200169 K0.01Na0.40Ca0.59Al1.59Si2.41O8 53.172 0 29.8904 0 0 0 0 12.2529 4.51727 0.167477 0 0
500.00 1223.15 37.379074 84.256630 -525097.741894 14.124717 45.256172 K0.01Na0.40Ca0.59Al1.59Si2.41O8 53.3242 0 29.7853 0 0 0 0 12.1307 4.58107 0.178699 0 0
500.00 1213.15 38.160396 85.670459 -536474.955960 14.421787 46.155669 K0.01Na0.41Ca0.58Al1.58Si2.42O8 53.4509 0 29.6975 0 0 0 0 12.0287 4.63323 0.189637 0 0
500.00 1203.15 38.839429 86.833219 -546435.991457 14.679391 46.928305 K0.01Na0.41Ca0.58Al1.58Si2.42O8 53.5569 0 29.6236 0 0 0 0 11.943 4.67591 0.200474 0 0
500.00 1193.15 39.425045 87.767856 -555102.330382 14.900957 47.585376 K0.01Na0.41Ca0.57Al1.57Si2.43O8 53.6453 0 29.5618 0 0 0 0 11.8713 4.71064 0.210932 0 0
500.00 1183.15 39.932769 88.511985 -562688.701331 15.092467 48.146200 K0.01Na0.42Ca0.57Al1.57Si2.43O8 53.7194 0 29.5096 0 0 0 0 11.811 4.73895 0.221062 0 0
500.00 1173.15 40.374940 89.095533 -569365.695660 15.258686 48.626184 K0.01Na0.42Ca0.57Al1.57Si2.43O8 53.782 0 29.4652 0 0 0 0 11.7598 4.76207 0.230918 0 0
500.00 1163.15 40.761370 89.542339 -575268.867542 15.403407 49.037650 K0.01Na0.42Ca0.57Al1.57Si2.43O8 53.8352 0 29.4272 0 0 0 0 11.7161 4.78099 0.240553 0 0
500.00 1153.15 41.272849 90.248325 -582939.339619 15.594808 49.597085 K0.01Na0.42Ca0.57Al1.57Si2.43O8 53.8747 0 29.3971 0 0 0 0 11.682 4.79018 0.255975 0 0

water thermodynamic data and composition:
Pressure Temperature mass S H V Cp formula
500.00 1313.15 0.039265 0.416589 -446.169401 0.468251 0.110025 H2O
500.00 1303.15 0.153193 1.622046 -1745.033325 1.809899 0.429572 H2O
500.00 1293.15 0.250709 2.649152 -2862.878123 2.934073 0.703598 H2O
500.00 1283.15 0.333983 3.521799 -3823.171627 3.871267 0.938177 H2O
500.00 1273.15 0.404838 4.260054 -4645.644293 4.647058 1.138411 H2O
500.00 1263.15 0.464971 4.882513 -5348.776559 5.284804 1.309049 H2O
500.00 1253.15 0.515990 5.406694 -5950.207874 5.806119 1.454592 H2O
500.00 1243.15 0.559367 5.848562 -6466.188939 6.230402 1.579165 H2O
500.00 1233.15 0.596395 6.222107 -6911.077681 6.574446 1.686403 H2O
500.00 1223.15 0.628176 6.539196 -7297.134597 6.852366 1.779403 H2O
500.00 1213.15 0.655829 6.811793 -7636.957344 7.077983 1.861330 H2O
500.00 1203.15 0.680185 7.048775 -7939.905051 7.261534 1.934542 H2O
500.00 1193.15 0.701441 7.252382 -8208.002157 7.406176 1.999604 H2O
500.00 1183.15 0.720128 7.428293 -8447.225582 7.518482 2.058037 H2O
500.00 1173.15 0.736675 7.581081 -8662.401586 7.603721 2.111080 H2O
500.00 1163.15 0.751428 7.714444 -8857.446018 7.666133 2.159746 H2O
500.00 1153.15 0.771918 7.905616 -9121.194477 7.782219 2.225773 H2O

spinel_0 thermodynamic data and composition:
Pressure Temperature mass S H V Cp formula SiO2 TiO2 Al2O3 Fe2O3 FeO MnO MgO CaO Na2O K2O P2O5 H2O
500.00 1343.15 4.828932 10.093000 -27938.337587 1.045721 4.562119 Fe''0.96Mg0.32Fe'''1.19Al0.27Cr0.00Ti0.27O4 0 10.2497 6.48591 44.809 32.4394 0 6.01596 0 0 0 0 0
500.00 1333.15 5.716912 11.886270 -32717.651609 1.233445 5.380477 Fe''0.97Mg0.30Fe'''1.20Al0.26Cr0.00Ti0.27O4 0 10.2812 6.12726 45.0007 32.8884 0 5.70248 0 0 0 0 0
500.00 1323.15 6.328170 13.093066 -35918.928902 1.361219 5.936789 Fe''0.99Mg0.29Fe'''1.20Al0.24Cr0.00Ti0.28O4 0 10.3754 5.81479 45.0524 33.3027 0 5.45469 0 0 0 0 0
500.00 1313.15 6.830884 14.061436 -38410.680437 1.464481 6.386084 Fe''1.01Mg0.27Fe'''1.21Al0.23Cr0.00Ti0.28O4 0 10.5253 5.45202 45.0387 33.8092 0 5.17488 0 0 0 0 0
500.00 1303.15 7.241416 14.824436 -40234.193240 1.546217 6.741413 Fe''1.03Mg0.26Fe'''1.21Al0.21Cr0.00Ti0.29O4 0 10.7988 4.97736 44.8763 34.5293 0 4.81823 0 0 0 0 0
500.00 1293.15 7.505976 15.285427 -41297.259185 1.597106 6.962130 Fe''1.06Mg0.24Fe'''1.21Al0.19Cr0.00Ti0.30O4 0 11.0619 4.57816 44.6707 35.1806 0 4.50863 0 0 0 0 0
500.00 1283.15 7.663142 15.526909 -41825.262041 1.625580 7.084964 Fe''1.08Mg0.23Fe'''1.21Al0.18Cr0.00Ti0.31O4 0 11.3192 4.23792 44.4277 35.7779 0 4.23734 0 0 0 0 0
500.00 1273.15 7.740731 15.607845 -41973.796041 1.637652 7.136103 Fe''1.10Mg0.22Fe'''1.20Al0.17Cr0.00Ti0.31O4 0 11.5731 3.94485 44.153 36.3311 0 3.99799 0 0 0 0 0
500.00 1263.15 7.759548 15.571877 -41854.154540 1.637764 7.134911 Fe''1.12Mg0.20Fe'''1.20Al0.16Cr0.00Ti0.32O4 0 11.8245 3.69007 43.8526 36.8473 0 3.78554 0 0 0 0 0
500.00 1253.15 7.735274 15.451551 -41546.640276 1.629226 7.095829 Fe''1.14Mg0.19Fe'''1.19Al0.15Cr0.00Ti0.33O4 0 12.0734 3.46658 43.5326 37.3316 0 3.59584 0 0 0 0 0
500.00 1243.15 7.679625 15.270929 -41108.749971 1.614483 7.029537 Fe''1.15Mg0.19Fe'''1.18Al0.14Cr0.00Ti0.34O4 0 12.3193 3.26879 43.1985 37.788 0 3.42539 0 0 0 0 0
500.00 1233.15 7.601219 15.047544 -40581.058133 1.595316 6.943819 Fe''1.17Mg0.18Fe'''1.18Al0.13Cr0.00Ti0.34O4 0 12.5618 3.09222 42.8549 38.2198 0 3.27124 0 0 0 0 0
500.00 1223.15 7.506300 14.793981 -39991.708520 1.572999 6.844259 Fe''1.18Mg0.17Fe'''1.17Al0.13Cr0.00Ti0.35O4 0 12.8002 2.93328 42.5058 38.6298 0 3.13088 0 0 0 0 0
500.00 1213.15 7.397594 14.515766 -39351.120166 1.548068 6.733189 Fe''1.20Mg0.16Fe'''1.16Al0.12Cr0.00Ti0.36O4 0 13.0386 2.78804 42.1468 39.0249 0 3.00171 0 0 0 0 0
500.00 1203.15 7.276688 14.216176 -38664.666067 1.520832 6.611945 Fe''1.21Mg0.16Fe'''1.15Al0.11Cr0.00Ti0.37O4 0 13.2801 2.65368 41.7739 39.4105 0 2.8818 0 0 0 0 0
500.00 1193.15 7.149192 13.906203 -37957.928779 1.492437 6.485615 Fe''1.22Mg0.15Fe'''1.14Al0.11Cr0.00Ti0.37O4 0 13.5155 2.5305 41.4045 39.7787 0 2.77079 0 0 0 0 0
500.00 1183.15 7.016553 13.588661 -37235.594021 1.463158 6.355424 Fe''1.23Mg0.15Fe'''1.14Al0.10Cr0.00Ti0.38O4 0 13.7445 2.41686 41.0403 40.131 0 2.66736 0 0 0 0 0
500.00 1173.15 6.879624 13.265194 -36499.674763 1.433151 6.222072 Fe''1.25Mg0.14Fe'''1.13Al0.10Cr0.00Ti0.39O4 0 13.9667 2.31145 40.683 40.4684 0 2.57041 0 0 0 0 0
500.00 1163.15 6.738799 12.936562 -35750.133432 1.402478 6.085857 Fe''1.26Mg0.14Fe'''1.12Al0.10Cr0.00Ti0.39O4 0 14.1817 2.21323 40.3342 40.7919 0 2.47899 0 0 0 0 0
500.00 1153.15 6.249591 11.931181 -32933.932485 1.297688 5.635047 Fe''1.26Mg0.13Fe'''1.14Al0.09Cr0.00Ti0.38O4 0 13.8052 2.15642 41.0414 40.6779 0 2.31916 0 0 0 0 0
