Title: Hr

liquid_0 thermodynamic data and composition:
Pressure Temperature mass S H V Cp viscosity SiO2 TiO2 Al2O3 Fe2O3 FeO MnO MgO CaO Na2O K2O P2O5 H2O Mg#
500.00 1523.15 100.030795 287.050486 -1191159.112105 39.671837 151.566217 1.601 48.6356 1.33657 15.2073 2.43078 9.50155 0.196203 7.14522 10.9771 2.2291 0.343076 0.157505 1.84006 57.3
500.00 1513.15 100.035688 286.099264 -1192731.497790 39.631558 151.575075 1.637 48.6332 1.3365 15.2065 2.43698 9.4954 0.196193 7.14487 10.9766 2.22899 0.343059 0.157498 1.84423 57.3
500.00 1503.15 100.040700 285.142186 -1194305.585094 39.591394 151.584318 1.674 48.6307 1.33644 15.2058 2.44356 9.48889 0.196183 7.14451 10.976 2.22888 0.343042 0.15749 1.84848 57.3
500.00 1493.15 100.045833 284.179178 -1195881.425973 39.551348 151.593955 1.711 48.6283 1.33637 15.205 2.45054 9.48201 0.196173 7.14414 10.9754 2.22876 0.343024 0.157482 1.8528 57.3
500.00 1483.15 100.051092 283.210163 -1197459.074244 39.511421 151.603998 1.749 48.6257 1.3363 15.2042 2.45793 9.47475 0.196163 7.14377 10.9749 2.22864 0.343006 0.157473 1.85721 57.3
500.00 1473.15 100.056479 282.250542 -1199015.730995 39.471618 148.275314 1.787 48.6231 1.33623 15.2034 2.46574 9.46709 0.196152 7.14338 10.9743 2.22852 0.342988 0.157465 1.8617 57.4
500.00 1463.15 100.061998 281.292055 -1200563.725048 39.431941 148.277586 1.826 48.6204 1.33615 15.2025 2.47399 9.45902 0.196141 7.14299 10.9737 2.2284 0.342969 0.157456 1.86627 57.4
500.00 1453.15 100.067654 280.327544 -1202113.606913 39.392394 148.279738 1.865 48.6176 1.33608 15.2017 2.4827 9.45053 0.19613 7.14259 10.9731 2.22828 0.342949 0.157447 1.87093 57.4
500.00 1443.15 100.073449 279.356932 -1203665.432535 39.352978 148.281773 1.905 48.6148 1.336 15.2008 2.49186 9.4416 0.196119 7.14217 10.9724 2.22815 0.342929 0.157438 1.87568 57.4
500.00 1433.15 100.079388 278.380142 -1205219.260012 39.313699 148.283694 1.945 48.6119 1.33592 15.1999 2.50151 9.43223 0.196107 7.14175 10.9718 2.22801 0.342909 0.157429 1.88052 57.4
500.00 1423.15 100.085474 277.397096 -1206775.149688 39.274558 148.285505 1.986 48.609 1.33584 15.199 2.51166 9.42239 0.196095 7.14131 10.9711 2.22788 0.342888 0.157419 1.88546 57.5
500.00 1413.15 100.091712 276.407712 -1208333.164243 39.235559 148.287208 2.027 48.606 1.33576 15.198 2.52231 9.41207 0.196083 7.14087 10.9704 2.22774 0.342867 0.15741 1.89049 57.5
500.00 1403.15 99.433543 273.632195 -1202039.163785 38.976874 147.122367 2.089 48.6661 1.3446 15.2986 2.53172 9.36911 0.19545 6.903 11.0403 2.24249 0.345136 0.158451 1.90507 56.8
500.00 1393.15 98.635155 270.493454 -1194112.510808 38.673076 145.715598 2.156 48.7415 1.35548 15.4225 2.54035 9.31459 0.194612 6.61448 11.1262 2.26064 0.34793 0.159734 1.92205 55.9
500.00 1383.15 93.544503 255.914099 -1132500.926219 36.722567 137.718863 2.235 48.7489 1.38058 15.9757 2.55558 9.50928 0.205013 6.15628 10.6003 2.37555 0.366864 0.168427 1.95757 53.6
500.00 1373.15 88.923907 242.682967 -1076802.442166 34.956786 130.475674 2.317 48.7832 1.39789 16.5122 2.56662 9.68516 0.21548 5.71596 10.076 2.49061 0.385927 0.177178 1.99375 51.3
500.00 1363.15 83.405770 227.015266 -1008730.313412 32.819470 121.869973 2.401 48.9286 1.43475 16.7853 2.60729 9.95901 0.227996 5.28389 9.52812 2.61953 0.410931 0.1889 2.02566 48.6
500.00 1353.15 75.824591 205.702471 -912561.467453 29.828675 110.120754 2.483 49.2779 1.5327 16.4828 2.72016 10.4838 0.244707 4.84981 8.93143 2.77322 0.449998 0.207787 2.04563 45.2
500.00 1343.15 61.182367 166.563420 -756068.680893 24.754431 88.360472 2.939 52.9031 1.15868 16.6989 2.2304 8.18309 0.29935 4.16279 8.13646 3.22453 0.553866 0.257515 2.19138 47.6
500.00 1333.15 54.355519 147.807503 -677625.288318 22.232362 78.097898 3.180 54.6289 1.05549 16.5288 2.07336 7.45971 0.331153 3.73707 7.55886 3.46463 0.62031 0.289858 2.25187 47.2
500.00 1323.15 48.050788 130.453432 -603235.372596 19.841954 68.661532 3.405 56.252 0.981879 16.1775 1.94737 6.82873 0.374619 3.2808 7.12289 3.70401 0.697346 0.32789 2.30492 46.1
500.00 1313.15 43.052337 116.633794 -543809.811281 17.925662 61.199529 3.615 57.7667 0.921566 15.7558 1.83445 6.26741 0.418113 2.88029 6.75923 3.90773 0.773465 0.365959 2.34932 45.0
500.00 1303.15 39.087946 105.622975 -496494.074400 16.392986 55.297849 3.812 59.1739 0.867901 15.312 1.72904 5.76219 0.460519 2.54566 6.4358 4.07642 0.846775 0.403075 2.38672 44.1
500.00 1293.15 35.852708 96.598804 -457730.552075 15.132130 50.494121 3.996 60.4894 0.819833 14.8547 1.63011 5.30459 0.502075 2.26247 6.14635 4.21473 0.917717 0.439448 2.41859 43.2
500.00 1283.15 33.154627 89.042582 -425280.341106 14.072591 46.497525 4.170 61.7249 0.776521 14.3905 1.53683 4.88793 0.542933 2.02025 5.88584 4.32645 0.98658 0.475209 2.446 42.4
500.00 1273.15 30.866491 82.609898 -397660.374146 13.167578 43.115555 4.334 62.8896 0.737291 13.9245 1.4486 4.50697 0.58318 1.81124 5.65016 4.41475 1.05353 0.510437 2.46977 41.7
500.00 1263.15 28.900529 77.062578 -373847.768500 12.384753 40.215506 4.490 63.9904 0.701596 13.4605 1.36496 4.15748 0.622851 1.62953 5.43592 4.48242 1.11865 0.545159 2.49053 41.1
500.00 1253.15 27.193669 72.229028 -353107.047682 11.700818 37.702111 4.639 65.0327 0.668985 13.002 1.28557 3.83604 0.661946 1.47054 5.24025 4.53191 1.18196 0.579377 2.50877 40.6
500.00 1243.15 25.699038 67.981391 -334890.964273 11.098393 35.504664 4.780 66.0211 0.639085 12.5511 1.21016 3.53981 0.700444 1.33066 5.06075 4.5654 1.24346 0.613073 2.52491 40.1
500.00 1233.15 24.380805 64.221669 -318780.373881 10.564137 33.569198 4.915 66.9594 0.61158 12.1099 1.13854 3.26639 0.738316 1.20698 4.89539 4.58487 1.30313 0.646221 2.53927 39.7
500.00 1223.15 23.210934 60.872977 -304446.477212 10.087552 31.853555 5.043 67.8509 0.586204 11.6797 1.07053 3.01375 0.775528 1.09715 4.74243 4.59205 1.36093 0.678792 2.55211 39.4
500.00 1213.15 22.167060 57.873842 -291626.289740 9.660222 30.324175 5.166 68.6985 0.562727 11.2613 1.00598 2.7801 0.812049 0.999228 4.6004 4.58852 1.41686 0.710757 2.56368 39.1
500.00 1203.15 21.231072 55.174357 -280106.154429 9.275289 28.953930 5.284 69.5048 0.54095 10.8553 0.944753 2.56387 0.847849 0.911626 4.46805 4.57565 1.4709 0.742091 2.57414 38.8
500.00 1193.15 20.388113 52.733503 -269710.287511 8.927097 27.720611 5.397 70.2722 0.520701 10.4623 0.886734 2.36369 0.882903 0.832999 4.34433 4.55468 1.52303 0.772773 2.58367 38.6
500.00 1183.15 19.625871 50.517217 -260292.570667 8.610930 26.605851 5.505 71.003 0.501825 10.0822 0.831801 2.17832 0.917194 0.762221 4.22831 4.5267 1.57327 0.802787 2.5924 38.4
500.00 1173.15 18.934052 48.496979 -251730.503853 8.322828 25.594324 5.609 71.6992 0.48419 9.71502 0.779837 2.00662 0.950707 0.698339 4.11923 4.49267 1.62161 0.832119 2.60045 38.3
500.00 1163.15 18.303990 46.648728 -243920.641686 8.059435 24.673149 5.709 72.3627 0.467674 9.36075 0.730726 1.8476 0.983432 0.640538 4.01641 4.45343 1.66808 0.860763 2.6079 38.2
500.00 1153.15 17.712406 44.915741 -236577.970474 7.811950 23.802706 5.813 73.0531 0.452593 9.02459 0.683722 1.70066 1.01628 0.58737 3.88228 4.41288 1.71417 0.85733 2.615 38.1
500.00 1143.15 17.173038 43.326708 -229874.437381 7.585409 23.009582 5.913 73.705 0.438324 8.69969 0.639527 1.56452 1.0482 0.539232 3.75939 4.36793 1.75819 0.858332 2.62162 38.1
500.00 1133.15 16.678741 41.862448 -223723.680016 7.377037 22.282713 6.008 74.3246 0.424824 8.38626 0.597955 1.43845 1.07926 0.495503 3.64432 4.31945 1.80028 0.861244 2.62783 38.0
500.00 1123.15 16.224583 40.509227 -218066.231799 7.184894 21.614756 6.100 74.9132 0.41202 8.08399 0.558881 1.32172 1.10947 0.455703 3.53677 4.26796 1.84046 0.866127 2.6337 38.1
500.00 1113.15 15.806322 39.255219 -212850.911996 7.007308 20.999415 6.188 75.4719 0.399843 7.79257 0.522183 1.2137 1.13883 0.419414 3.43651 4.21393 1.87876 0.873065 2.63926 38.1
500.00 1103.15 15.419486 38.088145 -208019.553348 6.842470 20.430046 6.273 76.0025 0.386062 7.51125 0.488496 1.11551 1.16725 0.385769 3.34356 4.15771 1.91527 0.881971 2.64466 38.1
500.00 1093.15 15.055649 36.985983 -203444.574961 6.686834 19.894078 6.353 76.5105 0.355916 7.23703 0.462658 1.03778 1.19402 0.35108 3.25915 4.09921 1.95056 0.89156 2.65055 37.6
500.00 1083.15 14.687919 35.877816 -198871.520085 6.530412 19.354275 6.449 77.0646 0.331157 6.95783 0.430884 0.948046 1.18389 0.314358 3.19338 4.03697 1.98737 0.898481 2.65303 37.1
500.00 1073.15 14.344557 34.837568 -194617.673928 6.384227 18.850436 6.544 77.6029 0.30989 6.68668 0.39689 0.85583 1.17038 0.280508 3.13874 3.97376 2.02269 0.906765 2.65498 36.9
500.00 1063.15 14.029524 33.874466 -190715.497293 6.249621 18.387693 6.637 78.1088 0.29019 6.4272 0.364777 0.770483 1.15736 0.249807 3.09071 3.91062 2.05586 0.917325 2.65683 36.6
500.00 1053.15 13.740144 32.980963 -187132.032303 6.125509 17.962109 6.726 78.5831 0.271912 6.17893 0.334535 0.69174 1.14488 0.22194 3.04938 3.84775 2.08688 0.930305 2.6586 36.4
500.00 1043.15 13.474082 32.150445 -183838.597361 6.010942 17.570262 6.813 79.0264 0.254933 5.94141 0.306129 0.619298 1.13296 0.196636 3.0149 3.78532 2.11581 0.945879 2.66033 36.1
500.00 1033.15 13.229299 31.377114 -180810.217732 5.905091 17.209172 6.898 79.4391 0.239148 5.71424 0.279509 0.552829 1.12161 0.173663 2.98747 3.72349 2.14266 0.964255 2.66202 35.9
500.00 1023.15 11.801786 27.864614 -161314.204835 5.268122 15.327235 6.897 79.4592 0.229677 5.49072 0.243292 0.462207 1.18309 0.135088 2.9876 3.80797 2.35763 0.972656 2.67086 34.3

rhm-oxide_0 thermodynamic data and composition:
Pressure Temperature mass S H V Cp formula SiO2 TiO2 Al2O3 Fe2O3 FeO MnO MgO CaO Na2O K2O P2O5 H2O
500.00 1103.15 0.001091 0.001987 -8.034771 0.000234 0.000988 Mn0.05Fe''0.78Mg0.07Fe'''0.22Ti0.89O3 0 47.2843 0 11.6222 37.1004 2.20806 1.7851 0 0 0 0 0
500.00 1093.15 0.010216 0.018519 -75.225722 0.002188 0.009239 Mn0.05Fe''0.78Mg0.06Fe'''0.22Ti0.89O3 0 47.2864 0 11.524 37.1936 2.33329 1.6627 0 0 0 0 0
500.00 1083.15 0.011405 0.020569 -84.012712 0.002440 0.010299 Mn0.05Fe''0.78Mg0.06Fe'''0.21Ti0.89O3 0 47.3669 0 11.2882 37.3763 2.4133 1.55539 0 0 0 0 0
500.00 1073.15 0.009589 0.017203 -70.705512 0.002050 0.008645 Mn0.05Fe''0.79Mg0.05Fe'''0.21Ti0.90O3 0 47.4984 0 10.9669 37.5716 2.50041 1.46266 0 0 0 0 0
500.00 1063.15 0.008626 0.015394 -63.681612 0.001843 0.007764 Mn0.06Fe''0.79Mg0.05Fe'''0.20Ti0.90O3 0 47.6379 0 10.6346 37.7594 2.59301 1.3751 0 0 0 0 0
500.00 1053.15 0.007793 0.013832 -57.602172 0.001664 0.007002 Mn0.06Fe''0.80Mg0.05Fe'''0.19Ti0.90O3 0 47.784 0 10.2934 37.9389 2.69177 1.29198 0 0 0 0 0
500.00 1043.15 0.007067 0.012476 -52.312598 0.001508 0.006340 Mn0.06Fe''0.80Mg0.05Fe'''0.19Ti0.91O3 0 47.9354 0 9.94509 38.1094 2.79738 1.21272 0 0 0 0 0
500.00 1033.15 0.006432 0.011294 -47.687238 0.001372 0.005760 Mn0.06Fe''0.80Mg0.04Fe'''0.18Ti0.91O3 0 48.0913 0 9.59114 38.2701 2.91059 1.13685 0 0 0 0 0
500.00 1023.15 0.009803 0.017119 -72.864943 0.002090 0.008761 Mn0.07Fe''0.80Mg0.04Fe'''0.17Ti0.91O3 0 48.3552 0 9.0012 38.2336 3.39435 1.0156 0 0 0 0 0

feldspar_0 thermodynamic data and composition:
Pressure Temperature mass S H V Cp formula SiO2 TiO2 Al2O3 Fe2O3 FeO MnO MgO CaO Na2O K2O P2O5 H2O
500.00 1363.15 1.340222 3.135375 -18683.223397 0.498677 1.632686 K0.00Na0.15Ca0.84Al1.84Si2.16O8 46.9891 0 34.0852 0 0 0 0 17.1564 1.73642 0.0329193 0 0
500.00 1353.15 4.008093 9.354815 -55906.360645 1.492954 4.878888 K0.00Na0.17Ca0.83Al1.83Si2.17O8 47.4194 0 33.7942 0 0 0 0 16.8159 1.93236 0.0381985 0 0
500.00 1343.15 5.165376 12.045174 -72068.503053 1.928656 6.284593 K0.00Na0.21Ca0.79Al1.79Si2.21O8 48.2985 0 33.2004 0 0 0 0 16.1209 2.33483 0.0453309 0 0
500.00 1333.15 3.230782 7.522033 -45094.328106 1.208585 3.928450 K0.00Na0.24Ca0.76Al1.76Si2.24O8 49.0059 0 32.7224 0 0 0 0 15.5614 2.65783 0.0525011 0 0
500.00 1323.15 3.382140 7.862464 -47224.003123 1.267742 4.110116 K0.00Na0.27Ca0.73Al1.73Si2.27O8 49.7579 0 32.2137 0 0 0 0 14.9663 3.00018 0.0618852 0 0
500.00 1313.15 2.878823 6.681820 -40210.608436 1.081263 3.496453 K0.00Na0.30Ca0.70Al1.70Si2.30O8 50.5197 0 31.6982 0 0 0 0 14.3633 3.34636 0.0724576 0 0
500.00 1303.15 2.389866 5.537664 -33392.877689 0.899420 2.900910 K0.00Na0.33Ca0.67Al1.67Si2.33O8 51.2814 0 31.1825 0 0 0 0 13.7601 3.69189 0.0840522 0 0
500.00 1293.15 2.027926 4.690600 -28345.861227 0.764710 2.460119 K0.01Na0.35Ca0.64Al1.64Si2.36O8 52.0337 0 30.673 0 0 0 0 13.1642 4.03244 0.0967032 0 0
500.00 1283.15 1.748499 4.036448 -24449.285056 0.660598 2.130136 K0.01Na0.38Ca0.61Al1.61Si2.39O8 52.7685 0 30.175 0 0 0 0 12.5818 4.36428 0.110418 0 0
500.00 1273.15 1.525551 3.514399 -21340.129708 0.577421 1.858099 K0.01Na0.41Ca0.58Al1.58Si2.42O8 53.4798 0 29.6925 0 0 0 0 12.0179 4.68462 0.125191 0 0
500.00 1263.15 1.342817 3.086473 -18791.591465 0.509140 1.635105 K0.01Na0.44Ca0.56Al1.56Si2.44O8 54.1634 0 29.2285 0 0 0 0 11.4755 4.99154 0.141002 0 0
500.00 1253.15 1.190090 2.728837 -16661.363251 0.451975 1.448708 K0.01Na0.46Ca0.53Al1.53Si2.47O8 54.8171 0 28.7844 0 0 0 0 10.9566 5.28401 0.157829 0 0
500.00 1243.15 1.060594 2.425661 -14854.938209 0.403419 1.290647 K0.01Na0.49Ca0.50Al1.50Si2.50O8 55.4401 0 28.3608 0 0 0 0 10.4617 5.56172 0.175656 0 0
500.00 1233.15 0.949621 2.165946 -13306.685327 0.361734 1.155186 K0.01Na0.51Ca0.48Al1.48Si2.52O8 56.033 0 27.9572 0 0 0 0 9.99047 5.82487 0.19447 0 0
500.00 1223.15 0.853757 1.941710 -11969.010096 0.325662 1.038165 K0.01Na0.53Ca0.46Al1.46Si2.54O8 56.5967 0 27.573 0 0 0 0 9.54197 6.074 0.214265 0 0
500.00 1213.15 0.770427 1.746918 -10806.010607 0.294254 0.936445 K0.01Na0.55Ca0.44Al1.44Si2.56O8 57.133 0 27.2071 0 0 0 0 9.11497 6.30983 0.235049 0 0
500.00 1203.15 0.697621 1.576863 -9789.694448 0.266769 0.847580 K0.01Na0.57Ca0.42Al1.42Si2.58O8 57.6436 0 26.8583 0 0 0 0 8.70805 6.53319 0.256837 0 0
500.00 1193.15 0.633733 1.427770 -8897.663573 0.242615 0.769610 K0.02Na0.59Ca0.40Al1.40Si2.60O8 58.1304 0 26.5253 0 0 0 0 8.31971 6.74493 0.279656 0 0
500.00 1183.15 0.577451 1.296557 -8111.647493 0.221305 0.700937 K0.02Na0.60Ca0.38Al1.38Si2.62O8 58.5953 0 26.2068 0 0 0 0 7.9485 6.94589 0.303542 0 0
500.00 1173.15 0.527691 1.180672 -7416.533837 0.202441 0.640237 K0.02Na0.62Ca0.36Al1.36Si2.64O8 59.0399 0 25.9017 0 0 0 0 7.593 7.13685 0.328546 0 0
500.00 1163.15 0.483546 1.077982 -6799.697441 0.185684 0.586407 K0.02Na0.63Ca0.35Al1.35Si2.65O8 59.4661 0 25.6088 0 0 0 0 7.2519 7.31855 0.35473 0 0
500.00 1153.15 0.446285 0.991208 -6279.065203 0.171533 0.540980 K0.02Na0.65Ca0.33Al1.33Si2.67O8 59.8775 0 25.3253 0 0 0 0 6.92206 7.49246 0.382613 0 0
500.00 1143.15 0.410407 0.908030 -5777.393044 0.157881 0.497282 K0.02Na0.66Ca0.32Al1.32Si2.68O8 60.2728 0 25.0526 0 0 0 0 6.60479 7.65808 0.411814 0 0
500.00 1133.15 0.378524 0.834190 -5331.453694 0.145738 0.458476 K0.03Na0.67Ca0.30Al1.30Si2.70O8 60.6533 0 24.7894 0 0 0 0 6.29887 7.81602 0.442473 0 0
500.00 1123.15 0.349947 0.768096 -4931.632676 0.134843 0.423726 K0.03Na0.69Ca0.29Al1.29Si2.71O8 61.0202 0 24.5349 0 0 0 0 6.00333 7.96678 0.474708 0 0
500.00 1113.15 0.324252 0.708750 -4572.011577 0.125038 0.392516 K0.03Na0.70Ca0.27Al1.27Si2.73O8 61.3748 0 24.2885 0 0 0 0 5.71731 8.11076 0.508662 0 0
500.00 1103.15 0.301666 0.656581 -4255.860386 0.116413 0.365118 K0.03Na0.71Ca0.26Al1.26Si2.74O8 61.7163 0 24.0504 0 0 0 0 5.44117 8.24761 0.54454 0 0
500.00 1093.15 0.284965 0.617520 -4022.456915 0.110042 0.344890 K0.03Na0.72Ca0.25Al1.25Si2.75O8 62.0355 0 23.8268 0 0 0 0 5.18219 8.37271 0.582819 0 0
500.00 1083.15 0.285483 0.615838 -4032.092475 0.110304 0.345545 K0.04Na0.73Ca0.24Al1.24Si2.76O8 62.3146 0 23.6303 0 0 0 0 4.95494 8.47956 0.620605 0 0
500.00 1073.15 0.267430 0.574209 -3779.306014 0.103382 0.323787 K0.04Na0.74Ca0.23Al1.23Si2.77O8 62.5758 0 23.4456 0 0 0 0 4.74165 8.57758 0.659302 0 0
500.00 1063.15 0.246671 0.527120 -3487.971583 0.095403 0.298826 K0.04Na0.75Ca0.22Al1.22Si2.78O8 62.828 0 23.2667 0 0 0 0 4.53517 8.6703 0.699882 0 0
500.00 1053.15 0.227979 0.484808 -3225.523737 0.088215 0.276446 K0.04Na0.75Ca0.21Al1.21Si2.79O8 63.0716 0 23.093 0 0 0 0 4.33505 8.75782 0.742557 0 0
500.00 1043.15 0.211092 0.446667 -2988.320623 0.081717 0.256345 K0.04Na0.76Ca0.20Al1.20Si2.80O8 63.3071 0 22.9242 0 0 0 0 4.14087 8.84023 0.787581 0 0
500.00 1033.15 0.195786 0.412177 -2773.235301 0.075825 0.238272 K0.05Na0.77Ca0.19Al1.19Si2.81O8 63.535 0 22.76 0 0 0 0 3.9522 8.91755 0.83526 0 0
500.00 1023.15 0.479935 1.005588 -6796.510975 0.186143 0.585835 K0.06Na0.77Ca0.17Al1.17Si2.83O8 63.9822 0 22.4019 0 0 0 0 3.55241 8.97512 1.08845 0 0

olivine_0 thermodynamic data and composition:
Pressure Temperature mass S H V Cp formula SiO2 TiO2 Al2O3 Fe2O3 FeO MnO MgO CaO Na2O K2O P2O5 H2O
500.00 1403.15 0.659497 1.558635 -8049.165466 0.199804 0.810983 (Ca0.01Mg0.82Fe''0.18Mn0.00Co0.00Ni0.00)2SiO4 39.4411 0 0 0 16.8602 0.291204 42.9905 0.417065 0 0 0 0
500.00 1393.15 0.799760 1.881579 -9720.432448 0.241638 0.980240 (Ca0.01Mg0.81Fe''0.19Mn0.00Co0.00Ni0.00)2SiO4 39.3351 0 0 0 17.4135 0.298735 42.5285 0.424213 0 0 0 0
500.00 1383.15 0.055858 0.130725 -673.246515 0.016798 0.068117 (Ca0.01Mg0.80Fe''0.20Mn0.00Co0.00Ni0.00)2SiO4 39.1462 0 0 0 18.4082 0.324504 41.7167 0.404317 0 0 0 0
500.00 1373.15 0.047780 0.111214 -570.678730 0.014297 0.057954 (Ca0.01Mg0.79Fe''0.21Mn0.00Co0.00Ni0.00)2SiO4 38.9447 0 0 0 19.4681 0.352336 40.8498 0.385105 0 0 0 0
500.00 1363.15 0.373894 0.865233 -4415.750806 0.111218 0.450662 (Ca0.01Mg0.77Fe''0.22Mn0.00Co0.00Ni0.00)2SiO4 38.7014 0 0 0 20.7406 0.389127 39.8015 0.367328 0 0 0 0
500.00 1353.15 1.037332 2.384656 -12059.693089 0.306157 1.240099 (Ca0.00Mg0.75Fe''0.24Mn0.00Co0.00Ni0.00)2SiO4 38.3731 0 0 0 22.4469 0.445131 38.3831 0.351796 0 0 0 0
500.00 1343.15 0.392869 0.899545 -4563.654677 0.115789 0.468743 (Ca0.00Mg0.75Fe''0.25Mn0.01Co0.00Ni0.00)2SiO4 38.3346 0 0 0 22.508 0.611644 38.2249 0.320796 0 0 0 0
500.00 1333.15 0.428246 0.975433 -4937.304035 0.125681 0.508517 (Ca0.00Mg0.74Fe''0.26Mn0.01Co0.00Ni0.00)2SiO4 38.1672 0 0 0 23.2903 0.736846 37.5042 0.30149 0 0 0 0
500.00 1083.15 0.038309 0.073791 -321.006732 0.009686 0.038064 (Ca0.00Mg0.26Fe''0.55Mn0.19Co0.00Ni0.00)2SiO4 32.0599 0 0 0 42.2124 14.6869 10.8477 0.193012 0 0 0 0
500.00 1073.15 0.038642 0.073911 -320.789194 0.009729 0.038176 (Ca0.00Mg0.24Fe''0.56Mn0.20Co0.00Ni0.00)2SiO4 31.8941 0 0 0 42.439 15.3579 10.1191 0.189899 0 0 0 0
500.00 1063.15 0.034063 0.064700 -280.346279 0.008543 0.033468 (Ca0.00Mg0.22Fe''0.56Mn0.21Co0.00Ni0.00)2SiO4 31.7385 0 0 0 42.5866 16.0535 9.43463 0.186754 0 0 0 0
500.00 1053.15 0.030045 0.056673 -245.307932 0.007507 0.029365 (Ca0.00Mg0.21Fe''0.56Mn0.22Co0.00Ni0.00)2SiO4 31.5922 0 0 0 42.6579 16.7765 8.78984 0.183621 0 0 0 0
500.00 1043.15 0.026521 0.049682 -214.944625 0.006604 0.025789 (Ca0.00Mg0.20Fe''0.57Mn0.24Co0.00Ni0.00)2SiO4 31.4543 0 0 0 42.6545 17.5295 8.18113 0.180537 0 0 0 0
500.00 1033.15 0.023431 0.043593 -188.617664 0.005816 0.022672 (Ca0.00Mg0.18Fe''0.57Mn0.25Co0.00Ni0.00)2SiO4 31.3242 0 0 0 42.578 18.3148 7.60549 0.177532 0 0 0 0
500.00 1023.15 0.041528 0.076650 -331.035986 0.010264 0.039876 (Ca0.00Mg0.16Fe''0.56Mn0.28Co0.00Ni0.00)2SiO4 31.1048 0 0 0 41.302 20.7928 6.60914 0.191236 0 0 0 0

apatite thermodynamic data and composition:
Pressure Temperature mass S H V Cp formula
500.00 1153.15 0.013448 0.028424 -167.366801 0.004391 0.015213 Ca5(PO4)3OH
500.00 1143.15 0.011504 0.024202 -143.300439 0.003756 0.012995 Ca5(PO4)3OH
500.00 1133.15 0.009864 0.020653 -122.982501 0.003221 0.011126 Ca5(PO4)3OH
500.00 1123.15 0.008359 0.017419 -104.314547 0.002729 0.009414 Ca5(PO4)3OH
500.00 1113.15 0.006959 0.014433 -86.928829 0.002272 0.007826 Ca5(PO4)3OH
500.00 1103.15 0.005728 0.011821 -71.612327 0.001870 0.006432 Ca5(PO4)3OH
500.00 1093.15 0.005165 0.010606 -64.628539 0.001686 0.005790 Ca5(PO4)3OH
500.00 1083.15 0.006336 0.012946 -79.359591 0.002069 0.007092 Ca5(PO4)3OH
500.00 1073.15 0.005475 0.011129 -68.631107 0.001788 0.006118 Ca5(PO4)3OH
500.00 1063.15 0.004244 0.008583 -53.251798 0.001386 0.004735 Ca5(PO4)3OH
500.00 1053.15 0.003055 0.006146 -38.364869 0.000998 0.003403 Ca5(PO4)3OH
500.00 1043.15 0.001889 0.003780 -23.739222 0.000617 0.002100 Ca5(PO4)3OH
500.00 1033.15 0.000727 0.001447 -9.147812 0.000237 0.000807 Ca5(PO4)3OH
500.00 1023.15 0.030863 0.061100 -388.600984 0.010078 0.034199 Ca5(PO4)3OH

quartz thermodynamic data and composition:
Pressure Temperature mass S H V Cp formula
500.00 1023.15 0.792373 1.553889 -11373.201894 0.312355 0.917447 SiO2

water thermodynamic data and composition:
Pressure Temperature mass S H V Cp formula
500.00 1523.15 0.082756 0.912370 -891.740691 1.172543 0.232154 H2O
500.00 1513.15 0.078497 0.863955 -848.039399 1.104035 0.220090 H2O
500.00 1503.15 0.074157 0.814814 -803.235474 1.035281 0.207821 H2O
500.00 1493.15 0.069736 0.764931 -757.300857 0.966282 0.195342 H2O
500.00 1483.15 0.065231 0.714290 -710.206616 0.897038 0.182646 H2O
500.00 1473.15 0.060640 0.662872 -661.922767 0.827550 0.169727 H2O
500.00 1463.15 0.055961 0.610662 -612.418075 0.757817 0.156577 H2O
500.00 1453.15 0.051193 0.557640 -561.660743 0.687841 0.143190 H2O
500.00 1443.15 0.046331 0.503788 -509.618013 0.617622 0.129558 H2O
500.00 1433.15 0.041375 0.449089 -456.256104 0.547163 0.115673 H2O
500.00 1423.15 0.036321 0.393522 -401.540179 0.476467 0.101527 H2O
500.00 1413.15 0.031167 0.337069 -345.434318 0.405535 0.087111 H2O
500.00 1403.15 0.029112 0.314270 -323.475476 0.375686 0.081364 H2O
500.00 1393.15 0.027569 0.297062 -307.101531 0.352817 0.077052 H2O
500.00 1383.15 0.092185 0.991446 -1029.448205 1.169809 0.257658 H2O
500.00 1373.15 0.150470 1.615245 -1684.531951 1.893179 0.420619 H2O
500.00 1363.15 0.233873 2.505782 -2624.791083 2.917204 0.653895 H2O
500.00 1353.15 0.372297 3.981225 -4188.747965 4.603327 1.041204 H2O
500.00 1343.15 0.582651 6.218589 -6571.752224 7.140668 1.630076 H2O
500.00 1333.15 0.699374 7.449748 -7907.857203 8.494534 1.957487 H2O
500.00 1323.15 0.815856 8.673312 -9247.757780 9.819549 2.284707 H2O
500.00 1313.15 0.911949 9.675492 -10362.522937 10.875381 2.555384 H2O
500.00 1303.15 0.990467 10.487318 -11282.488544 11.701877 2.777392 H2O
500.00 1293.15 1.056258 11.161110 -12061.556449 12.361507 2.964318 H2O
500.00 1283.15 1.112426 11.730366 -12734.175186 12.894370 3.124868 H2O
500.00 1273.15 1.161057 12.217643 -13323.497067 13.327553 3.264912 H2O
500.00 1263.15 1.203612 12.638744 -13845.699929 13.680103 3.388570 H2O
500.00 1253.15 1.241160 13.005231 -14312.596208 13.966006 3.498867 H2O
500.00 1243.15 1.274510 13.325874 -14733.128787 14.195890 3.598107 H2O
500.00 1233.15 1.304294 13.607523 -15114.278531 14.378077 3.688102 H2O
500.00 1223.15 1.331019 13.855663 -15461.632454 14.519229 3.770313 H2O
500.00 1213.15 1.355096 14.074767 -15779.751062 14.624779 3.845946 H2O
500.00 1203.15 1.376870 14.268538 -16072.414347 14.699216 3.916012 H2O
500.00 1193.15 1.396626 14.440076 -16342.792695 14.746291 3.981373 H2O
500.00 1183.15 1.414606 14.591999 -16593.569973 14.769164 4.042769 H2O
500.00 1173.15 1.431018 14.726531 -16827.035170 14.770509 4.100850 H2O
500.00 1163.15 1.446038 14.845575 -17045.152586 14.752606 4.156186 H2O
500.00 1153.15 1.459967 14.952288 -17251.371195 14.718899 4.209715 H2O
500.00 1143.15 1.472747 15.046122 -17444.918730 14.669110 4.261351 H2O
500.00 1133.15 1.484510 15.128490 -17627.291686 14.604875 4.311566 H2O
500.00 1123.15 1.495361 15.200498 -17799.657691 14.527481 4.360763 H2O
500.00 1113.15 1.505391 15.263102 -17963.036199 14.438035 4.409317 H2O
500.00 1103.15 1.514684 15.317191 -18118.391255 14.337545 4.457599 H2O
500.00 1093.15 1.523343 15.363834 -18266.921025 14.227147 4.506054 H2O
500.00 1083.15 1.532630 15.415723 -18423.743982 14.118580 4.558588 H2O
500.00 1073.15 1.541380 15.461079 -18574.901200 14.000896 4.611953 H2O
500.00 1063.15 1.549426 15.498253 -18718.378911 13.872696 4.665855 H2O
500.00 1053.15 1.556834 15.527893 -18854.915012 13.734677 4.720700 H2O
500.00 1043.15 1.563660 15.550568 -18985.168161 13.587437 4.776905 H2O
500.00 1033.15 1.569953 15.566768 -19109.727574 13.431477 4.834898 H2O
500.00 1023.15 1.606369 15.879528 -19602.675513 13.524955 4.990226 H2O

orthopyroxene_0 thermodynamic data and composition:
Pressure Temperature mass S H V Cp structure formula SiO2 TiO2 Al2O3 Fe2O3 FeO MnO MgO CaO Na2O K2O P2O5 H2O
500.00 1323.15 1.070343 2.445476 -13210.168031 0.323762 1.310890 opx Na0.00Ca0.07Fe''0.46Mg1.41Fe'''0.03Ti0.00Al0.10Si1.93O6 53.4277 0.115747 2.34694 1.10073 15.0922 0 26.0582 1.83884 0.0197473 0 0 0
500.00 1313.15 0.930252 2.114009 -11427.316514 0.280678 1.135402 opx Na0.00Ca0.07Fe''0.48Mg1.39Fe'''0.03Ti0.00Al0.09Si1.94O6 53.373 0.103284 2.20972 1.0525 15.7541 0 25.6265 1.86049 0.0204338 0 0 0
500.00 1303.15 0.716162 1.618788 -8758.452924 0.215555 0.871212 opx Na0.00Ca0.07Fe''0.50Mg1.37Fe'''0.03Ti0.00Al0.09Si1.94O6 53.3167 0.0926221 2.08572 1.00741 16.3837 0 25.2195 1.87331 0.0210068 0 0 0
500.00 1293.15 0.563825 1.267641 -6866.249974 0.169300 0.683699 opx Na0.00Ca0.07Fe''0.52Mg1.35Fe'''0.03Ti0.00Al0.08Si1.94O6 53.2589 0.0833966 1.97248 0.965009 16.9884 0 24.8319 1.87849 0.021475 0 0 0
500.00 1283.15 0.450926 1.008384 -5468.984137 0.135083 0.545089 opx Na0.00Ca0.07Fe''0.54Mg1.33Fe'''0.03Ti0.00Al0.08Si1.95O6 53.1994 0.0753457 1.86832 0.924958 17.5732 0 24.46 1.87693 0.0218454 0 0 0
500.00 1273.15 0.364643 0.811057 -4405.047853 0.108984 0.439441 opx Na0.00Ca0.07Fe''0.56Mg1.32Fe'''0.02Ti0.00Al0.08Si1.95O6 53.1383 0.0682737 1.77197 0.886992 18.1418 0 24.1012 1.86936 0.0221242 0 0 0
500.00 1263.15 0.297093 0.657248 -3575.197257 0.088593 0.356959 opx Na0.00Ca0.07Fe''0.57Mg1.30Fe'''0.02Ti0.00Al0.07Si1.95O6 53.0755 0.0620306 1.68253 0.8509 18.6969 0 23.7534 1.85637 0.0223174 0 0 0
500.00 1253.15 0.243289 0.535306 -2916.705687 0.072385 0.291448 opx Na0.00Ca0.07Fe''0.59Mg1.29Fe'''0.02Ti0.00Al0.07Si1.95O6 53.0112 0.0564963 1.59924 0.816507 19.2406 0 23.415 1.83846 0.0224309 0 0 0
500.00 1243.15 0.199890 0.437421 -2387.555457 0.059340 0.238758 opx Na0.00Ca0.07Fe''0.61Mg1.27Fe'''0.02Ti0.00Al0.07Si1.96O6 52.9454 0.0515731 1.52151 0.783663 19.7744 0 23.0849 1.81609 0.0224703 0 0 0
500.00 1233.15 0.164552 0.358119 -1958.331098 0.048741 0.195981 opx Na0.00Ca0.07Fe''0.63Mg1.26Fe'''0.02Ti0.00Al0.06Si1.96O6 52.8781 0.0471793 1.4488 0.752238 20.2994 0 22.7622 1.78969 0.0224414 0 0 0
500.00 1223.15 0.135571 0.293422 -1607.657837 0.040068 0.161004 opx Na0.00Ca0.07Fe''0.65Mg1.24Fe'''0.02Ti0.00Al0.06Si1.96O6 52.8096 0.043246 1.38066 0.722117 20.8166 0 22.4458 1.75964 0.0223495 0 0 0
500.00 1213.15 0.111668 0.240347 -1319.530910 0.032931 0.132241 opx Na0.00Ca0.07Fe''0.66Mg1.23Fe'''0.02Ti0.00Al0.06Si1.96O6 52.7397 0.0397146 1.31666 0.6932 21.3269 0 22.1353 1.7263 0.0221998 0 0 0
500.00 1203.15 0.091861 0.196609 -1081.687715 0.027030 0.108478 opx Na0.00Ca0.07Fe''0.68Mg1.21Fe'''0.02Ti0.00Al0.06Si1.96O6 52.6688 0.0365348 1.25643 0.665398 21.8308 0 21.83 1.69 0.0219971 0 0 0
500.00 1193.15 0.075382 0.160430 -884.570766 0.022133 0.088769 opx Na0.00Ca0.07Fe''0.70Mg1.20Fe'''0.02Ti0.00Al0.05Si1.96O6 52.5968 0.0336635 1.19965 0.638635 22.3291 0 21.5294 1.65106 0.0217461 0 0 0
500.00 1183.15 0.061622 0.130402 -720.636476 0.018053 0.072365 opx Na0.00Ca0.06Fe''0.71Mg1.18Fe'''0.02Ti0.00Al0.05Si1.97O6 52.5238 0.0310636 1.14601 0.612842 22.822 0 21.233 1.60978 0.0214508 0 0 0
500.00 1173.15 0.050098 0.105408 -583.874626 0.014645 0.058669 opx Na0.00Ca0.06Fe''0.73Mg1.17Fe'''0.02Ti0.00Al0.05Si1.97O6 52.4499 0.0287029 1.09524 0.587961 23.3102 0 20.9404 1.56643 0.0211154 0 0 0
500.00 1163.15 0.040417 0.084548 -469.462021 0.011790 0.047202 opx Na0.00Ca0.06Fe''0.75Mg1.16Fe'''0.02Ti0.00Al0.05Si1.97O6 52.3752 0.0265536 1.04709 0.56394 23.794 0 20.6513 1.52127 0.0207434 0 0 0
500.00 1153.15 0.034904 0.072589 -404.058664 0.010159 0.040652 opx Na0.00Ca0.06Fe''0.76Mg1.14Fe'''0.02Ti0.00Al0.04Si1.97O6 52.2996 0.0246093 1.00098 0.540581 24.275 0 20.3644 1.47457 0.020336 0 0 0
500.00 1143.15 0.027307 0.056455 -315.054912 0.007931 0.031716 opx Na0.00Ca0.06Fe''0.78Mg1.13Fe'''0.01Ti0.00Al0.04Si1.97O6 52.2233 0.0228264 0.957175 0.518034 24.7516 0 20.0806 1.42653 0.0198991 0 0 0
500.00 1133.15 0.021085 0.043332 -242.457854 0.006111 0.024423 opx Na0.00Ca0.06Fe''0.80Mg1.12Fe'''0.01Ti0.00Al0.04Si1.97O6 52.1464 0.0211889 0.915448 0.49625 25.2243 0 19.7995 1.3774 0.0194356 0 0 0
500.00 1123.15 0.015814 0.032306 -181.253394 0.004573 0.018269 opx Na0.00Ca0.05Fe''0.81Mg1.10Fe'''0.01Ti0.00Al0.04Si1.97O6 52.0689 0.0196815 0.87563 0.475196 25.6933 0 19.5209 1.32739 0.0189487 0 0 0
500.00 1113.15 0.011338 0.023022 -129.525710 0.003272 0.013063 opx Na0.00Ca0.05Fe''0.83Mg1.09Fe'''0.01Ti0.00Al0.04Si1.97O6 51.9909 0.0182907 0.837567 0.454845 26.1587 0 19.2445 1.27673 0.0184411 0 0 0
500.00 1103.15 0.008273 0.016694 -94.172729 0.002382 0.009504 opx Na0.00Ca0.05Fe''0.85Mg1.08Fe'''0.01Ti0.00Al0.04Si1.98O6 51.9052 0.0169101 0.801926 0.436148 26.6447 0 18.9523 1.22494 0.0179052 0 0 0
500.00 1093.15 0.010834 0.021716 -122.639263 0.003110 0.012400 opx Na0.00Ca0.05Fe''0.87Mg1.05Fe'''0.01Ti0.00Al0.03Si1.98O6 51.7588 0.0149381 0.77444 0.426092 27.3286 0 18.5127 1.16711 0.017269 0 0 0

spinel_0 thermodynamic data and composition:
Pressure Temperature mass S H V Cp formula SiO2 TiO2 Al2O3 Fe2O3 FeO MnO MgO CaO Na2O K2O P2O5 H2O
500.00 1343.15 4.220234 8.846622 -24947.224957 0.919146 4.010913 Fe''0.91Mg0.34Fe'''1.19Al0.31Cr0.00Ti0.25O4 0 9.63172 7.41569 45.1937 31.2148 0 6.54415 0 0 0 0 0
500.00 1333.15 1.216104 2.534152 -7074.007217 0.263540 1.149739 Fe''0.94Mg0.32Fe'''1.20Al0.28Cr0.00Ti0.26O4 0 9.79369 6.80446 45.3738 31.9025 0 6.12558 0 0 0 0 0
500.00 1323.15 0.938878 1.944012 -5360.292746 0.202306 0.882475 Fe''0.97Mg0.30Fe'''1.21Al0.26Cr0.00Ti0.27O4 0 10.0064 6.12209 45.4995 32.7391 0 5.6329 0 0 0 0 0
500.00 1313.15 0.693537 1.427183 -3894.220505 0.148670 0.648473 Fe''1.00Mg0.28Fe'''1.22Al0.23Cr0.00Ti0.27O4 0 10.205 5.52677 45.5737 33.5106 0 5.18391 0 0 0 0 0
500.00 1303.15 0.528628 1.081478 -2927.038767 0.112815 0.492071 Fe''1.02Mg0.26Fe'''1.23Al0.21Cr0.00Ti0.28O4 0 10.3714 5.03263 45.6258 34.1715 0 4.79876 0 0 0 0 0
500.00 1293.15 0.414441 0.843117 -2267.447670 0.088099 0.384271 Fe''1.05Mg0.24Fe'''1.24Al0.20Cr0.00Ti0.28O4 0 10.5137 4.61177 45.6643 34.748 0 4.46229 0 0 0 0 0
500.00 1283.15 0.332008 0.671748 -1797.637216 0.070329 0.306768 Fe''1.06Mg0.22Fe'''1.24Al0.18Cr0.00Ti0.29O4 0 10.6378 4.24651 45.6933 35.258 0 4.16437 0 0 0 0 0
500.00 1273.15 0.270502 0.544403 -1451.304340 0.057119 0.249155 Fe''1.08Mg0.21Fe'''1.25Al0.17Cr0.00Ti0.29O4 0 10.7481 3.92497 45.7147 35.7144 0 3.8979 0 0 0 0 0
500.00 1263.15 0.223381 0.447233 -1188.866442 0.047033 0.205166 Fe''1.10Mg0.20Fe'''1.25Al0.16Cr0.00Ti0.30O4 0 10.8479 3.63878 45.7289 36.1268 0 3.65765 0 0 0 0 0
500.00 1253.15 0.186518 0.371525 -985.615814 0.039168 0.170863 Fe''1.11Mg0.19Fe'''1.25Al0.15Cr0.00Ti0.30O4 0 10.9398 3.38183 45.7358 36.5028 0 3.43968 0 0 0 0 0
500.00 1243.15 0.157195 0.311541 -825.412920 0.032930 0.143655 Fe''1.13Mg0.18Fe'''1.26Al0.14Cr0.00Ti0.30O4 0 11.0262 3.14945 45.735 36.8484 0 3.24087 0 0 0 0 0
500.00 1233.15 0.133550 0.263361 -697.309907 0.027913 0.121775 Fe''1.14Mg0.17Fe'''1.26Al0.13Cr0.00Ti0.31O4 0 11.1088 2.93801 45.7259 37.1686 0 3.05873 0 0 0 0 0
500.00 1223.15 0.114265 0.224222 -593.637204 0.023833 0.103974 Fe''1.15Mg0.16Fe'''1.26Al0.12Cr0.00Ti0.31O4 0 11.1892 2.74461 45.7076 37.4673 0 2.89121 0 0 0 0 0
500.00 1213.15 0.098386 0.192118 -508.873523 0.020481 0.089351 Fe''1.16Mg0.15Fe'''1.26Al0.11Cr0.00Ti0.31O4 0 11.2687 2.56687 45.6797 37.7481 0 2.73658 0 0 0 0 0
500.00 1203.15 0.085201 0.165565 -438.952624 0.017704 0.077236 Fe''1.17Mg0.14Fe'''1.27Al0.10Cr0.00Ti0.31O4 0 11.3483 2.40286 45.6416 38.0138 0 2.59339 0 0 0 0 0
500.00 1193.15 0.074175 0.143442 -380.822552 0.015386 0.067125 Fe''1.18Mg0.14Fe'''1.27Al0.10Cr0.00Ti0.32O4 0 11.429 2.25096 45.5927 38.2669 0 2.4604 0 0 0 0 0
500.00 1183.15 0.064893 0.124887 -332.156026 0.013440 0.058629 Fe''1.19Mg0.13Fe'''1.27Al0.09Cr0.00Ti0.32O4 0 11.5114 2.10981 45.5328 38.5095 0 2.33654 0 0 0 0 0
500.00 1173.15 0.057033 0.109234 -291.154419 0.011794 0.051448 Fe''1.20Mg0.12Fe'''1.27Al0.09Cr0.00Ti0.32O4 0 11.5961 1.97827 45.4615 38.7433 0 2.22087 0 0 0 0 0
500.00 1163.15 0.050342 0.095956 -256.411584 0.010396 0.045345 Fe''1.21Mg0.12Fe'''1.27Al0.08Cr0.00Ti0.33O4 0 11.6836 1.85536 45.3788 38.9697 0 2.11258 0 0 0 0 0
500.00 1153.15 0.044679 0.084755 -227.148532 0.009214 0.040187 Fe''1.22Mg0.11Fe'''1.27Al0.08Cr0.00Ti0.33O4 0 11.7862 1.73896 45.2628 39.2007 0 2.01129 0 0 0 0 0
500.00 1143.15 0.039706 0.074961 -201.553489 0.008179 0.035665 Fe''1.23Mg0.11Fe'''1.26Al0.07Cr0.00Ti0.33O4 0 11.89 1.63005 45.1391 39.4249 0 1.916 0 0 0 0 0
500.00 1133.15 0.035432 0.066572 -179.631333 0.007290 0.031785 Fe''1.23Mg0.10Fe'''1.26Al0.07Cr0.00Ti0.34O4 0 11.9961 1.52785 45.0059 39.644 0 1.82617 0 0 0 0 0
500.00 1123.15 0.031739 0.059347 -160.747501 0.006523 0.028436 Fe''1.24Mg0.10Fe'''1.26Al0.06Cr0.00Ti0.34O4 0 12.1048 1.43179 44.8634 39.8588 0 1.74131 0 0 0 0 0
500.00 1113.15 0.028536 0.053101 -144.416924 0.005858 0.025535 Fe''1.25Mg0.09Fe'''1.26Al0.06Cr0.00Ti0.34O4 0 12.2158 1.34137 44.7119 40.0699 0 1.66096 0 0 0 0 0
500.00 1103.15 0.024444 0.045262 -123.568273 0.005013 0.021847 Fe''1.26Mg0.09Fe'''1.25Al0.06Cr0.00Ti0.34O4 0 12.2783 1.25831 44.6455 40.2378 0 1.58019 0 0 0 0 0
500.00 1093.15 0.012322 0.022683 -61.932711 0.002522 0.010999 Fe''1.25Mg0.08Fe'''1.28Al0.05Cr0.00Ti0.34O4 0 11.9252 1.19692 45.3389 40.0705 0 1.46852 0 0 0 0 0

clinopyroxene_0 thermodynamic data and composition:
Pressure Temperature mass S H V Cp structure formula SiO2 TiO2 Al2O3 Fe2O3 FeO MnO MgO CaO Na2O K2O P2O5 H2O
500.00 1383.15 4.973663 11.309441 -63667.758167 1.527662 5.830463 cpx Na0.01Ca0.84Fe''0.16Mg0.82Fe'''0.08Ti0.03Al0.23Si1.82O6 49.3172 0.915377 5.37932 2.81241 5.21999 0 14.9278 21.2752 0.152593 0 0 0
500.00 1373.15 4.519345 10.236094 -57666.868877 1.383741 5.281548 cpx Na0.01Ca0.84Fe''0.17Mg0.80Fe'''0.08Ti0.03Al0.25Si1.81O6 48.7736 1.07099 5.77824 3.01762 5.502 0 14.5387 21.154 0.164861 0 0 0
500.00 1363.15 3.723840 8.400542 -47334.789921 1.136381 4.337885 cpx Na0.01Ca0.84Fe''0.18Mg0.78Fe'''0.09Ti0.03Al0.27Si1.79O6 48.2581 1.24631 6.08616 3.22127 5.84729 0 14.1663 20.9965 0.17813 0 0 0
500.00 1353.15 2.397283 5.385905 -30318.719887 0.728982 2.783251 cpx Na0.01Ca0.83Fe''0.20Mg0.77Fe'''0.10Ti0.04Al0.27Si1.78O6 47.8523 1.43953 6.16448 3.40724 6.33692 0 13.853 20.7536 0.192942 0 0 0
500.00 1343.15 4.791243 10.746510 -60766.543290 1.461554 5.585186 cpx Na0.01Ca0.80Fe''0.21Mg0.81Fe'''0.08Ti0.03Al0.23Si1.82O6 49.1183 0.976589 5.29713 2.85233 6.80555 0 14.7066 20.0481 0.19533 0 0 0
500.00 1333.15 1.875458 4.194569 -23752.327346 0.571852 2.187014 cpx Na0.01Ca0.78Fe''0.23Mg0.83Fe'''0.07Ti0.02Al0.22Si1.84O6 49.4889 0.86344 4.95854 2.68108 7.3177 0 14.9872 19.5015 0.20166 0 0 0
500.00 1323.15 0.827825 1.843755 -10470.160532 0.252181 0.963946 cpx Na0.02Ca0.77Fe''0.24Mg0.83Fe'''0.07Ti0.02Al0.21Si1.84O6 49.64 0.82586 4.73479 2.61228 7.64575 0 14.9358 19.3932 0.212283 0 0 0
500.00 1313.15 0.422809 0.937369 -5341.887535 0.128676 0.491388 cpx Na0.02Ca0.77Fe''0.25Mg0.82Fe'''0.07Ti0.02Al0.20Si1.85O6 49.7328 0.808386 4.54891 2.56814 7.89381 0 14.7922 19.432 0.2238 0 0 0
500.00 1303.15 0.269322 0.594316 -3399.725481 0.081890 0.312416 cpx Na0.02Ca0.78Fe''0.25Mg0.81Fe'''0.07Ti0.02Al0.19Si1.86O6 49.8231 0.791854 4.37315 2.52211 8.11911 0 14.6517 19.4841 0.234912 0 0 0
500.00 1293.15 0.177994 0.390942 -2245.276403 0.054075 0.206093 cpx Na0.02Ca0.78Fe''0.26Mg0.81Fe'''0.07Ti0.02Al0.18Si1.86O6 49.9111 0.776229 4.2059 2.47472 8.32642 0 14.5144 19.5456 0.245654 0 0 0
500.00 1283.15 0.122842 0.268529 -1548.657748 0.037289 0.141974 cpx Na0.02Ca0.78Fe''0.27Mg0.80Fe'''0.07Ti0.02Al0.18Si1.86O6 49.9967 0.761504 4.04616 2.42633 8.51918 0 14.3802 19.6138 0.256046 0 0 0
500.00 1273.15 0.089435 0.194570 -1126.964670 0.027127 0.103177 cpx Na0.02Ca0.79Fe''0.27Mg0.79Fe'''0.07Ti0.02Al0.17Si1.87O6 50.0799 0.747697 3.8933 2.37724 8.69988 0 14.2492 19.6867 0.26611 0 0 0
500.00 1263.15 0.069442 0.150346 -874.687972 0.021047 0.079969 cpx Na0.02Ca0.79Fe''0.28Mg0.79Fe'''0.07Ti0.02Al0.16Si1.87O6 50.1605 0.734848 3.74694 2.3277 8.87032 0 14.1211 19.7627 0.27587 0 0 0
500.00 1253.15 0.057746 0.124417 -727.144190 0.017489 0.066382 cpx Na0.02Ca0.79Fe''0.28Mg0.78Fe'''0.06Ti0.02Al0.16Si1.88O6 50.2383 0.723003 3.60683 2.27793 9.03182 0 13.9959 19.8408 0.285353 0 0 0
500.00 1243.15 0.051161 0.109689 -644.065796 0.015483 0.058709 cpx Na0.02Ca0.80Fe''0.29Mg0.77Fe'''0.06Ti0.02Al0.15Si1.88O6 50.3133 0.712204 3.47277 2.2281 9.18538 0 13.8735 19.9202 0.294587 0 0 0
500.00 1233.15 0.047675 0.101711 -600.079463 0.014418 0.054613 cpx Na0.02Ca0.80Fe''0.29Mg0.77Fe'''0.06Ti0.02Al0.15Si1.89O6 50.3852 0.702485 3.34457 2.17839 9.33177 0 13.7538 20.0002 0.303604 0 0 0
500.00 1223.15 0.046018 0.097687 -579.145778 0.013908 0.052623 cpx Na0.02Ca0.81Fe''0.30Mg0.76Fe'''0.06Ti0.02Al0.14Si1.89O6 50.4541 0.69387 3.22203 2.12893 9.47162 0 13.6366 20.0804 0.312436 0 0 0
500.00 1213.15 0.045388 0.095865 -571.170814 0.013708 0.051813 cpx Na0.02Ca0.81Fe''0.30Mg0.76Fe'''0.06Ti0.02Al0.14Si1.89O6 50.52 0.686373 3.10494 2.07983 9.60543 0 13.522 20.1603 0.321116 0 0 0
500.00 1203.15 0.045286 0.095166 -569.875216 0.013668 0.051608 cpx Na0.02Ca0.81Fe''0.31Mg0.75Fe'''0.06Ti0.02Al0.13Si1.90O6 50.583 0.68 2.9931 2.03121 9.73362 0 13.4097 20.2397 0.329677 0 0 0
500.00 1193.15 0.045409 0.094938 -571.428683 0.013696 0.051659 cpx Na0.02Ca0.82Fe''0.31Mg0.74Fe'''0.06Ti0.02Al0.13Si1.90O6 50.643 0.674752 2.88628 1.98316 9.8566 0 13.2998 20.3183 0.338152 0 0 0
500.00 1183.15 0.045577 0.094797 -573.566614 0.013738 0.051761 cpx Na0.03Ca0.82Fe''0.31Mg0.74Fe'''0.05Ti0.02Al0.12Si1.90O6 50.7001 0.670625 2.78428 1.93578 9.9747 0 13.1921 20.3959 0.346572 0 0 0
500.00 1173.15 0.045688 0.094536 -575.016842 0.013762 0.051799 cpx Na0.03Ca0.82Fe''0.32Mg0.73Fe'''0.05Ti0.02Al0.12Si1.91O6 50.7543 0.667614 2.68686 1.88914 10.0882 0 13.0865 20.4724 0.354969 0 0 0
500.00 1163.15 0.045692 0.094047 -575.127934 0.013755 0.051715 cpx Na0.03Ca0.83Fe''0.32Mg0.73Fe'''0.05Ti0.02Al0.11Si1.91O6 50.8058 0.665713 2.59384 1.84332 10.1975 0 12.9829 20.5475 0.363374 0 0 0
500.00 1153.15 0.043147 0.088340 -543.170388 0.012980 0.048751 cpx Na0.03Ca0.83Fe''0.32Mg0.72Fe'''0.05Ti0.02Al0.11Si1.91O6 50.854 0.665606 2.50477 1.79826 10.3035 0 12.8806 20.6214 0.371841 0 0 0
500.00 1143.15 0.043374 0.088330 -546.114467 0.013040 0.048923 cpx Na0.03Ca0.83Fe''0.33Mg0.72Fe'''0.05Ti0.02Al0.11Si1.92O6 50.8996 0.66648 2.41981 1.7542 10.4055 0 12.7802 20.6938 0.380372 0 0 0
500.00 1133.15 0.043252 0.087606 -544.676623 0.012995 0.048701 cpx Na0.03Ca0.84Fe''0.33Mg0.71Fe'''0.05Ti0.02Al0.10Si1.92O6 50.9426 0.668396 2.33877 1.7112 10.5041 0 12.6814 20.7645 0.389001 0 0 0
500.00 1123.15 0.043000 0.086621 -541.608207 0.012911 0.048333 cpx Na0.03Ca0.84Fe''0.33Mg0.71Fe'''0.05Ti0.02Al0.10Si1.92O6 50.983 0.67136 2.26146 1.66932 10.5994 0 12.5841 20.8336 0.397757 0 0 0
500.00 1113.15 0.042636 0.085417 -537.149996 0.012794 0.047842 cpx Na0.03Ca0.84Fe''0.34Mg0.70Fe'''0.05Ti0.02Al0.10Si1.92O6 51.0208 0.675383 2.18772 1.62864 10.692 0 12.488 20.9008 0.406673 0 0 0
500.00 1103.15 0.041748 0.083172 -525.999481 0.012519 0.046760 cpx Na0.03Ca0.85Fe''0.34Mg0.70Fe'''0.05Ti0.02Al0.09Si1.93O6 51.0561 0.676402 2.11531 1.59059 10.7989 0 12.3853 20.9619 0.41553 0 0 0
500.00 1093.15 0.037792 0.074860 -475.605231 0.011321 0.042232 cpx Na0.03Ca0.85Fe''0.35Mg0.69Fe'''0.04Ti0.02Al0.09Si1.93O6 51.0877 0.645711 2.02946 1.56537 11.0472 0 12.2164 20.9855 0.422552 0 0 0
500.00 1083.15 0.022374 0.044055 -281.395365 0.006696 0.024942 cpx Na0.03Ca0.85Fe''0.35Mg0.68Fe'''0.04Ti0.02Al0.09Si1.93O6 51.0968 0.633895 1.9622 1.54408 11.2149 0 12.0237 21.0938 0.430645 0 0 0
500.00 1073.15 0.017960 0.035148 -225.861585 0.005371 0.019976 cpx Na0.03Ca0.86Fe''0.36Mg0.67Fe'''0.04Ti0.02Al0.08Si1.93O6 51.1116 0.629221 1.9012 1.51652 11.3156 0 11.8531 21.2341 0.438681 0 0 0
500.00 1063.15 0.017911 0.034839 -225.235418 0.005352 0.019876 cpx Na0.03Ca0.87Fe''0.36Mg0.66Fe'''0.04Ti0.02Al0.08Si1.94O6 51.1237 0.625847 1.84331 1.48913 11.4196 0 11.6845 21.3672 0.44676 0 0 0
500.00 1053.15 0.017673 0.034163 -222.207498 0.005277 0.019566 cpx Na0.03Ca0.87Fe''0.37Mg0.65Fe'''0.04Ti0.02Al0.08Si1.94O6 51.1323 0.623815 1.7885 1.46228 11.5289 0 11.5163 21.493 0.454919 0 0 0
500.00 1043.15 0.017279 0.033193 -217.214589 0.005155 0.019086 cpx Na0.03Ca0.88Fe''0.37Mg0.64Fe'''0.04Ti0.02Al0.08Si1.94O6 51.1367 0.62318 1.73679 1.43629 11.6456 0 11.3467 21.6115 0.463202 0 0 0
500.00 1033.15 0.016760 0.031994 -210.633536 0.004996 0.018468 cpx Na0.03Ca0.88Fe''0.37Mg0.63Fe'''0.04Ti0.02Al0.08Si1.94O6 51.1362 0.624017 1.68816 1.41144 11.772 0 11.1741 21.7225 0.471652 0 0 0
500.00 1023.15 0.040631 0.077010 -510.109798 0.012094 0.044612 cpx Na0.04Ca0.90Fe''0.38Mg0.61Fe'''0.04Ti0.02Al0.08Si1.94O6 51.019 0.685414 1.67688 1.44814 11.8742 0 10.796 22.0006 0.4998 0 0 0
