Title: Hr

System Thermodynamic Data:
Pressure Temperature mass F phi S H V dVdP*10^6 dVdT*10^6 Cp logfO2(absolute) logfO2-NNO rhol rhos viscosity aH2O chisqr
500.00 1523.15 98.208887 1.0000000000000000 1.000000 275.125247 -1170139.517216 37.759489 -370.719171 3711.890051 147.753469 -7.007 0.000 2.600906 0.000000 1.835 0.382896 0.000
500.00 1513.15 98.209519 1.0000000000000000 1.000000 274.153241 -1171626.231944 37.722944 -369.626303 3709.214868 147.753291 -7.116 0.000 2.603443 0.000000 1.875 0.381966 0.000
500.00 1503.15 98.210189 1.0000000000000000 1.000000 273.174835 -1173113.544665 37.686459 -368.536400 3706.482105 147.753308 -7.225 0.000 2.605981 0.000000 1.915 0.381026 0.000
500.00 1493.15 98.210900 1.0000000000000000 1.000000 272.189940 -1174601.478693 37.650036 -367.449531 3703.692028 147.753524 -7.336 0.000 2.608521 0.000000 1.955 0.380076 0.000
500.00 1483.15 98.211653 1.0000000000000000 1.000000 271.198467 -1176090.058323 37.613675 -366.365770 3700.844917 147.753948 -7.449 0.000 2.611062 0.000000 1.997 0.379117 0.000
500.00 1473.15 98.212447 1.0000000000000000 1.000000 270.215649 -1177556.679826 37.577379 -365.285192 3697.941062 144.448423 -7.563 0.000 2.613606 0.000000 2.038 0.378148 0.000
500.00 1463.15 98.213286 1.0000000000000000 1.000000 269.233293 -1179013.518922 37.541149 -364.207878 3694.980767 144.440743 -7.679 0.000 2.616150 0.000000 2.080 0.37717 0.000
500.00 1453.15 98.214170 1.0000000000000000 1.000000 268.244294 -1180470.990100 37.504987 -363.133910 3691.964347 144.432735 -7.796 0.000 2.618696 0.000000 2.123 0.376182 0.000
500.00 1443.15 98.215101 1.0000000000000000 1.000000 267.248562 -1181929.116019 37.468894 -362.063375 3688.892135 144.424395 -7.915 0.000 2.621244 0.000000 2.167 0.375184 0.000
500.00 1433.15 98.216081 1.0000000000000000 1.000000 266.246004 -1183387.920476 37.432872 -360.996363 3685.764474 144.415721 -8.035 0.000 2.623792 0.000000 2.211 0.374176 0.000
500.00 1423.15 98.217110 1.0000000000000000 1.000000 265.236525 -1184847.428467 37.396922 -359.932969 3682.581727 144.406710 -8.157 0.000 2.626342 0.000000 2.255 0.373159 0.000
500.00 1413.15 98.218119 0.9696299829903812 0.975308 263.390984 -1187480.587122 37.212379 -355.492331 3638.642678 143.264663 -8.281 0.000 2.624027 3.246365 2.318 0.386255 0.000
500.00 1403.15 98.216734 0.8983444771695464 0.912389 260.573036 -1191424.817102 36.936429 -344.736160 3538.356326 140.855830 -8.407 0.000 2.618144 3.085333 2.373 0.431542 0.000
500.00 1393.15 98.214700 0.8307151152727261 0.851448 257.883195 -1195151.313099 36.690667 -334.185775 3441.418152 138.606495 -8.535 0.000 2.611650 3.050420 2.424 0.483861 0.000
500.00 1383.15 98.212732 0.7712622604004300 0.797415 255.410747 -1198550.302863 36.472500 -324.737650 3354.159949 136.629426 -8.664 0.000 2.604472 3.040420 2.478 0.537852 0.000
500.00 1373.15 98.210809 0.7182693178781882 0.748942 253.108374 -1201690.995940 36.276357 -316.170558 3274.279833 134.865912 -8.795 0.000 2.596420 3.038051 2.535 0.593575 0.000
500.00 1363.15 98.208897 0.6704347486862011 0.704988 250.939706 -1204625.967478 36.098106 -308.318542 3199.980509 133.271205 -8.929 0.000 2.587268 3.039259 2.596 0.651123 0.000
500.00 1353.15 98.206942 0.6267539625146528 0.664742 248.876122 -1207395.847223 35.934668 -301.054911 3129.825250 131.810581 -9.064 0.000 2.576752 3.042597 2.662 0.710624 0.000
500.00 1343.15 98.356740 0.5185920041873181 0.576979 245.281396 -1214813.865348 35.709030 -288.250260 2889.331544 128.314171 -9.201 0.000 2.475663 3.134569 3.133 0.838531 0.000
500.00 1333.15 98.383081 0.4723373252418648 0.534508 243.226872 -1218009.738942 35.544884 -280.200241 2811.413769 126.960697 -9.340 0.000 2.445914 3.137529 3.255 0.931167 0.000
500.00 1323.15 98.413321 0.4076203937416043 0.459827 240.878499 -1221639.563517 36.041519 -1993.818031 3421.312150 125.386830 -9.481 0.000 2.420541 2.994455 3.357 0.999927 0.000
500.00 1313.15 98.424931 0.3402283364460859 0.373919 238.481201 -1224996.495252 37.275895 -5308.141499 4698.770222 123.709672 -9.625 0.000 2.402535 2.782533 3.540 0.99997 0.000
500.00 1303.15 98.426431 0.2890796498531572 0.311622 236.424933 -1227711.932547 38.239509 -7887.485856 5727.587595 122.423845 -9.771 0.000 2.387751 2.658234 3.721 1.00001 0.000
500.00 1293.15 98.423932 0.2471808419695815 0.262392 234.576144 -1230069.954481 39.026211 -10024.072482 6613.366039 121.390546 -9.919 0.000 2.375793 2.574005 3.889 1.00006 0.000
500.00 1283.15 98.418645 0.2129208402987652 0.223316 232.893047 -1232149.125867 39.656857 -11770.904479 7374.774602 120.733824 -10.069 0.000 2.366227 2.514974 4.045 1.00009 0.000
500.00 1273.15 98.411478 0.1849696753974445 0.192206 231.343664 -1234009.037994 40.152547 -13180.244816 8016.138386 120.067267 -10.221 0.000 2.358671 2.472894 4.190 1.00012 0.000
500.00 1263.15 98.403118 0.1621626409853737 0.167321 229.900838 -1235698.429028 40.534724 -14305.080059 8558.447834 119.516006 -10.376 0.000 2.352785 2.442664 4.324 1.00014 0.000
500.00 1253.15 98.394069 0.1434855833362440 0.147270 228.541440 -1237257.035652 40.823854 -15196.156905 9018.354676 119.053140 -10.534 0.000 2.348278 2.420906 4.447 1.00015 0.000
500.00 1243.15 98.383980 0.1271463986894138 0.130036 227.231742 -1238722.800628 41.047141 -15927.878595 9423.067354 118.617466 -10.694 0.000 2.343593 2.404814 4.592 1.00016 0.000
500.00 1233.15 98.373890 0.1136962010405521 0.115999 225.977022 -1240107.591242 41.206578 -16497.302570 9769.819486 118.244564 -10.857 0.000 2.339941 2.393554 4.727 1.00016 0.000
500.00 1223.15 98.363927 0.1024717542252178 0.104386 224.763150 -1241432.020201 41.316028 -16939.837313 10071.525912 117.918202 -11.022 0.000 2.337111 2.385858 4.852 1.00015 0.000
500.00 1213.15 98.354013 0.0929475926871551 0.094602 223.578456 -1242709.776520 41.387345 -17285.545768 10339.595606 117.625999 -11.190 0.000 2.334856 2.380771 4.971 1.00015 0.000
500.00 1203.15 98.340396 0.0836896427090029 0.085193 222.385249 -1243924.513037 41.459076 -17631.421362 10616.786534 117.324661 -11.361 0.000 2.330117 2.375886 5.155 1.00014 0.000
500.00 1193.15 98.327140 0.0755711296580611 0.076984 221.210740 -1245111.227292 41.502501 -17908.913190 10871.986124 117.049059 -11.534 0.000 2.325696 2.372813 5.341 1.00013 0.000
500.00 1183.15 98.314278 0.0683982205531528 0.069759 220.050500 -1246276.078315 41.522132 -18129.172229 11109.388893 116.794783 -11.711 0.000 2.321585 2.371218 5.528 1.00012 0.000
500.00 1173.15 98.301816 0.0620112477421748 0.063341 218.900836 -1247423.779536 41.521665 -18301.458200 11332.577948 116.558314 -11.890 0.000 2.317773 2.370844 5.715 1.00011 0.000
500.00 1163.15 98.289197 0.0557593943435781 0.057051 217.746164 -1248563.458638 41.512638 -18459.579050 11558.038617 116.329592 -12.073 0.000 2.314091 2.370936 5.906 1.0001 0.000
500.00 1153.15 98.273625 0.0472642762456654 0.048416 216.530908 -1249713.202668 41.533047 -18721.504005 11847.570222 116.076303 -12.259 0.000 2.309876 2.369018 6.115 1.00009 0.000
500.00 1143.15 98.258080 0.0394920652000986 0.040513 215.327578 -1250837.900102 41.533730 -18936.578398 12124.437299 115.840218 -12.448 0.000 2.306130 2.368259 6.323 1.00009 0.000
500.00 1133.15 98.242625 0.0323225400852019 0.033213 214.133353 -1251942.015248 41.517376 -19111.405225 12391.388161 115.618810 -12.641 0.000 2.302858 2.368481 6.529 1.00008 0.000
500.00 1123.15 98.227308 0.0256511598887819 0.026406 212.945808 -1253029.276765 41.486273 -19251.693339 12650.925207 115.410105 -12.837 0.000 2.300056 2.369541 6.733 1.00007 0.000
500.00 1113.15 98.212163 0.0193845374662003 0.019993 211.762792 -1254102.738611 41.442400 -19362.485434 12905.405078 115.212591 -13.036 0.000 2.297717 2.371319 6.935 1.00007 0.000
500.00 1103.15 98.197198 0.0134367254600373 0.013886 210.582340 -1255164.808275 41.387487 -19448.340441 13157.126140 115.025162 -13.239 0.000 2.295823 2.373712 7.133 1.00006 0.000
500.00 1093.15 98.180715 0.0070669270309824 0.007317 209.387130 -1256206.619654 41.330870 -19541.284298 13424.475316 114.838106 -13.446 0.000 2.294232 2.376080 7.327 1.00006 0.000
500.00 1083.15 98.161835 0.0000000000000000 0.000000 208.153060 -1257240.106725 41.276339 -19652.894049 13715.432798 114.648717 -13.656 0.000 0.000000 2.378162 7.439 1 0.000
500.00 1073.15 98.161812 0.0000000000000000 0.000000 207.059051 -1258419.228696 41.137643 -19461.809456 13837.535855 114.562023 -13.871 0.000 0.000000 2.386180 7.439 1 0.000
500.00 1063.15 98.161788 0.0000000000000000 0.000000 205.955865 -1259597.198112 40.997653 -19270.368224 13966.515326 114.483771 -14.089 0.000 0.000000 2.394327 7.439 1 0.000
500.00 1053.15 98.161763 0.0000000000000000 0.000000 204.843227 -1260774.114652 40.856292 -19078.552060 14102.968803 114.416642 -14.312 0.000 0.000000 2.402611 7.439 1 0.000

Title: Hr

Liquid Composition:
Pressure Temperature mass SiO2 TiO2 Al2O3 Fe2O3 FeO MnO MgO CaO Na2O K2O P2O5 H2O 
500.00 1523.15 98.208887 49.0424 1.34774 15.3345 2.45896 9.57395 0.197844 7.20495 11.069 2.24776 0.345895 0.158845 1.01824
500.00 1513.15 98.209519 49.0421 1.34773 15.3344 2.46537 9.56811 0.197842 7.2049 11.0689 2.24775 0.345893 0.158844 1.01823
500.00 1503.15 98.210189 49.0418 1.34772 15.3343 2.47217 9.56191 0.197841 7.20485 11.0688 2.24773 0.345891 0.158843 1.01822
500.00 1493.15 98.210900 49.0414 1.34771 15.3341 2.47938 9.55534 0.19784 7.2048 11.0687 2.24771 0.345888 0.158842 1.01822
500.00 1483.15 98.211653 49.041 1.3477 15.334 2.487 9.54838 0.197838 7.20475 11.0686 2.2477 0.345886 0.158841 1.01821
500.00 1473.15 98.212447 49.0406 1.34769 15.3339 2.49506 9.54104 0.197836 7.20469 11.0686 2.24768 0.345883 0.158839 1.0182
500.00 1463.15 98.213286 49.0402 1.34768 15.3338 2.50356 9.53329 0.197835 7.20463 11.0685 2.24766 0.34588 0.158838 1.01819
500.00 1453.15 98.214170 49.0398 1.34767 15.3336 2.51252 9.52512 0.197833 7.20456 11.0684 2.24764 0.345877 0.158837 1.01818
500.00 1443.15 98.215101 49.0393 1.34765 15.3335 2.52196 9.51651 0.197831 7.20449 11.0683 2.24762 0.345874 0.158835 1.01817
500.00 1433.15 98.216081 49.0388 1.34764 15.3333 2.53189 9.50746 0.197829 7.20442 11.0681 2.2476 0.34587 0.158833 1.01816
500.00 1423.15 98.217110 49.0383 1.34763 15.3332 2.54233 9.49795 0.197827 7.20435 11.068 2.24757 0.345866 0.158832 1.01815
500.00 1413.15 95.235234 49.023 1.37152 15.6594 2.5554 9.60236 0.20353 6.90388 10.7974 2.313 0.356696 0.163805 1.05003
500.00 1403.15 88.232460 49.1314 1.44852 15.6874 2.62734 9.97452 0.216252 6.468 10.3238 2.42873 0.38381 0.176806 1.13337
500.00 1393.15 81.588436 49.2862 1.52942 15.6065 2.70417 10.3502 0.229064 6.05234 9.87032 2.54145 0.413426 0.191204 1.22566
500.00 1383.15 75.747774 49.4638 1.6025 15.5364 2.77032 10.6731 0.24111 5.65363 9.44037 2.6492 0.4435 0.205947 1.32017
500.00 1373.15 70.541811 49.6714 1.66642 15.4785 2.82532 10.9382 0.2523 5.27032 9.03174 2.75284 0.474254 0.221145 1.4176
500.00 1363.15 65.842657 49.9179 1.71943 15.4346 2.86827 11.1391 0.262506 4.90103 8.64233 2.85326 0.505945 0.236928 1.51877
500.00 1353.15 61.551590 50.2142 1.75926 15.4063 2.89788 11.2677 0.271544 4.5446 8.27021 2.95137 0.538874 0.253446 1.62465
500.00 1343.15 51.007019 54.1097 1.21846 16.2471 2.17843 7.90629 0.329283 3.96206 7.76993 3.36519 0.647233 0.30584 1.96051
500.00 1333.15 46.470001 55.049 1.11345 16.3841 2.02861 7.22266 0.366678 3.65619 7.44434 3.54061 0.70679 0.3357 2.15193
500.00 1323.15 40.115277 55.8587 1.01573 16.4064 1.9016 6.60104 0.46763 3.34082 7.10449 3.79077 0.809367 0.388879 2.31457
500.00 1313.15 33.486950 57.1244 0.969838 16.0785 1.7768 6.00605 0.580226 2.96412 6.79433 3.93491 0.948704 0.465853 2.35625
500.00 1303.15 28.453078 58.3231 0.942753 15.729 1.65446 5.46714 0.682879 2.64516 6.56892 3.96474 1.08921 0.548271 2.38437
500.00 1293.15 24.328510 59.3839 0.925759 15.3969 1.53589 4.97438 0.798651 2.37853 6.40363 3.91878 1.23818 0.641223 2.40419
500.00 1283.15 20.955381 60.3135 0.916839 15.0899 1.42188 4.52405 0.927208 2.15322 6.28821 3.81011 1.39305 0.744439 2.41751
500.00 1273.15 18.203139 61.1193 0.91394 14.8113 1.31349 4.11351 1.0674 1.96083 6.21232 3.65411 1.55078 0.856995 2.42606
500.00 1263.15 15.957310 61.81 0.915153 14.5606 1.21162 3.7403 1.21762 1.79485 6.16649 3.46604 1.70841 0.977608 2.43135
500.00 1253.15 14.118130 62.3954 0.91886 14.3355 1.11685 3.40184 1.37624 1.65021 6.14287 3.25914 1.8635 1.10496 2.43464
500.00 1243.15 12.509169 63.1096 0.924458 14.1792 1.02549 3.1006 1.55326 1.51391 5.9771 3.05098 2.02499 1.10195 2.43841
500.00 1233.15 11.184738 63.7303 0.930211 14.041 0.942208 2.8284 1.73719 1.3941 5.82686 2.84095 2.18047 1.10648 2.44179
500.00 1223.15 10.079524 64.2739 0.935463 13.9192 0.866398 2.58248 1.92767 1.28768 5.68406 2.63472 2.32949 1.11347 2.4454
500.00 1213.15 9.141769 64.761 0.939818 13.8094 0.797149 2.35897 2.11664 1.19185 5.54597 2.4355 2.47261 1.12205 2.44909
500.00 1203.15 8.230073 65.5001 0.943628 13.6789 0.72565 2.12981 2.11902 1.08933 5.3793 2.24155 2.63741 1.11484 2.44051
500.00 1193.15 7.430693 66.2009 0.945282 13.5596 0.660311 1.92123 2.10531 0.996377 5.21182 2.05875 2.80194 1.10747 2.43101
500.00 1183.15 6.724522 66.8636 0.944723 13.4502 0.600751 1.73178 2.07843 0.911978 5.04437 1.88736 2.96576 1.1002 2.42081
500.00 1173.15 6.095818 67.4888 0.94196 13.3495 0.546557 1.55998 2.04088 0.835244 4.87783 1.72727 3.12853 1.09331 2.4101
500.00 1163.15 5.480546 68.0825 0.928841 13.262 0.497841 1.40557 1.98698 0.763241 4.7078 1.57721 3.30404 1.08585 2.39819
500.00 1153.15 4.644832 68.6549 0.870488 13.2186 0.45576 1.26989 1.88359 0.686579 4.51054 1.4307 3.56532 1.07299 2.38068
500.00 1143.15 3.880414 69.1643 0.816188 13.193 0.416445 1.14384 1.7781 0.617729 4.31766 1.29215 3.83681 1.06209 2.36179
500.00 1133.15 3.175451 69.6106 0.765638 13.184 0.37987 1.02734 1.67235 0.555924 4.1301 1.16179 4.11733 1.05328 2.34175
500.00 1123.15 2.519644 69.995 0.718542 13.1906 0.345985 0.920225 1.56784 0.500474 3.94889 1.03982 4.4052 1.04669 2.32078
500.00 1113.15 1.903797 70.3195 0.674608 13.211 0.314724 0.822268 1.46582 0.450759 3.77507 0.926396 4.6983 1.04246 2.29915
500.00 1103.15 1.319449 70.5872 0.633558 13.2433 0.286006 0.733154 1.36731 0.406214 3.60972 0.821624 4.99406 1.04072 2.27712
500.00 1093.15 0.693836 70.8463 0.593881 13.2563 0.26094 0.656062 1.27794 0.366587 3.46235 0.728667 5.25191 1.04146 2.25765
500.00 1083.15 0.000000 ---
500.00 1073.15 0.000000 ---
500.00 1063.15 0.000000 ---
500.00 1053.15 0.000000 ---
Title: Hr

liquid_0 thermodynamic data and composition:
Pressure Temperature mass S H V Cp viscosity SiO2 TiO2 Al2O3 Fe2O3 FeO MnO MgO CaO Na2O K2O P2O5 H2O Mg#
500.00 1523.15 98.208887 275.125247 -1170139.517216 37.759489 147.753469 1.835 49.0424 1.34774 15.3345 2.45896 9.57395 0.197844 7.20495 11.069 2.24776 0.345895 0.158845 1.01824 57.3
500.00 1513.15 98.209519 274.153241 -1171626.231944 37.722944 147.753291 1.875 49.0421 1.34773 15.3344 2.46537 9.56811 0.197842 7.2049 11.0689 2.24775 0.345893 0.158844 1.01823 57.3
500.00 1503.15 98.210189 273.174835 -1173113.544665 37.686459 147.753308 1.915 49.0418 1.34772 15.3343 2.47217 9.56191 0.197841 7.20485 11.0688 2.24773 0.345891 0.158843 1.01822 57.3
500.00 1493.15 98.210900 272.189940 -1174601.478693 37.650036 147.753524 1.955 49.0414 1.34771 15.3341 2.47938 9.55534 0.19784 7.2048 11.0687 2.24771 0.345888 0.158842 1.01822 57.3
500.00 1483.15 98.211653 271.198467 -1176090.058323 37.613675 147.753948 1.997 49.041 1.3477 15.334 2.487 9.54838 0.197838 7.20475 11.0686 2.2477 0.345886 0.158841 1.01821 57.4
500.00 1473.15 98.212447 270.215649 -1177556.679826 37.577379 144.448423 2.038 49.0406 1.34769 15.3339 2.49506 9.54104 0.197836 7.20469 11.0686 2.24768 0.345883 0.158839 1.0182 57.4
500.00 1463.15 98.213286 269.233293 -1179013.518922 37.541149 144.440743 2.080 49.0402 1.34768 15.3338 2.50356 9.53329 0.197835 7.20463 11.0685 2.24766 0.34588 0.158838 1.01819 57.4
500.00 1453.15 98.214170 268.244294 -1180470.990100 37.504987 144.432735 2.123 49.0398 1.34767 15.3336 2.51252 9.52512 0.197833 7.20456 11.0684 2.24764 0.345877 0.158837 1.01818 57.4
500.00 1443.15 98.215101 267.248562 -1181929.116019 37.468894 144.424395 2.167 49.0393 1.34765 15.3335 2.52196 9.51651 0.197831 7.20449 11.0683 2.24762 0.345874 0.158835 1.01817 57.4
500.00 1433.15 98.216081 266.246004 -1183387.920476 37.432872 144.415721 2.211 49.0388 1.34764 15.3333 2.53189 9.50746 0.197829 7.20442 11.0681 2.2476 0.34587 0.158833 1.01816 57.5
500.00 1423.15 98.217110 265.236525 -1184847.428467 37.396922 144.406710 2.255 49.0383 1.34763 15.3332 2.54233 9.49795 0.197827 7.20435 11.068 2.24757 0.345866 0.158832 1.01815 57.5
500.00 1413.15 95.235234 256.506611 -1149397.868582 36.293540 139.737347 2.318 49.023 1.37152 15.6594 2.5554 9.60236 0.20353 6.90388 10.7974 2.313 0.356696 0.163805 1.05003 56.2
500.00 1403.15 88.232460 237.371162 -1061756.629925 33.700385 128.938672 2.373 49.1314 1.44852 15.6874 2.62734 9.97452 0.216252 6.468 10.3238 2.42873 0.38381 0.176806 1.13337 53.6
500.00 1393.15 81.588436 219.282642 -978683.433538 31.240182 118.745311 2.424 49.2862 1.52942 15.6065 2.70417 10.3502 0.229064 6.05234 9.87032 2.54145 0.413426 0.191204 1.22566 51.0
500.00 1383.15 75.747774 203.393766 -906249.909161 29.083731 109.823017 2.478 49.4638 1.6025 15.5364 2.77032 10.6731 0.24111 5.65363 9.44037 2.6492 0.4435 0.205947 1.32017 48.6
500.00 1373.15 70.541811 189.249787 -842292.363788 27.168874 101.907584 2.535 49.6714 1.66642 15.4785 2.82532 10.9382 0.2523 5.27032 9.03174 2.75284 0.474254 0.221145 1.4176 46.2
500.00 1363.15 65.842657 176.506348 -785180.573899 25.448719 94.798974 2.596 49.9179 1.71943 15.4346 2.86827 11.1391 0.262506 4.90103 8.64233 2.85326 0.505945 0.236928 1.51877 44.0
500.00 1353.15 61.551590 164.898025 -733665.110926 23.887278 88.343058 2.662 50.2142 1.75926 15.4063 2.89788 11.2677 0.271544 4.5446 8.27021 2.95137 0.538874 0.253446 1.62465 41.8
500.00 1343.15 51.007019 138.011853 -631772.665054 20.603375 73.210547 3.133 54.1097 1.21846 16.2471 2.17843 7.90629 0.329283 3.96206 7.76993 3.36519 0.647233 0.30584 1.96051 47.2
500.00 1333.15 46.470001 126.065029 -580240.127957 18.999037 66.629079 3.255 55.049 1.11345 16.3841 2.02861 7.22266 0.366678 3.65619 7.44434 3.54061 0.70679 0.3357 2.15193 47.4
500.00 1323.15 40.115277 109.051347 -504045.733247 16.572854 57.433984 3.357 55.8587 1.01573 16.4064 1.9016 6.60104 0.46763 3.34082 7.10449 3.79077 0.809367 0.388879 2.31457 47.4
500.00 1313.15 33.486950 90.821289 -423197.950857 13.938174 47.728420 3.540 57.1244 0.969838 16.0785 1.7768 6.00605 0.580226 2.96412 6.79433 3.93491 0.948704 0.465853 2.35625 46.8
500.00 1303.15 28.453078 76.907324 -361547.132109 11.916266 40.379279 3.721 58.3231 0.942753 15.729 1.65446 5.46714 0.682879 2.64516 6.56892 3.96474 1.08921 0.548271 2.38437 46.3
500.00 1293.15 24.328510 65.492474 -310675.260270 10.240164 34.391231 3.889 59.3839 0.925759 15.3969 1.53589 4.97438 0.798651 2.37853 6.40363 3.91878 1.23818 0.641223 2.40419 46.0
500.00 1283.15 20.955381 56.152268 -268809.522758 8.856030 29.518107 4.045 60.3135 0.916839 15.0899 1.42188 4.52405 0.927208 2.15322 6.28821 3.81011 1.39305 0.744439 2.41751 45.9
500.00 1273.15 18.203139 48.531451 -234457.885015 7.717541 25.559070 4.190 61.1193 0.91394 14.8113 1.31349 4.11351 1.0674 1.96083 6.21232 3.65411 1.55078 0.856995 2.42606 45.9
500.00 1263.15 15.957310 42.315585 -206284.823773 6.782307 22.340770 4.324 61.81 0.915153 14.5606 1.21162 3.7403 1.21762 1.79485 6.16649 3.46604 1.70841 0.977608 2.43135 46.1
500.00 1253.15 14.118130 37.229085 -183106.054450 6.012120 19.714167 4.447 62.3954 0.91886 14.3355 1.11685 3.40184 1.37624 1.65021 6.14287 3.25914 1.8635 1.10496 2.43464 46.4
500.00 1243.15 12.509169 32.808670 -162748.041549 5.337602 17.404457 4.592 63.1096 0.924458 14.1792 1.02549 3.1006 1.55326 1.51391 5.9771 3.05098 2.02499 1.10195 2.43841 46.5
500.00 1233.15 11.184738 29.174424 -145920.777024 4.779923 15.509809 4.727 63.7303 0.930211 14.041 0.942208 2.8284 1.73719 1.3941 5.82686 2.84095 2.18047 1.10648 2.44179 46.8
500.00 1223.15 10.079524 26.146777 -131823.716989 4.312813 13.933479 4.852 64.2739 0.935463 13.9192 0.866398 2.58248 1.92767 1.28768 5.68406 2.63472 2.32949 1.11347 2.4454 47.1
500.00 1213.15 9.141769 23.582992 -119824.068465 3.915346 12.599697 4.971 64.761 0.939818 13.8094 0.797149 2.35897 2.11664 1.19185 5.54597 2.4355 2.47261 1.12205 2.44909 47.4
500.00 1203.15 8.230073 21.103223 -108257.571663 3.532043 11.304129 5.155 65.5001 0.943628 13.6789 0.72565 2.12981 2.11902 1.08933 5.3793 2.24155 2.63741 1.11484 2.44051 47.7
500.00 1193.15 7.430693 18.938116 -98076.135375 3.195040 10.172293 5.341 66.2009 0.945282 13.5596 0.660311 1.92123 2.10531 0.996377 5.21182 2.05875 2.80194 1.10747 2.43101 48.0
500.00 1183.15 6.724522 17.034167 -89045.344959 2.896522 9.176087 5.528 66.8636 0.944723 13.4502 0.600751 1.73178 2.07843 0.911978 5.04437 1.88736 2.96576 1.1002 2.42081 48.4
500.00 1173.15 6.095818 15.347427 -80971.747863 2.630032 8.292459 5.715 67.4888 0.94196 13.3495 0.546557 1.55998 2.04088 0.835244 4.87783 1.72727 3.12853 1.09331 2.4101 48.8
500.00 1163.15 5.480546 13.713594 -73016.267909 2.368336 7.432880 5.906 68.0825 0.928841 13.262 0.497841 1.40557 1.98698 0.763241 4.7078 1.57721 3.30404 1.08585 2.39819 49.2
500.00 1153.15 4.644832 11.548584 -62062.006927 2.010858 6.279583 6.115 68.6549 0.870488 13.2186 0.45576 1.26989 1.88359 0.686579 4.51054 1.4307 3.56532 1.07299 2.38068 49.1
500.00 1143.15 3.880414 9.586185 -51989.691103 1.682652 5.230413 6.323 69.1643 0.816188 13.193 0.416445 1.14384 1.7781 0.617729 4.31766 1.29215 3.83681 1.06209 2.36179 49.0
500.00 1133.15 3.175451 7.794030 -42652.847009 1.378918 4.268054 6.529 69.6106 0.765638 13.184 0.37987 1.02734 1.67235 0.555924 4.1301 1.16179 4.11733 1.05328 2.34175 49.1
500.00 1123.15 2.519644 6.144225 -33923.805239 1.095471 3.377532 6.733 69.995 0.718542 13.1906 0.345985 0.920225 1.56784 0.500474 3.94889 1.03982 4.4052 1.04669 2.32078 49.2
500.00 1113.15 1.903797 4.612164 -25687.926792 0.828561 2.545573 6.935 70.3195 0.674608 13.211 0.314724 0.822268 1.46582 0.450759 3.77507 0.926396 4.6983 1.04246 2.29915 49.4
500.00 1103.15 1.319449 3.175558 -17838.857172 0.574717 1.760070 7.133 70.5872 0.633558 13.2433 0.286006 0.733154 1.36731 0.406214 3.60972 0.821624 4.99406 1.04072 2.27712 49.7
500.00 1093.15 0.693836 1.659008 -9398.348230 0.302426 0.923450 7.327 70.8463 0.593881 13.2563 0.26094 0.656062 1.27794 0.366587 3.46235 0.728667 5.25191 1.04146 2.25765 49.9

spinel_0 thermodynamic data and composition:
Pressure Temperature mass S H V Cp formula SiO2 TiO2 Al2O3 Fe2O3 FeO MnO MgO CaO Na2O K2O P2O5 H2O
500.00 1343.15 4.858477 10.174067 -28464.485182 1.055640 4.604334 Fe''0.94Mg0.33Fe'''1.18Al0.28Cr0.00Ti0.27O4 0 10.2977 6.79514 44.531 32.03 0 6.34619 0 0 0 0 0
500.00 1333.15 5.740994 11.967850 -33430.219288 1.244374 5.426154 Fe''0.95Mg0.32Fe'''1.18Al0.27Cr0.00Ti0.27O4 0 10.3332 6.55057 44.6501 32.3049 0 6.16117 0 0 0 0 0
500.00 1323.15 6.672997 13.844051 -38562.958960 1.442422 6.288549 Fe''0.96Mg0.31Fe'''1.19Al0.26Cr0.00Ti0.27O4 0 10.3319 6.27118 44.8679 32.5774 0 5.95152 0 0 0 0 0
500.00 1313.15 7.272862 15.000774 -41418.611108 1.564727 6.820399 Fe''0.99Mg0.29Fe'''1.20Al0.24Cr0.00Ti0.28O4 0 10.5711 5.7049 44.8534 33.3241 0 5.54649 0 0 0 0 0
500.00 1303.15 7.606513 15.601248 -42773.037882 1.629598 7.101845 Fe''1.02Mg0.28Fe'''1.20Al0.22Cr0.00Ti0.29O4 0 10.8342 5.2072 44.73 34.0541 0 5.17447 0 0 0 0 0
500.00 1293.15 7.809273 15.932023 -43460.090751 1.666942 7.263276 Fe''1.04Mg0.26Fe'''1.20Al0.20Cr0.00Ti0.30O4 0 11.0857 4.79188 44.5587 34.7118 0 4.85189 0 0 0 0 0
500.00 1283.15 7.915935 16.067461 -43681.583676 1.684357 7.337753 Fe''1.06Mg0.24Fe'''1.20Al0.19Cr0.00Ti0.31O4 0 11.33 4.44105 44.3475 35.3117 0 4.56976 0 0 0 0 0
500.00 1273.15 7.952782 16.063058 -43582.287912 1.687503 7.349918 Fe''1.08Mg0.23Fe'''1.20Al0.18Cr0.00Ti0.31O4 0 11.5683 4.14174 44.1054 35.8632 0 4.3214 0 0 0 0 0
500.00 1263.15 7.939965 15.960810 -43267.638768 1.680664 7.318427 Fe''1.10Mg0.22Fe'''1.19Al0.17Cr0.00Ti0.32O4 0 11.8004 3.88396 43.8416 36.3726 0 4.10139 0 0 0 0 0
500.00 1253.15 7.892626 15.791870 -42812.986496 1.667011 7.257126 Fe''1.12Mg0.21Fe'''1.19Al0.16Cr0.00Ti0.33O4 0 12.0257 3.65972 43.5646 36.8449 0 3.90515 0 0 0 0 0
500.00 1243.15 7.814594 15.564255 -42230.492352 1.647273 7.169092 Fe''1.13Mg0.20Fe'''1.18Al0.15Cr0.00Ti0.33O4 0 12.2632 3.45559 43.2488 37.3078 0 3.72464 0 0 0 0 0
500.00 1233.15 7.720861 15.308255 -41597.577568 1.624626 7.068310 Fe''1.15Mg0.19Fe'''1.18Al0.14Cr0.00Ti0.34O4 0 12.4895 3.27575 42.9357 37.7369 0 3.56214 0 0 0 0 0
500.00 1223.15 7.616955 15.034801 -40937.080017 1.600174 6.959620 Fe''1.16Mg0.19Fe'''1.17Al0.13Cr0.00Ti0.35O4 0 12.705 3.1154 42.6286 38.1366 0 3.41444 0 0 0 0 0
500.00 1213.15 7.504174 14.746425 -40250.890950 1.574141 6.843999 Fe''1.18Mg0.18Fe'''1.16Al0.13Cr0.00Ti0.35O4 0 12.9135 2.97006 42.3237 38.5142 0 3.2786 0 0 0 0 0
500.00 1203.15 7.328998 14.339210 -39262.691195 1.535316 6.671921 Fe''1.19Mg0.17Fe'''1.15Al0.12Cr0.00Ti0.36O4 0 13.2121 2.81639 41.8553 38.9722 0 3.14399 0 0 0 0 0
500.00 1193.15 7.151014 13.930032 -38278.263640 1.496190 6.498503 Fe''1.21Mg0.16Fe'''1.14Al0.12Cr0.00Ti0.37O4 0 13.5042 2.67626 41.3896 39.4097 0 3.02025 0 0 0 0 0
500.00 1183.15 6.971392 13.521009 -37299.334674 1.456966 6.324663 Fe''1.22Mg0.16Fe'''1.13Al0.11Cr0.00Ti0.38O4 0 13.7882 2.54775 40.9307 39.8278 0 2.90563 0 0 0 0 0
500.00 1173.15 6.790588 13.112883 -36324.646345 1.417700 6.150699 Fe''1.24Mg0.15Fe'''1.12Al0.11Cr0.00Ti0.39O4 0 14.0628 2.42929 40.4823 40.227 0 2.79869 0 0 0 0 0
500.00 1163.15 6.554409 12.599046 -35021.596659 1.366736 5.927272 Fe''1.25Mg0.15Fe'''1.11Al0.10Cr0.00Ti0.39O4 0 14.2297 2.32584 40.2201 40.5396 0 2.68474 0 0 0 0 0
500.00 1153.15 6.024818 11.516274 -31962.265584 1.253248 5.439008 Fe''1.25Mg0.14Fe'''1.13Al0.10Cr0.00Ti0.38O4 0 13.8465 2.26465 40.9363 40.4444 0 2.50809 0 0 0 0 0
500.00 1143.15 5.522319 10.497011 -29104.199269 1.146111 4.977504 Fe''1.24Mg0.13Fe'''1.16Al0.10Cr0.00Ti0.37O4 0 13.4763 2.20848 41.6312 40.3345 0 2.34942 0 0 0 0 0
500.00 1133.15 5.045928 9.538246 -26432.213494 1.045008 4.541464 Fe''1.24Mg0.12Fe'''1.18Al0.09Cr0.00Ti0.36O4 0 13.1175 2.1567 42.3074 40.2121 0 2.20626 0 0 0 0 0
500.00 1123.15 4.594588 8.636941 -23932.493659 0.949622 4.129600 Fe''1.24Mg0.11Fe'''1.20Al0.09Cr0.00Ti0.36O4 0 12.7687 2.10874 42.9669 40.0791 0 2.07649 0 0 0 0 0
500.00 1113.15 4.167003 7.789721 -21591.429918 0.859606 3.740474 Fe''1.24Mg0.11Fe'''1.22Al0.09Cr0.00Ti0.35O4 0 12.4289 2.06413 43.6114 39.9372 0 1.95832 0 0 0 0 0
500.00 1103.15 3.761504 6.992613 -19394.659748 0.774549 3.372365 Fe''1.24Mg0.10Fe'''1.24Al0.09Cr0.00Ti0.34O4 0 12.0971 2.02243 44.2424 39.7878 0 1.85018 0 0 0 0 0
500.00 1093.15 3.334106 6.163313 -17108.654743 0.685319 2.985612 Fe''1.23Mg0.10Fe'''1.26Al0.09Cr0.00Ti0.33O4 0 11.7716 1.98062 44.8636 39.6383 0 1.74584 0 0 0 0 0
500.00 1083.15 2.863548 5.263408 -14624.471395 0.587558 2.561202 Fe''1.23Mg0.09Fe'''1.27Al0.09Cr0.00Ti0.32O4 0 11.452 1.93761 45.4757 39.4914 0 1.6433 0 0 0 0 0
500.00 1073.15 2.862051 5.232384 -14575.801763 0.586511 2.557610 Fe''1.22Mg0.09Fe'''1.29Al0.08Cr0.00Ti0.31O4 0 11.1469 1.92303 46.0554 39.2801 0 1.59463 0 0 0 0 0
500.00 1063.15 2.860819 5.201679 -14529.255881 0.585525 2.554248 Fe''1.22Mg0.09Fe'''1.31Al0.08Cr0.00Ti0.30O4 0 10.845 1.9082 46.6298 39.07 0 1.54701 0 0 0 0 0
500.00 1053.15 2.859831 5.171247 -14484.742728 0.584596 2.551090 Fe''1.21Mg0.08Fe'''1.33Al0.08Cr0.00Ti0.30O4 0 10.5465 1.89312 47.1986 38.8614 0 1.50045 0 0 0 0 0

olivine_0 thermodynamic data and composition:
Pressure Temperature mass S H V Cp formula SiO2 TiO2 Al2O3 Fe2O3 FeO MnO MgO CaO Na2O K2O P2O5 H2O
500.00 1413.15 0.130949 0.310381 -1587.743961 0.039595 0.160785 (Ca0.01Mg0.81Fe''0.19Mn0.00Co0.00Ni0.00)2SiO4 39.3251 0 0 0 17.4061 0.356878 42.4828 0.429104 0 0 0 0
500.00 1403.15 0.895410 2.111141 -10760.085954 0.269409 1.093609 (Ca0.01Mg0.80Fe''0.20Mn0.00Co0.00Ni0.00)2SiO4 39.1245 0 0 0 18.4541 0.390352 41.619 0.411973 0 0 0 0
500.00 1393.15 1.737839 4.075025 -20681.257568 0.520134 2.110576 (Ca0.01Mg0.79Fe''0.21Mn0.00Co0.00Ni0.00)2SiO4 38.9099 0 0 0 19.5737 0.426395 40.6937 0.3963 0 0 0 0
500.00 1383.15 2.519193 5.874247 -29675.793130 0.749907 3.041751 (Ca0.01Mg0.77Fe''0.22Mn0.01Co0.00Ni0.00)2SiO4 38.6881 0 0 0 20.7301 0.463034 39.7371 0.381711 0 0 0 0
500.00 1373.15 3.263658 7.566693 -38036.479377 0.966070 3.916970 (Ca0.01Mg0.76Fe''0.24Mn0.01Co0.00Ni0.00)2SiO4 38.4585 0 0 0 21.9265 0.500136 38.7468 0.368112 0 0 0 0
500.00 1363.15 3.992563 9.202399 -46011.670164 1.174969 4.761995 (Ca0.00Mg0.74Fe''0.25Mn0.01Co0.00Ni0.00)2SiO4 38.2209 0 0 0 23.1652 0.537484 37.721 0.355415 0 0 0 0
500.00 1353.15 4.725551 10.826391 -53820.193919 1.382319 5.599987 (Ca0.00Mg0.72Fe''0.27Mn0.01Co0.00Ni0.00)2SiO4 37.9751 0 0 0 24.4472 0.574752 36.6594 0.343534 0 0 0 0
500.00 1343.15 3.563955 8.152143 -41120.482431 1.047281 4.239641 (Ca0.00Mg0.74Fe''0.25Mn0.01Co0.00Ni0.00)2SiO4 38.2007 0 0 0 23.1015 0.739134 37.6451 0.313493 0 0 0 0
500.00 1333.15 2.816424 6.414595 -32429.797037 0.826100 3.342179 (Ca0.00Mg0.73Fe''0.26Mn0.01Co0.00Ni0.00)2SiO4 38.1397 0 0 0 23.328 0.848753 37.3837 0.299903 0 0 0 0
500.00 1323.15 0.591310 1.340767 -6782.239332 0.172986 0.699286 (Ca0.00Mg0.73Fe''0.26Mn0.01Co0.00Ni0.00)2SiO4 38.0377 0 0 0 23.5962 1.13456 36.9404 0.291082 0 0 0 0
500.00 1213.15 0.007765 0.016397 -76.109719 0.002107 0.008392 (Ca0.00Mg0.49Fe''0.38Mn0.13Co0.00Ni0.00)2SiO4 34.7829 0 0 0 31.9366 10.321 22.6933 0.266294 0 0 0 0
500.00 1203.15 0.181497 0.380758 -1758.271506 0.048985 0.194842 (Ca0.00Mg0.47Fe''0.39Mn0.13Co0.00Ni0.00)2SiO4 34.5558 0 0 0 32.5164 10.9663 21.7005 0.260949 0 0 0 0
500.00 1193.15 0.327367 0.682326 -3137.010930 0.087898 0.349198 (Ca0.00Mg0.45Fe''0.40Mn0.14Co0.00Ni0.00)2SiO4 34.3455 0 0 0 33.0525 11.5652 20.7817 0.255009 0 0 0 0
500.00 1183.15 0.449869 0.931648 -4267.317379 0.120204 0.476976 (Ca0.00Mg0.44Fe''0.41Mn0.15Co0.00Ni0.00)2SiO4 34.1503 0 0 0 33.5496 12.1225 19.929 0.248576 0 0 0 0
500.00 1173.15 0.552847 1.137648 -5194.599514 0.147046 0.582802 (Ca0.00Mg0.42Fe''0.42Mn0.16Co0.00Ni0.00)2SiO4 33.9685 0 0 0 34.0126 12.6422 19.135 0.241745 0 0 0 0
500.00 1163.15 0.643902 1.316575 -5993.927005 0.170498 0.674990 (Ca0.00Mg0.41Fe''0.43Mn0.16Co0.00Ni0.00)2SiO4 33.7923 0 0 0 34.5043 13.1023 18.3663 0.234831 0 0 0 0
500.00 1153.15 0.741773 1.506421 -6828.700984 0.195408 0.772866 (Ca0.00Mg0.39Fe''0.44Mn0.17Co0.00Ni0.00)2SiO4 33.5956 0 0 0 35.2881 13.376 17.5115 0.228841 0 0 0 0
500.00 1143.15 0.821728 1.657669 -7487.650262 0.215439 0.851296 (Ca0.00Mg0.38Fe''0.45Mn0.17Co0.00Ni0.00)2SiO4 33.4152 0 0 0 36.0243 13.6099 16.7282 0.222418 0 0 0 0
500.00 1133.15 0.887096 1.777768 -8007.284820 0.231545 0.914094 (Ca0.00Mg0.36Fe''0.46Mn0.18Co0.00Ni0.00)2SiO4 33.2495 0 0 0 36.7159 13.8095 16.0094 0.215656 0 0 0 0
500.00 1123.15 0.940551 1.872651 -8416.107610 0.244481 0.964279 (Ca0.00Mg0.35Fe''0.47Mn0.18Co0.00Ni0.00)2SiO4 33.0971 0 0 0 37.366 13.9798 15.3485 0.208636 0 0 0 0
500.00 1113.15 0.984262 1.947084 -8736.553825 0.254851 1.004265 (Ca0.00Mg0.34Fe''0.48Mn0.18Co0.00Ni0.00)2SiO4 32.9564 0 0 0 37.978 14.1253 14.7389 0.201435 0 0 0 0
500.00 1103.15 1.020005 2.004931 -8986.429454 0.263144 1.035999 (Ca0.00Mg0.33Fe''0.49Mn0.18Co0.00Ni0.00)2SiO4 32.8259 0 0 0 38.5554 14.2503 14.1742 0.194119 0 0 0 0
500.00 1093.15 1.051625 2.053711 -9194.503873 0.270301 1.063192 (Ca0.00Mg0.31Fe''0.50Mn0.19Co0.00Ni0.00)2SiO4 32.6941 0 0 0 39.1455 14.37 13.6035 0.186946 0 0 0 0
500.00 1083.15 1.080888 2.096890 -9374.533170 0.276759 1.087576 (Ca0.00Mg0.30Fe''0.51Mn0.19Co0.00Ni0.00)2SiO4 32.5572 0 0 0 39.7652 14.4867 13.0109 0.179954 0 0 0 0
500.00 1073.15 1.082305 2.088689 -9379.655841 0.276809 1.086797 (Ca0.00Mg0.30Fe''0.51Mn0.19Co0.00Ni0.00)2SiO4 32.5299 0 0 0 39.9123 14.4912 12.8955 0.171129 0 0 0 0
500.00 1063.15 1.083234 2.079436 -9380.064303 0.276729 1.085479 (Ca0.00Mg0.30Fe''0.52Mn0.19Co0.00Ni0.00)2SiO4 32.5016 0 0 0 40.0576 14.5022 12.7759 0.162604 0 0 0 0
500.00 1053.15 1.083664 2.069120 -9375.657960 0.276518 1.083613 (Ca0.00Mg0.29Fe''0.52Mn0.19Co0.00Ni0.00)2SiO4 32.4725 0 0 0 40.201 14.5199 12.6523 0.154373 0 0 0 0

rhm-oxide_0 thermodynamic data and composition:
Pressure Temperature mass S H V Cp formula SiO2 TiO2 Al2O3 Fe2O3 FeO MnO MgO CaO Na2O K2O P2O5 H2O
500.00 1163.15 0.040169 0.075465 -299.156011 0.008683 0.036660 Mn0.05Fe''0.73Mg0.10Fe'''0.23Ti0.89O3 0 47.4715 0 12.0494 35.1194 2.58062 2.77912 0 0 0 0 0
500.00 1153.15 0.294327 0.550263 -2188.692444 0.063534 0.268277 Mn0.05Fe''0.74Mg0.10Fe'''0.22Ti0.89O3 0 47.4481 0 11.9695 35.3831 2.57902 2.62033 0 0 0 0 0
500.00 1143.15 0.523889 0.974682 -3891.422213 0.112953 0.476926 Mn0.05Fe''0.74Mg0.09Fe'''0.22Ti0.89O3 0 47.4384 0 11.8774 35.6346 2.57033 2.4793 0 0 0 0 0
500.00 1133.15 0.731325 1.353965 -5427.910354 0.157505 0.664939 Mn0.05Fe''0.75Mg0.09Fe'''0.22Ti0.89O3 0 47.4404 0 11.7748 35.8757 2.5559 2.35325 0 0 0 0 0
500.00 1123.15 0.918812 1.692715 -6815.852304 0.197687 0.834368 Mn0.05Fe''0.75Mg0.08Fe'''0.22Ti0.89O3 0 47.4525 0 11.6629 36.1079 2.53689 2.23988 0 0 0 0 0
500.00 1113.15 1.088332 1.995096 -8071.002930 0.233945 0.987074 Mn0.05Fe''0.76Mg0.08Fe'''0.22Ti0.89O3 0 47.4733 0 11.5427 36.3325 2.51426 2.13726 0 0 0 0 0
500.00 1103.15 1.241750 2.264979 -9207.854747 0.266697 1.124803 Mn0.05Fe''0.76Mg0.08Fe'''0.21Ti0.89O3 0 47.5017 0 11.4153 36.5505 2.48881 2.04371 0 0 0 0 0
500.00 1093.15 1.393631 2.529166 -10333.527008 0.299067 1.260764 Mn0.05Fe''0.77Mg0.07Fe'''0.21Ti0.89O3 0 47.533 0 11.2832 36.77 2.46223 1.95152 0 0 0 0 0
500.00 1083.15 1.549097 2.796886 -11485.572132 0.332150 1.399574 Mn0.05Fe''0.77Mg0.07Fe'''0.21Ti0.90O3 0 47.5661 0 11.1472 36.9938 2.43463 1.8583 0 0 0 0 0
500.00 1073.15 1.561958 2.806118 -11595.921647 0.334785 1.409519 Mn0.05Fe''0.78Mg0.07Fe'''0.21Ti0.90O3 0 47.6372 0 10.9909 37.1417 2.39833 1.83183 0 0 0 0 0
500.00 1063.15 1.574387 2.814231 -11703.288867 0.337324 1.419019 Mn0.05Fe''0.78Mg0.07Fe'''0.20Ti0.90O3 0 47.7092 0 10.8326 37.2901 2.36327 1.80482 0 0 0 0 0
500.00 1053.15 1.586366 2.821199 -11807.527718 0.339764 1.428060 Mn0.05Fe''0.78Mg0.07Fe'''0.20Ti0.90O3 0 47.7819 0 10.6726 37.4389 2.3294 1.77728 0 0 0 0 0

feldspar_1 thermodynamic data and composition:
Pressure Temperature mass S H V Cp formula SiO2 TiO2 Al2O3 Fe2O3 FeO MnO MgO CaO Na2O K2O P2O5 H2O
500.00 1093.15 0.053161 0.112327 -720.282996 0.021143 0.062432 K0.78Na0.20Ca0.02Al1.02Si2.98O8 65.0141 0 18.949 0 0 0 0 0.46296 2.22255 13.3514 0 0
500.00 1083.15 0.415832 0.873836 -5637.734690 0.165357 0.487992 K0.78Na0.19Ca0.02Al1.02Si2.98O8 65.0239 0 18.924 0 0 0 0 0.440063 2.17902 13.433 0 0
500.00 1073.15 0.501589 1.048248 -6804.856580 0.199422 0.588223 K0.79Na0.19Ca0.02Al1.02Si2.98O8 65.0344 0 18.9005 0 0 0 0 0.418248 2.14084 13.506 0 0
500.00 1063.15 0.583755 1.213156 -7924.756578 0.232045 0.684135 K0.79Na0.19Ca0.02Al1.02Si2.98O8 65.044 0 18.8778 0 0 0 0 0.397217 2.10249 13.5785 0 0
500.00 1053.15 0.662466 1.368942 -8999.190167 0.263281 0.775921 K0.80Na0.18Ca0.02Al1.02Si2.98O8 65.0527 0 18.8557 0 0 0 0 0.376954 2.06398 13.6507 0 0

apatite thermodynamic data and composition:
Pressure Temperature mass S H V Cp formula
500.00 1243.15 0.042833 0.094199 -528.699820 0.013987 0.049051 Ca5(PO4)3OH
500.00 1233.15 0.076068 0.166586 -939.796034 0.024839 0.086999 Ca5(PO4)3OH
500.00 1223.15 0.103259 0.225171 -1276.900871 0.033717 0.117943 Ca5(PO4)3OH
500.00 1213.15 0.126042 0.273671 -1560.076864 0.041157 0.143776 Ca5(PO4)3OH
500.00 1203.15 0.151575 0.327682 -1877.844807 0.049494 0.172671 Ca5(PO4)3OH
500.00 1193.15 0.173894 0.374279 -2156.327270 0.056782 0.197828 Ca5(PO4)3OH
500.00 1183.15 0.193498 0.414622 -2401.621758 0.063184 0.219828 Ca5(PO4)3OH
500.00 1173.15 0.210808 0.449681 -2618.856335 0.068836 0.239160 Ca5(PO4)3OH
500.00 1163.15 0.227641 0.483380 -2830.559465 0.074333 0.257893 Ca5(PO4)3OH
500.00 1153.15 0.250460 0.529386 -3117.134405 0.081784 0.283338 Ca5(PO4)3OH
500.00 1143.15 0.270809 0.569731 -3373.451686 0.088428 0.305913 Ca5(PO4)3OH
500.00 1133.15 0.289133 0.605414 -3604.978699 0.094412 0.326132 Ca5(PO4)3OH
500.00 1123.15 0.305821 0.637301 -3816.491638 0.099861 0.344439 Ca5(PO4)3OH
500.00 1113.15 0.321219 0.666155 -4012.262952 0.104889 0.361233 Ca5(PO4)3OH
500.00 1103.15 0.335645 0.692668 -4196.224607 0.109599 0.376874 Ca5(PO4)3OH
500.00 1093.15 0.350993 0.720757 -4392.050892 0.114611 0.393493 Ca5(PO4)3OH
500.00 1083.15 0.368041 0.751976 -4609.497304 0.120178 0.411950 Ca5(PO4)3OH
500.00 1073.15 0.368041 0.748158 -4613.613499 0.120178 0.411287 Ca5(PO4)3OH
500.00 1063.15 0.368041 0.744311 -4617.723016 0.120178 0.410615 Ca5(PO4)3OH
500.00 1053.15 0.368041 0.740433 -4621.825760 0.120178 0.409933 Ca5(PO4)3OH

water thermodynamic data and composition:
Pressure Temperature mass S H V Cp formula
500.00 1323.15 0.071504 0.760150 -810.495926 0.860609 0.200237 H2O
500.00 1313.15 0.210963 2.238250 -2397.181712 2.515822 0.591142 H2O
500.00 1303.15 0.321572 3.404888 -3663.053667 3.799215 0.901728 H2O
500.00 1293.15 0.415097 4.386180 -4740.043942 4.857921 1.164941 H2O
500.00 1283.15 0.493401 5.202845 -5648.070889 5.719123 1.385993 H2O
500.00 1273.15 0.558381 5.875771 -6407.604402 6.409555 1.570178 H2O
500.00 1263.15 0.612022 6.426640 -7040.362010 6.956158 1.723045 H2O
500.00 1253.15 0.656274 6.876623 -7567.903534 7.384641 1.850055 H2O
500.00 1243.15 0.694208 7.258413 -8024.924706 7.732299 1.959838 H2O
500.00 1233.15 0.725528 7.569331 -8407.479645 7.997960 2.051546 H2O
500.00 1223.15 0.751664 7.824683 -8731.618825 8.199417 2.129202 H2O
500.00 1213.15 0.773850 8.037626 -9011.284308 8.351719 2.196290 H2O
500.00 1203.15 0.796426 8.253388 -9296.809186 8.502506 2.265149 H2O
500.00 1193.15 0.816241 8.439330 -9551.349576 8.618293 2.326866 H2O
500.00 1183.15 0.833742 8.600248 -9779.936410 8.704666 2.382732 H2O
500.00 1173.15 0.849304 8.740148 -9986.790970 8.766249 2.433841 H2O
500.00 1163.15 0.864484 8.875120 -10190.091828 8.819540 2.484690 H2O
500.00 1153.15 0.884930 9.063034 -10456.577774 8.921570 2.551636 H2O
500.00 1143.15 0.903497 9.230452 -10702.059404 8.999164 2.614241 H2O
500.00 1133.15 0.920454 9.380254 -10929.608350 9.055592 2.673339 H2O
500.00 1123.15 0.936041 9.514946 -11141.923606 9.093663 2.729676 H2O
500.00 1113.15 0.950469 9.636768 -11341.443408 9.115840 2.783940 H2O
500.00 1103.15 0.963936 9.747771 -11530.438123 9.124330 2.836790 H2O
500.00 1093.15 0.978042 9.864139 -11728.025509 9.134344 2.893050 H2O
500.00 1083.15 0.993400 9.991962 -11941.661895 9.151197 2.954726 H2O
500.00 1073.15 0.993400 9.964476 -11971.296066 9.023406 2.972347 H2O
500.00 1063.15 0.993400 9.936560 -12001.113843 8.894349 2.991469 H2O
500.00 1053.15 0.993400 9.908192 -12031.130916 8.763959 3.012231 H2O

orthopyroxene_0 thermodynamic data and composition:
Pressure Temperature mass S H V Cp structure formula SiO2 TiO2 Al2O3 Fe2O3 FeO MnO MgO CaO Na2O K2O P2O5 H2O
500.00 1333.15 1.427729 3.279115 -17698.258442 0.432917 1.754426 opx Na0.00Ca0.07Fe''0.44Mg1.42Fe'''0.03Ti0.00Al0.10Si1.93O6 53.4939 0.133658 2.45139 1.13717 14.4701 0 26.4756 1.81854 0.0196118 0 0 0
500.00 1323.15 5.483121 12.538274 -67947.470819 1.661189 6.727890 opx Na0.00Ca0.07Fe''0.44Mg1.42Fe'''0.03Ti0.00Al0.10Si1.93O6 53.5168 0.128043 2.38603 1.0974 14.653 0 26.3947 1.80395 0.0200933 0 0 0
500.00 1313.15 7.668860 17.446771 -94697.325968 2.318599 9.382332 opx Na0.00Ca0.07Fe''0.46Mg1.41Fe'''0.03Ti0.00Al0.10Si1.94O6 53.4883 0.116889 2.25945 1.04857 15.1914 0 26.055 1.81969 0.0207153 0 0 0
500.00 1303.15 8.813251 19.945977 -108417.370651 2.658758 10.749767 opx Na0.00Ca0.07Fe''0.48Mg1.39Fe'''0.03Ti0.00Al0.09Si1.94O6 53.4444 0.107032 2.1442 1.00256 15.7536 0 25.6964 1.8309 0.0210139 0 0 0
500.00 1293.15 9.775948 22.009749 -119829.840014 2.942869 11.889032 opx Na0.00Ca0.07Fe''0.50Mg1.37Fe'''0.03Ti0.00Al0.09Si1.94O6 53.3955 0.0987446 2.04419 0.959955 16.2908 0 25.3554 1.83429 0.0210939 0 0 0
500.00 1283.15 10.603751 23.749479 -129536.536620 3.185386 12.859115 opx Na0.00Ca0.07Fe''0.51Mg1.36Fe'''0.03Ti0.00Al0.08Si1.94O6 53.3426 0.0917769 1.95799 0.920464 16.8045 0 25.0312 1.83055 0.0209823 0 0 0
500.00 1273.15 11.331349 25.247339 -137982.782018 3.397016 13.703645 opx Na0.00Ca0.07Fe''0.53Mg1.35Fe'''0.02Ti0.00Al0.08Si1.95O6 53.2867 0.0859061 1.884 0.883753 17.2948 0 24.7237 1.82041 0.0207146 0 0 0
500.00 1263.15 11.983641 26.562132 -145488.117032 3.585447 14.453905 opx Na0.00Ca0.07Fe''0.54Mg1.33Fe'''0.02Ti0.00Al0.08Si1.95O6 53.2293 0.0809313 1.82054 0.84947 17.7618 0 24.433 1.80463 0.0203285 0 0 0
500.00 1253.15 12.578053 27.734970 -152276.089545 3.756061 15.131782 opx Na0.00Ca0.07Fe''0.56Mg1.32Fe'''0.02Ti0.00Al0.08Si1.95O6 53.1714 0.0766764 1.76596 0.817271 18.206 0 24.1589 1.784 0.0198586 0 0 0
500.00 1243.15 13.154246 28.853825 -158808.532267 3.920560 15.784416 opx Na0.00Ca0.07Fe''0.57Mg1.31Fe'''0.02Ti0.00Al0.07Si1.95O6 53.1101 0.0729251 1.71729 0.786644 18.646 0 23.8878 1.75981 0.0193147 0 0 0
500.00 1233.15 13.687105 29.865614 -164814.871560 4.071800 16.383224 opx Na0.00Ca0.07Fe''0.59Mg1.30Fe'''0.02Ti0.00Al0.07Si1.95O6 53.0502 0.0696574 1.6752 0.757631 19.0629 0 23.6338 1.73191 0.018738 0 0 0
500.00 1223.15 14.185051 30.789977 -170399.984605 4.212358 16.938629 opx Na0.00Ca0.07Fe''0.60Mg1.29Fe'''0.02Ti0.00Al0.07Si1.95O6 52.9919 0.0667662 1.63845 0.729996 19.4592 0 23.3946 1.70094 0.0181447 0 0 0
500.00 1213.15 14.649482 31.630833 -175578.820727 4.342660 17.452388 opx Na0.00Ca0.07Fe''0.61Mg1.27Fe'''0.02Ti0.00Al0.07Si1.95O6 52.9345 0.0641682 1.60594 0.703535 19.8401 0 23.1667 1.66749 0.0175428 0 0 0
500.00 1203.15 15.014810 32.244264 -179464.441927 4.442293 17.842370 opx Na0.00Ca0.06Fe''0.63Mg1.26Fe'''0.02Ti0.00Al0.07Si1.96O6 52.8641 0.0617653 1.57335 0.677535 20.2697 0 22.9042 1.63257 0.0168612 0 0 0
500.00 1193.15 15.393780 32.878518 -183514.495691 4.545766 18.247561 opx Na0.00Ca0.06Fe''0.64Mg1.25Fe'''0.02Ti0.00Al0.07Si1.96O6 52.7952 0.0595851 1.54431 0.65258 20.6836 0 22.6532 1.59537 0.0161904 0 0 0
500.00 1183.15 15.781911 33.523460 -187673.151371 4.651724 18.662490 opx Na0.00Ca0.06Fe''0.65Mg1.24Fe'''0.02Ti0.00Al0.07Si1.96O6 52.7278 0.0575787 1.51833 0.628593 21.0836 0 22.4123 1.55625 0.0155346 0 0 0
500.00 1173.15 16.176140 34.172138 -191901.552011 4.759235 19.083396 opx Na0.00Ca0.06Fe''0.67Mg1.23Fe'''0.02Ti0.00Al0.07Si1.96O6 52.6615 0.055707 1.49504 0.605522 21.4717 0 22.1801 1.5155 0.0148959 0 0 0
500.00 1163.15 16.599787 34.870998 -196412.344277 4.874490 19.535019 opx Na0.00Ca0.06Fe''0.68Mg1.22Fe'''0.02Ti0.00Al0.06Si1.96O6 52.5866 0.0534222 1.47527 0.584899 21.8811 0 21.931 1.47343 0.0142671 0 0 0
500.00 1153.15 17.169274 35.851963 -202289.902196 5.028571 20.141742 opx Na0.00Ca0.06Fe''0.70Mg1.20Fe'''0.02Ti0.00Al0.06Si1.96O6 52.4604 0.0486187 1.46477 0.573778 22.453 0 21.5562 1.42967 0.0136103 0 0 0
500.00 1143.15 17.736438 36.814430 -208126.706771 5.181514 20.743709 opx Na0.00Ca0.06Fe''0.72Mg1.18Fe'''0.02Ti0.00Al0.06Si1.96O6 52.3379 0.0444158 1.45714 0.562886 23.0028 0 21.1981 1.38379 0.0129756 0 0 0
500.00 1133.15 18.297204 37.750087 -213879.369116 5.332179 21.336366 opx Na0.00Ca0.05Fe''0.74Mg1.17Fe'''0.02Ti0.00Al0.06Si1.96O6 52.2194 0.0407144 1.45207 0.55214 23.5307 0 20.8563 1.33628 0.0123632 0 0 0
500.00 1123.15 18.848605 38.653069 -219517.420322 5.479753 21.916475 opx Na0.00Ca0.05Fe''0.76Mg1.15Fe'''0.02Ti0.00Al0.06Si1.96O6 52.1049 0.0374339 1.44928 0.541479 24.0371 0 20.5304 1.2876 0.0117723 0 0 0
500.00 1113.15 19.388745 39.519805 -225022.252268 5.623730 22.482028 opx Na0.00Ca0.05Fe''0.77Mg1.14Fe'''0.02Ti0.00Al0.06Si1.96O6 51.9945 0.0345085 1.44857 0.530865 24.5228 0 20.2195 1.23811 0.0112022 0 0 0
500.00 1103.15 19.916814 40.348958 -230386.687505 5.763907 23.032238 opx Na0.00Ca0.05Fe''0.79Mg1.12Fe'''0.01Ti0.00Al0.06Si1.96O6 51.8879 0.0318841 1.44978 0.52028 24.9889 0 19.9224 1.18812 0.0106517 0 0 0
500.00 1093.15 20.483806 41.240151 -236108.439197 5.914087 23.622325 opx Na0.00Ca0.05Fe''0.81Mg1.11Fe'''0.01Ti0.00Al0.06Si1.96O6 51.774 0.0294126 1.45302 0.510532 25.4764 0 19.6096 1.13689 0.0101021 0 0 0
500.00 1083.15 21.115668 42.242094 -242436.188916 6.081200 24.279982 opx Na0.00Ca0.04Fe''0.83Mg1.09Fe'''0.01Ti0.00Al0.07Si1.96O6 51.6483 0.027057 1.45863 0.502049 26.0018 0 19.2687 1.08389 0.00961294 0 0 0
500.00 1073.15 21.178465 42.132916 -243233.279985 6.094619 24.322951 opx Na0.00Ca0.04Fe''0.83Mg1.09Fe'''0.01Ti0.00Al0.07Si1.96O6 51.6388 0.0258283 1.46248 0.484825 26.0986 0 19.2381 1.04204 0.00938442 0 0 0
500.00 1063.15 21.238446 42.014764 -243994.491358 6.107157 24.362273 opx Na0.00Ca0.04Fe''0.83Mg1.09Fe'''0.01Ti0.00Al0.07Si1.96O6 51.6284 0.024633 1.46686 0.467906 26.1966 0 19.2059 1.00056 0.009154 0 0 0
500.00 1053.15 21.295969 41.888384 -244723.728973 6.118915 24.398359 opx Na0.00Ca0.04Fe''0.84Mg1.09Fe'''0.01Ti0.00Al0.07Si1.96O6 51.617 0.0234714 1.47183 0.451307 26.2958 0 19.1722 0.959477 0.0089217 0 0 0

feldspar_0 thermodynamic data and composition:
Pressure Temperature mass S H V Cp formula SiO2 TiO2 Al2O3 Fe2O3 FeO MnO MgO CaO Na2O K2O P2O5 H2O
500.00 1403.15 2.611591 6.216066 -36262.094125 0.974544 3.196200 K0.00Na0.18Ca0.82Al1.82Si2.18O8 47.6577 0 33.6332 0 0 0 0 16.6274 2.04128 0.0404091 0 0
500.00 1393.15 5.450029 12.934126 -75728.603170 2.034660 6.664156 K0.00Na0.19Ca0.81Al1.81Si2.19O8 47.8817 0 33.4815 0 0 0 0 16.45 2.14287 0.0438898 0 0
500.00 1383.15 7.929270 18.762042 -110257.403918 2.961559 9.687079 K0.00Na0.20Ca0.80Al1.80Si2.20O8 48.1043 0 33.3308 0 0 0 0 16.2737 2.24378 0.0473976 0 0
500.00 1373.15 10.117639 23.868010 -140788.493427 3.780580 12.349459 K0.00Na0.21Ca0.79Al1.79Si2.21O8 48.326 0 33.1807 0 0 0 0 16.0982 2.34422 0.0509252 0 0
500.00 1363.15 12.067139 28.380063 -168037.223986 4.511012 14.715600 K0.00Na0.22Ca0.78Al1.78Si2.22O8 48.5471 0 33.0309 0 0 0 0 15.9231 2.44443 0.0544627 0 0
500.00 1353.15 13.818669 32.398862 -192566.289536 5.168037 16.836069 K0.00Na0.23Ca0.77Al1.77Si2.23O8 48.7683 0 32.8812 0 0 0 0 15.7479 2.54467 0.0579983 0 0
500.00 1343.15 16.305864 38.132110 -227366.058030 6.104065 19.850587 K0.00Na0.24Ca0.76Al1.76Si2.24O8 49.1665 0 32.6128 0 0 0 0 15.4336 2.72848 0.0586647 0 0
500.00 1333.15 18.082195 42.153196 -252314.580243 6.772169 21.992615 K0.00Na0.25Ca0.75Al1.75Si2.25O8 49.3985 0 32.4557 0 0 0 0 15.2499 2.8337 0.0622418 0 0
500.00 1323.15 20.959121 48.731771 -292628.035179 7.857400 25.470667 K0.00Na0.27Ca0.73Al1.73Si2.27O8 49.808 0 32.1778 0 0 0 0 14.925 3.01757 0.0716645 0 0
500.00 1313.15 25.004062 58.031467 -349236.258933 9.390752 30.366721 K0.01Na0.29Ca0.70Al1.70Si2.30O8 50.4958 0 31.7108 0 0 0 0 14.3792 3.32614 0.0880174 0 0
500.00 1303.15 28.345733 65.645437 -396082.999168 10.662178 34.400511 K0.01Na0.32Ca0.68Al1.68Si2.32O8 51.0962 0 31.3026 0 0 0 0 13.9023 3.59381 0.10508 0 0
500.00 1293.15 31.161588 71.988985 -435640.542981 11.736562 37.788276 K0.01Na0.34Ca0.66Al1.66Si2.34O8 51.6159 0 30.9484 0 0 0 0 13.4888 3.82341 0.123452 0 0
500.00 1283.15 33.508404 77.195075 -468700.652296 12.633627 40.780808 K0.01Na0.35Ca0.64Al1.64Si2.36O8 52.0518 0 30.6504 0 0 0 0 13.1413 4.01378 0.142591 0 0
500.00 1273.15 35.446776 81.409538 -496104.108644 13.375248 43.109377 K0.01Na0.37Ca0.62Al1.62Si2.38O8 52.4087 0 30.4057 0 0 0 0 12.8562 4.16745 0.161958 0 0
500.00 1263.15 37.039984 84.785449 -518728.070551 13.984842 45.011053 K0.01Na0.38Ca0.61Al1.61Si2.39O8 52.696 0 30.2079 0 0 0 0 12.6259 4.28908 0.181113 0 0
500.00 1253.15 38.349267 87.471117 -537421.054094 14.485425 46.561323 K0.01Na0.38Ca0.60Al1.60Si2.40O8 52.9253 0 30.0493 0 0 0 0 12.4416 4.38413 0.199765 0 0
500.00 1243.15 39.462157 89.674859 -553397.433645 14.910362 47.867666 K0.01Na0.39Ca0.60Al1.60Si2.40O8 53.1118 0 29.9193 0 0 0 0 12.2908 4.45911 0.218919 0 0
500.00 1233.15 40.378257 91.400593 -566648.250261 15.259420 48.930394 K0.01Na0.40Ca0.59Al1.59Si2.41O8 53.2588 0 29.8161 0 0 0 0 12.1714 4.5163 0.237306 0 0
500.00 1223.15 41.140045 92.750935 -577761.831157 15.548906 49.802032 K0.01Na0.40Ca0.59Al1.59Si2.41O8 53.3755 0 29.7336 0 0 0 0 12.0761 4.55984 0.25498 0 0
500.00 1213.15 41.783049 93.811163 -587230.729602 15.792469 50.526464 K0.02Na0.40Ca0.58Al1.58Si2.42O8 53.4685 0 29.6671 0 0 0 0 11.9995 4.59283 0.272023 0 0
500.00 1203.15 42.407957 94.810105 -596465.169959 16.028254 51.225805 K0.02Na0.40Ca0.58Al1.58Si2.42O8 53.5409 0 29.6145 0 0 0 0 11.9393 4.61617 0.28919 0 0
500.00 1193.15 42.944203 95.592503 -604469.972130 16.229839 51.815442 K0.02Na0.41Ca0.58Al1.58Si2.42O8 53.5985 0 29.5718 0 0 0 0 11.8906 4.63283 0.306204 0 0
500.00 1183.15 43.406615 96.194471 -611449.858578 16.402970 52.313876 K0.02Na0.41Ca0.57Al1.57Si2.43O8 53.645 0 29.5367 0 0 0 0 11.8508 4.64435 0.323147 0 0
500.00 1173.15 43.807115 96.645022 -617569.444968 16.552278 52.736031 K0.02Na0.41Ca0.57Al1.57Si2.43O8 53.683 0 29.5073 0 0 0 0 11.8176 4.65193 0.340106 0 0
500.00 1163.15 44.188654 97.040599 -623428.112954 16.694083 53.133772 K0.02Na0.41Ca0.57Al1.57Si2.43O8 53.7141 0 29.4821 0 0 0 0 11.7896 4.65519 0.358962 0 0
500.00 1153.15 44.706644 97.721116 -631198.703921 16.887154 53.692490 K0.02Na0.41Ca0.57Al1.57Si2.43O8 53.7375 0 29.4595 0 0 0 0 11.7655 4.64804 0.38942 0 0
500.00 1143.15 45.173303 98.274852 -638249.648611 17.060679 54.188285 K0.02Na0.41Ca0.57Al1.57Si2.43O8 53.758 0 29.4383 0 0 0 0 11.7432 4.63806 0.422408 0 0
500.00 1133.15 45.598618 98.725146 -644719.226510 17.218501 54.633693 K0.03Na0.41Ca0.57Al1.57Si2.43O8 53.7768 0 29.4176 0 0 0 0 11.7217 4.62565 0.458251 0 0
500.00 1123.15 45.991151 99.091812 -650726.014673 17.363917 55.039558 K0.03Na0.40Ca0.57Al1.57Si2.43O8 53.7951 0 29.3965 0 0 0 0 11.7 4.61111 0.49728 0 0
500.00 1113.15 46.358377 99.391949 -656373.650480 17.499805 55.415475 K0.03Na0.40Ca0.57Al1.57Si2.43O8 53.8137 0 29.3744 0 0 0 0 11.6774 4.59464 0.539825 0 0
500.00 1103.15 46.706955 99.640551 -661754.482470 17.628726 55.770149 K0.03Na0.40Ca0.56Al1.56Si2.44O8 53.8335 0 29.3506 0 0 0 0 11.6533 4.57641 0.586221 0 0
500.00 1093.15 47.029882 99.820725 -666787.240004 17.747519 56.096289 K0.04Na0.40Ca0.56Al1.56Si2.44O8 53.8455 0 29.3328 0 0 0 0 11.6357 4.55631 0.629733 0 0
500.00 1083.15 47.081823 99.399229 -668167.720884 17.759724 56.106981 K0.03Na0.40Ca0.57Al1.57Si2.43O8 53.7891 0 29.3768 0 0 0 0 11.6852 4.54605 0.602868 0 0
500.00 1073.15 46.991790 98.684043 -667513.174143 17.720139 55.957140 K0.03Na0.40Ca0.57Al1.57Si2.43O8 53.7671 0 29.397 0 0 0 0 11.707 4.55013 0.57873 0 0
500.00 1063.15 46.904904 97.973078 -666898.848749 17.681815 55.818689 K0.03Na0.40Ca0.57Al1.57Si2.43O8 53.746 0 29.4165 0 0 0 0 11.7281 4.5542 0.55524 0 0
500.00 1053.15 46.820971 97.265688 -666322.245827 17.644675 55.693940 K0.03Na0.40Ca0.57Al1.57Si2.43O8 53.7256 0 29.4354 0 0 0 0 11.7483 4.55827 0.532387 0 0

clinopyroxene_0 thermodynamic data and composition:
Pressure Temperature mass S H V Cp structure formula SiO2 TiO2 Al2O3 Fe2O3 FeO MnO MgO CaO Na2O K2O P2O5 H2O
500.00 1413.15 2.851937 6.573992 -36494.974579 0.879244 3.366531 cpx Na0.01Ca0.81Fe''0.16Mg0.86Fe'''0.07Ti0.02Al0.22Si1.84O6 49.977 0.611113 5.1379 2.57484 5.32706 0 15.6156 20.5912 0.165236 0 0 0
500.00 1403.15 6.477273 14.874668 -82646.007098 1.992090 7.627349 cpx Na0.01Ca0.81Fe''0.17Mg0.85Fe'''0.08Ti0.02Al0.23Si1.83O6 49.6994 0.703064 5.25055 2.70285 5.65035 0 15.3825 20.4375 0.173855 0 0 0
500.00 1393.15 9.438396 21.591403 -120058.018822 2.895690 11.086452 cpx Na0.01Ca0.80Fe''0.19Mg0.84Fe'''0.08Ti0.02Al0.23Si1.83O6 49.4403 0.802769 5.31816 2.82522 5.99175 0 15.1583 20.2815 0.182039 0 0 0
500.00 1383.15 12.016496 27.380691 -152367.196654 3.677303 14.077578 cpx Na0.01Ca0.80Fe''0.20Mg0.82Fe'''0.08Ti0.03Al0.24Si1.82O6 49.1598 0.913285 5.39647 2.95296 6.33381 0 14.9157 20.1375 0.190376 0 0 0
500.00 1373.15 14.287702 32.423885 -180573.659348 4.360833 16.691899 cpx Na0.01Ca0.80Fe''0.21Mg0.81Fe'''0.09Ti0.03Al0.24Si1.81O6 48.8552 1.03641 5.48638 3.08711 6.67446 0 14.6529 20.0086 0.198908 0 0 0
500.00 1363.15 16.306538 36.850896 -205396.499428 4.963405 18.994636 cpx Na0.01Ca0.79Fe''0.22Mg0.80Fe'''0.09Ti0.03Al0.25Si1.81O6 48.5236 1.17428 5.58891 3.22861 7.01083 0 14.3679 19.8982 0.207674 0 0 0
500.00 1353.15 18.111132 40.752843 -227344.252842 5.497034 21.031467 cpx Na0.02Ca0.79Fe''0.23Mg0.78Fe'''0.09Ti0.04Al0.25Si1.80O6 48.1622 1.32929 5.70506 3.3781 7.33916 0 14.0591 19.8103 0.2167 0 0 0
500.00 1343.15 22.621426 50.811223 -286090.174651 6.898669 26.409062 cpx Na0.01Ca0.77Fe''0.23Mg0.83Fe'''0.08Ti0.02Al0.22Si1.84O6 49.4478 0.892015 4.97184 2.72299 7.34842 0 15.0521 19.361 0.203851 0 0 0
500.00 1333.15 23.845738 53.347087 -301896.755976 7.270287 27.816245 cpx Na0.01Ca0.77Fe''0.23Mg0.83Fe'''0.07Ti0.02Al0.21Si1.84O6 49.5371 0.885025 4.89118 2.64737 7.39505 0 15.0646 19.372 0.207606 0 0 0
500.00 1323.15 24.519992 54.612138 -310862.630054 7.474058 28.566217 cpx Na0.02Ca0.78Fe''0.23Mg0.83Fe'''0.07Ti0.03Al0.21Si1.84O6 49.582 0.895867 4.83219 2.60344 7.34719 0 14.9792 19.543 0.21722 0 0 0
500.00 1313.15 24.781233 54.942649 -314049.166675 7.547822 28.820658 cpx Na0.02Ca0.78Fe''0.23Mg0.82Fe'''0.07Ti0.02Al0.20Si1.85O6 49.6619 0.891978 4.67457 2.55737 7.51489 0 14.8572 19.6138 0.228226 0 0 0
500.00 1303.15 24.886284 54.920061 -315228.339071 7.573495 28.890715 cpx Na0.02Ca0.78Fe''0.24Mg0.82Fe'''0.07Ti0.02Al0.20Si1.85O6 49.7282 0.891341 4.52624 2.51044 7.69248 0 14.727 19.6878 0.236536 0 0 0
500.00 1293.15 24.933516 54.766733 -315724.176524 7.581755 28.893789 cpx Na0.02Ca0.79Fe''0.24Mg0.81Fe'''0.07Ti0.03Al0.19Si1.85O6 49.7825 0.894408 4.39536 2.46295 7.8513 0 14.5973 19.7731 0.243135 0 0 0
500.00 1283.15 24.941773 54.525919 -315772.759629 7.578334 28.852048 cpx Na0.02Ca0.79Fe''0.25Mg0.80Fe'''0.07Ti0.03Al0.19Si1.86O6 49.8241 0.901573 4.28198 2.41547 7.99224 0 14.4685 19.868 0.248169 0 0 0
500.00 1273.15 24.919050 54.216508 -315474.370003 7.565684 28.775079 cpx Na0.02Ca0.80Fe''0.25Mg0.80Fe'''0.07Ti0.03Al0.18Si1.86O6 49.8537 0.91296 4.18543 2.36834 8.11556 0 14.3415 19.9706 0.251875 0 0 0
500.00 1263.15 24.870198 53.850222 -314889.416895 7.545307 28.668808 cpx Na0.02Ca0.80Fe''0.26Mg0.79Fe'''0.07Ti0.03Al0.18Si1.86O6 49.8725 0.928486 4.10444 2.32175 8.22153 0 14.2173 20.0795 0.254533 0 0 0
500.00 1253.15 24.799718 53.437775 -314072.947534 7.518595 28.538687 cpx Na0.02Ca0.81Fe''0.26Mg0.78Fe'''0.06Ti0.03Al0.18Si1.86O6 49.8818 0.947943 4.03738 2.27576 8.3108 0 14.0969 20.193 0.256413 0 0 0
500.00 1243.15 24.706773 52.977521 -312984.676288 7.485059 28.382945 cpx Na0.02Ca0.81Fe''0.26Mg0.78Fe'''0.06Ti0.03Al0.18Si1.86O6 49.8819 0.971587 3.98007 2.23046 8.39393 0 13.9767 20.3077 0.257598 0 0 0
500.00 1233.15 24.601333 52.492220 -311778.839149 7.448009 28.214282 cpx Na0.02Ca0.82Fe''0.26Mg0.77Fe'''0.06Ti0.03Al0.17Si1.86O6 49.8749 0.998836 3.93436 2.18586 8.46065 0 13.8617 20.4252 0.258432 0 0 0
500.00 1223.15 24.487429 51.990807 -310500.887738 7.408643 28.037297 cpx Na0.02Ca0.82Fe''0.27Mg0.77Fe'''0.06Ti0.03Al0.17Si1.86O6 49.8618 1.02954 3.89864 2.14199 8.51284 0 13.7519 20.5442 0.259067 0 0 0
500.00 1213.15 24.367882 51.479350 -309177.795884 7.367747 27.854993 cpx Na0.02Ca0.83Fe''0.27Mg0.76Fe'''0.06Ti0.03Al0.17Si1.86O6 49.8426 1.06383 3.87156 2.09891 8.55344 0 13.6464 20.6636 0.259588 0 0 0
500.00 1203.15 24.229059 50.926619 -307541.712795 7.320184 27.647773 cpx Na0.02Ca0.83Fe''0.27Mg0.75Fe'''0.06Ti0.03Al0.17Si1.86O6 49.8061 1.10755 3.84849 2.05744 8.61503 0 13.5268 20.7791 0.259454 0 0 0
500.00 1193.15 24.089948 50.375636 -305927.672680 7.272693 27.441369 cpx Na0.02Ca0.84Fe''0.27Mg0.75Fe'''0.06Ti0.03Al0.17Si1.86O6 49.7624 1.15608 3.83449 2.01713 8.6645 0 13.4109 20.8951 0.259435 0 0 0
500.00 1183.15 23.952730 49.830875 -304359.513186 7.225896 27.238131 cpx Na0.02Ca0.84Fe''0.27Mg0.74Fe'''0.06Ti0.03Al0.17Si1.86O6 49.7111 1.20971 3.82927 1.97809 8.70296 0 13.2981 21.0111 0.259591 0 0 0
500.00 1173.15 23.819196 49.295889 -302856.141529 7.180288 27.039926 cpx Na0.02Ca0.85Fe''0.27Mg0.74Fe'''0.05Ti0.04Al0.17Si1.86O6 49.6517 1.26883 3.83279 1.94049 8.73151 0 13.1879 21.1268 0.25997 0 0 0
500.00 1163.15 23.689606 48.771387 -301371.402531 7.135940 26.846416 cpx Na0.02Ca0.85Fe''0.28Mg0.73Fe'''0.05Ti0.04Al0.17Si1.86O6 49.6011 1.31738 3.83241 1.90423 8.77401 0 13.0784 21.2323 0.260133 0 0 0
500.00 1153.15 23.556567 48.243866 -299609.218431 7.090921 26.647364 cpx Na0.02Ca0.86Fe''0.28Mg0.73Fe'''0.05Ti0.04Al0.17Si1.86O6 49.6448 1.27752 3.76758 1.86711 8.93358 0 12.9656 21.286 0.2578 0 0 0
500.00 1143.15 23.425683 47.722566 -297913.070784 7.046789 26.451930 cpx Na0.02Ca0.86Fe''0.29Mg0.72Fe'''0.05Ti0.04Al0.16Si1.87O6 49.6824 1.2436 3.7104 1.83001 9.0767 0 12.8575 21.3437 0.255674 0 0 0
500.00 1133.15 23.297413 47.208445 -296288.576898 7.003715 26.260729 cpx Na0.02Ca0.86Fe''0.29Mg0.71Fe'''0.05Ti0.03Al0.16Si1.87O6 49.7155 1.21471 3.65975 1.79272 9.2037 0 12.7549 21.405 0.253731 0 0 0
500.00 1123.15 23.172096 46.702147 -294739.167715 6.961818 26.074179 cpx Na0.02Ca0.86Fe''0.29Mg0.71Fe'''0.05Ti0.03Al0.16Si1.87O6 49.7453 1.1901 3.61475 1.75512 9.31504 0 12.6586 21.4692 0.251945 0 0 0
500.00 1113.15 23.049959 46.204051 -293266.216038 6.921174 25.892528 cpx Na0.02Ca0.87Fe''0.30Mg0.70Fe'''0.05Ti0.03Al0.16Si1.87O6 49.7729 1.16914 3.5746 1.7171 9.4114 0 12.5687 21.5359 0.250287 0 0 0
500.00 1103.15 22.931141 45.714311 -291869.174449 6.881817 25.715874 cpx Na0.02Ca0.87Fe''0.30Mg0.70Fe'''0.05Ti0.03Al0.16Si1.87O6 49.7988 1.15129 3.53864 1.67861 9.4937 0 12.4855 21.6047 0.248728 0 0 0
500.00 1093.15 22.811633 45.223832 -290435.547203 6.842051 25.537499 cpx Na0.02Ca0.87Fe''0.30Mg0.70Fe'''0.05Ti0.03Al0.16Si1.88O6 49.8225 1.13338 3.50223 1.64082 9.58592 0 12.3976 21.6705 0.247098 0 0 0
500.00 1083.15 22.693538 44.736780 -288962.726340 6.802215 25.358735 cpx Na0.02Ca0.88Fe''0.31Mg0.69Fe'''0.05Ti0.03Al0.15Si1.88O6 49.8422 1.11533 3.46571 1.60566 9.69815 0 12.2974 21.7286 0.246962 0 0 0
500.00 1073.15 22.622212 44.354020 -288731.629173 6.781775 25.256149 cpx Na0.02Ca0.88Fe''0.30Mg0.69Fe'''0.04Ti0.03Al0.15Si1.88O6 49.8771 1.12732 3.47467 1.55856 9.55541 0 12.3231 21.8338 0.250134 0 0 0
500.00 1063.15 22.554801 43.978650 -288547.655517 6.762531 25.157843 cpx Na0.02Ca0.88Fe''0.30Mg0.69Fe'''0.04Ti0.03Al0.15Si1.88O6 49.9125 1.13938 3.48341 1.51145 9.41258 0 12.3512 21.9361 0.253327 0 0 0
500.00 1053.15 22.491054 43.610022 -288408.064603 6.744407 25.063496 cpx Na0.02Ca0.89Fe''0.29Mg0.69Fe'''0.04Ti0.03Al0.15Si1.88O6 49.9485 1.15154 3.49198 1.46438 9.26951 0 12.3818 22.0358 0.256542 0 0 0

Title: Hr

Phase Masses:
Pressure Temperature mass liquid_0 olivine_0 orthopyroxene_0 clinopyroxene_0 feldspar_0 feldspar_1 spinel_0 rhm-oxide_0 apatite water 
500.00 1523.15 98.208887 98.208887 0.000000 0.000000 0.000000 0.000000 0.000000 0.000000 0.000000 0.000000 0.000000 
500.00 1513.15 98.209519 98.209519 0.000000 0.000000 0.000000 0.000000 0.000000 0.000000 0.000000 0.000000 0.000000 
500.00 1503.15 98.210189 98.210189 0.000000 0.000000 0.000000 0.000000 0.000000 0.000000 0.000000 0.000000 0.000000 
500.00 1493.15 98.210900 98.210900 0.000000 0.000000 0.000000 0.000000 0.000000 0.000000 0.000000 0.000000 0.000000 
500.00 1483.15 98.211653 98.211653 0.000000 0.000000 0.000000 0.000000 0.000000 0.000000 0.000000 0.000000 0.000000 
500.00 1473.15 98.212447 98.212447 0.000000 0.000000 0.000000 0.000000 0.000000 0.000000 0.000000 0.000000 0.000000 
500.00 1463.15 98.213286 98.213286 0.000000 0.000000 0.000000 0.000000 0.000000 0.000000 0.000000 0.000000 0.000000 
500.00 1453.15 98.214170 98.214170 0.000000 0.000000 0.000000 0.000000 0.000000 0.000000 0.000000 0.000000 0.000000 
500.00 1443.15 98.215101 98.215101 0.000000 0.000000 0.000000 0.000000 0.000000 0.000000 0.000000 0.000000 0.000000 
500.00 1433.15 98.216081 98.216081 0.000000 0.000000 0.000000 0.000000 0.000000 0.000000 0.000000 0.000000 0.000000 
500.00 1423.15 98.217110 98.217110 0.000000 0.000000 0.000000 0.000000 0.000000 0.000000 0.000000 0.000000 0.000000 
500.00 1413.15 98.218119 95.235234 0.130949 0.000000 2.851937 0.000000 0.000000 0.000000 0.000000 0.000000 0.000000 
500.00 1403.15 98.216734 88.232460 0.895410 0.000000 6.477273 2.611591 0.000000 0.000000 0.000000 0.000000 0.000000 
500.00 1393.15 98.214700 81.588436 1.737839 0.000000 9.438396 5.450029 0.000000 0.000000 0.000000 0.000000 0.000000 
500.00 1383.15 98.212732 75.747774 2.519193 0.000000 12.016496 7.929270 0.000000 0.000000 0.000000 0.000000 0.000000 
500.00 1373.15 98.210809 70.541811 3.263658 0.000000 14.287702 10.117639 0.000000 0.000000 0.000000 0.000000 0.000000 
500.00 1363.15 98.208897 65.842657 3.992563 0.000000 16.306538 12.067139 0.000000 0.000000 0.000000 0.000000 0.000000 
500.00 1353.15 98.206942 61.551590 4.725551 0.000000 18.111132 13.818669 0.000000 0.000000 0.000000 0.000000 0.000000 
500.00 1343.15 98.356740 51.007019 3.563955 0.000000 22.621426 16.305864 0.000000 4.858477 0.000000 0.000000 0.000000 
500.00 1333.15 98.383081 46.470001 2.816424 1.427729 23.845738 18.082195 0.000000 5.740994 0.000000 0.000000 0.000000 
500.00 1323.15 98.413321 40.115277 0.591310 5.483121 24.519992 20.959121 0.000000 6.672997 0.000000 0.000000 0.071504 
500.00 1313.15 98.424931 33.486950 0.000000 7.668860 24.781233 25.004062 0.000000 7.272862 0.000000 0.000000 0.210963 
500.00 1303.15 98.426431 28.453078 0.000000 8.813251 24.886284 28.345733 0.000000 7.606513 0.000000 0.000000 0.321572 
500.00 1293.15 98.423932 24.328510 0.000000 9.775948 24.933516 31.161588 0.000000 7.809273 0.000000 0.000000 0.415097 
500.00 1283.15 98.418645 20.955381 0.000000 10.603751 24.941773 33.508404 0.000000 7.915935 0.000000 0.000000 0.493401 
500.00 1273.15 98.411478 18.203139 0.000000 11.331349 24.919050 35.446776 0.000000 7.952782 0.000000 0.000000 0.558381 
500.00 1263.15 98.403118 15.957310 0.000000 11.983641 24.870198 37.039984 0.000000 7.939965 0.000000 0.000000 0.612022 
500.00 1253.15 98.394069 14.118130 0.000000 12.578053 24.799718 38.349267 0.000000 7.892626 0.000000 0.000000 0.656274 
500.00 1243.15 98.383980 12.509169 0.000000 13.154246 24.706773 39.462157 0.000000 7.814594 0.000000 0.042833 0.694208 
500.00 1233.15 98.373890 11.184738 0.000000 13.687105 24.601333 40.378257 0.000000 7.720861 0.000000 0.076068 0.725528 
500.00 1223.15 98.363927 10.079524 0.000000 14.185051 24.487429 41.140045 0.000000 7.616955 0.000000 0.103259 0.751664 
500.00 1213.15 98.354013 9.141769 0.007765 14.649482 24.367882 41.783049 0.000000 7.504174 0.000000 0.126042 0.773850 
500.00 1203.15 98.340396 8.230073 0.181497 15.014810 24.229059 42.407957 0.000000 7.328998 0.000000 0.151575 0.796426 
500.00 1193.15 98.327140 7.430693 0.327367 15.393780 24.089948 42.944203 0.000000 7.151014 0.000000 0.173894 0.816241 
500.00 1183.15 98.314278 6.724522 0.449869 15.781911 23.952730 43.406615 0.000000 6.971392 0.000000 0.193498 0.833742 
500.00 1173.15 98.301816 6.095818 0.552847 16.176140 23.819196 43.807115 0.000000 6.790588 0.000000 0.210808 0.849304 
500.00 1163.15 98.289197 5.480546 0.643902 16.599787 23.689606 44.188654 0.000000 6.554409 0.040169 0.227641 0.864484 
500.00 1153.15 98.273625 4.644832 0.741773 17.169274 23.556567 44.706644 0.000000 6.024818 0.294327 0.250460 0.884930 
500.00 1143.15 98.258080 3.880414 0.821728 17.736438 23.425683 45.173303 0.000000 5.522319 0.523889 0.270809 0.903497 
500.00 1133.15 98.242625 3.175451 0.887096 18.297204 23.297413 45.598618 0.000000 5.045928 0.731325 0.289133 0.920454 
500.00 1123.15 98.227308 2.519644 0.940551 18.848605 23.172096 45.991151 0.000000 4.594588 0.918812 0.305821 0.936041 
500.00 1113.15 98.212163 1.903797 0.984262 19.388745 23.049959 46.358377 0.000000 4.167003 1.088332 0.321219 0.950469 
500.00 1103.15 98.197198 1.319449 1.020005 19.916814 22.931141 46.706955 0.000000 3.761504 1.241750 0.335645 0.963936 
500.00 1093.15 98.180715 0.693836 1.051625 20.483806 22.811633 47.029882 0.053161 3.334106 1.393631 0.350993 0.978042 
500.00 1083.15 98.161835 0.000000 1.080888 21.115668 22.693538 47.081823 0.415832 2.863548 1.549097 0.368041 0.993400 
500.00 1073.15 98.161812 0.000000 1.082305 21.178465 22.622212 46.991790 0.501589 2.862051 1.561958 0.368041 0.993400 
500.00 1063.15 98.161788 0.000000 1.083234 21.238446 22.554801 46.904904 0.583755 2.860819 1.574387 0.368041 0.993400 
500.00 1053.15 98.161763 0.000000 1.083664 21.295969 22.491054 46.820971 0.662466 2.859831 1.586366 0.368041 0.993400 

Title: Hr

Phase Volumes:
Pressure Temperature mass V liquid_0 olivine_0 orthopyroxene_0 clinopyroxene_0 feldspar_0 feldspar_1 spinel_0 rhm-oxide_0 apatite water 
500.00 1523.15 98.208887 37.759489 37.759489 0.000000 0.000000 0.000000 0.000000 0.000000 0.000000 0.000000 0.000000 0.000000 
500.00 1513.15 98.209519 37.722944 37.722944 0.000000 0.000000 0.000000 0.000000 0.000000 0.000000 0.000000 0.000000 0.000000 
500.00 1503.15 98.210189 37.686459 37.686459 0.000000 0.000000 0.000000 0.000000 0.000000 0.000000 0.000000 0.000000 0.000000 
500.00 1493.15 98.210900 37.650036 37.650036 0.000000 0.000000 0.000000 0.000000 0.000000 0.000000 0.000000 0.000000 0.000000 
500.00 1483.15 98.211653 37.613675 37.613675 0.000000 0.000000 0.000000 0.000000 0.000000 0.000000 0.000000 0.000000 0.000000 
500.00 1473.15 98.212447 37.577379 37.577379 0.000000 0.000000 0.000000 0.000000 0.000000 0.000000 0.000000 0.000000 0.000000 
500.00 1463.15 98.213286 37.541149 37.541149 0.000000 0.000000 0.000000 0.000000 0.000000 0.000000 0.000000 0.000000 0.000000 
500.00 1453.15 98.214170 37.504987 37.504987 0.000000 0.000000 0.000000 0.000000 0.000000 0.000000 0.000000 0.000000 0.000000 
500.00 1443.15 98.215101 37.468894 37.468894 0.000000 0.000000 0.000000 0.000000 0.000000 0.000000 0.000000 0.000000 0.000000 
500.00 1433.15 98.216081 37.432872 37.432872 0.000000 0.000000 0.000000 0.000000 0.000000 0.000000 0.000000 0.000000 0.000000 
500.00 1423.15 98.217110 37.396922 37.396922 0.000000 0.000000 0.000000 0.000000 0.000000 0.000000 0.000000 0.000000 0.000000 
500.00 1413.15 98.218119 37.212379 36.293540 0.039595 0.000000 0.879244 0.000000 0.000000 0.000000 0.000000 0.000000 0.000000 
500.00 1403.15 98.216734 36.936429 33.700385 0.269409 0.000000 1.992090 0.974544 0.000000 0.000000 0.000000 0.000000 0.000000 
500.00 1393.15 98.214700 36.690667 31.240182 0.520134 0.000000 2.895690 2.034660 0.000000 0.000000 0.000000 0.000000 0.000000 
500.00 1383.15 98.212732 36.472500 29.083731 0.749907 0.000000 3.677303 2.961559 0.000000 0.000000 0.000000 0.000000 0.000000 
500.00 1373.15 98.210809 36.276357 27.168874 0.966070 0.000000 4.360833 3.780580 0.000000 0.000000 0.000000 0.000000 0.000000 
500.00 1363.15 98.208897 36.098106 25.448719 1.174969 0.000000 4.963405 4.511012 0.000000 0.000000 0.000000 0.000000 0.000000 
500.00 1353.15 98.206942 35.934668 23.887278 1.382319 0.000000 5.497034 5.168037 0.000000 0.000000 0.000000 0.000000 0.000000 
500.00 1343.15 98.356740 35.709030 20.603375 1.047281 0.000000 6.898669 6.104065 0.000000 1.055640 0.000000 0.000000 0.000000 
500.00 1333.15 98.383081 35.544884 18.999037 0.826100 0.432917 7.270287 6.772169 0.000000 1.244374 0.000000 0.000000 0.000000 
500.00 1323.15 98.413321 36.041519 16.572854 0.172986 1.661189 7.474058 7.857400 0.000000 1.442422 0.000000 0.000000 0.860609 
500.00 1313.15 98.424931 37.275895 13.938174 0.000000 2.318599 7.547822 9.390752 0.000000 1.564727 0.000000 0.000000 2.515822 
500.00 1303.15 98.426431 38.239509 11.916266 0.000000 2.658758 7.573495 10.662178 0.000000 1.629598 0.000000 0.000000 3.799215 
500.00 1293.15 98.423932 39.026211 10.240164 0.000000 2.942869 7.581755 11.736562 0.000000 1.666942 0.000000 0.000000 4.857921 
500.00 1283.15 98.418645 39.656857 8.856030 0.000000 3.185386 7.578334 12.633627 0.000000 1.684357 0.000000 0.000000 5.719123 
500.00 1273.15 98.411478 40.152547 7.717541 0.000000 3.397016 7.565684 13.375248 0.000000 1.687503 0.000000 0.000000 6.409555 
500.00 1263.15 98.403118 40.534724 6.782307 0.000000 3.585447 7.545307 13.984842 0.000000 1.680664 0.000000 0.000000 6.956158 
500.00 1253.15 98.394069 40.823854 6.012120 0.000000 3.756061 7.518595 14.485425 0.000000 1.667011 0.000000 0.000000 7.384641 
500.00 1243.15 98.383980 41.047141 5.337602 0.000000 3.920560 7.485059 14.910362 0.000000 1.647273 0.000000 0.013987 7.732299 
500.00 1233.15 98.373890 41.206578 4.779923 0.000000 4.071800 7.448009 15.259420 0.000000 1.624626 0.000000 0.024839 7.997960 
500.00 1223.15 98.363927 41.316028 4.312813 0.000000 4.212358 7.408643 15.548906 0.000000 1.600174 0.000000 0.033717 8.199417 
500.00 1213.15 98.354013 41.387345 3.915346 0.002107 4.342660 7.367747 15.792469 0.000000 1.574141 0.000000 0.041157 8.351719 
500.00 1203.15 98.340396 41.459076 3.532043 0.048985 4.442293 7.320184 16.028254 0.000000 1.535316 0.000000 0.049494 8.502506 
500.00 1193.15 98.327140 41.502501 3.195040 0.087898 4.545766 7.272693 16.229839 0.000000 1.496190 0.000000 0.056782 8.618293 
500.00 1183.15 98.314278 41.522132 2.896522 0.120204 4.651724 7.225896 16.402970 0.000000 1.456966 0.000000 0.063184 8.704666 
500.00 1173.15 98.301816 41.521665 2.630032 0.147046 4.759235 7.180288 16.552278 0.000000 1.417700 0.000000 0.068836 8.766249 
500.00 1163.15 98.289197 41.512638 2.368336 0.170498 4.874490 7.135940 16.694083 0.000000 1.366736 0.008683 0.074333 8.819540 
500.00 1153.15 98.273625 41.533047 2.010858 0.195408 5.028571 7.090921 16.887154 0.000000 1.253248 0.063534 0.081784 8.921570 
500.00 1143.15 98.258080 41.533730 1.682652 0.215439 5.181514 7.046789 17.060679 0.000000 1.146111 0.112953 0.088428 8.999164 
500.00 1133.15 98.242625 41.517376 1.378918 0.231545 5.332179 7.003715 17.218501 0.000000 1.045008 0.157505 0.094412 9.055592 
500.00 1123.15 98.227308 41.486273 1.095471 0.244481 5.479753 6.961818 17.363917 0.000000 0.949622 0.197687 0.099861 9.093663 
500.00 1113.15 98.212163 41.442400 0.828561 0.254851 5.623730 6.921174 17.499805 0.000000 0.859606 0.233945 0.104889 9.115840 
500.00 1103.15 98.197198 41.387487 0.574717 0.263144 5.763907 6.881817 17.628726 0.000000 0.774549 0.266697 0.109599 9.124330 
500.00 1093.15 98.180715 41.330870 0.302426 0.270301 5.914087 6.842051 17.747519 0.021143 0.685319 0.299067 0.114611 9.134344 
500.00 1083.15 98.161835 41.276339 0.000000 0.276759 6.081200 6.802215 17.759724 0.165357 0.587558 0.332150 0.120178 9.151197 
500.00 1073.15 98.161812 41.137643 0.000000 0.276809 6.094619 6.781775 17.720139 0.199422 0.586511 0.334785 0.120178 9.023406 
500.00 1063.15 98.161788 40.997653 0.000000 0.276729 6.107157 6.762531 17.681815 0.232045 0.585525 0.337324 0.120178 8.894349 
500.00 1053.15 98.161763 40.856292 0.000000 0.276518 6.118915 6.744407 17.644675 0.263281 0.584596 0.339764 0.120178 8.763959 

Title: Hr

Solid Composition:
Pressure Temperature mass SiO2 TiO2 Al2O3 Fe2O3 FeO MnO MgO CaO Na2O K2O P2O5 H2O 
500.00 1523.15 0.000000 ---
500.00 1513.15 0.000000 ---
500.00 1503.15 0.000000 ---
500.00 1493.15 0.000000 ---
500.00 1483.15 0.000000 ---
500.00 1473.15 0.000000 ---
500.00 1463.15 0.000000 ---
500.00 1453.15 0.000000 ---
500.00 1443.15 0.000000 ---
500.00 1433.15 0.000000 ---
500.00 1423.15 0.000000 ---
500.00 1413.15 2.982886 49.5094 0.584285 4.91234 2.4618 5.85733 0.015667 16.7951 19.7061 0.157982 0 0 0
500.00 1403.15 9.984273 48.217 0.456111 12.2037 1.75347 5.32065 0.0350075 13.7118 17.645 0.646727 0.0105698 0 0
500.00 1393.15 16.626264 47.8287 0.455716 13.9941 1.60382 5.44731 0.0445684 12.8585 16.9471 0.805766 0.0143869 0 0
500.00 1383.15 22.464958 47.613 0.488516 14.651 1.57954 5.7126 0.0519241 12.4345 16.5584 0.8938 0.0167295 0 0
500.00 1373.15 27.668998 47.4354 0.535181 14.9661 1.59412 6.03286 0.0589928 12.1368 16.262 0.959917 0.0186217 0 0
500.00 1363.15 32.366240 47.2615 0.591618 15.1307 1.62661 6.38971 0.0663017 11.8918 16.0054 1.01599 0.0203054 0 0
500.00 1353.15 36.655352 47.0774 0.65679 15.2147 1.6691 6.77791 0.0740962 11.6726 15.7692 1.06638 0.0218647 0 0
500.00 1343.15 47.349721 43.4306 1.48279 14.3034 5.87017 8.53609 0.0556337 10.6758 14.5882 1.037 0.0202024 0 0
500.00 1333.15 51.913080 43.5011 1.55294 14.3434 6.1851 8.63296 0.0460472 10.3574 14.2764 1.08293 0.0216798 0 0
500.00 1323.15 58.298044 44.1801 1.57147 14.5431 6.33395 8.43663 0.0115077 9.83861 13.7581 1.17812 0.0257646 0 0.122652
500.00 1313.15 64.937980 44.7116 1.53813 14.8997 6.12321 8.39401 0 9.36787 13.2365 1.37026 0.0338907 0 0.324868
500.00 1303.15 69.973353 45.1162 1.50823 15.1264 5.88154 8.42193 0 9.03669 12.8644 1.5426 0.0425671 0 0.459564
500.00 1293.15 74.095421 45.5045 1.48238 15.2695 5.6517 8.44982 0 8.76875 12.5686 1.69257 0.051919 0 0.560219
500.00 1283.15 77.463264 45.8605 1.46066 15.3591 5.43559 8.48217 0 8.55203 12.3323 1.81903 0.061681 0 0.636949
500.00 1273.15 80.208339 46.1777 1.44279 15.4145 5.23376 8.52053 0 8.37689 12.1432 1.92291 0.0715748 0 0.696164
500.00 1263.15 82.445809 46.4557 1.42829 15.4481 5.04601 8.56465 0 8.23509 11.9917 2.00667 0.0813679 0 0.742332
500.00 1253.15 84.275938 46.6977 1.41663 15.4681 4.87158 8.61342 0 8.11966 11.8699 2.07339 0.0909019 0 0.77872
500.00 1243.15 85.874811 46.8933 1.40665 15.4715 4.69784 8.66619 0 8.01926 11.7881 2.12617 0.1006 0.0211419 0.809289
500.00 1233.15 87.189152 47.0654 1.39875 15.4714 4.53778 8.7215 0 7.93674 11.7205 2.16741 0.109899 0.0369803 0.833695
500.00 1223.15 88.284403 47.2173 1.39244 15.4691 4.3893 8.77814 0 7.86788 11.6643 2.19963 0.118819 0.0495759 0.853509
500.00 1213.15 89.212244 47.3519 1.38735 15.4658 4.24893 8.8367 0.000898315 7.8094 11.6169 2.22487 0.127404 0.059885 0.869959
500.00 1203.15 90.110323 47.4677 1.38268 15.4633 4.07035 8.92915 0.0220879 7.75299 11.5725 2.24505 0.136099 0.0712987 0.886851
500.00 1193.15 90.896447 47.5759 1.37889 15.4596 3.90131 9.01868 0.0416527 7.70312 11.5334 2.26029 0.144667 0.0810897 0.901421
500.00 1183.15 91.589757 47.6775 1.37578 15.4552 3.74108 9.10525 0.059543 7.65869 11.4985 2.27163 0.153147 0.0895483 0.914089
500.00 1173.15 92.205998 47.7735 1.37321 15.4502 3.58886 9.18895 0.0757998 7.61879 11.4671 2.2799 0.161585 0.096907 0.925194
500.00 1163.15 92.808651 47.8756 1.37131 15.4436 3.43635 9.27085 0.0920199 7.57911 11.435 2.28541 0.170911 0.103966 0.935867
500.00 1153.15 93.628793 48.0355 1.37048 15.4288 3.24677 9.3583 0.114079 7.52334 11.3867 2.28674 0.185944 0.113385 0.949944
500.00 1143.15 94.377665 48.1895 1.36889 15.4145 3.06191 9.44744 0.132767 7.47203 11.3408 2.28588 0.202183 0.121625 0.962466
500.00 1133.15 95.067173 48.338 1.3667 15.4008 2.88175 9.5373 0.148522 7.42448 11.2968 2.28324 0.219799 0.128913 0.973668
500.00 1123.15 95.707664 48.4814 1.36404 15.3879 2.70623 9.62706 0.161738 7.38007 11.2543 2.27913 0.238962 0.135441 0.98375
500.00 1113.15 96.308366 48.6201 1.361 15.3759 2.53522 9.71607 0.172772 7.33822 11.2128 2.2738 0.259847 0.141373 0.992882
500.00 1103.15 96.877749 48.7549 1.35763 15.3648 2.36843 9.80387 0.18194 7.29842 11.1719 2.26745 0.28263 0.146853 1.00121
500.00 1093.15 97.486879 48.9014 1.35349 15.3537 2.18688 9.89972 0.190213 7.2557 11.1263 2.25922 0.311078 0.152609 1.00971
500.00 1083.15 98.161835 49.0659 1.34839 15.3418 1.98172 10.009 0.197938 7.2084 11.0743 2.24884 0.346061 0.158921 1.01873
500.00 1073.15 98.161812 49.0659 1.34839 15.3418 1.98148 10.0092 0.197938 7.2084 11.0743 2.24884 0.346061 0.158921 1.01873
500.00 1063.15 98.161788 49.0659 1.34839 15.3418 1.98124 10.0095 0.197939 7.20841 11.0743 2.24884 0.346061 0.158921 1.01873
500.00 1053.15 98.161763 49.0659 1.34839 15.3418 1.98098 10.0097 0.197939 7.20841 11.0743 2.24884 0.346061 0.158921 1.01873
Title: Hr

Bulk Composition:
Pressure Temperature mass SiO2 TiO2 Al2O3 Fe2O3 FeO MnO MgO CaO Na2O K2O P2O5 H2O 
500.00 1523.15 98.208887 49.0424 1.34774 15.3345 2.45896 9.57395 0.197844 7.20495 11.069 2.24776 0.345895 0.158845 1.01824
500.00 1513.15 98.209519 49.0421 1.34773 15.3344 2.46537 9.56811 0.197842 7.2049 11.0689 2.24775 0.345893 0.158844 1.01823
500.00 1503.15 98.210189 49.0418 1.34772 15.3343 2.47217 9.56191 0.197841 7.20485 11.0688 2.24773 0.345891 0.158843 1.01822
500.00 1493.15 98.210900 49.0414 1.34771 15.3341 2.47938 9.55534 0.19784 7.2048 11.0687 2.24771 0.345888 0.158842 1.01822
500.00 1483.15 98.211653 49.041 1.3477 15.334 2.487 9.54838 0.197838 7.20475 11.0686 2.2477 0.345886 0.158841 1.01821
500.00 1473.15 98.212447 49.0406 1.34769 15.3339 2.49506 9.54104 0.197836 7.20469 11.0686 2.24768 0.345883 0.158839 1.0182
500.00 1463.15 98.213286 49.0402 1.34768 15.3338 2.50356 9.53329 0.197835 7.20463 11.0685 2.24766 0.34588 0.158838 1.01819
500.00 1453.15 98.214170 49.0398 1.34767 15.3336 2.51252 9.52512 0.197833 7.20456 11.0684 2.24764 0.345877 0.158837 1.01818
500.00 1443.15 98.215101 49.0393 1.34765 15.3335 2.52196 9.51651 0.197831 7.20449 11.0683 2.24762 0.345874 0.158835 1.01817
500.00 1433.15 98.216081 49.0388 1.34764 15.3333 2.53189 9.50746 0.197829 7.20442 11.0681 2.2476 0.34587 0.158833 1.01816
500.00 1423.15 98.217110 49.0383 1.34763 15.3332 2.54233 9.49795 0.197827 7.20435 11.068 2.24757 0.345866 0.158832 1.01815
500.00 1413.15 98.218119 49.0378 1.34761 15.333 2.55256 9.48862 0.197825 7.20427 11.0679 2.24755 0.345863 0.15883 1.01814
500.00 1403.15 98.216734 49.0385 1.34763 15.3332 2.53851 9.50143 0.197828 7.20437 11.0681 2.24758 0.345868 0.158832 1.01816
500.00 1393.15 98.214700 49.0395 1.34766 15.3336 2.51789 9.52022 0.197832 7.20452 11.0683 2.24763 0.345875 0.158836 1.01818
500.00 1383.15 98.212732 49.0405 1.34769 15.3339 2.49794 9.53841 0.197836 7.20467 11.0685 2.24767 0.345882 0.158839 1.0182
500.00 1373.15 98.210809 49.0414 1.34771 15.3342 2.47845 9.55618 0.19784 7.20481 11.0687 2.24772 0.345889 0.158842 1.01822
500.00 1363.15 98.208897 49.0424 1.34774 15.3345 2.45906 9.57385 0.197844 7.20495 11.069 2.24776 0.345895 0.158845 1.01824
500.00 1353.15 98.206942 49.0434 1.34777 15.3348 2.43924 9.59192 0.197848 7.20509 11.0692 2.2478 0.345902 0.158848 1.01826
500.00 1343.15 98.356740 48.9687 1.34571 15.3114 3.95566 8.20948 0.197546 7.19412 11.0523 2.24438 0.345375 0.158606 1.01671
500.00 1333.15 98.383081 48.9556 1.34535 15.3073 4.22184 7.96682 0.197493 7.19219 11.0494 2.24378 0.345283 0.158564 1.01643
500.00 1323.15 98.413321 48.9405 1.34494 15.3026 4.52724 7.68841 0.197433 7.18998 11.046 2.24309 0.345177 0.158515 1.01612
500.00 1313.15 98.424931 48.9348 1.34478 15.3008 4.64444 7.58156 0.197409 7.18913 11.0447 2.24283 0.345136 0.158496 1.016
500.00 1303.15 98.426431 48.934 1.34476 15.3006 4.65958 7.56776 0.197406 7.18902 11.0445 2.24279 0.345131 0.158494 1.01599
500.00 1293.15 98.423932 48.9353 1.34479 15.301 4.63435 7.59075 0.197411 7.18921 11.0448 2.24285 0.34514 0.158498 1.01601
500.00 1283.15 98.418645 48.9379 1.34487 15.3018 4.58099 7.63941 0.197422 7.18959 11.0454 2.24297 0.345158 0.158507 1.01607
500.00 1273.15 98.411478 48.9414 1.34497 15.3029 4.50863 7.70537 0.197436 7.19012 11.0462 2.24313 0.345183 0.158518 1.01614
500.00 1263.15 98.403118 48.9456 1.34508 15.3042 4.42422 7.78232 0.197453 7.19073 11.0471 2.24332 0.345213 0.158532 1.01623
500.00 1253.15 98.394069 48.9501 1.3452 15.3056 4.33283 7.86564 0.197471 7.19139 11.0481 2.24353 0.345244 0.158546 1.01632
500.00 1243.15 98.383980 48.9551 1.34534 15.3072 4.23092 7.95854 0.197491 7.19213 11.0493 2.24376 0.34528 0.158562 1.01643
500.00 1233.15 98.373890 48.9601 1.34548 15.3087 4.12898 8.05148 0.197512 7.19286 11.0504 2.24399 0.345315 0.158579 1.01653
500.00 1223.15 98.363927 48.9651 1.34562 15.3103 4.02831 8.14326 0.197532 7.19359 11.0515 2.24422 0.34535 0.158595 1.01663
500.00 1213.15 98.354013 48.97 1.34575 15.3118 3.9281 8.23461 0.197552 7.19432 11.0526 2.24444 0.345385 0.158611 1.01674
500.00 1203.15 98.340396 48.9768 1.34594 15.314 3.79043 8.36011 0.197579 7.19531 11.0542 2.24475 0.345433 0.158633 1.01688
500.00 1193.15 98.327140 48.9834 1.34612 15.316 3.65639 8.48232 0.197606 7.19628 11.0556 2.24506 0.345479 0.158654 1.01701
500.00 1183.15 98.314278 48.9898 1.34629 15.318 3.52629 8.60092 0.197632 7.19723 11.0571 2.24535 0.345525 0.158675 1.01715
500.00 1173.15 98.301816 48.996 1.34647 15.32 3.4002 8.71586 0.197657 7.19814 11.0585 2.24563 0.345568 0.158695 1.01728
500.00 1163.15 98.289197 49.0023 1.34664 15.3219 3.2725 8.83229 0.197682 7.19906 11.0599 2.24592 0.345613 0.158715 1.01741
500.00 1153.15 98.273625 49.0101 1.34685 15.3244 3.11485 8.97601 0.197713 7.2002 11.0617 2.24628 0.345668 0.15874 1.01757
500.00 1143.15 98.258080 49.0179 1.34706 15.3268 2.95744 9.11951 0.197745 7.20134 11.0634 2.24663 0.345722 0.158766 1.01773
500.00 1133.15 98.242625 49.0256 1.34728 15.3292 2.80088 9.26223 0.197776 7.20247 11.0652 2.24699 0.345777 0.158791 1.01789
500.00 1123.15 98.227308 49.0332 1.34749 15.3316 2.64569 9.40372 0.197806 7.2036 11.0669 2.24734 0.345831 0.158815 1.01805
500.00 1113.15 98.212163 49.0408 1.34769 15.3339 2.49218 9.54366 0.197837 7.20471 11.0686 2.24768 0.345884 0.15884 1.0182
500.00 1103.15 98.197198 49.0482 1.3479 15.3363 2.34045 9.68199 0.197867 7.20581 11.0703 2.24803 0.345937 0.158864 1.01836
500.00 1093.15 98.180715 49.0565 1.34813 15.3389 2.17327 9.8344 0.1979 7.20702 11.0721 2.2484 0.345995 0.158891 1.01853
500.00 1083.15 98.161835 49.0659 1.34839 15.3418 1.98172 10.009 0.197938 7.2084 11.0743 2.24884 0.346061 0.158921 1.01873
500.00 1073.15 98.161812 49.0659 1.34839 15.3418 1.98148 10.0092 0.197938 7.2084 11.0743 2.24884 0.346061 0.158921 1.01873
500.00 1063.15 98.161788 49.0659 1.34839 15.3418 1.98124 10.0095 0.197939 7.20841 11.0743 2.24884 0.346061 0.158921 1.01873
500.00 1053.15 98.161763 49.0659 1.34839 15.3418 1.98098 10.0097 0.197939 7.20841 11.0743 2.24884 0.346061 0.158921 1.01873
