Title: Hr

Liquid Composition:
Pressure Temperature mass SiO2 TiO2 Al2O3 Fe2O3 FeO MnO MgO CaO Na2O K2O P2O5 H2O 
500.00 1523.15 98.020346 48.2299 1.45154 15.9784 2.58093 10.0418 0.202917 7.36837 11.2391 2.38869 0.355028 0.163333 0
500.00 1513.15 98.021007 48.2296 1.45153 15.9783 2.58765 10.0357 0.202916 7.36832 11.239 2.38867 0.355026 0.163332 0
500.00 1503.15 98.021710 48.2292 1.45152 15.9782 2.59479 10.0292 0.202914 7.36827 11.2389 2.38865 0.355023 0.163331 0
500.00 1493.15 98.022455 48.2288 1.4515 15.9781 2.60235 10.0223 0.202913 7.36821 11.2389 2.38864 0.355021 0.16333 0
500.00 1483.15 95.210484 48.219 1.49437 15.4747 2.67895 10.3185 0.208906 7.58582 11.1008 2.38677 0.363943 0.168154 0
500.00 1473.15 91.277876 48.1745 1.55876 14.7392 2.78963 10.7673 0.217906 7.91265 10.9174 2.37046 0.376722 0.175398 0
500.00 1463.15 87.521178 48.0903 1.62566 14.0007 2.90373 11.2346 0.227259 8.25229 10.757 2.3365 0.389063 0.182927 0
500.00 1453.15 78.928276 48.0357 1.79622 13.1739 3.10653 12.0714 0.241417 8.00468 10.6091 2.33526 0.422914 0.202842 0
500.00 1443.15 67.699884 47.6052 2.0605 12.6071 3.34882 13.3692 0.271255 7.59772 10.0614 2.36433 0.477937 0.236485 0
500.00 1433.15 56.900029 46.613 2.4053 11.9101 3.64452 14.9669 0.320695 7.31777 9.65229 2.3477 0.540267 0.281371 0
500.00 1423.15 46.586114 44.8239 2.86835 10.9392 4.02898 17.1297 0.405107 7.22076 9.39743 2.24339 0.599542 0.343665 0
500.00 1413.15 37.459385 42.2246 3.4777 9.53165 4.49609 20.1376 0.524553 7.34973 9.26365 1.95386 0.613141 0.427396 0
500.00 1403.15 30.034497 39.0945 4.21784 7.75005 4.98007 23.9098 0.662238 7.60193 9.19406 1.52246 0.534034 0.533054 0
500.00 1393.15 25.755537 37.0702 4.75276 6.59547 5.26409 26.5512 0.751536 7.62815 9.03823 1.27158 0.455163 0.621614 0
500.00 1383.15 22.771577 35.8196 5.16223 5.86971 5.43834 28.3172 0.793719 7.47552 8.89131 1.1239 0.405453 0.703069 0
500.00 1373.15 20.248899 34.8793 5.5123 5.33579 5.56886 29.6742 0.815617 7.26625 8.76507 1.02106 0.370899 0.79066 0
500.00 1363.15 17.875723 34.0978 5.82151 4.90453 5.67872 30.7905 0.826282 7.03107 8.66745 0.941602 0.344873 0.895628 0
500.00 1353.15 15.466878 33.4003 6.08181 4.52851 5.78081 31.7514 0.831429 6.78252 8.60797 0.876758 0.323397 1.03512 0
500.00 1343.15 12.859791 32.7312 6.25513 4.16891 5.88768 32.6126 0.835244 6.52836 8.60976 0.823219 0.302905 1.24497 0
500.00 1333.15 1.029524 21.9177 6.98228 2.2602 5.76059 13.2506 4.82545 5.75863 23.333 2.13381e-027 0.360689 15.5509 0
500.00 1323.15 0.000000 ---
500.00 1313.15 0.000000 ---
500.00 1303.15 0.000000 ---
500.00 1293.15 0.000000 ---
500.00 1283.15 0.000000 ---
500.00 1273.15 0.000000 ---
500.00 1263.15 0.000000 ---
500.00 1253.15 0.000000 ---
500.00 1243.15 0.000000 ---