Title: Hr

Solid Composition:
Pressure Temperature mass SiO2 TiO2 Al2O3 Fe2O3 FeO MnO MgO CaO Na2O K2O P2O5 H2O 
500.00 1523.15 0.000000 ---
500.00 1513.15 0.000000 ---
500.00 1503.15 0.000000 ---
500.00 1493.15 0.000000 ---
500.00 1483.15 0.000000 ---
500.00 1473.15 3.519420 48.9554 0 32.7552 0 0 0 0 15.6003 2.63162 0.0573685 0 0
500.00 1463.15 3.638987 49.3729 0 32.4721 0 0 0 0 15.2693 2.81962 0.0660782 0 0
500.00 1453.15 6.915869 47.2618 0 24.3054 0 4.29127 0.115568 10.3072 11.3692 2.29013 0.0593376 0 0