Title: Hr

liquid_0 thermodynamic data and composition:
Pressure Temperature mass S H V Cp viscosity SiO2 TiO2 Al2O3 Fe2O3 FeO MnO MgO CaO Na2O K2O P2O5 H2O Mg#
500.00 1523.15 98.039009 274.884188 -1162522.273658 37.503992 147.700463 1.718 47.7384 1.43678 15.8156 2.54432 9.94868 0.200838 7.29332 11.1246 2.36426 0.351493 0.16167 1.02 56.7
500.00 1513.15 98.039662 273.912593 -1164008.778641 37.466902 147.700395 1.756 47.7381 1.43677 15.8155 2.55095 9.94263 0.200837 7.29327 11.1245 2.36425 0.35149 0.161669 1.02 56.7
500.00 1503.15 98.040355 272.934603 -1165495.903577 37.429874 147.700527 1.795 47.7378 1.43676 15.8154 2.55799 9.93621 0.200836 7.29322 11.1244 2.36423 0.351488 0.161668 1.01999 56.7
500.00 1493.15 98.041090 271.950129 -1166983.672589 37.392908 147.700867 1.835 47.7374 1.43674 15.8153 2.56545 9.9294 0.200834 7.29317 11.1243 2.36421 0.351485 0.161667 1.01998 56.7
500.00 1483.15 98.041868 270.959081 -1168472.110817 37.356006 147.701421 1.875 47.7371 1.43673 15.8152 2.57335 9.9222 0.200833 7.29311 11.1242 2.36419 0.351482 0.161666 1.01997 56.7
500.00 1473.15 98.042690 269.975636 -1169940.174228 37.319170 144.623781 1.916 47.7367 1.43672 15.815 2.58169 9.91459 0.200831 7.29305 11.1241 2.36417 0.35148 0.161664 1.01996 56.7
500.00 1463.15 98.043557 268.992161 -1171399.201827 37.282401 144.616791 1.957 47.7362 1.43671 15.8149 2.5905 9.90656 0.200829 7.29298 11.124 2.36415 0.351476 0.161663 1.01995 56.8
500.00 1453.15 98.044471 268.002034 -1172858.893347 37.245701 144.609517 1.999 47.7358 1.43669 15.8148 2.59978 9.89809 0.200827 7.29292 11.1239 2.36413 0.351473 0.161661 1.01995 56.8
500.00 1443.15 98.045433 267.005163 -1174319.272793 37.209071 144.601955 2.041 47.7353 1.43668 15.8146 2.60955 9.88918 0.200825 7.29284 11.1238 2.36411 0.35147 0.16166 1.01994 56.8
500.00 1433.15 98.046446 266.001455 -1175780.365356 37.172514 144.594105 2.084 47.7348 1.43667 15.8144 2.61983 9.8798 0.200823 7.29277 11.1237 2.36408 0.351466 0.161658 1.01992 56.8
500.00 1423.15 98.047510 264.990814 -1177242.197477 37.136031 144.585964 2.127 47.7343 1.43665 15.8143 2.63064 9.86995 0.200821 7.29269 11.1236 2.36406 0.351462 0.161656 1.01991 56.8
500.00 1413.15 95.155822 256.385122 -1141197.180513 36.038993 140.049504 2.174 47.8281 1.48031 15.6069 2.68886 10.0175 0.203401 7.08472 11.1136 2.39775 0.361359 0.166569 1.05091 55.8
500.00 1403.15 86.537612 233.088681 -1033093.875984 32.854886 126.783045 2.213 47.8314 1.57747 15.6913 2.78303 10.5523 0.219989 6.59933 10.4545 2.5561 0.395819 0.183157 1.15557 52.7
500.00 1393.15 79.907432 215.051699 -950270.361491 30.403850 116.601444 2.253 47.9097 1.66218 15.6117 2.87103 10.9812 0.232743 6.18244 9.99054 2.68188 0.426818 0.198355 1.25145 50.1
500.00 1383.15 74.077604 199.206522 -878074.178202 28.256302 107.685710 2.297 48.0175 1.73537 15.5446 2.94796 11.3566 0.244616 5.78022 9.54744 2.80346 0.458372 0.213965 1.34994 47.6
500.00 1373.15 68.874179 185.085197 -814288.275749 26.348463 99.763970 2.344 48.1641 1.79448 15.4923 3.01317 11.6721 0.255509 5.39072 9.12275 2.92207 0.490763 0.23013 1.45192 45.2
500.00 1363.15 64.163651 172.329570 -757228.520573 24.631758 92.628262 2.397 48.3615 1.8362 15.4569 3.06555 11.9193 0.265279 5.01209 8.71416 3.03908 0.52434 0.247025 1.55851 42.8
500.00 1353.15 59.841566 160.660376 -705592.569252 23.068489 86.116681 2.457 48.6245 1.85652 15.4405 3.10344 12.0873 0.273727 4.64273 8.31979 3.15602 0.55953 0.264866 1.67108 40.6
500.00 1343.15 47.791040 130.098384 -591787.858787 19.380422 68.849954 3.016 53.4142 1.17228 16.5487 2.18457 7.76532 0.340921 3.94873 7.78926 3.71475 0.697156 0.331652 2.09244 47.5
500.00 1333.15 43.970106 119.950326 -548903.735196 18.043076 63.255612 3.149 54.4345 1.07661 16.6444 2.03367 7.10423 0.359953 3.64263 7.4457 3.86987 0.753699 0.360472 2.27427 47.8
500.00 1323.15 37.736544 102.763791 -474724.506167 15.626219 54.062220 3.357 55.8705 1.01119 16.4449 1.88378 6.44482 0.393606 3.30366 7.00902 4.02453 0.863889 0.420017 2.33007 47.7
500.00 1313.15 29.952453 81.445337 -378918.880013 12.497799 42.762247 3.509 56.9108 0.942658 16.2134 1.75553 5.81945 0.516737 2.96919 6.64589 4.26317 1.05517 0.529172 2.37877 47.6
500.00 1303.15 23.884259 64.785267 -303510.308495 10.023518 33.994962 3.635 57.729 0.896787 15.9624 1.63545 5.26251 0.687036 2.68051 6.41063 4.38504 1.27087 0.663617 2.41613 47.6
500.00 1293.15 19.406267 52.443320 -247603.752127 8.179371 27.541676 3.756 58.4488 0.873478 15.7009 1.51703 4.76115 0.871187 2.43514 6.28257 4.36145 1.49216 0.816746 2.43938 47.7
500.00 1283.15 15.962219 42.931824 -204428.840948 6.749483 22.593056 3.873 59.0823 0.865913 15.441 1.40044 4.30162 1.05524 2.22219 6.24036 4.22685 1.71988 0.99297 2.45118 47.9
500.00 1273.15 13.149326 35.178159 -169037.474157 5.575804 18.551444 4.008 59.7783 0.869263 15.2224 1.28324 3.87868 1.23157 2.02542 6.16387 4.02043 1.96398 1.10811 2.45473 48.2
500.00 1263.15 10.788011 28.699490 -139227.163621 4.587660 15.155274 4.176 60.6322 0.879948 15.0686 1.16574 3.49013 1.38986 1.83737 5.97459 3.77097 2.23091 1.10778 2.45192 48.4
500.00 1253.15 8.892121 23.513990 -115201.254352 3.790902 12.440185 4.350 61.4433 0.894038 14.9391 1.05496 3.13252 1.51701 1.66845 5.79863 3.49426 2.50593 1.10839 2.44334 48.7
500.00 1243.15 7.354222 19.325698 -95634.107212 3.142285 10.247465 4.529 62.2103 0.908932 14.8328 0.952098 2.80553 1.61221 1.51614 5.62684 3.2093 2.78658 1.10851 2.43068 49.1
500.00 1233.15 6.092609 15.907937 -79514.527620 2.608515 8.456787 4.711 62.9323 0.922866 14.7468 0.857742 2.50848 1.67739 1.37851 5.45439 2.92859 3.07031 1.10747 2.41521 49.5
500.00 1223.15 5.044298 13.085435 -66060.897897 2.163694 6.975761 4.896 63.6089 0.934744 14.6775 0.771964 2.24011 1.71595 1.25398 5.27939 2.65963 3.35482 1.10508 2.39786 49.9
500.00 1213.15 4.160948 10.723606 -54671.915908 1.787823 5.733751 5.082 64.2406 0.943951 14.6221 0.694476 1.99869 1.73181 1.14126 5.10175 2.40647 3.6381 1.10145 2.37932 50.4
500.00 1203.15 3.405626 8.719731 -44887.172541 1.465558 4.676983 5.270 64.8283 0.950205 14.5777 0.624784 1.78224 1.72892 1.03918 4.92241 2.17095 3.91833 1.09685 2.36007 51.0
500.00 1193.15 2.750096 6.995446 -36353.936125 1.185134 3.764475 5.457 65.3734 0.953435 14.5421 0.562293 1.58868 1.71088 0.946725 4.74279 1.95363 4.19391 1.09162 2.3405 51.5
500.00 1183.15 2.172650 5.490690 -28800.378987 0.937486 2.964816 5.645 65.8777 0.953703 14.5132 0.506371 1.41594 1.68094 0.862987 4.56447 1.75427 4.46336 1.08613 2.32089 52.1
500.00 1173.15 1.656435 4.159030 -22014.942649 0.715565 2.253699 5.832 66.3432 0.951143 14.4894 0.456392 1.26201 1.64187 0.787135 4.38902 1.57221 4.72535 1.08072 2.30146 52.6
500.00 1163.15 1.188208 2.964169 -15830.861624 0.513823 1.612084 6.017 66.7724 0.945925 14.4692 0.41176 1.12501 1.59601 0.718413 4.21786 1.40657 4.97868 1.07573 2.28242 53.2
500.00 1153.15 0.757413 1.877362 -10114.673767 0.327830 1.024846 6.202 67.1677 0.938227 14.4513 0.371916 1.00317 1.54528 0.65613 4.05221 1.25634 5.22233 1.07145 2.26389 53.8
500.00 1143.15 0.148214 0.364928 -1983.593935 0.064217 0.200012 6.397 67.4841 0.891818 14.5059 0.335727 0.891189 1.45388 0.59149 3.86029 1.10958 5.57351 1.0635 2.23901 54.2

apatite thermodynamic data and composition:
Pressure Temperature mass S H V Cp formula
500.00 1273.15 0.030177 0.067190 -371.439137 0.009854 0.034687 Ca5(PO4)3OH
500.00 1263.15 0.091992 0.203991 -1133.360061 0.030038 0.105611 Ca5(PO4)3OH
500.00 1253.15 0.141414 0.312296 -1743.879433 0.046177 0.162148 Ca5(PO4)3OH
500.00 1243.15 0.181608 0.399392 -2241.620125 0.059301 0.207971 Ca5(PO4)3OH
500.00 1233.15 0.214752 0.470297 -2653.178779 0.070124 0.245610 Ca5(PO4)3OH
500.00 1223.15 0.242427 0.528648 -2997.863813 0.079161 0.276902 Ca5(PO4)3OH
500.00 1213.15 0.265814 0.577155 -3290.101786 0.086797 0.303214 Ca5(PO4)3OH
500.00 1203.15 0.285811 0.617878 -3540.876027 0.093327 0.325590 Ca5(PO4)3OH
500.00 1193.15 0.303113 0.652403 -3758.683479 0.098977 0.344833 Ca5(PO4)3OH
500.00 1183.15 0.318266 0.681972 -3950.202203 0.103925 0.361574 Ca5(PO4)3OH
500.00 1173.15 0.331705 0.707573 -4120.766817 0.108313 0.376317 Ca5(PO4)3OH
500.00 1163.15 0.343784 0.730001 -4274.712234 0.112257 0.389469 Ca5(PO4)3OH
500.00 1153.15 0.354793 0.749911 -4415.626842 0.115852 0.401367 Ca5(PO4)3OH
500.00 1143.15 0.370220 0.778873 -4611.812365 0.120890 0.418211 Ca5(PO4)3OH
500.00 1133.15 0.373939 0.782988 -4662.357939 0.122104 0.421790 Ca5(PO4)3OH
500.00 1123.15 0.373939 0.779252 -4666.572689 0.122104 0.421159 Ca5(PO4)3OH

orthopyroxene_0 thermodynamic data and composition:
Pressure Temperature mass S H V Cp structure formula SiO2 TiO2 Al2O3 Fe2O3 FeO MnO MgO CaO Na2O K2O P2O5 H2O
500.00 1313.15 3.768638 8.580645 -46717.849272 1.141203 4.618960 opx Na0.00Ca0.07Fe''0.45Mg1.42Fe'''0.03Ti0.00Al0.10Si1.93O6 53.5883 0.125023 2.27894 1.04521 14.768 0 26.3817 1.79117 0.0216736 0 0 0
500.00 1303.15 6.701863 15.186456 -82936.946952 2.026684 8.196785 opx Na0.00Ca0.07Fe''0.46Mg1.41Fe'''0.03Ti0.00Al0.09Si1.94O6 53.5958 0.116392 2.1773 1.0006 15.1049 0 26.192 1.79069 0.0223533 0 0 0
500.00 1293.15 8.382856 18.902759 -103520.402811 2.531126 10.229333 opx Na0.00Ca0.07Fe''0.47Mg1.40Fe'''0.03Ti0.00Al0.09Si1.94O6 53.5855 0.108471 2.08357 0.958132 15.4838 0 25.9689 1.78898 0.0226615 0 0 0
500.00 1283.15 9.410403 21.114022 -115931.151314 2.836613 11.455481 opx Na0.00Ca0.07Fe''0.48Mg1.39Fe'''0.03Ti0.00Al0.09Si1.94O6 53.56 0.101372 1.99893 0.91801 15.892 0 25.7223 1.7847 0.0226607 0 0 0
500.00 1273.15 10.132291 22.618121 -124489.779210 3.048663 12.302865 opx Na0.00Ca0.07Fe''0.50Mg1.38Fe'''0.02Ti0.00Al0.08Si1.94O6 53.5204 0.0950052 1.92212 0.880002 16.3296 0 25.4527 1.77773 0.0224073 0 0 0
500.00 1263.15 10.717795 23.801260 -131297.885893 3.218577 12.979250 opx Na0.00Ca0.07Fe''0.51Mg1.37Fe'''0.02Ti0.00Al0.08Si1.95O6 53.4682 0.0893303 1.85277 0.844029 16.7923 0 25.1638 1.76761 0.0219463 0 0 0
500.00 1253.15 11.236296 24.822721 -137252.440269 3.367722 13.571308 opx Na0.00Ca0.07Fe''0.53Mg1.35Fe'''0.02Ti0.00Al0.08Si1.95O6 53.4106 0.0844721 1.79302 0.810385 17.2484 0 24.8791 1.75271 0.0213511 0 0 0
500.00 1243.15 11.730581 25.779181 -142892.412532 3.509127 14.131708 opx Na0.00Ca0.07Fe''0.54Mg1.34Fe'''0.02Ti0.00Al0.08Si1.95O6 53.3505 0.0803029 1.74162 0.778791 17.6906 0 24.6043 1.73327 0.020675 0 0 0
500.00 1233.15 12.215408 26.703921 -148406.702078 3.647316 14.678731 opx Na0.00Ca0.07Fe''0.55Mg1.33Fe'''0.02Ti0.00Al0.07Si1.95O6 53.2898 0.0766909 1.69722 0.748965 18.1153 0 24.3423 1.7098 0.0199568 0 0 0
500.00 1223.15 12.694096 27.604541 -153840.627947 3.783342 15.216623 opx Na0.00Ca0.07Fe''0.57Mg1.32Fe'''0.02Ti0.00Al0.07Si1.95O6 53.2298 0.0735188 1.65862 0.720662 18.5216 0 24.0937 1.68286 0.0192231 0 0 0
500.00 1213.15 13.166075 28.479997 -159189.904705 3.917071 15.744846 opx Na0.00Ca0.07Fe''0.58Mg1.31Fe'''0.02Ti0.00Al0.07Si1.95O6 53.171 0.07069 1.62478 0.693686 18.9101 0 23.8583 1.65299 0.0184909 0 0 0
500.00 1203.15 13.630009 29.327559 -164439.484870 4.048127 16.261883 opx Na0.00Ca0.06Fe''0.59Mg1.30Fe'''0.02Ti0.00Al0.07Si1.95O6 53.1136 0.0681274 1.59488 0.667882 19.2821 0 23.6349 1.62067 0.0177702 0 0 0
500.00 1193.15 14.084922 30.145291 -169577.716929 4.176229 16.766613 opx Na0.00Ca0.06Fe''0.61Mg1.29Fe'''0.02Ti0.00Al0.07Si1.96O6 53.0576 0.0657711 1.56828 0.643135 19.6397 0 23.4221 1.5863 0.0170668 0 0 0
500.00 1183.15 14.530516 30.932711 -174600.343145 4.301291 17.258699 opx Na0.00Ca0.06Fe''0.62Mg1.28Fe'''0.02Ti0.00Al0.07Si1.96O6 53.0028 0.0635743 1.54449 0.619358 19.985 0 23.2183 1.55021 0.0163835 0 0 0
500.00 1173.15 14.967181 31.690787 -179510.739672 4.423424 17.738593 opx Na0.00Ca0.06Fe''0.63Mg1.27Fe'''0.02Ti0.00Al0.07Si1.96O6 52.9487 0.0615001 1.52312 0.596486 20.32 0 23.0217 1.51267 0.0157212 0 0 0
500.00 1163.15 15.395921 32.421742 -184319.052260 4.542913 18.207451 opx Na0.00Ca0.06Fe''0.64Mg1.26Fe'''0.02Ti0.00Al0.07Si1.96O6 52.8952 0.059519 1.50388 0.574472 20.6472 0 22.8308 1.4739 0.0150797 0 0 0
500.00 1153.15 15.818277 33.128868 -189041.267914 4.660193 18.667037 opx Na0.00Ca0.06Fe''0.65Mg1.25Fe'''0.02Ti0.00Al0.06Si1.96O6 52.8416 0.0576071 1.48655 0.553285 20.9687 0 22.6438 1.43407 0.0144583 0 0 0
500.00 1143.15 16.292663 33.928115 -194200.812403 4.790641 19.178873 opx Na0.00Ca0.06Fe''0.66Mg1.24Fe'''0.02Ti0.00Al0.06Si1.96O6 52.7588 0.0534766 1.47717 0.538813 21.3751 0 22.3882 1.3945 0.0138374 0 0 0
500.00 1133.15 16.474376 34.126587 -196335.837320 4.839588 19.364095 opx Na0.00Ca0.05Fe''0.67Mg1.24Fe'''0.01Ti0.00Al0.06Si1.96O6 52.7405 0.0510665 1.47452 0.522045 21.522 0 22.3223 1.3541 0.0135014 0 0 0
500.00 1123.15 16.559523 34.126363 -197473.752669 4.861672 19.441443 opx Na0.00Ca0.05Fe''0.67Mg1.24Fe'''0.01Ti0.00Al0.06Si1.96O6 52.7429 0.0492278 1.47345 0.504447 21.5865 0 22.3163 1.31395 0.0132527 0 0 0

clinopyroxene_0 thermodynamic data and composition:
Pressure Temperature mass S H V Cp structure formula SiO2 TiO2 Al2O3 Fe2O3 FeO MnO MgO CaO Na2O K2O P2O5 H2O
500.00 1403.15 4.943801 11.337666 -63095.814025 1.518711 5.807803 cpx Na0.01Ca0.83Fe''0.16Mg0.82Fe'''0.08Ti0.02Al0.25Si1.82O6 49.1702 0.879857 5.6621 2.93171 5.314 0 14.9181 20.9402 0.183833 0 0 0
500.00 1393.15 7.882753 18.005630 -100301.828760 2.415230 9.235018 cpx Na0.01Ca0.83Fe''0.17Mg0.81Fe'''0.09Ti0.03Al0.25Si1.81O6 48.8403 1.01991 5.76949 3.08091 5.60671 0 14.6541 20.8354 0.193237 0 0 0
500.00 1383.15 10.441833 23.753397 -132447.718880 3.190555 12.197645 cpx Na0.01Ca0.83Fe''0.18Mg0.80Fe'''0.09Ti0.03Al0.26Si1.80O6 48.4769 1.17873 5.89284 3.23914 5.89787 0 14.3682 20.7434 0.202859 0 0 0
500.00 1373.15 12.700514 28.769637 -160570.442365 3.869492 14.790493 cpx Na0.02Ca0.82Fe''0.19Mg0.78Fe'''0.10Ti0.04Al0.26Si1.79O6 48.0751 1.35953 6.03405 3.4081 6.18621 0 14.0577 20.6665 0.212718 0 0 0
500.00 1363.15 14.716310 33.190626 -185419.660326 4.469939 17.081966 cpx Na0.02Ca0.82Fe''0.20Mg0.76Fe'''0.10Ti0.04Al0.27Si1.78O6 47.6298 1.56579 6.19492 3.58923 6.47004 0 13.7203 20.6071 0.222812 0 0 0
500.00 1353.15 16.529273 37.111349 -207519.917315 5.004359 19.119725 cpx Na0.02Ca0.82Fe''0.21Mg0.74Fe'''0.11Ti0.05Al0.28Si1.76O6 47.1371 1.80062 6.37664 3.78328 6.74723 0 13.3543 20.5677 0.233098 0 0 0
500.00 1343.15 21.349926 47.874206 -270966.478833 6.512791 24.882144 cpx Na0.02Ca0.80Fe''0.21Mg0.81Fe'''0.08Ti0.03Al0.23Si1.82O6 49.0743 1.05648 5.29557 2.86861 6.6636 0 14.6514 20.1734 0.216669 0 0 0
500.00 1333.15 22.563230 50.404163 -286585.716879 6.881420 26.282607 cpx Na0.02Ca0.80Fe''0.21Mg0.81Fe'''0.08Ti0.03Al0.23Si1.83O6 49.2184 1.03108 5.16905 2.76928 6.78235 0 14.723 20.0871 0.219623 0 0 0
500.00 1323.15 23.943748 53.313511 -303960.221730 7.300171 27.891557 cpx Na0.02Ca0.78Fe''0.22Mg0.83Fe'''0.07Ti0.03Al0.21Si1.84O6 49.5153 0.953518 4.8934 2.62127 7.13804 0 14.9281 19.7246 0.225769 0 0 0
500.00 1313.15 24.560354 54.459284 -311929.371602 7.485689 28.582170 cpx Na0.02Ca0.78Fe''0.23Mg0.83Fe'''0.07Ti0.03Al0.21Si1.84O6 49.6615 0.931854 4.72919 2.54837 7.24972 0 14.9237 19.7166 0.239043 0 0 0
500.00 1303.15 24.765187 54.666190 -314726.964974 7.545049 28.781073 cpx Na0.02Ca0.79Fe''0.23Mg0.82Fe'''0.07Ti0.03Al0.20Si1.85O6 49.7483 0.929897 4.60421 2.49837 7.30086 0 14.8436 19.8234 0.251338 0 0 0
500.00 1293.15 24.846847 54.595335 -315903.986743 7.566124 28.833672 cpx Na0.02Ca0.79Fe''0.23Mg0.82Fe'''0.07Ti0.03Al0.20Si1.85O6 49.819 0.931563 4.48698 2.44846 7.37346 0 14.754 19.9262 0.260251 0 0 0
500.00 1283.15 24.857485 54.364804 -316141.219809 7.564984 28.801482 cpx Na0.02Ca0.80Fe''0.23Mg0.81Fe'''0.07Ti0.03Al0.19Si1.85O6 49.873 0.937575 4.3805 2.39903 7.45923 0 14.656 20.0283 0.266349 0 0 0
500.00 1273.15 24.815879 54.017695 -315677.290729 7.547385 28.706605 cpx Na0.02Ca0.80Fe''0.24Mg0.81Fe'''0.07Ti0.03Al0.19Si1.86O6 49.9111 0.948305 4.28391 2.35028 7.55739 0 14.5491 20.1297 0.270133 0 0 0
500.00 1263.15 24.729437 53.571826 -314612.822022 7.515663 28.558079 cpx Na0.02Ca0.81Fe''0.24Mg0.80Fe'''0.06Ti0.03Al0.18Si1.86O6 49.9335 0.964177 4.19762 2.30242 7.66502 0 14.4339 20.2313 0.27199 0 0 0
500.00 1253.15 24.609332 53.053756 -313136.878533 7.473662 28.370696 cpx Na0.02Ca0.81Fe''0.24Mg0.79Fe'''0.06Ti0.03Al0.18Si1.86O6 49.9418 0.985267 4.12632 2.25562 7.76452 0 14.3167 20.3372 0.272563 0 0 0
500.00 1243.15 24.463759 52.482541 -311363.475346 7.424014 28.154627 cpx Na0.02Ca0.82Fe''0.24Mg0.79Fe'''0.06Ti0.03Al0.18Si1.86O6 49.9384 1.01126 4.06898 2.20985 7.85214 0 14.2 20.447 0.272326 0 0 0
500.00 1233.15 24.300497 51.875870 -309395.474428 7.369166 27.919289 cpx Na0.02Ca0.82Fe''0.25Mg0.78Fe'''0.06Ti0.03Al0.18Si1.86O6 49.9253 1.04179 4.02414 2.16508 7.92628 0 14.0857 20.56 0.27163 0 0 0
500.00 1223.15 24.126347 51.248897 -307319.363646 7.311221 27.672739 cpx Na0.02Ca0.83Fe''0.25Mg0.78Fe'''0.06Ti0.03Al0.18Si1.86O6 49.9043 1.07656 3.99034 2.12129 7.98679 0 13.9748 20.6752 0.270722 0 0 0
500.00 1213.15 23.946819 50.613670 -305202.964541 7.251855 27.421381 cpx Na0.02Ca0.83Fe''0.25Mg0.77Fe'''0.06Ti0.03Al0.17Si1.86O6 49.8763 1.11538 3.96635 2.07847 8.03429 0 13.8677 20.7917 0.269768 0 0 0
500.00 1203.15 23.766148 49.979252 -303096.734175 7.192335 27.170030 cpx Na0.02Ca0.84Fe''0.25Mg0.77Fe'''0.06Ti0.03Al0.17Si1.86O6 49.842 1.15819 3.9512 2.03666 8.06983 0 13.7646 20.9087 0.268877 0 0 0
500.00 1193.15 23.587475 49.352202 -301036.832900 7.133582 26.922171 cpx Na0.02Ca0.84Fe''0.25Mg0.76Fe'''0.06Ti0.03Al0.17Si1.86O6 49.8014 1.20507 3.94422 1.99592 8.09462 0 13.665 21.0256 0.268121 0 0 0
500.00 1183.15 23.413092 48.737141 -299048.506414 7.076253 26.680264 cpx Na0.02Ca0.85Fe''0.25Mg0.76Fe'''0.06Ti0.04Al0.17Si1.86O6 49.7544 1.25623 3.94502 1.95634 8.10991 0 13.5686 21.142 0.267548 0 0 0
500.00 1173.15 23.244659 48.137274 -297149.097951 7.020804 26.446014 cpx Na0.02Ca0.85Fe''0.25Mg0.75Fe'''0.05Ti0.04Al0.17Si1.86O6 49.7004 1.31202 3.95344 1.91803 8.11691 0 13.4746 21.2574 0.26719 0 0 0
500.00 1163.15 23.083400 47.554817 -295350.502153 6.967553 26.220599 cpx Na0.02Ca0.86Fe''0.25Mg0.75Fe'''0.05Ti0.04Al0.18Si1.86O6 49.6387 1.37295 3.96958 1.88113 8.11677 0 13.3822 21.3717 0.267074 0 0 0
500.00 1153.15 22.930251 46.991334 -293661.100968 6.916728 26.004852 cpx Na0.02Ca0.86Fe''0.25Mg0.74Fe'''0.05Ti0.04Al0.18Si1.86O6 49.568 1.43971 3.99379 1.84582 8.11059 0 13.2904 21.4846 0.26722 0 0 0
500.00 1143.15 22.768499 46.416768 -291765.016588 6.864839 25.782510 cpx Na0.02Ca0.86Fe''0.26Mg0.74Fe'''0.05Ti0.04Al0.17Si1.86O6 49.5995 1.42196 3.95719 1.80497 8.17162 0 13.2202 21.5596 0.264982 0 0 0
500.00 1133.15 22.660991 45.960148 -290899.318490 6.831719 25.633152 cpx Na0.02Ca0.87Fe''0.25Mg0.74Fe'''0.05Ti0.04Al0.17Si1.86O6 49.6179 1.43118 3.96383 1.76258 8.09246 0 13.2045 21.6609 0.266649 0 0 0
500.00 1123.15 22.575059 45.549472 -290411.431292 6.805784 25.511643 cpx Na0.02Ca0.87Fe''0.25Mg0.74Fe'''0.05Ti0.04Al0.18Si1.86O6 49.6291 1.45183 3.98575 1.71967 7.96901 0 13.2066 21.7684 0.269652 0 0 0

feldspar_0 thermodynamic data and composition:
Pressure Temperature mass S H V Cp formula SiO2 TiO2 Al2O3 Fe2O3 FeO MnO MgO CaO Na2O K2O P2O5 H2O
500.00 1413.15 1.932698 4.611444 -26818.417386 0.720595 2.367181 K0.00Na0.17Ca0.83Al1.83Si2.17O8 47.3025 0 33.8728 0 0 0 0 16.908 1.87802 0.0386052 0 0
500.00 1403.15 4.883829 11.619549 -67817.373095 1.821773 5.976550 K0.00Na0.18Ca0.82Al1.82Si2.18O8 47.5331 0 33.7167 0 0 0 0 16.7254 1.98248 0.042344 0 0
500.00 1393.15 7.673029 18.201810 -106625.735027 2.863446 9.381486 K0.00Na0.18Ca0.81Al1.81Si2.19O8 47.7501 0 33.5697 0 0 0 0 16.5535 2.08064 0.0461459 0 0
500.00 1383.15 10.098057 23.882877 -140426.006641 3.770045 12.335400 K0.00Na0.19Ca0.80Al1.80Si2.20O8 47.9665 0 33.423 0 0 0 0 16.382 2.17847 0.0500005 0 0
500.00 1373.15 12.227683 28.832141 -170164.134414 4.567079 14.923346 K0.00Na0.20Ca0.79Al1.79Si2.21O8 48.1828 0 33.2764 0 0 0 0 16.2106 2.27626 0.0539023 0 0
500.00 1363.15 14.114704 33.179657 -196566.375531 5.274141 17.210621 K0.00Na0.21Ca0.79Al1.79Si2.21O8 48.3998 0 33.1294 0 0 0 0 16.0387 2.37429 0.0578445 0 0
500.00 1353.15 15.801727 37.030223 -220219.030682 5.907053 19.249889 K0.00Na0.22Ca0.78Al1.78Si2.22O8 48.618 0 32.9815 0 0 0 0 15.8658 2.47288 0.0618196 0 0
500.00 1343.15 18.466623 43.173581 -257506.286439 6.911230 22.479523 K0.00Na0.24Ca0.76Al1.76Si2.24O8 49.0824 0 32.6687 0 0 0 0 15.4994 2.68769 0.061851 0 0
500.00 1333.15 20.182136 47.041022 -281622.712541 7.557515 24.545570 K0.00Na0.25Ca0.75Al1.75Si2.25O8 49.3474 0 32.4894 0 0 0 0 15.2895 2.80823 0.065394 0 0
500.00 1323.15 23.898167 55.604791 -333608.240783 8.965193 29.046661 K0.00Na0.28Ca0.72Al1.72Si2.28O8 50.0327 0 32.025 0 0 0 0 14.7465 3.11791 0.0778229 0 0
500.00 1313.15 28.303703 65.755059 -395226.064964 10.640129 34.381081 K0.01Na0.31Ca0.69Al1.69Si2.31O8 50.8179 0 31.491 0 0 0 0 14.1227 3.46757 0.100868 0 0
500.00 1303.15 31.992019 74.183547 -446882.973855 12.048513 38.835400 K0.01Na0.33Ca0.66Al1.66Si2.34O8 51.5116 0 31.0175 0 0 0 0 13.5702 3.77226 0.128352 0 0
500.00 1293.15 34.951369 80.857549 -488424.436046 13.182151 42.395310 K0.01Na0.35Ca0.64Al1.64Si2.36O8 52.0836 0 30.6257 0 0 0 0 13.1136 4.0197 0.157441 0 0
500.00 1283.15 37.362359 86.199679 -522370.262726 14.107236 45.493299 K0.01Na0.37Ca0.62Al1.62Si2.38O8 52.5443 0 30.3086 0 0 0 0 12.7444 4.2151 0.187538 0 0
500.00 1273.15 39.379585 90.576798 -550868.995541 14.881542 47.914980 K0.01Na0.38Ca0.60Al1.60Si2.40O8 52.9144 0 30.0522 0 0 0 0 12.4466 4.36758 0.219275 0 0
500.00 1263.15 41.078363 94.170155 -574964.243593 15.533172 49.940600 K0.01Na0.39Ca0.59Al1.59Si2.41O8 53.2065 0 29.8479 0 0 0 0 12.2098 4.48283 0.253002 0 0
500.00 1253.15 42.453473 96.973980 -594579.742690 16.059724 51.564662 K0.02Na0.40Ca0.58Al1.58Si2.42O8 53.4258 0 29.6926 0 0 0 0 12.0305 4.56432 0.28683 0 0
500.00 1243.15 43.569233 99.145423 -610605.011023 16.485860 52.866915 K0.02Na0.41Ca0.58Al1.58Si2.42O8 53.5888 0 29.5752 0 0 0 0 11.8956 4.61985 0.320568 0 0
500.00 1233.15 44.480600 100.818616 -623799.833814 16.832798 53.915572 K0.02Na0.41Ca0.57Al1.57Si2.43O8 53.7098 0 29.4861 0 0 0 0 11.7939 4.65602 0.354173 0 0
500.00 1223.15 45.232581 102.103151 -634786.461656 17.117981 54.766515 K0.02Na0.41Ca0.57Al1.57Si2.43O8 53.8001 0 29.4178 0 0 0 0 11.7164 4.67801 0.387713 0 0
500.00 1213.15 45.860724 103.085335 -644056.345799 17.355216 55.463879 K0.02Na0.41Ca0.56Al1.56Si2.44O8 53.8682 0 29.3643 0 0 0 0 11.6565 4.68971 0.42132 0 0
500.00 1203.15 46.392474 103.831622 -651989.006260 17.555173 56.041749 K0.03Na0.41Ca0.56Al1.56Si2.44O8 53.9205 0 29.3215 0 0 0 0 11.6089 4.69395 0.455152 0 0
500.00 1193.15 46.848803 104.392633 -658874.423835 17.726010 56.526183 K0.03Na0.41Ca0.56Al1.56Si2.44O8 53.9616 0 29.2861 0 0 0 0 11.5701 4.69281 0.489369 0 0
500.00 1183.15 47.245684 104.806821 -664933.537140 17.873941 56.937059 K0.03Na0.41Ca0.56Al1.56Si2.44O8 53.995 0 29.2558 0 0 0 0 11.5373 4.68776 0.524126 0 0
500.00 1173.15 47.595305 105.103432 -670334.887589 18.003708 57.289585 K0.03Na0.41Ca0.56Al1.56Si2.44O8 54.0231 0 29.2289 0 0 0 0 11.5086 4.67987 0.559567 0 0
500.00 1163.15 47.906985 105.304769 -675207.328819 18.118936 57.595445 K0.03Na0.41Ca0.56Al1.56Si2.44O8 54.0478 0 29.2041 0 0 0 0 11.4823 4.66992 0.595827 0 0
500.00 1153.15 48.187854 105.427861 -679649.412452 18.222400 57.863660 K0.04Na0.41Ca0.56Al1.56Si2.44O8 54.0705 0 29.1804 0 0 0 0 11.4575 4.65848 0.633034 0 0
500.00 1143.15 48.614984 105.859761 -686108.876478 18.381597 58.304130 K0.04Na0.41Ca0.55Al1.55Si2.45O8 54.0963 0 29.1498 0 0 0 0 11.4263 4.63575 0.691843 0 0
500.00 1133.15 48.717626 105.571247 -688102.717278 18.416458 58.360903 K0.04Na0.41Ca0.55Al1.55Si2.45O8 54.102 0 29.1425 0 0 0 0 11.4189 4.62923 0.707342 0 0
500.00 1123.15 48.714005 105.046077 -688635.112479 18.410591 58.293508 K0.04Na0.41Ca0.55Al1.55Si2.45O8 54.101 0 29.1432 0 0 0 0 11.4197 4.62871 0.707394 0 0

spinel_0 thermodynamic data and composition:
Pressure Temperature mass S H V Cp formula SiO2 TiO2 Al2O3 Fe2O3 FeO MnO MgO CaO Na2O K2O P2O5 H2O
500.00 1343.15 6.096736 12.787070 -36105.570700 1.328648 5.794537 Fe''0.92Mg0.35Fe'''1.17Al0.29Cr0.00Ti0.27O4 0 10.2152 7.10661 44.4877 31.5409 0 6.64956 0 0 0 0 0
500.00 1333.15 6.820225 14.237449 -40090.009132 1.482154 6.462046 Fe''0.94Mg0.34Fe'''1.18Al0.28Cr0.00Ti0.27O4 0 10.3012 6.79692 44.5664 31.9072 0 6.42826 0 0 0 0 0
500.00 1323.15 7.563472 15.705132 -43937.437516 1.637211 7.135461 Fe''0.96Mg0.32Fe'''1.18Al0.26Cr0.00Ti0.28O4 0 10.56 6.27639 44.5034 32.557 0 6.10318 0 0 0 0 0
500.00 1313.15 8.364527 17.276148 -48056.458755 1.804021 7.860747 Fe''0.98Mg0.31Fe'''1.19Al0.24Cr0.00Ti0.28O4 0 10.6721 5.8424 44.6394 33.0355 0 5.81056 0 0 0 0 0
500.00 1303.15 8.880254 18.244166 -50484.797827 1.908499 8.314681 Fe''1.00Mg0.29Fe'''1.20Al0.23Cr0.00Ti0.29O4 0 10.769 5.44687 44.7616 33.5004 0 5.52207 0 0 0 0 0
500.00 1293.15 9.157273 18.715090 -51555.562388 1.961386 8.543800 Fe''1.01Mg0.28Fe'''1.20Al0.21Cr0.00Ti0.29O4 0 10.9043 5.07685 44.7821 33.999 0 5.23769 0 0 0 0 0
500.00 1283.15 9.282457 18.874006 -51807.767551 1.981911 8.631828 Fe''1.03Mg0.26Fe'''1.20Al0.20Cr0.00Ti0.30O4 0 11.0723 4.73759 44.7095 34.5156 0 4.96504 0 0 0 0 0
500.00 1273.15 9.303876 18.822946 -51529.820811 1.980623 8.624622 Fe''1.05Mg0.25Fe'''1.20Al0.19Cr0.00Ti0.30O4 0 11.2785 4.42362 44.5399 35.0536 0 4.70438 0 0 0 0 0
500.00 1263.15 9.248081 18.618580 -50881.829070 1.963382 8.547608 Fe''1.07Mg0.24Fe'''1.20Al0.18Cr0.00Ti0.31O4 0 11.5231 4.13337 44.2759 35.6103 0 4.45738 0 0 0 0 0
500.00 1253.15 9.145534 18.324539 -50044.777843 1.936891 8.430062 Fe''1.09Mg0.23Fe'''1.20Al0.17Cr0.00Ti0.32O4 0 11.7778 3.87765 43.9641 36.1468 0 4.23364 0 0 0 0 0
500.00 1243.15 9.014854 17.978741 -49113.408797 1.905077 8.289128 Fe''1.11Mg0.22Fe'''1.19Al0.16Cr0.00Ti0.33O4 0 12.0351 3.65238 43.6235 36.6571 0 4.03192 0 0 0 0 0
500.00 1233.15 8.868391 17.605888 -48145.236082 1.870488 8.135955 Fe''1.13Mg0.21Fe'''1.18Al0.15Cr0.00Ti0.34O4 0 12.2891 3.45311 43.2692 37.1387 0 3.84985 0 0 0 0 0
500.00 1223.15 8.714041 17.221474 -47173.447386 1.834714 7.977521 Fe''1.14Mg0.20Fe'''1.17Al0.14Cr0.00Ti0.34O4 0 12.5359 3.27566 42.9124 37.5913 0 3.68472 0 0 0 0 0
500.00 1213.15 8.556612 16.834719 -46215.625919 1.798692 7.817962 Fe''1.16Mg0.19Fe'''1.17Al0.13Cr0.00Ti0.35O4 0 12.7728 3.11642 42.561 38.0158 0 3.53395 0 0 0 0 0
500.00 1203.15 8.398829 16.450677 -45279.547222 1.762930 7.659530 Fe''1.17Mg0.18Fe'''1.16Al0.13Cr0.00Ti0.36O4 0 12.9982 2.97241 42.2204 38.4138 0 3.39521 0 0 0 0 0
500.00 1193.15 8.242026 16.071680 -44366.884139 1.727652 7.503240 Fe''1.19Mg0.18Fe'''1.15Al0.12Cr0.00Ti0.36O4 0 13.2112 2.84117 41.8941 38.787 0 3.26651 0 0 0 0 0
500.00 1183.15 8.086608 15.698275 -43475.486363 1.692899 7.349296 Fe''1.20Mg0.17Fe'''1.14Al0.12Cr0.00Ti0.37O4 0 13.4113 2.72071 41.5845 39.1373 0 3.14616 0 0 0 0 0
500.00 1173.15 7.932348 15.329822 -42600.729296 1.658585 7.197358 Fe''1.21Mg0.17Fe'''1.14Al0.11Cr0.00Ti0.37O4 0 13.5983 2.60943 41.2932 39.4663 0 3.03275 0 0 0 0 0
500.00 1163.15 7.778562 14.964852 -41736.264430 1.624538 7.046701 Fe''1.22Mg0.16Fe'''1.13Al0.11Cr0.00Ti0.38O4 0 13.7721 2.50599 41.0213 39.7755 0 2.9251 0 0 0 0 0
500.00 1153.15 7.624215 14.601267 -40874.375652 1.590517 6.896303 Fe''1.23Mg0.15Fe'''1.13Al0.10Cr0.00Ti0.38O4 0 13.9326 2.40932 40.7696 40.0663 0 2.82218 0 0 0 0 0
500.00 1143.15 7.264389 13.836805 -38719.060937 1.512229 6.560470 Fe''1.23Mg0.15Fe'''1.15Al0.10Cr0.00Ti0.38O4 0 13.6093 2.35617 41.3746 39.9888 0 2.67113 0 0 0 0 0
500.00 1133.15 7.142638 13.534344 -37910.376126 1.484432 6.442934 Fe''1.23Mg0.14Fe'''1.16Al0.10Cr0.00Ti0.37O4 0 13.2599 2.33522 42.0237 39.8024 0 2.57877 0 0 0 0 0
500.00 1123.15 7.101350 13.386982 -37557.531906 1.473677 6.398963 Fe''1.22Mg0.14Fe'''1.18Al0.10Cr0.00Ti0.36O4 0 12.9201 2.32198 42.6558 39.5965 0 2.5057 0 0 0 0 0

rhm-oxide_0 thermodynamic data and composition:
Pressure Temperature mass S H V Cp formula SiO2 TiO2 Al2O3 Fe2O3 FeO MnO MgO CaO Na2O K2O P2O5 H2O
500.00 1143.15 0.180729 0.336634 -1353.581311 0.039080 0.164671 Mn0.05Fe''0.73Mg0.11Fe'''0.22Ti0.89O3 0 47.6821 0 11.7379 35.2534 2.43188 2.89476 0 0 0 0 0
500.00 1133.15 0.269811 0.500218 -2021.935710 0.058307 0.245570 Mn0.05Fe''0.74Mg0.11Fe'''0.22Ti0.89O3 0 47.7223 0 11.6171 35.4213 2.40091 2.83844 0 0 0 0 0
500.00 1123.15 0.324834 0.599427 -2436.823501 0.070167 0.295340 Mn0.05Fe''0.74Mg0.10Fe'''0.21Ti0.89O3 0 47.7774 0 11.4858 35.5689 2.36294 2.80496 0 0 0 0 0

water thermodynamic data and composition:
Pressure Temperature mass S H V Cp formula
500.00 1323.15 0.120713 1.283291 -1368.285141 1.452887 0.338042 H2O
500.00 1313.15 0.287499 3.050278 -3266.870231 3.428553 0.805606 H2O
500.00 1303.15 0.422925 4.478044 -4817.578502 4.996656 1.185936 H2O
500.00 1293.15 0.526607 5.564476 -6013.401786 6.162945 1.477889 H2O
500.00 1283.15 0.608737 6.419043 -6968.342930 7.056004 1.709977 H2O
500.00 1273.15 0.676678 7.120592 -7765.097409 7.767461 1.902831 H2O
500.00 1263.15 0.733837 7.705785 -8441.661008 8.340698 2.065996 H2O
500.00 1253.15 0.780199 8.175151 -8996.967308 8.779099 2.199405 H2O
500.00 1243.15 0.817986 8.552602 -9455.783854 9.110982 2.309280 H2O
500.00 1233.15 0.849000 8.857500 -9838.287154 9.359074 2.400684 H2O
500.00 1223.15 0.874697 9.105442 -10160.827309 9.541514 2.477714 H2O
500.00 1213.15 0.896231 9.308743 -10436.382424 9.672509 2.543625 H2O
500.00 1203.15 0.914500 9.476983 -10675.094531 9.763033 2.600966 H2O
500.00 1193.15 0.930199 9.617566 -10884.838048 9.821516 2.651725 H2O
500.00 1183.15 0.943868 9.736225 -11071.734363 9.854435 2.697459 H2O
500.00 1173.15 0.955930 9.837423 -11240.574088 9.866801 2.739396 H2O
500.00 1163.15 0.966715 9.924669 -11395.145502 9.862516 2.778523 H2O
500.00 1153.15 0.976491 10.000754 -11538.483727 9.844654 2.815645 H2O
500.00 1143.15 0.990043 10.114639 -11727.212320 9.861196 2.864660 H2O
500.00 1133.15 0.993295 10.122562 -11794.524916 9.772208 2.884894 H2O
500.00 1123.15 0.993295 10.096939 -11823.431787 9.649887 2.896639 H2O

olivine_0 thermodynamic data and composition:
Pressure Temperature mass S H V Cp formula SiO2 TiO2 Al2O3 Fe2O3 FeO MnO MgO CaO Na2O K2O P2O5 H2O
500.00 1413.15 0.956919 2.269266 -11635.840776 0.289746 1.176354 (Ca0.01Mg0.81Fe''0.18Mn0.00Co0.00Ni0.00)2SiO4 39.3816 0 0 0 17.0941 0.350338 42.7177 0.456306 0 0 0 0
500.00 1403.15 1.679666 3.961656 -20225.971320 0.505874 2.053210 (Ca0.01Mg0.80Fe''0.19Mn0.00Co0.00Ni0.00)2SiO4 39.1647 0 0 0 18.2303 0.388573 41.7867 0.42976 0 0 0 0
500.00 1393.15 2.580063 6.052484 -30777.096772 0.773075 3.136537 (Ca0.01Mg0.79Fe''0.21Mn0.00Co0.00Ni0.00)2SiO4 38.956 0 0 0 19.3198 0.423272 40.8876 0.413315 0 0 0 0
500.00 1383.15 3.424278 7.988490 -40445.054546 1.020590 4.139160 (Ca0.01Mg0.77Fe''0.22Mn0.01Co0.00Ni0.00)2SiO4 38.7395 0 0 0 20.4499 0.458325 39.9544 0.39788 0 0 0 0
500.00 1373.15 4.238007 9.830752 -49535.425784 1.256152 5.092495 (Ca0.01Mg0.76Fe''0.23Mn0.01Co0.00Ni0.00)2SiO4 38.5142 0 0 0 21.6264 0.493635 38.9825 0.383394 0 0 0 0
500.00 1363.15 5.044419 11.633128 -58311.224075 1.486574 6.024176 (Ca0.01Mg0.74Fe''0.25Mn0.01Co0.00Ni0.00)2SiO4 38.279 0 0 0 22.8546 0.529043 37.9675 0.369806 0 0 0 0
500.00 1353.15 5.865248 13.444888 -67006.535355 1.718080 6.959431 (Ca0.01Mg0.73Fe''0.27Mn0.01Co0.00Ni0.00)2SiO4 38.0332 0 0 0 24.1391 0.564299 36.9064 0.357085 0 0 0 0
500.00 1343.15 4.522474 10.357925 -52561.063978 1.333195 5.396261 (Ca0.00Mg0.75Fe''0.24Mn0.01Co0.00Ni0.00)2SiO4 38.3404 0 0 0 22.3388 0.75114 38.2466 0.323094 0 0 0 0
500.00 1333.15 4.710117 10.740191 -54614.312749 1.385766 5.605907 (Ca0.00Mg0.74Fe''0.25Mn0.01Co0.00Ni0.00)2SiO4 38.2744 0 0 0 22.6331 0.820113 37.9655 0.306898 0 0 0 0
500.00 1323.15 4.997790 11.339513 -57603.899195 1.465170 5.923554 (Ca0.00Mg0.73Fe''0.25Mn0.01Co0.00Ni0.00)2SiO4 38.1361 0 0 0 23.2368 0.967764 37.3698 0.28962 0 0 0 0
500.00 1313.15 3.045349 6.875510 -34845.203260 0.889142 3.591413 (Ca0.00Mg0.72Fe''0.26Mn0.02Co0.00Ni0.00)2SiO4 37.9652 0 0 0 23.7445 1.38325 36.6256 0.281339 0 0 0 0
500.00 1303.15 1.648677 3.702817 -18687.669931 0.478972 1.932491 (Ca0.00Mg0.71Fe''0.27Mn0.02Co0.00Ni0.00)2SiO4 37.7498 0 0 0 24.3 1.98987 35.6836 0.276821 0 0 0 0
500.00 1293.15 1.027228 2.294228 -11513.308009 0.296723 1.195706 (Ca0.00Mg0.69Fe''0.28Mn0.03Co0.00Ni0.00)2SiO4 37.4983 0 0 0 24.9351 2.70973 34.5833 0.273526 0 0 0 0
500.00 1283.15 0.812030 1.802935 -8987.643555 0.233098 0.938088 (Ca0.00Mg0.67Fe''0.29Mn0.04Co0.00Ni0.00)2SiO4 37.2228 0 0 0 25.6244 3.50477 33.3771 0.271002 0 0 0 0
500.00 1273.15 0.800733 1.766851 -8740.960630 0.228309 0.917558 (Ca0.00Mg0.65Fe''0.30Mn0.05Co0.00Ni0.00)2SiO4 36.9256 0 0 0 26.3642 4.36558 32.0756 0.269134 0 0 0 0
500.00 1263.15 0.890528 1.952281 -9578.077989 0.252111 1.011774 (Ca0.00Mg0.63Fe''0.31Mn0.06Co0.00Ni0.00)2SiO4 36.6125 0 0 0 27.142 5.2735 30.7044 0.267694 0 0 0 0
500.00 1253.15 1.007697 2.194687 -10681.609265 0.283303 1.135359 (Ca0.00Mg0.61Fe''0.32Mn0.07Co0.00Ni0.00)2SiO4 36.309 0 0 0 27.8963 6.15319 29.3756 0.265803 0 0 0 0
500.00 1243.15 1.121186 2.425854 -11719.876913 0.313118 1.253116 (Ca0.00Mg0.59Fe''0.33Mn0.08Co0.00Ni0.00)2SiO4 36.0214 0 0 0 28.6124 6.98678 28.1162 0.263255 0 0 0 0
500.00 1233.15 1.219406 2.621166 -12579.693313 0.338410 1.352527 (Ca0.00Mg0.57Fe''0.34Mn0.09Co0.00Ni0.00)2SiO4 35.7522 0 0 0 29.2832 7.76636 26.9383 0.259977 0 0 0 0
500.00 1223.15 1.299598 2.775495 -13242.553440 0.358538 1.431111 (Ca0.00Mg0.55Fe''0.35Mn0.10Co0.00Ni0.00)2SiO4 35.5021 0 0 0 29.9076 8.49052 25.8438 0.255976 0 0 0 0
500.00 1213.15 1.362650 2.891549 -13726.116085 0.373854 1.490361 (Ca0.00Mg0.53Fe''0.36Mn0.11Co0.00Ni0.00)2SiO4 35.2701 0 0 0 30.4876 9.16157 24.8294 0.251314 0 0 0 0
500.00 1203.15 1.410717 2.974610 -14058.573696 0.385033 1.533038 (Ca0.00Mg0.51Fe''0.37Mn0.12Co0.00Ni0.00)2SiO4 35.0549 0 0 0 31.027 9.78365 23.8884 0.246072 0 0 0 0
500.00 1193.15 1.446199 3.030316 -14268.348007 0.392790 1.562043 (Ca0.00Mg0.50Fe''0.38Mn0.13Co0.00Ni0.00)2SiO4 34.8546 0 0 0 31.5304 10.3616 23.013 0.240341 0 0 0 0
500.00 1183.15 1.471334 3.063821 -14380.503663 0.397776 1.579999 (Ca0.00Mg0.48Fe''0.39Mn0.13Co0.00Ni0.00)2SiO4 34.6675 0 0 0 32.0024 10.9002 22.1956 0.234212 0 0 0 0
500.00 1173.15 1.488074 3.079542 -14415.938827 0.400543 1.589141 (Ca0.00Mg0.47Fe''0.39Mn0.14Co0.00Ni0.00)2SiO4 34.4919 0 0 0 32.4477 11.4042 21.4284 0.227766 0 0 0 0
500.00 1163.15 1.498066 3.081160 -14391.631724 0.401553 1.591317 (Ca0.00Mg0.45Fe''0.40Mn0.15Co0.00Ni0.00)2SiO4 34.3261 0 0 0 32.8707 11.8777 20.7044 0.221079 0 0 0 0
500.00 1153.15 1.502679 3.071697 -14321.221996 0.401182 1.588037 (Ca0.00Mg0.44Fe''0.41Mn0.15Co0.00Ni0.00)2SiO4 34.1686 0 0 0 33.2755 12.3244 20.0173 0.214218 0 0 0 0
500.00 1143.15 1.512628 3.072668 -14296.159921 0.402179 1.590425 (Ca0.00Mg0.43Fe''0.42Mn0.16Co0.00Ni0.00)2SiO4 34.0118 0 0 0 33.8605 12.5841 19.3358 0.207733 0 0 0 0
500.00 1133.15 1.508921 3.049454 -14234.691478 0.400556 1.582707 (Ca0.00Mg0.42Fe''0.42Mn0.16Co0.00Ni0.00)2SiO4 33.9647 0 0 0 34.0826 12.6198 19.1343 0.19866 0 0 0 0
500.00 1123.15 1.501579 3.020011 -14166.528322 0.398274 1.572422 (Ca0.00Mg0.42Fe''0.42Mn0.16Co0.00Ni0.00)2SiO4 33.9496 0 0 0 34.1868 12.6017 19.0727 0.18908 0 0 0 0
