Title: Hr

System Thermodynamic Data:
Pressure Temperature mass F phi S H V dVdP*10^6 dVdT*10^6 Cp logfO2(absolute) logfO2-NNO rhol rhos viscosity aH2O chisqr
500.00 1523.15 100.111287 0.9979712370608289 0.932201 288.997004 -1191019.595185 42.444265 -6206.619803 6984.898281 152.019731 -7.007 0.000 2.525064 0.070579 1.570 0.999806 0.000
500.00 1513.15 100.111922 0.9980142260232535 0.933934 287.995898 -1192550.560223 42.322344 -6047.618137 6945.754546 152.016378 -7.116 0.000 2.527765 0.071100 1.606 0.999803 0.000
500.00 1503.15 100.112597 0.9980580203945340 0.935683 286.988202 -1194082.125811 42.200260 -5887.988415 6905.674005 152.013215 -7.225 0.000 2.530466 0.071630 1.643 0.9998 0.000
500.00 1493.15 100.113312 0.9981026403351466 0.937449 285.973824 -1195614.316056 42.078014 -5727.720402 6864.626861 152.010248 -7.336 0.000 2.533169 0.072169 1.680 0.999796 0.000
500.00 1483.15 100.114069 0.9981481066096360 0.939231 284.952672 -1197147.156061 41.955609 -5566.803749 6822.581908 152.007482 -7.449 0.000 2.535873 0.072718 1.717 0.999792 0.000
500.00 1473.15 100.114869 0.9981944407428904 0.941031 283.939729 -1198658.406350 41.833045 -5405.227631 6779.506321 148.751860 -7.563 0.000 2.538577 0.073277 1.755 0.999788 0.000
500.00 1463.15 100.115713 0.9982416651980067 0.942847 282.926929 -1200160.048210 41.710326 -5242.980348 6735.365429 148.741107 -7.679 0.000 2.541282 0.073846 1.794 0.999784 0.000
500.00 1453.15 100.116603 0.9982898027159110 0.944681 281.907278 -1201662.330110 41.587455 -5080.051171 6690.123233 148.730024 -7.796 0.000 2.543988 0.074425 1.833 0.99978 0.000
500.00 1443.15 100.117541 0.9983388766842433 0.946533 280.880681 -1203165.275638 41.464434 -4916.429397 6643.742000 148.718608 -7.915 0.000 2.546694 0.075015 1.872 0.999775 0.000
500.00 1433.15 100.118527 0.9983889111841156 0.948402 279.847042 -1204668.909529 41.341268 -4752.104293 6596.182123 148.706857 -8.035 0.000 2.549400 0.075616 1.912 0.999771 0.000
500.00 1423.15 100.119564 0.9984399310070469 0.950289 278.806262 -1206173.257725 41.217960 -4587.065123 6547.402013 148.694764 -8.157 0.000 2.552107 0.076229 1.953 0.999766 0.000
500.00 1413.15 100.120653 0.9984919616726798 0.952194 277.758241 -1207678.347436 41.094516 -4421.301172 6497.357980 148.682328 -8.281 0.000 2.554813 0.076854 1.994 0.999761 0.000
500.00 1403.15 100.120832 0.9950768183437297 0.951059 276.605226 -1209304.939207 40.981552 -4296.309968 6453.943175 148.487634 -8.407 0.000 2.556144 0.245757 2.045 0.999762 0.000
500.00 1393.15 99.775271 0.9881838609936049 0.945549 274.443746 -1206958.122790 40.804028 -4313.239979 6445.345667 147.549649 -8.535 0.000 2.555487 0.530627 2.112 0.99977 0.000
500.00 1383.15 98.750519 0.9448780579084124 0.893746 269.537154 -1197800.062261 40.905503 -5967.873372 6991.684559 144.304530 -8.664 0.000 2.552228 1.252377 2.190 0.999749 0.000
500.00 1373.15 93.528585 0.9472997359400135 0.876821 255.364211 -1134172.684320 39.647377 -7396.113043 7420.617751 136.398611 -8.795 0.000 2.548627 1.009268 2.270 0.999747 0.000
500.00 1363.15 88.876132 0.9156823758448528 0.813938 242.077454 -1078625.753110 39.242167 -10356.317846 8426.439342 128.520453 -8.929 0.000 2.547920 1.026343 2.349 0.999732 0.000
500.00 1353.15 81.779121 0.9040058151438245 0.761842 223.114608 -989153.856902 38.068817 -13619.811964 9558.697457 117.647711 -9.064 0.000 2.549055 0.865871 2.428 0.999723 0.000
500.00 1343.15 74.613367 0.7831287533233377 0.630570 201.724247 -901302.824367 37.538046 -18859.733668 11296.713565 103.783958 -9.201 0.000 2.468567 1.166849 2.929 0.99984 0.000
500.00 1333.15 59.221036 0.8765497363321066 0.628472 165.100892 -734400.522135 33.820900 -21436.717818 12143.069886 84.460948 -9.340 0.000 2.442203 0.581823 3.165 0.999879 0.000
500.00 1323.15 52.803357 0.8728997811217636 0.584017 148.637155 -660009.522556 32.620927 -23853.665176 13064.800089 75.321554 -9.481 0.000 2.419379 0.494580 3.384 0.999914 0.000
500.00 1313.15 47.084937 0.8759356765219911 0.546030 134.032842 -592205.110424 31.477753 -25908.149341 13892.211916 67.256802 -9.625 0.000 2.399573 0.408788 3.590 0.99995 0.000
500.00 1303.15 42.325401 0.8834437467606743 0.515337 121.875386 -535042.802393 30.455868 -27524.673107 14589.468315 60.588140 -9.771 0.000 2.382416 0.334215 3.781 0.999985 0.000
500.00 1293.15 38.547746 0.8883969683475218 0.488250 112.166509 -489532.499920 29.627280 -28822.361918 15195.477702 55.286020 -9.919 0.000 2.367402 0.283743 3.961 1.00002 0.000
500.00 1283.15 35.463521 0.8916161947456933 0.464296 104.195240 -452257.119566 28.928754 -29877.520231 15732.722296 50.964395 -10.069 0.000 2.354157 0.248023 4.130 1.00004 0.000
500.00 1273.15 32.891087 0.8936251975864492 0.443049 97.511964 -421068.358349 28.321844 -30741.745842 16215.687863 47.350484 -10.221 0.000 2.342397 0.221809 4.290 1.00007 0.000
500.00 1263.15 30.710005 0.8947756783358100 0.424153 91.817267 -394543.416214 27.781879 -31451.400252 16655.430901 44.287754 -10.376 0.000 2.331902 0.201989 4.442 1.00009 0.000
500.00 1253.15 28.837061 0.8952972587109795 0.407305 86.903325 -371700.360098 27.292463 -32033.277834 17059.933883 41.659785 -10.534 0.000 2.322498 0.186653 4.585 1.0001 0.000
500.00 1243.15 27.212316 0.8953457989976968 0.392253 82.619809 -351831.902943 26.842218 -32507.846420 17435.372530 39.382382 -10.694 0.000 2.314046 0.174574 4.721 1.00011 0.000
500.00 1233.15 25.791101 0.8950301890850153 0.378779 78.854256 -334410.483007 26.422959 -32891.206689 17786.684795 37.392622 -10.857 0.000 2.306431 0.164933 4.851 1.00012 0.000
500.00 1223.15 24.539171 0.8944290353953941 0.366700 75.520145 -319030.947658 26.028613 -33196.319570 18117.926237 35.642178 -11.022 0.000 2.299558 0.157161 4.974 1.00013 0.000
500.00 1213.15 23.429657 0.8936010956352709 0.355857 72.549384 -305374.664618 25.654550 -33433.804167 18432.499705 34.093100 -11.190 0.000 2.293345 0.150854 5.092 1.00013 0.000
500.00 1203.15 22.441080 0.8925917883738811 0.346116 69.887401 -293186.233582 25.297160 -33612.477611 18733.309882 32.715053 -11.361 0.000 2.287725 0.145716 5.204 1.00013 0.000
500.00 1193.15 21.556015 0.8914372661944338 0.337357 67.489819 -282257.821000 24.953574 -33739.735324 19022.871882 31.483437 -11.534 0.000 2.282638 0.141526 5.311 1.00012 0.000
500.00 1183.15 20.760149 0.8901669927808089 0.329479 65.320124 -272418.248545 24.621475 -33821.829115 19303.390940 30.378075 -11.711 0.000 2.278033 0.138114 5.414 1.00012 0.000
500.00 1173.15 20.041599 0.8882840179635075 0.322224 63.347031 -263526.023070 24.299562 -33866.293622 19577.720552 29.375803 -11.890 0.000 2.273670 0.135945 5.516 1.00011 0.000
500.00 1163.15 19.381106 0.8864202650745833 0.315628 61.525734 -255344.469447 23.982817 -33876.548658 19847.166857 28.454486 -12.073 0.000 2.269568 0.134118 5.619 1.0001 0.000
500.00 1153.15 18.772866 0.8849568373903558 0.309753 59.841371 -247803.816799 23.670291 -33854.640467 20112.586357 27.610934 -12.259 0.000 2.265859 0.132185 5.717 1.0001 0.000
500.00 1143.15 18.219582 0.8834498875301662 0.304494 58.296623 -240940.605080 23.364174 -33804.104730 20375.522407 26.846280 -12.448 0.000 2.262512 0.130677 5.810 1.00009 0.000
500.00 1133.15 17.714734 0.8819143966333829 0.299796 56.874781 -234675.753953 23.063396 -33727.984725 20637.381720 26.151381 -12.641 0.000 2.259499 0.129534 5.900 1.00008 0.000
500.00 1123.15 17.252776 0.8803632160351358 0.295612 55.561606 -228941.889731 22.767043 -33628.910614 20899.483321 25.518498 -12.837 0.000 2.256795 0.128708 5.986 1.00007 0.000
500.00 1113.15 16.828968 0.8788074192913442 0.291902 54.344906 -223681.338799 22.474329 -33509.163490 21163.081931 24.941056 -13.036 0.000 2.254378 0.128160 6.068 1.00006 0.000
500.00 1103.15 16.439241 0.8772565910590532 0.288632 53.214190 -218844.517881 22.184570 -33370.728204 21429.388851 24.413452 -13.239 0.000 2.252229 0.127860 6.147 1.00005 0.000
500.00 1093.15 16.079144 0.8732607547940251 0.284903 52.150039 -214384.464634 21.907749 -33243.668847 21715.488443 23.920312 -13.446 0.000 2.249632 0.130080 6.241 1.00005 0.000
500.00 1083.15 15.708690 0.8714599561578361 0.281790 51.075970 -209804.657944 21.618616 -33098.825783 22005.618154 23.426098 -13.656 0.000 2.247159 0.130047 6.334 1.00004 0.000
500.00 1073.15 15.365900 0.8699580495769355 0.279159 50.072726 -205584.305973 21.330298 -32935.487337 22300.159317 22.974584 -13.871 0.000 2.244959 0.129959 6.423 1.00003 0.000
500.00 1063.15 15.052342 0.8684993290437724 0.276960 49.141748 -201730.999745 21.043754 -32755.367433 22600.559398 22.566529 -14.089 0.000 2.243022 0.130091 6.510 1.00002 0.000
500.00 1053.15 14.765166 0.8670895407037637 0.275169 48.275609 -198209.062946 20.758471 -32559.976392 22908.251226 22.198172 -14.312 0.000 2.241338 0.130426 6.595 1.00002 0.000
500.00 1043.15 14.501878 0.8657339231324687 0.273765 47.467793 -194987.411819 20.473986 -32350.646533 23224.712208 21.866303 -14.539 0.000 2.239898 0.130952 6.677 1.00001 0.000
500.00 1033.15 14.260296 0.8644371443635733 0.272731 46.712577 -192038.947302 20.189872 -32128.553921 23551.485370 21.568206 -14.770 0.000 2.238693 0.131656 6.757 1.00001 0.000
500.00 1023.15 14.038468 0.8537810499450788 0.268819 45.987770 -189356.904815 19.924318 -31956.204735 23931.664560 21.292090 -15.006 0.000 2.237811 0.140901 6.825 1 0.000

Title: Hr

Liquid Composition:
Pressure Temperature mass SiO2 TiO2 Al2O3 Fe2O3 FeO MnO MgO CaO Na2O K2O P2O5 H2O 
500.00 1523.15 99.908185 48.1759 1.39019 15.4529 2.44578 9.5283 0.193316 7.0922 11.1239 2.2703 0.333379 0.155731 1.83816
500.00 1513.15 99.913123 48.1735 1.39012 15.4521 2.452 9.52211 0.193307 7.09185 11.1234 2.27019 0.333362 0.155724 1.84238
500.00 1503.15 99.918180 48.171 1.39005 15.4513 2.45862 9.51557 0.193297 7.09149 11.1228 2.27007 0.333345 0.155716 1.84667
500.00 1493.15 99.923361 48.1685 1.38998 15.4505 2.46564 9.50865 0.193287 7.09112 11.1222 2.26995 0.333328 0.155708 1.85104
500.00 1483.15 99.928668 48.166 1.38991 15.4497 2.47306 9.50134 0.193277 7.09074 11.1217 2.26983 0.33331 0.155699 1.8555
500.00 1473.15 99.934106 48.1634 1.38983 15.4488 2.48092 9.49363 0.193266 7.09036 11.1211 2.26971 0.333292 0.155691 1.86004
500.00 1463.15 99.939676 48.1607 1.38975 15.448 2.48921 9.48552 0.193256 7.08996 11.1204 2.26958 0.333274 0.155682 1.86466
500.00 1453.15 99.945384 48.1579 1.38968 15.4471 2.49796 9.47698 0.193244 7.08956 11.1198 2.26945 0.333255 0.155673 1.86938
500.00 1443.15 99.951233 48.1551 1.38959 15.4462 2.50717 9.468 0.193233 7.08914 11.1191 2.26932 0.333235 0.155664 1.87418
500.00 1433.15 99.957227 48.1522 1.38951 15.4453 2.51687 9.45857 0.193222 7.08872 11.1185 2.26919 0.333215 0.155655 1.87908
500.00 1423.15 99.963370 48.1493 1.38943 15.4443 2.52707 9.44868 0.19321 7.08828 11.1178 2.26905 0.333195 0.155645 1.88407
500.00 1413.15 99.969667 48.1462 1.38934 15.4434 2.53778 9.4383 0.193198 7.08784 11.1171 2.2689 0.333174 0.155635 1.88916
500.00 1403.15 99.627919 48.1744 1.3941 15.4963 2.54828 9.41123 0.192875 6.96248 11.1538 2.27669 0.334317 0.156169 1.89934
500.00 1393.15 98.596313 48.2401 1.40634 15.6443 2.55798 9.37215 0.192637 6.66474 11.2088 2.30012 0.337815 0.157803 1.91732
500.00 1383.15 93.307199 48.2369 1.42956 16.2184 2.57416 9.58012 0.203336 6.19895 10.6587 2.42184 0.356964 0.166748 1.95426
500.00 1373.15 88.599604 48.2652 1.44349 16.7659 2.58581 9.76333 0.213859 5.75468 10.1229 2.54178 0.37593 0.175608 1.99159
500.00 1363.15 81.382308 48.4868 1.51281 16.7653 2.66932 10.1988 0.229145 5.30502 9.51798 2.69671 0.408078 0.191182 2.01885
500.00 1353.15 73.928801 48.8063 1.61306 16.4573 2.78795 10.7502 0.246028 4.87015 8.914 2.85871 0.447168 0.210457 2.03876
500.00 1343.15 58.431873 52.8682 1.16381 16.7255 2.22322 8.08761 0.30724 4.1325 8.07919 3.37993 0.561497 0.266273 2.20506
500.00 1333.15 51.910183 54.5768 1.05903 16.5352 2.07064 7.38177 0.339571 3.70869 7.50158 3.63261 0.628769 0.299726 2.2657
500.00 1323.15 46.092039 56.1565 0.977503 16.2155 1.9433 6.76102 0.382451 3.29011 7.03343 3.87998 0.703871 0.33756 2.31882
500.00 1313.15 41.243376 57.6543 0.915892 15.7809 1.83358 6.21077 0.427413 2.88925 6.66737 4.09788 0.781484 0.377244 2.36393
500.00 1303.15 37.392111 59.0471 0.861089 15.3237 1.73092 5.71474 0.471436 2.55415 6.3429 4.27942 0.856482 0.416099 2.402
500.00 1293.15 34.245701 60.3502 0.812011 14.8525 1.63433 5.26484 0.51475 2.27043 6.05352 4.42935 0.929283 0.454329 2.4345
500.00 1283.15 31.619849 61.5749 0.767795 14.3741 1.54304 4.85469 0.557497 2.02766 5.794 4.55156 1.00014 0.492059 2.46251
500.00 1273.15 29.392304 62.7301 0.727748 13.8938 1.45648 4.47924 0.599748 1.81811 5.56009 4.64932 1.06919 0.52935 2.48685
500.00 1263.15 27.478566 63.8223 0.69131 13.4157 1.37422 4.13445 0.641517 1.63588 5.34825 4.72552 1.13647 0.566217 2.50814
500.00 1253.15 25.817742 64.8569 0.658019 12.9432 1.29596 3.81702 0.682785 1.47641 5.15552 4.78269 1.20197 0.602641 2.52689
500.00 1243.15 24.364432 65.8381 0.627494 12.4789 1.22146 3.52425 0.723512 1.33607 4.97938 4.82313 1.26565 0.638588 2.54351
500.00 1233.15 23.083814 66.7695 0.599414 12.0247 1.15055 3.25381 0.763651 1.21198 4.81772 4.84887 1.32745 0.674014 2.55833
500.00 1223.15 21.948547 67.6544 0.573505 11.5821 1.08307 3.00374 0.80315 1.10176 4.66874 4.86176 1.38733 0.708877 2.57163
500.00 1213.15 20.936767 68.4955 0.549534 11.152 1.01891 2.77233 0.841962 1.00349 4.53091 4.86342 1.44525 0.743134 2.58364
500.00 1203.15 20.030724 69.2953 0.527298 10.735 0.957946 2.55805 0.880047 0.915566 4.40293 4.85532 1.50117 0.776748 2.59455
500.00 1193.15 19.215835 70.0564 0.506621 10.3316 0.900082 2.35958 0.917367 0.83664 4.28368 4.83875 1.55507 0.809688 2.60452
500.00 1183.15 18.479999 70.7807 0.487347 9.94193 0.845212 2.17569 0.953894 0.765588 4.17223 4.81485 1.60693 0.841928 2.6137
500.00 1173.15 17.802632 71.5059 0.469587 9.56933 0.792794 2.00556 0.990189 0.700874 4.04492 4.78677 1.65769 0.85409 2.6223
500.00 1163.15 17.179805 72.224 0.453124 9.21252 0.742928 1.84808 1.02609 0.641994 3.90745 4.75473 1.7071 0.851577 2.63039
500.00 1153.15 16.613176 72.9066 0.437624 8.86835 0.695896 1.70213 1.06108 0.588736 3.77871 4.71766 1.75437 0.850904 2.63794
500.00 1143.15 16.096088 73.5552 0.422995 8.53659 0.651574 1.56689 1.09517 0.540455 3.65821 4.67628 1.79951 0.852083 2.64503
500.00 1133.15 15.622879 74.1713 0.409156 8.21698 0.609839 1.44158 1.12834 0.496594 3.54556 4.63124 1.84254 0.855151 2.65174
500.00 1123.15 15.188709 74.7561 0.396029 7.90918 0.570575 1.32552 1.1606 0.456671 3.44043 4.5831 1.88349 0.860167 2.65812
500.00 1113.15 14.789422 75.3109 0.383547 7.61288 0.533665 1.21807 1.19193 0.420269 3.34258 4.53235 1.92236 0.867213 2.66422
500.00 1103.15 14.421433 75.8367 0.371646 7.32771 0.498996 1.11863 1.22235 0.387022 3.25185 4.47942 1.95918 0.876398 2.6701
500.00 1093.15 14.041285 76.4197 0.347923 7.03188 0.465345 1.02332 1.2095 0.345385 3.18352 4.42181 1.99846 0.880337 2.67282
500.00 1083.15 13.689494 76.9827 0.325077 6.74676 0.430234 0.927441 1.1954 0.307412 3.1246 4.36344 2.03584 0.885721 2.67536
500.00 1073.15 13.367688 77.5128 0.303971 6.47458 0.396852 0.838194 1.18162 0.273036 3.07225 4.30497 2.07084 0.893153 2.67779
500.00 1063.15 13.072949 78.0105 0.284437 6.21486 0.365232 0.755428 1.16823 0.241899 3.02647 4.24663 2.10347 0.902741 2.68015
500.00 1053.15 12.802721 78.4765 0.266331 5.96709 0.335379 0.678922 1.15529 0.213688 2.98735 4.18862 2.13376 0.914618 2.68248
500.00 1043.15 12.554768 78.9113 0.249528 5.73081 0.307271 0.608411 1.14285 0.188136 2.95501 4.13114 2.16174 0.928944 2.68481
500.00 1033.15 12.327130 79.3157 0.23392 5.50558 0.280869 0.543604 1.13091 0.165014 2.92961 4.07434 2.18743 0.945911 2.68716
500.00 1023.15 11.985778 79.6465 0.219908 5.28966 0.254908 0.48089 1.12764 0.141989 2.91339 4.03826 2.23205 0.964029 2.69074
Title: Hr

liquid_0 thermodynamic data and composition:
Pressure Temperature mass S H V Cp viscosity SiO2 TiO2 Al2O3 Fe2O3 FeO MnO MgO CaO Na2O K2O P2O5 H2O Mg#
500.00 1523.15 99.908185 286.757853 -1188831.072387 39.566592 151.449976 1.570 48.1759 1.39019 15.4529 2.44578 9.5283 0.193316 7.0922 11.1239 2.2703 0.333379 0.155731 1.83816 57.0
500.00 1513.15 99.913123 285.807853 -1190402.822662 39.526275 151.458981 1.606 48.1735 1.39012 15.4521 2.452 9.52211 0.193307 7.09185 11.1234 2.27019 0.333362 0.155724 1.84238 57.0
500.00 1503.15 99.918180 284.852011 -1191976.290686 39.486074 151.468373 1.643 48.171 1.39005 15.4513 2.45862 9.51557 0.193297 7.09149 11.1228 2.27007 0.333345 0.155716 1.84667 57.1
500.00 1493.15 99.923361 283.890253 -1193551.528960 39.445990 151.478163 1.680 48.1685 1.38998 15.4505 2.46564 9.50865 0.193287 7.09112 11.1222 2.26995 0.333328 0.155708 1.85104 57.1
500.00 1483.15 99.928668 282.922502 -1195128.591868 39.406027 151.488363 1.717 48.166 1.38991 15.4497 2.47306 9.50134 0.193277 7.09074 11.1217 2.26983 0.33331 0.155699 1.8555 57.1
500.00 1473.15 99.934106 281.963762 -1196685.270283 39.366189 148.245920 1.755 48.1634 1.38983 15.4488 2.48092 9.49363 0.193266 7.09036 11.1211 2.26971 0.333292 0.155691 1.86004 57.1
500.00 1463.15 99.939676 281.005983 -1198233.577119 39.326477 148.248565 1.794 48.1607 1.38975 15.448 2.48921 9.48552 0.193256 7.08996 11.1204 2.26958 0.333274 0.155682 1.86466 57.1
500.00 1453.15 99.945384 280.042189 -1199783.793034 39.286895 148.251108 1.833 48.1579 1.38968 15.4471 2.49796 9.47698 0.193244 7.08956 11.1198 2.26945 0.333255 0.155673 1.86938 57.1
500.00 1443.15 99.951233 279.072305 -1201335.974788 39.247447 148.253552 1.872 48.1551 1.38959 15.4462 2.50717 9.468 0.193233 7.08914 11.1191 2.26932 0.333235 0.155664 1.87418 57.2
500.00 1433.15 99.957227 278.096255 -1202890.181328 39.208134 148.255900 1.912 48.1522 1.38951 15.4453 2.51687 9.45857 0.193222 7.08872 11.1185 2.26919 0.333215 0.155655 1.87908 57.2
500.00 1423.15 99.963370 277.113959 -1204446.473878 39.168962 148.258156 1.953 48.1493 1.38943 15.4443 2.52707 9.44868 0.19321 7.08828 11.1178 2.26905 0.333195 0.155645 1.88407 57.2
500.00 1413.15 99.969667 276.125337 -1206004.916040 39.129933 148.260324 1.994 48.1462 1.38934 15.4434 2.53778 9.4383 0.193198 7.08784 11.1171 2.2689 0.333174 0.155635 1.88916 57.2
500.00 1403.15 99.627919 274.198044 -1203442.503082 38.975860 147.650625 2.045 48.1744 1.3941 15.4963 2.54828 9.41123 0.192875 6.96248 11.1538 2.27669 0.334317 0.156169 1.89934 56.9
500.00 1393.15 98.596313 270.432150 -1192581.236621 38.582206 145.883509 2.112 48.2401 1.40634 15.6443 2.55798 9.37215 0.192637 6.66474 11.2088 2.30012 0.337815 0.157803 1.91732 55.9
500.00 1383.15 93.307199 255.327320 -1128519.545786 36.559110 137.575427 2.190 48.2369 1.42956 16.2184 2.57416 9.58012 0.203336 6.19895 10.6587 2.42184 0.356964 0.166748 1.95426 53.6
500.00 1373.15 88.599604 241.870901 -1071768.247082 34.763657 130.193283 2.270 48.2652 1.44349 16.7659 2.58581 9.76333 0.213859 5.75468 10.1229 2.54178 0.37593 0.175608 1.99159 51.2
500.00 1363.15 81.382308 221.531715 -981080.416175 31.940687 118.961460 2.349 48.4868 1.51281 16.7653 2.66932 10.1988 0.229145 5.30502 9.51798 2.69671 0.408078 0.191182 2.01885 48.1
500.00 1353.15 73.928801 200.585970 -886570.160109 29.002432 107.409619 2.428 48.8063 1.61306 16.4573 2.78795 10.7502 0.246028 4.87015 8.914 2.85871 0.447168 0.210457 2.03876 44.7
500.00 1343.15 58.431873 159.283374 -722352.055659 23.670357 84.419421 2.929 52.8682 1.16381 16.7255 2.22322 8.08761 0.30724 4.1325 8.07919 3.37993 0.561497 0.266273 2.20506 47.7
500.00 1333.15 51.910183 141.349263 -647218.795998 21.255477 74.612656 3.165 54.5768 1.05903 16.5352 2.07064 7.38177 0.339571 3.70869 7.50158 3.63261 0.628769 0.299726 2.2657 47.2
500.00 1323.15 46.092039 125.315270 -578725.561359 19.051182 65.908469 3.384 56.1565 0.977503 16.2155 1.9433 6.76102 0.382451 3.29011 7.03343 3.87998 0.703871 0.33756 2.31882 46.5
500.00 1313.15 41.243376 111.902788 -520932.608180 17.187798 58.670037 3.590 57.6543 0.915892 15.7809 1.83358 6.21077 0.427413 2.88925 6.66737 4.09788 0.781484 0.377244 2.36393 45.3
500.00 1303.15 37.392111 101.201764 -474847.176993 15.695040 52.937531 3.781 59.0471 0.861089 15.3237 1.73092 5.71474 0.471436 2.55415 6.3429 4.27942 0.856482 0.416099 2.402 44.3
500.00 1293.15 34.245701 92.422883 -437048.561042 14.465519 48.266955 3.961 60.3502 0.812011 14.8525 1.63433 5.26484 0.51475 2.27043 6.05352 4.42935 0.929283 0.454329 2.4345 43.5
500.00 1283.15 31.619849 85.067925 -405383.356413 13.431495 44.378905 4.130 61.5749 0.767795 14.3741 1.54304 4.85469 0.557497 2.02766 5.794 4.55156 1.00014 0.492059 2.46251 42.7
500.00 1273.15 29.392304 78.805676 -378423.643777 12.547961 41.088207 4.290 62.7301 0.727748 13.8938 1.45648 4.47924 0.599748 1.81811 5.56009 4.64932 1.06919 0.52935 2.48685 42.0
500.00 1263.15 27.478566 73.406652 -355182.792555 11.783759 38.266987 4.442 63.8223 0.69131 13.4157 1.37422 4.13445 0.641517 1.63588 5.34825 4.72552 1.13647 0.566217 2.50814 41.4
500.00 1253.15 25.817742 68.705044 -334949.346819 11.116368 35.823194 4.585 64.8569 0.658019 12.9432 1.29596 3.81702 0.682785 1.47641 5.15552 4.78269 1.20197 0.602641 2.52689 40.8
500.00 1243.15 24.364432 64.576886 -317192.074697 10.528932 33.688296 4.721 65.8381 0.627494 12.4789 1.22146 3.52425 0.723512 1.33607 4.97938 4.82313 1.26565 0.638588 2.54351 40.3
500.00 1233.15 23.083814 60.926827 -301502.595549 10.008456 31.809812 4.851 66.7695 0.599414 12.0247 1.15055 3.25381 0.763651 1.21198 4.81772 4.84887 1.32745 0.674014 2.55833 39.9
500.00 1223.15 21.948547 57.679814 -287559.435395 9.544682 30.146622 4.974 67.6544 0.573505 11.5821 1.08307 3.00374 0.80315 1.10176 4.66874 4.86176 1.38733 0.708877 2.57163 39.5
500.00 1213.15 20.936767 54.775669 -275104.689899 9.129357 28.665909 5.092 68.4955 0.549534 11.152 1.01891 2.77233 0.841962 1.00349 4.53091 4.86342 1.44525 0.743134 2.58364 39.2
500.00 1203.15 20.030724 52.165431 -263928.317607 8.755740 27.341086 5.204 69.2953 0.527298 10.735 0.957946 2.55805 0.880047 0.915566 4.40293 4.85532 1.50117 0.776748 2.59455 39.0
500.00 1193.15 19.215835 49.808787 -253857.192624 8.418257 26.150358 5.311 70.0564 0.506621 10.3316 0.900082 2.35958 0.917367 0.83664 4.28368 4.83875 1.55507 0.809688 2.60452 38.7
500.00 1183.15 18.479999 47.672226 -244747.223888 8.112260 25.075679 5.414 70.7807 0.487347 9.94193 0.845212 2.17569 0.953894 0.765588 4.17223 4.81485 1.60693 0.841928 2.6137 38.5
500.00 1173.15 17.802632 45.703364 -236348.221757 7.829910 24.083311 5.516 71.5059 0.469587 9.56933 0.792794 2.00556 0.990189 0.700874 4.04492 4.78677 1.65769 0.85409 2.6223 38.4
500.00 1163.15 17.179805 43.889726 -228614.539842 7.569638 23.168587 5.619 72.224 0.453124 9.21252 0.742928 1.84808 1.02609 0.641994 3.90745 4.75473 1.7071 0.851577 2.63039 38.2
500.00 1153.15 16.613176 42.231838 -221569.178801 7.331955 22.336666 5.717 72.9066 0.437624 8.86835 0.695896 1.70213 1.06108 0.588736 3.77871 4.71766 1.75437 0.850904 2.63794 38.1
500.00 1143.15 16.096088 40.711230 -215131.960970 7.114255 21.577614 5.810 73.5552 0.422995 8.53659 0.651574 1.56689 1.09517 0.540455 3.65821 4.67628 1.79951 0.852083 2.64503 38.1
500.00 1133.15 15.622879 39.312164 -209234.543845 6.914310 20.883001 5.900 74.1713 0.409156 8.21698 0.609839 1.44158 1.12834 0.496594 3.54556 4.63124 1.84254 0.855151 2.65174 38.0
500.00 1123.15 15.188709 38.021157 -203818.396645 6.730212 20.245630 5.986 74.7561 0.396029 7.90918 0.570575 1.32552 1.1606 0.456671 3.44043 4.5831 1.88349 0.860167 2.65812 38.0
500.00 1113.15 14.789422 36.826612 -198833.175884 6.560311 19.659337 6.068 75.3109 0.383547 7.61288 0.533665 1.21807 1.19193 0.420269 3.34258 4.53235 1.92236 0.867213 2.66422 38.1
500.00 1103.15 14.421433 35.718504 -194235.410755 6.403183 19.118815 6.147 75.8367 0.371646 7.32771 0.498996 1.11863 1.22235 0.387022 3.25185 4.47942 1.95918 0.876398 2.6701 38.1
500.00 1093.15 14.041285 34.583158 -189503.218322 6.241593 18.561957 6.241 76.4197 0.347923 7.03188 0.465345 1.02332 1.2095 0.345385 3.18352 4.42181 1.99846 0.880337 2.67282 37.6
500.00 1083.15 13.689494 33.526681 -185137.284861 6.091911 18.046769 6.334 76.9827 0.325077 6.74676 0.430234 0.927441 1.1954 0.307412 3.1246 4.36344 2.03584 0.885721 2.67536 37.1
500.00 1073.15 13.367688 32.552180 -181145.423592 5.954535 17.575137 6.423 77.5128 0.303971 6.47458 0.396852 0.838194 1.18162 0.273036 3.07225 4.30497 2.07084 0.893153 2.67779 36.7
500.00 1063.15 13.072949 31.651418 -177491.301228 5.828275 17.142748 6.510 78.0105 0.284437 6.21486 0.365232 0.755428 1.16823 0.241899 3.02647 4.24663 2.10347 0.902741 2.68015 36.3
500.00 1053.15 12.802721 30.817176 -174143.240490 5.712088 16.745840 6.595 78.4765 0.266331 5.96709 0.335379 0.678922 1.15529 0.213688 2.98735 4.18862 2.13376 0.914618 2.68248 35.9
500.00 1043.15 12.554768 30.043115 -171073.605205 5.605063 16.381133 6.677 78.9113 0.249528 5.73081 0.307271 0.608411 1.14285 0.188136 2.95501 4.13114 2.16174 0.928944 2.68481 35.5
500.00 1033.15 12.327130 29.323662 -168258.249830 5.506395 16.045765 6.757 79.3157 0.23392 5.50558 0.280869 0.543604 1.13091 0.165014 2.92961 4.07434 2.18743 0.945911 2.68716 35.1
500.00 1023.15 11.985778 28.346922 -163836.512356 5.356029 15.566906 6.825 79.6465 0.219908 5.28966 0.254908 0.48089 1.12764 0.141989 2.91339 4.03826 2.23205 0.964029 2.69074 34.5

apatite thermodynamic data and composition:
Pressure Temperature mass S H V Cp formula
500.00 1173.15 0.008346 0.017804 -103.686553 0.002725 0.009469 Ca5(PO4)3OH
500.00 1163.15 0.014569 0.030935 -181.149645 0.004757 0.016505 Ca5(PO4)3OH
500.00 1153.15 0.012648 0.026733 -157.409454 0.004130 0.014308 Ca5(PO4)3OH
500.00 1143.15 0.010933 0.023000 -136.186957 0.003570 0.012350 Ca5(PO4)3OH
500.00 1133.15 0.009382 0.019645 -116.977547 0.003064 0.010583 Ca5(PO4)3OH
500.00 1123.15 0.007962 0.016592 -99.363444 0.002600 0.008968 Ca5(PO4)3OH
500.00 1113.15 0.006644 0.013779 -82.992002 0.002170 0.007472 Ca5(PO4)3OH
500.00 1103.15 0.005404 0.011152 -67.558955 0.001765 0.006068 Ca5(PO4)3OH
500.00 1093.15 0.007555 0.015514 -94.538695 0.002467 0.008470 Ca5(PO4)3OH
500.00 1083.15 0.006568 0.013419 -82.254281 0.002145 0.007351 Ca5(PO4)3OH
500.00 1073.15 0.005381 0.010938 -67.451926 0.001757 0.006013 Ca5(PO4)3OH
500.00 1063.15 0.004253 0.008602 -53.367495 0.001389 0.004746 Ca5(PO4)3OH
500.00 1053.15 0.003168 0.006373 -39.781046 0.001034 0.003528 Ca5(PO4)3OH
500.00 1043.15 0.002107 0.004216 -26.482619 0.000688 0.002343 Ca5(PO4)3OH
500.00 1033.15 0.001055 0.002099 -13.266654 0.000344 0.001171 Ca5(PO4)3OH
500.00 1023.15 0.003494 0.006918 -43.996544 0.001141 0.003872 Ca5(PO4)3OH

spinel_0 thermodynamic data and composition:
Pressure Temperature mass S H V Cp formula SiO2 TiO2 Al2O3 Fe2O3 FeO MnO MgO CaO Na2O K2O P2O5 H2O
500.00 1343.15 4.694889 9.847689 -27852.517143 1.023511 4.465390 Fe''0.91Mg0.35Fe'''1.18Al0.30Cr0.00Ti0.26O4 0 9.82021 7.40593 44.8983 31.226 0 6.64961 0 0 0 0 0
500.00 1333.15 1.148123 2.393834 -6700.037360 0.249023 1.086161 Fe''0.94Mg0.33Fe'''1.19Al0.28Cr0.00Ti0.26O4 0 9.97897 6.78427 45.0911 31.9251 0 6.22055 0 0 0 0 0
500.00 1323.15 0.890981 1.846294 -5111.486092 0.192235 0.838339 Fe''0.97Mg0.30Fe'''1.20Al0.26Cr0.00Ti0.27O4 0 10.1492 6.16242 45.2505 32.6676 0 5.77018 0 0 0 0 0
500.00 1313.15 0.664882 1.369206 -3749.717538 0.142695 0.622255 Fe''1.00Mg0.28Fe'''1.21Al0.23Cr0.00Ti0.28O4 0 10.3415 5.55507 45.3446 33.4498 0 5.30901 0 0 0 0 0
500.00 1303.15 0.507230 1.038385 -2819.702276 0.108363 0.472535 Fe''1.02Mg0.26Fe'''1.22Al0.21Cr0.00Ti0.28O4 0 10.5001 5.05128 45.417 34.1186 0 4.913 0 0 0 0 0
500.00 1293.15 0.397851 0.809851 -2184.456964 0.084654 0.369152 Fe''1.04Mg0.24Fe'''1.23Al0.20Cr0.00Ti0.29O4 0 10.6336 4.62246 45.4767 34.7005 0 4.56675 0 0 0 0 0
500.00 1283.15 0.318750 0.645270 -1731.362157 0.067579 0.294702 Fe''1.06Mg0.23Fe'''1.24Al0.18Cr0.00Ti0.29O4 0 10.7478 4.25055 45.5278 35.2138 0 4.25995 0 0 0 0 0
500.00 1273.15 0.259643 0.522800 -1396.991260 0.054869 0.239284 Fe''1.08Mg0.22Fe'''1.24Al0.17Cr0.00Ti0.30O4 0 10.8473 3.9234 45.5723 35.6717 0 3.98538 0 0 0 0 0
500.00 1263.15 0.214311 0.429258 -1143.436711 0.045155 0.196931 Fe''1.10Mg0.20Fe'''1.25Al0.16Cr0.00Ti0.30O4 0 10.9355 3.63251 45.6104 36.0838 0 3.73775 0 0 0 0 0
500.00 1253.15 0.178826 0.356335 -947.007154 0.037575 0.163885 Fe''1.11Mg0.19Fe'''1.25Al0.14Cr0.00Ti0.30O4 0 11.0151 3.3716 45.6422 36.4581 0 3.51303 0 0 0 0 0
500.00 1243.15 0.150592 0.298550 -792.196973 0.031564 0.137672 Fe''1.12Mg0.18Fe'''1.26Al0.14Cr0.00Ti0.30O4 0 11.0885 3.1359 45.6669 36.8006 0 3.30806 0 0 0 0 0
500.00 1233.15 0.127829 0.252147 -668.463873 0.026730 0.116595 Fe''1.14Mg0.17Fe'''1.26Al0.13Cr0.00Ti0.31O4 0 11.1577 2.92169 45.684 37.1164 0 3.12028 0 0 0 0 0
500.00 1223.15 0.109273 0.214472 -568.404435 0.022801 0.099459 Fe''1.15Mg0.16Fe'''1.26Al0.12Cr0.00Ti0.31O4 0 11.2241 2.72597 45.6926 37.4097 0 2.94758 0 0 0 0 0
500.00 1213.15 0.094005 0.183594 -486.676878 0.019575 0.085392 Fe''1.16Mg0.15Fe'''1.26Al0.11Cr0.00Ti0.31O4 0 11.2893 2.54632 45.6921 37.6841 0 2.78821 0 0 0 0 0
500.00 1203.15 0.081339 0.158080 -419.339633 0.016906 0.073750 Fe''1.17Mg0.15Fe'''1.27Al0.10Cr0.00Ti0.31O4 0 11.3542 2.38073 45.6818 37.9426 0 2.64067 0 0 0 0 0
500.00 1193.15 0.070758 0.136844 -363.430021 0.014681 0.064044 Fe''1.18Mg0.14Fe'''1.27Al0.10Cr0.00Ti0.32O4 0 11.4199 2.22755 45.6612 38.1877 0 2.50368 0 0 0 0 0
500.00 1183.15 0.061861 0.119056 -316.686646 0.012814 0.055898 Fe''1.19Mg0.13Fe'''1.27Al0.09Cr0.00Ti0.32O4 0 11.487 2.08538 45.63 38.4216 0 2.37612 0 0 0 0 0
500.00 1173.15 0.054425 0.104239 -277.829649 0.011256 0.049102 Fe''1.20Mg0.12Fe'''1.27Al0.09Cr0.00Ti0.32O4 0 11.5633 1.9521 45.5752 38.6523 0 2.25718 0 0 0 0 0
500.00 1163.15 0.048028 0.091542 -244.577553 0.009919 0.043265 Fe''1.21Mg0.12Fe'''1.27Al0.08Cr0.00Ti0.32O4 0 11.6471 1.82719 45.5002 38.8795 0 2.146 0 0 0 0 0
500.00 1153.15 0.042496 0.080609 -215.957790 0.008765 0.038227 Fe''1.21Mg0.11Fe'''1.27Al0.07Cr0.00Ti0.33O4 0 11.7325 1.71058 45.4162 39.099 0 2.04171 0 0 0 0 0
500.00 1143.15 0.037763 0.071284 -191.560797 0.007778 0.033922 Fe''1.22Mg0.11Fe'''1.27Al0.07Cr0.00Ti0.33O4 0 11.8199 1.60149 45.3229 39.312 0 1.94366 0 0 0 0 0
500.00 1133.15 0.033694 0.063296 -170.663890 0.006932 0.030227 Fe''1.23Mg0.10Fe'''1.27Al0.07Cr0.00Ti0.33O4 0 11.9093 1.49923 45.2207 39.5195 0 1.85126 0 0 0 0 0
500.00 1123.15 0.030182 0.056424 -152.686527 0.006202 0.027042 Fe''1.24Mg0.10Fe'''1.27Al0.06Cr0.00Ti0.34O4 0 12.001 1.40321 45.1096 39.7223 0 1.76398 0 0 0 0 0
500.00 1113.15 0.027139 0.050489 -137.158936 0.005571 0.024286 Fe''1.25Mg0.09Fe'''1.26Al0.06Cr0.00Ti0.34O4 0 12.0948 1.31293 44.99 39.9209 0 1.68138 0 0 0 0 0
500.00 1103.15 0.024495 0.045347 -123.698384 0.005023 0.021893 Fe''1.25Mg0.09Fe'''1.26Al0.05Cr0.00Ti0.34O4 0 12.1908 1.22792 44.8624 40.1159 0 1.60304 0 0 0 0 0

quartz thermodynamic data and composition:
Pressure Temperature mass S H V Cp formula
500.00 1023.15 0.087842 0.172263 -1260.825720 0.034627 0.101708 SiO2

clinopyroxene_0 thermodynamic data and composition:
Pressure Temperature mass S H V Cp structure formula SiO2 TiO2 Al2O3 Fe2O3 FeO MnO MgO CaO Na2O K2O P2O5 H2O
500.00 1393.15 0.267177 0.609622 -3430.619794 0.082258 0.313848 cpx Na0.01Ca0.85Fe''0.15Mg0.83Fe'''0.08Ti0.02Al0.23Si1.83O6 49.5564 0.865915 5.2405 2.71133 4.82313 0 15.1133 21.5451 0.144419 0 0 0
500.00 1383.15 5.161494 11.731707 -66073.755120 1.584175 6.044869 cpx Na0.01Ca0.85Fe''0.16Mg0.81Fe'''0.08Ti0.03Al0.25Si1.81O6 49.0081 1.02152 5.653 2.91694 5.08757 0 14.728 21.4284 0.156515 0 0 0
500.00 1373.15 4.580948 10.370901 -58451.930838 1.401381 5.347886 cpx Na0.01Ca0.85Fe''0.17Mg0.79Fe'''0.09Ti0.03Al0.27Si1.80O6 48.4222 1.19997 6.07995 3.13376 5.35792 0 14.322 21.3151 0.16913 0 0 0
500.00 1363.15 3.403599 7.674318 -43241.421037 1.037592 3.960287 cpx Na0.01Ca0.84Fe''0.18Mg0.77Fe'''0.09Ti0.04Al0.28Si1.78O6 47.9299 1.40387 6.29543 3.33771 5.74967 0 13.9712 21.1287 0.1836 0 0 0
500.00 1353.15 2.357701 5.293716 -29801.052036 0.716066 2.733576 cpx Na0.01Ca0.84Fe''0.19Mg0.76Fe'''0.10Ti0.05Al0.28Si1.77O6 47.4568 1.63954 6.40735 3.54406 6.21137 0 13.6253 20.9162 0.199418 0 0 0
500.00 1343.15 4.989979 11.188963 -63335.929226 1.522217 5.815247 cpx Na0.01Ca0.80Fe''0.21Mg0.81Fe'''0.08Ti0.03Al0.23Si1.82O6 49.0362 1.03105 5.3603 2.87603 6.66168 0 14.6397 20.194 0.201163 0 0 0
500.00 1333.15 1.727527 3.862175 -21900.635446 0.526804 2.013791 cpx Na0.02Ca0.78Fe''0.22Mg0.82Fe'''0.08Ti0.03Al0.22Si1.83O6 49.4084 0.916148 5.0202 2.7087 7.1362 0 14.8998 19.7021 0.208439 0 0 0
500.00 1323.15 0.921925 2.053404 -11673.297282 0.280938 1.073828 cpx Na0.02Ca0.77Fe''0.23Mg0.83Fe'''0.07Ti0.02Al0.21Si1.84O6 49.634 0.853098 4.76179 2.6069 7.50794 0 14.9635 19.4547 0.218069 0 0 0
500.00 1313.15 0.382388 0.847799 -4836.849235 0.116417 0.444560 cpx Na0.02Ca0.78Fe''0.24Mg0.82Fe'''0.07Ti0.02Al0.20Si1.85O6 49.7346 0.833584 4.57061 2.5618 7.75097 0 14.8275 19.4908 0.230134 0 0 0
500.00 1303.15 0.239243 0.527977 -3023.711116 0.072773 0.277630 cpx Na0.02Ca0.78Fe''0.25Mg0.82Fe'''0.07Ti0.02Al0.19Si1.85O6 49.8331 0.81478 4.38905 2.51471 7.97245 0 14.6945 19.5396 0.241774 0 0 0
500.00 1293.15 0.155075 0.340631 -1958.625950 0.047132 0.179631 cpx Na0.02Ca0.78Fe''0.25Mg0.81Fe'''0.07Ti0.02Al0.19Si1.86O6 49.9295 0.796722 4.21567 2.46618 8.17691 0 14.5645 19.5974 0.253019 0 0 0
500.00 1283.15 0.105115 0.229803 -1326.895761 0.031923 0.121543 cpx Na0.02Ca0.79Fe''0.26Mg0.80Fe'''0.07Ti0.02Al0.18Si1.86O6 50.0236 0.779462 4.04966 2.41665 8.36756 0 14.4374 19.6618 0.263893 0 0 0
500.00 1273.15 0.075592 0.164475 -953.799880 0.022940 0.087252 cpx Na0.02Ca0.79Fe''0.27Mg0.80Fe'''0.07Ti0.02Al0.17Si1.87O6 50.115 0.763067 3.89049 2.36643 8.54674 0 14.3131 19.7308 0.274418 0 0 0
500.00 1263.15 0.058553 0.126789 -738.539405 0.017756 0.067467 cpx Na0.02Ca0.79Fe''0.27Mg0.79Fe'''0.07Ti0.02Al0.16Si1.87O6 50.2037 0.747613 3.73792 2.31582 8.71613 0 14.1913 19.803 0.284618 0 0 0
500.00 1253.15 0.049123 0.105853 -619.411307 0.014886 0.056502 cpx Na0.02Ca0.80Fe''0.28Mg0.78Fe'''0.06Ti0.02Al0.16Si1.88O6 50.2892 0.733176 3.59178 2.26504 8.87693 0 14.0719 19.8774 0.294521 0 0 0
500.00 1243.15 0.044278 0.094947 -558.193139 0.013408 0.050841 cpx Na0.02Ca0.80Fe''0.28Mg0.78Fe'''0.06Ti0.02Al0.15Si1.88O6 50.3716 0.719816 3.45191 2.2143 9.03008 0 13.9549 19.9532 0.304159 0 0 0
500.00 1233.15 0.042128 0.089893 -531.010348 0.012749 0.048291 cpx Na0.02Ca0.80Fe''0.29Mg0.77Fe'''0.06Ti0.02Al0.15Si1.89O6 50.4506 0.707582 3.31816 2.16378 9.17629 0 13.8402 20.0299 0.313564 0 0 0
500.00 1223.15 0.041495 0.088101 -522.967284 0.012548 0.047483 cpx Na0.02Ca0.81Fe''0.29Mg0.77Fe'''0.06Ti0.02Al0.14Si1.89O6 50.5262 0.696502 3.19036 2.11361 9.31612 0 13.7276 20.1069 0.32277 0 0 0
500.00 1213.15 0.041648 0.087982 -524.859455 0.012586 0.047577 cpx Na0.02Ca0.81Fe''0.30Mg0.76Fe'''0.06Ti0.02Al0.14Si1.90O6 50.5984 0.686595 3.06831 2.06392 9.45006 0 13.6171 20.1838 0.331813 0 0 0
500.00 1203.15 0.042144 0.088581 -531.102697 0.012728 0.048062 cpx Na0.02Ca0.81Fe''0.30Mg0.76Fe'''0.06Ti0.02Al0.13Si1.90O6 50.6673 0.677864 2.95179 2.01482 9.57851 0 13.5086 20.2603 0.340725 0 0 0
500.00 1193.15 0.042723 0.089340 -538.409004 0.012895 0.048640 cpx Na0.03Ca0.82Fe''0.30Mg0.75Fe'''0.06Ti0.02Al0.13Si1.90O6 50.7329 0.670306 2.84059 1.9664 9.70184 0 13.4021 20.3363 0.349542 0 0 0
500.00 1183.15 0.043239 0.089952 -544.934735 0.013042 0.049144 cpx Na0.03Ca0.82Fe''0.31Mg0.74Fe'''0.05Ti0.02Al0.12Si1.91O6 50.7953 0.663911 2.73447 1.91876 9.82039 0 13.2975 20.4114 0.358294 0 0 0
500.00 1173.15 0.042116 0.087162 -530.831452 0.012695 0.047787 cpx Na0.03Ca0.82Fe''0.31Mg0.74Fe'''0.05Ti0.02Al0.12Si1.91O6 50.8542 0.659044 2.63296 1.87189 9.93508 0 13.1943 20.4855 0.367031 0 0 0
500.00 1163.15 0.041350 0.085128 -521.230657 0.012456 0.046838 cpx Na0.03Ca0.83Fe''0.32Mg0.73Fe'''0.05Ti0.02Al0.11Si1.91O6 50.9099 0.655584 2.53598 1.8259 10.0459 0 13.0925 20.5584 0.375778 0 0 0
500.00 1153.15 0.041682 0.085358 -525.485123 0.012549 0.047133 cpx Na0.03Ca0.83Fe''0.32Mg0.73Fe'''0.05Ti0.02Al0.11Si1.92O6 50.9626 0.653178 2.44354 1.78094 10.1526 0 12.9924 20.6301 0.384553 0 0 0
500.00 1143.15 0.041817 0.085176 -527.266193 0.012581 0.047205 cpx Na0.03Ca0.83Fe''0.32Mg0.72Fe'''0.05Ti0.02Al0.10Si1.92O6 51.0124 0.651821 2.3554 1.73708 10.2557 0 12.8939 20.7004 0.393387 0 0 0
500.00 1133.15 0.041776 0.084635 -526.849402 0.012561 0.047078 cpx Na0.03Ca0.84Fe''0.33Mg0.72Fe'''0.05Ti0.02Al0.10Si1.92O6 51.0593 0.651506 2.27137 1.69439 10.3553 0 12.7967 20.7691 0.402311 0 0 0
500.00 1123.15 0.041585 0.083789 -524.539930 0.012496 0.046782 cpx Na0.03Ca0.84Fe''0.33Mg0.71Fe'''0.05Ti0.02Al0.10Si1.92O6 51.1034 0.652231 2.19126 1.65293 10.4518 0 12.7007 20.8362 0.411354 0 0 0
500.00 1113.15 0.041268 0.082692 -520.642182 0.012393 0.046344 cpx Na0.03Ca0.84Fe''0.33Mg0.71Fe'''0.05Ti0.02Al0.09Si1.93O6 51.1447 0.653996 2.11488 1.61277 10.5456 0 12.6058 20.9016 0.420549 0 0 0
500.00 1103.15 0.040847 0.081394 -515.443603 0.012259 0.045792 cpx Na0.03Ca0.85Fe''0.34Mg0.70Fe'''0.04Ti0.02Al0.09Si1.93O6 51.1832 0.656804 2.04209 1.57398 10.6371 0 12.5117 20.9652 0.429925 0 0 0
500.00 1093.15 0.020229 0.040070 -255.094925 0.006065 0.022622 cpx Na0.03Ca0.85Fe''0.34Mg0.69Fe'''0.04Ti0.02Al0.09Si1.93O6 51.1828 0.650256 1.97705 1.55837 10.8009 0 12.3044 21.087 0.439217 0 0 0
500.00 1083.15 0.017753 0.034954 -223.815517 0.005318 0.019807 cpx Na0.03Ca0.86Fe''0.35Mg0.68Fe'''0.04Ti0.02Al0.09Si1.93O6 51.1928 0.644139 1.91362 1.53583 10.922 0 12.1173 21.2263 0.44794 0 0 0
500.00 1073.15 0.017769 0.034773 -223.949692 0.005319 0.019778 cpx Na0.03Ca0.87Fe''0.35Mg0.67Fe'''0.04Ti0.02Al0.08Si1.94O6 51.1996 0.639547 1.85361 1.51347 11.0469 0 11.9318 21.3582 0.45674 0 0 0
500.00 1063.15 0.017581 0.034194 -221.497554 0.005258 0.019521 cpx Na0.03Ca0.87Fe''0.35Mg0.66Fe'''0.04Ti0.02Al0.08Si1.94O6 51.2025 0.636487 1.79698 1.49168 11.178 0 11.7462 21.4825 0.465659 0 0 0
500.00 1053.15 0.017225 0.033293 -216.912678 0.005146 0.019079 cpx Na0.03Ca0.88Fe''0.36Mg0.65Fe'''0.04Ti0.02Al0.08Si1.94O6 51.2006 0.634994 1.74369 1.47082 11.3177 0 11.5585 21.5989 0.474744 0 0 0
500.00 1043.15 0.016732 0.032138 -210.595771 0.004994 0.018487 cpx Na0.04Ca0.88Fe''0.36Mg0.64Fe'''0.04Ti0.02Al0.08Si1.94O6 51.1932 0.635124 1.69372 1.4512 11.4684 0 11.3669 21.7074 0.484045 0 0 0
500.00 1033.15 0.016131 0.030787 -202.895750 0.004810 0.017777 cpx Na0.04Ca0.89Fe''0.37Mg0.63Fe'''0.04Ti0.02Al0.07Si1.94O6 51.1795 0.636954 1.64702 1.43312 11.6328 0 11.1695 21.8075 0.493615 0 0 0
500.00 1023.15 0.018220 0.034548 -228.960767 0.005426 0.020024 cpx Na0.04Ca0.89Fe''0.38Mg0.62Fe'''0.04Ti0.02Al0.07Si1.94O6 51.1446 0.647457 1.60751 1.42467 11.8124 0 10.9385 21.9189 0.505986 0 0 0

rhm-oxide_0 thermodynamic data and composition:
Pressure Temperature mass S H V Cp formula SiO2 TiO2 Al2O3 Fe2O3 FeO MnO MgO CaO Na2O K2O P2O5 H2O
500.00 1093.15 0.010016 0.018160 -73.823845 0.002145 0.009057 Mn0.05Fe''0.78Mg0.06Fe'''0.22Ti0.89O3 0 47.3339 0 11.4506 37.0875 2.44558 1.68241 0 0 0 0 0
500.00 1083.15 0.009942 0.017932 -73.323507 0.002128 0.008976 Mn0.05Fe''0.78Mg0.06Fe'''0.21Ti0.89O3 0 47.446 0 11.1556 37.2894 2.53295 1.57601 0 0 0 0 0
500.00 1073.15 0.008902 0.015973 -65.713816 0.001904 0.008025 Mn0.06Fe''0.79Mg0.06Fe'''0.20Ti0.90O3 0 47.5685 0 10.8462 37.4838 2.62525 1.47635 0 0 0 0 0
500.00 1063.15 0.008008 0.014292 -59.171609 0.001711 0.007207 Mn0.06Fe''0.79Mg0.05Fe'''0.20Ti0.90O3 0 47.6997 0 10.5246 37.6701 2.72315 1.38242 0 0 0 0 0
500.00 1053.15 0.007234 0.012843 -53.516900 0.001545 0.006500 Mn0.06Fe''0.80Mg0.05Fe'''0.19Ti0.90O3 0 47.8384 0 10.193 37.8478 2.82735 1.29343 0 0 0 0 0
500.00 1043.15 0.006562 0.011586 -48.603974 0.001401 0.005886 Mn0.06Fe''0.80Mg0.05Fe'''0.19Ti0.91O3 0 47.9832 0 9.85316 38.0163 2.93857 1.20878 0 0 0 0 0
500.00 1033.15 0.005974 0.010490 -44.314437 0.001274 0.005349 Mn0.07Fe''0.80Mg0.04Fe'''0.18Ti0.91O3 0 48.1332 0 9.5066 38.1746 3.05762 1.12798 0 0 0 0 0
500.00 1023.15 0.005896 0.010297 -43.807591 0.001257 0.005270 Mn0.07Fe''0.81Mg0.04Fe'''0.17Ti0.91O3 0 48.2987 0 9.12914 38.3002 3.22734 1.04463 0 0 0 0 0

feldspar_0 thermodynamic data and composition:
Pressure Temperature mass S H V Cp formula SiO2 TiO2 Al2O3 Fe2O3 FeO MnO MgO CaO Na2O K2O P2O5 H2O
500.00 1363.15 2.924319 6.841889 -40765.438671 1.088179 3.562525 K0.00Na0.16Ca0.84Al1.84Si2.16O8 47.0144 0 34.0681 0 0 0 0 17.1363 1.74799 0.0331612 0 0
500.00 1353.15 3.928580 9.170359 -54795.940301 1.463493 4.782216 K0.00Na0.17Ca0.82Al1.82Si2.18O8 47.4549 0 33.7702 0 0 0 0 16.7878 1.94853 0.0386253 0 0
500.00 1343.15 5.371398 12.530720 -74936.742868 2.006316 6.535812 K0.00Na0.21Ca0.79Al1.79Si2.21O8 48.4216 0 33.1173 0 0 0 0 16.0236 2.3911 0.0464165 0 0
500.00 1333.15 3.143417 7.322168 -43870.518095 1.176424 3.822618 K0.00Na0.24Ca0.76Al1.76Si2.24O8 49.1552 0 32.6215 0 0 0 0 15.4433 2.72599 0.0540265 0 0
500.00 1323.15 3.088724 7.184397 -43122.000760 1.158369 3.754017 K0.00Na0.27Ca0.72Al1.72Si2.28O8 49.936 0 32.0934 0 0 0 0 14.8255 3.08149 0.063694 0 0
500.00 1313.15 2.825064 6.561261 -39454.240585 1.061724 3.431667 K0.00Na0.30Ca0.69Al1.69Si2.31O8 50.7284 0 31.5571 0 0 0 0 14.1981 3.44142 0.0749981 0 0
500.00 1303.15 2.348498 5.445714 -32809.653963 0.884469 2.851180 K0.01Na0.33Ca0.66Al1.66Si2.34O8 51.5197 0 31.0213 0 0 0 0 13.5715 3.8001 0.087477 0 0
500.00 1293.15 1.994578 4.617079 -27874.783102 0.752720 2.420123 K0.01Na0.36Ca0.63Al1.63Si2.37O8 52.2995 0 30.4929 0 0 0 0 12.9536 4.15276 0.101172 0 0
500.00 1283.15 1.720337 3.974762 -24050.784570 0.650510 2.096564 K0.01Na0.39Ca0.60Al1.60Si2.40O8 53.0592 0 29.9779 0 0 0 0 12.3514 4.49541 0.116099 0 0
500.00 1273.15 1.500726 3.460262 -20988.409615 0.568541 1.828556 K0.01Na0.42Ca0.57Al1.57Si2.43O8 53.7926 0 29.4803 0 0 0 0 11.7698 4.82514 0.132255 0 0
500.00 1263.15 1.320141 3.037143 -18470.054909 0.501025 1.608143 K0.01Na0.45Ca0.54Al1.54Si2.46O8 54.4955 0 29.0029 0 0 0 0 11.2119 5.14009 0.149628 0 0
500.00 1253.15 1.168824 2.682616 -16359.667852 0.444347 1.423426 K0.01Na0.47Ca0.52Al1.52Si2.48O8 55.1661 0 28.547 0 0 0 0 10.6793 5.43934 0.168202 0 0
500.00 1243.15 1.040296 2.381547 -14566.895894 0.396114 1.266508 K0.01Na0.50Ca0.49Al1.49Si2.51O8 55.8038 0 28.113 0 0 0 0 10.1725 5.72272 0.187967 0 0
500.00 1233.15 0.930040 2.123382 -13028.778528 0.354661 1.131887 K0.01Na0.52Ca0.47Al1.47Si2.53O8 56.4095 0 27.7003 0 0 0 0 9.69066 5.99056 0.208918 0 0
500.00 1223.15 0.834760 1.900408 -11699.369100 0.318773 1.015548 K0.01Na0.54Ca0.44Al1.44Si2.56O8 56.9846 0 27.308 0 0 0 0 9.2328 6.24353 0.231063 0 0
500.00 1213.15 0.751951 1.706751 -10543.732840 0.287528 0.914435 K0.01Na0.56Ca0.42Al1.42Si2.58O8 57.5309 0 26.9348 0 0 0 0 8.79744 6.48247 0.254417 0 0
500.00 1203.15 0.679641 1.537787 -9534.408430 0.260200 0.826148 K0.02Na0.58Ca0.40Al1.40Si2.60O8 58.0504 0 26.5794 0 0 0 0 8.38299 6.70828 0.279012 0 0
500.00 1193.15 0.616241 1.389783 -8649.260820 0.236202 0.748750 K0.02Na0.60Ca0.38Al1.38Si2.62O8 58.5451 0 26.2403 0 0 0 0 7.98782 6.92189 0.30489 0 0
500.00 1183.15 0.560448 1.259672 -7870.125273 0.215053 0.680652 K0.02Na0.62Ca0.36Al1.36Si2.64O8 59.0171 0 25.9163 0 0 0 0 7.61036 7.12418 0.332109 0 0
500.00 1173.15 0.512825 1.148595 -7205.025243 0.196984 0.622532 K0.02Na0.63Ca0.35Al1.35Si2.65O8 59.4699 0 25.6048 0 0 0 0 7.24774 7.31659 0.361022 0 0
500.00 1163.15 0.469785 1.048392 -6603.703112 0.180631 0.570028 K0.02Na0.65Ca0.33Al1.33Si2.67O8 59.9044 0 25.3052 0 0 0 0 6.89917 7.49954 0.391688 0 0
500.00 1153.15 0.430230 0.956540 -6050.806969 0.165578 0.521806 K0.02Na0.66Ca0.31Al1.31Si2.69O8 60.3209 0 25.0174 0 0 0 0 6.56458 7.67315 0.423989 0 0
500.00 1143.15 0.395061 0.874978 -5559.072804 0.152179 0.478955 K0.03Na0.68Ca0.30Al1.30Si2.70O8 60.7207 0 24.7404 0 0 0 0 6.24276 7.83804 0.458052 0 0
500.00 1133.15 0.363685 0.802310 -5120.235261 0.140213 0.440752 K0.03Na0.69Ca0.28Al1.28Si2.72O8 61.1053 0 24.4733 0 0 0 0 5.9326 7.99476 0.49403 0 0
500.00 1123.15 0.335599 0.737356 -4727.297008 0.129491 0.406586 K0.03Na0.70Ca0.27Al1.27Si2.73O8 61.476 0 24.2151 0 0 0 0 5.6331 8.14377 0.532098 0 0
500.00 1113.15 0.310378 0.679113 -4374.315254 0.119854 0.375940 K0.03Na0.71Ca0.25Al1.25Si2.75O8 61.8337 0 23.965 0 0 0 0 5.34337 8.28544 0.572466 0 0
500.00 1103.15 0.287659 0.626726 -4056.228305 0.111165 0.348372 K0.03Na0.72Ca0.24Al1.24Si2.76O8 62.1794 0 23.7225 0 0 0 0 5.06261 8.42008 0.615377 0 0
500.00 1093.15 0.294538 0.638859 -4155.534356 0.113892 0.356673 K0.04Na0.73Ca0.23Al1.23Si2.77O8 62.4675 0 23.5189 0 0 0 0 4.82736 8.52807 0.658242 0 0
500.00 1083.15 0.273027 0.589499 -3854.179340 0.105633 0.330649 K0.04Na0.74Ca0.22Al1.22Si2.78O8 62.7396 0 23.3255 0 0 0 0 4.60433 8.62766 0.702873 0 0
500.00 1073.15 0.250744 0.538861 -3541.575201 0.097063 0.303752 K0.04Na0.75Ca0.21Al1.21Si2.79O8 63.0017 0 23.1384 0 0 0 0 4.38879 8.72115 0.749953 0 0
500.00 1063.15 0.230742 0.493513 -3260.859228 0.089366 0.279685 K0.05Na0.76Ca0.20Al1.20Si2.80O8 63.2544 0 22.957 0 0 0 0 4.1802 8.80864 0.799786 0 0
500.00 1053.15 0.212734 0.452781 -3008.008955 0.082432 0.258107 K0.05Na0.76Ca0.19Al1.19Si2.81O8 63.4981 0 22.7809 0 0 0 0 3.97805 8.89018 0.852744 0 0
500.00 1043.15 0.196471 0.416085 -2779.554500 0.076167 0.238729 K0.05Na0.77Ca0.18Al1.18Si2.82O8 63.7335 0 22.6096 0 0 0 0 3.78183 8.96574 0.909284 0 0
500.00 1033.15 0.181741 0.382928 -2572.525612 0.070489 0.221310 K0.05Na0.78Ca0.17Al1.17Si2.83O8 63.9611 0 22.4427 0 0 0 0 3.59097 9.03525 0.969981 0 0
500.00 1023.15 0.200493 0.420259 -2839.156167 0.077808 0.244902 K0.06Na0.78Ca0.16Al1.16Si2.84O8 64.2084 0 22.2556 0 0 0 0 3.37891 9.09566 1.06151 0 0

orthopyroxene_0 thermodynamic data and composition:
Pressure Temperature mass S H V Cp structure formula SiO2 TiO2 Al2O3 Fe2O3 FeO MnO MgO CaO Na2O K2O P2O5 H2O
500.00 1323.15 0.838904 1.917440 -10373.295862 0.253949 1.028335 opx Na0.00Ca0.07Fe''0.45Mg1.41Fe'''0.03Ti0.00Al0.10Si1.93O6 53.4781 0.120513 2.3532 1.09702 14.8887 0 26.2169 1.82529 0.0202572 0 0 0
500.00 1313.15 0.904614 2.056589 -11134.453933 0.273165 1.105121 opx Na0.00Ca0.07Fe''0.47Mg1.39Fe'''0.03Ti0.00Al0.09Si1.94O6 53.4292 0.107325 2.21191 1.0478 15.5413 0 25.7926 1.84878 0.0209988 0 0 0
500.00 1303.15 0.696902 1.575925 -8540.579213 0.209939 0.848588 opx Na0.00Ca0.07Fe''0.49Mg1.38Fe'''0.03Ti0.00Al0.09Si1.94O6 53.3784 0.0960214 2.08391 1.00176 16.1628 0 25.3919 1.86356 0.0216236 0 0 0
500.00 1293.15 0.548677 1.234127 -6696.152303 0.164900 0.665982 opx Na0.00Ca0.07Fe''0.51Mg1.36Fe'''0.03Ti0.00Al0.08Si1.94O6 53.3255 0.0862287 1.96682 0.958467 16.7603 0 25.0098 1.87076 0.0221399 0 0 0
500.00 1283.15 0.438537 0.981124 -5330.548042 0.131495 0.530647 opx Na0.00Ca0.07Fe''0.53Mg1.34Fe'''0.03Ti0.00Al0.08Si1.95O6 53.2706 0.0776785 1.85897 0.917589 17.3386 0 24.6428 1.87122 0.0225544 0 0 0
500.00 1273.15 0.354187 0.788166 -4288.514042 0.105962 0.427280 opx Na0.00Ca0.07Fe''0.55Mg1.33Fe'''0.02Ti0.00Al0.08Si1.95O6 53.2136 0.0701688 1.75915 0.878866 17.9015 0 24.2882 1.86562 0.0228731 0 0 0
500.00 1263.15 0.288058 0.637563 -3474.604424 0.085985 0.346468 opx Na0.00Ca0.07Fe''0.57Mg1.31Fe'''0.02Ti0.00Al0.07Si1.95O6 53.1546 0.0635432 1.66646 0.842088 18.4515 0 23.9441 1.85453 0.0231019 0 0 0
500.00 1253.15 0.235356 0.518102 -2828.368245 0.070097 0.282248 opx Na0.00Ca0.07Fe''0.58Mg1.30Fe'''0.02Ti0.00Al0.07Si1.95O6 53.0937 0.0576763 1.58016 0.807079 18.9906 0 23.6091 1.83843 0.0232467 0 0 0
500.00 1243.15 0.192853 0.422230 -2309.144725 0.057311 0.230604 opx Na0.00Ca0.07Fe''0.60Mg1.28Fe'''0.02Ti0.00Al0.07Si1.96O6 53.0309 0.0524645 1.49966 0.773687 19.5203 0 23.2819 1.81777 0.0233133 0 0 0
500.00 1233.15 0.158275 0.344629 -1888.315785 0.046932 0.188713 opx Na0.00Ca0.07Fe''0.62Mg1.27Fe'''0.02Ti0.00Al0.06Si1.96O6 52.9664 0.047821 1.4244 0.741779 20.0416 0 22.9617 1.79295 0.0233074 0 0 0
500.00 1223.15 0.129956 0.281410 -1544.968765 0.038451 0.154507 opx Na0.00Ca0.07Fe''0.64Mg1.25Fe'''0.02Ti0.00Al0.06Si1.96O6 52.9003 0.0436722 1.35393 0.711235 20.5556 0 22.6477 1.76435 0.0232346 0 0 0
500.00 1213.15 0.106641 0.229644 -1263.365285 0.031484 0.126430 opx Na0.00Ca0.07Fe''0.65Mg1.24Fe'''0.02Ti0.00Al0.06Si1.96O6 52.8327 0.0399553 1.28782 0.681951 21.0631 0 22.3391 1.73233 0.0231002 0 0 0
500.00 1203.15 0.087363 0.187079 -1031.398327 0.025736 0.103284 opx Na0.00Ca0.07Fe''0.67Mg1.22Fe'''0.02Ti0.00Al0.05Si1.96O6 52.7637 0.0366161 1.22567 0.653835 21.5646 0 22.0355 1.69723 0.0229092 0 0 0
500.00 1193.15 0.071362 0.151954 -839.605280 0.020977 0.084132 opx Na0.00Ca0.07Fe''0.69Mg1.21Fe'''0.02Ti0.00Al0.05Si1.97O6 52.6933 0.033608 1.16714 0.626805 22.0608 0 21.7363 1.65937 0.0226663 0 0 0
500.00 1183.15 0.058037 0.122879 -680.505294 0.017023 0.068233 opx Na0.00Ca0.06Fe''0.70Mg1.19Fe'''0.02Ti0.00Al0.05Si1.97O6 52.6218 0.030891 1.11192 0.600789 22.5522 0 21.441 1.61903 0.0223759 0 0 0
500.00 1173.15 0.048667 0.102450 -568.704865 0.014244 0.057058 opx Na0.00Ca0.06Fe''0.72Mg1.18Fe'''0.02Ti0.00Al0.05Si1.97O6 52.549 0.0284406 1.05947 0.575631 23.0404 0 21.1485 1.57652 0.0220407 0 0 0
500.00 1163.15 0.040282 0.084308 -469.132277 0.011764 0.047098 opx Na0.00Ca0.06Fe''0.74Mg1.17Fe'''0.02Ti0.00Al0.04Si1.97O6 52.4751 0.0262225 1.00965 0.551314 23.5252 0 20.8587 1.53207 0.0216646 0 0 0
500.00 1153.15 0.031904 0.066385 -370.321386 0.009297 0.037200 opx Na0.00Ca0.06Fe''0.76Mg1.15Fe'''0.01Ti0.00Al0.04Si1.97O6 52.4003 0.0242012 0.962437 0.527873 24.006 0 20.5721 1.48594 0.0212526 0 0 0
500.00 1143.15 0.024872 0.051448 -287.729970 0.007232 0.028921 opx Na0.00Ca0.06Fe''0.77Mg1.14Fe'''0.01Ti0.00Al0.04Si1.97O6 52.3245 0.0223545 0.917625 0.505263 24.483 0 20.2881 1.43838 0.0208081 0 0 0
500.00 1133.15 0.018951 0.038967 -218.504163 0.005499 0.021976 opx Na0.00Ca0.06Fe''0.79Mg1.13Fe'''0.01Ti0.00Al0.04Si1.97O6 52.2479 0.0206636 0.875009 0.483446 24.9565 0 20.0065 1.3896 0.0203343 0 0 0
500.00 1123.15 0.013952 0.028516 -160.333365 0.004039 0.016135 opx Na0.00Ca0.05Fe''0.80Mg1.11Fe'''0.01Ti0.00Al0.04Si1.97O6 52.1706 0.0191116 0.834411 0.462388 25.4267 0 19.7271 1.33984 0.0198344 0 0 0
500.00 1113.15 0.009720 0.019747 -111.337974 0.002808 0.011211 opx Na0.00Ca0.05Fe''0.82Mg1.10Fe'''0.01Ti0.00Al0.04Si1.98O6 52.0925 0.0176841 0.795671 0.442059 25.8939 0 19.4496 1.28932 0.0193113 0 0 0
500.00 1103.15 0.006130 0.012377 -69.981945 0.001767 0.007051 opx Na0.00Ca0.05Fe''0.84Mg1.09Fe'''0.01Ti0.00Al0.03Si1.98O6 52.0136 0.0163685 0.758642 0.422432 26.3582 0 19.1737 1.23824 0.018768 0 0 0

olivine_0 thermodynamic data and composition:
Pressure Temperature mass S H V Cp formula SiO2 TiO2 Al2O3 Fe2O3 FeO MnO MgO CaO Na2O K2O P2O5 H2O
500.00 1403.15 0.345611 0.817040 -4225.715328 0.104794 0.425324 (Ca0.01Mg0.82Fe''0.18Mn0.00Co0.00Ni0.00)2SiO4 39.4771 0 0 0 16.6701 0.283945 43.1444 0.42439 0 0 0 0
500.00 1393.15 0.762614 1.794673 -9284.646246 0.230594 0.935393 (Ca0.01Mg0.81Fe''0.18Mn0.00Co0.00Ni0.00)2SiO4 39.3692 0 0 0 17.2342 0.292076 42.6744 0.430112 0 0 0 0
500.00 1383.15 0.065713 0.153830 -793.374711 0.019776 0.080193 (Ca0.01Mg0.80Fe''0.19Mn0.00Co0.00Ni0.00)2SiO4 39.1804 0 0 0 18.2297 0.317758 41.8633 0.408876 0 0 0 0
500.00 1373.15 0.072995 0.169955 -873.405180 0.021859 0.088606 (Ca0.01Mg0.79Fe''0.21Mn0.00Co0.00Ni0.00)2SiO4 38.9803 0 0 0 19.2826 0.345123 41.003 0.388944 0 0 0 0
500.00 1363.15 0.769315 1.780351 -9087.487141 0.228861 0.927339 (Ca0.01Mg0.77Fe''0.22Mn0.00Co0.00Ni0.00)2SiO4 38.705 0 0 0 20.7187 0.389761 39.8157 0.37082 0 0 0 0
500.00 1353.15 1.031691 2.371810 -11997.214690 0.304530 1.233481 (Ca0.00Mg0.75Fe''0.24Mn0.00Co0.00Ni0.00)2SiO4 38.3778 0 0 0 22.4185 0.446064 38.4027 0.354971 0 0 0 0
500.00 1343.15 0.374112 0.856891 -4353.693892 0.110349 0.446697 (Ca0.00Mg0.75Fe''0.24Mn0.01Co0.00Ni0.00)2SiO4 38.3693 0 0 0 22.3026 0.631766 38.3741 0.322228 0 0 0 0
500.00 1333.15 0.428336 0.975983 -4947.484454 0.125809 0.509005 (Ca0.00Mg0.74Fe''0.25Mn0.01Co0.00Ni0.00)2SiO4 38.202 0 0 0 23.0798 0.761193 37.6539 0.303084 0 0 0 0
500.00 1093.15 0.042595 0.082684 -361.567175 0.010830 0.042597 (Ca0.00Mg0.27Fe''0.53Mn0.19Co0.00Ni0.00)2SiO4 32.2618 0 0 0 41.2481 14.5681 11.7218 0.200165 0 0 0 0
500.00 1083.15 0.040025 0.077134 -336.128258 0.010128 0.039778 (Ca0.00Mg0.26Fe''0.54Mn0.20Co0.00Ni0.00)2SiO4 32.0744 0 0 0 41.5807 15.2478 10.8995 0.197642 0 0 0 0
500.00 1073.15 0.035329 0.067597 -293.756187 0.008900 0.034902 (Ca0.00Mg0.24Fe''0.55Mn0.21Co0.00Ni0.00)2SiO4 31.8992 0 0 0 41.8284 15.9476 10.1298 0.19502 0 0 0 0
500.00 1063.15 0.031197 0.059269 -257.030571 0.007827 0.030645 (Ca0.00Mg0.22Fe''0.55Mn0.22Co0.00Ni0.00)2SiO4 31.7351 0 0 0 41.9946 16.6703 9.40767 0.192351 0 0 0 0
500.00 1053.15 0.027568 0.052006 -225.210909 0.006890 0.026932 (Ca0.00Mg0.21Fe''0.56Mn0.23Co0.00Ni0.00)2SiO4 31.581 0 0 0 42.0818 17.4189 8.72867 0.18968 0 0 0 0
500.00 1043.15 0.024383 0.045676 -197.638849 0.006072 0.023695 (Ca0.00Mg0.19Fe''0.56Mn0.25Co0.00Ni0.00)2SiO4 31.4361 0 0 0 42.092 18.1957 8.08913 0.187047 0 0 0 0
500.00 1033.15 0.021589 0.040160 -173.735697 0.005358 0.020873 (Ca0.00Mg0.18Fe''0.56Mn0.26Co0.00Ni0.00)2SiO4 31.2998 0 0 0 42.0266 19.0032 7.48596 0.184486 0 0 0 0
500.00 1023.15 0.021369 0.039469 -170.753840 0.005286 0.020552 (Ca0.00Mg0.17Fe''0.56Mn0.27Co0.00Ni0.00)2SiO4 31.1595 0 0 0 41.759 20.0365 6.86105 0.184015 0 0 0 0

water thermodynamic data and composition:
Pressure Temperature mass S H V Cp formula
500.00 1523.15 0.203102 2.239151 -2188.522798 2.877673 0.569755 H2O
500.00 1513.15 0.198800 2.188046 -2147.737561 2.796069 0.557397 H2O
500.00 1503.15 0.194417 2.136191 -2105.835125 2.714187 0.544842 H2O
500.00 1493.15 0.189951 2.083571 -2062.787095 2.632024 0.532085 H2O
500.00 1483.15 0.185401 2.030169 -2018.564193 2.549581 0.519120 H2O
500.00 1473.15 0.180763 1.975967 -1973.136067 2.466857 0.505941 H2O
500.00 1463.15 0.176037 1.920946 -1926.471092 2.383850 0.492542 H2O
500.00 1453.15 0.171219 1.865089 -1878.537076 2.300560 0.478916 H2O
500.00 1443.15 0.166308 1.808375 -1829.300850 2.216988 0.465057 H2O
500.00 1433.15 0.161300 1.750787 -1778.728201 2.133133 0.450956 H2O
500.00 1423.15 0.156193 1.692303 -1726.783846 2.048998 0.436608 H2O
500.00 1413.15 0.150986 1.632904 -1673.431396 1.964584 0.422004 H2O
500.00 1403.15 0.147302 1.590142 -1636.720797 1.900898 0.411684 H2O
500.00 1393.15 0.149168 1.607300 -1661.620129 1.908969 0.416899 H2O
500.00 1383.15 0.216114 2.324297 -2413.386644 2.742441 0.604040 H2O
500.00 1373.15 0.275038 2.952454 -3079.101220 3.460481 0.768836 H2O
500.00 1363.15 0.396591 4.249181 -4450.990086 4.946849 1.108843 H2O
500.00 1353.15 0.532348 5.692753 -5989.489765 6.582296 1.488818 H2O
500.00 1343.15 0.751116 8.016610 -8471.885578 9.205296 2.101391 H2O
500.00 1333.15 0.863449 9.197469 -9763.050781 10.487363 2.416716 H2O
500.00 1323.15 0.970785 10.320350 -11003.881200 11.684254 2.718566 H2O
500.00 1313.15 1.064612 11.295199 -12097.240954 12.695953 2.983163 H2O
500.00 1303.15 1.141417 12.085621 -13001.978832 13.485283 3.200676 H2O
500.00 1293.15 1.205864 12.741938 -13769.920560 14.112355 3.384176 H2O
500.00 1283.15 1.260933 13.296356 -14434.172622 14.615753 3.542034 H2O
500.00 1273.15 1.308635 13.770584 -15016.999775 15.021571 3.679903 H2O
500.00 1263.15 1.350376 14.179860 -15533.988210 15.348200 3.801758 H2O
500.00 1253.15 1.387190 14.535374 -15996.558721 15.609190 3.910530 H2O
500.00 1243.15 1.419864 14.845649 -16413.397516 15.814889 4.008461 H2O
500.00 1233.15 1.449015 15.117378 -16791.318925 15.973431 4.097324 H2O
500.00 1223.15 1.475140 15.355941 -17135.802679 16.091357 4.178559 H2O
500.00 1213.15 1.498645 15.565743 -17451.340260 16.174019 4.253357 H2O
500.00 1203.15 1.519869 15.750444 -17741.666888 16.225850 4.322722 H2O
500.00 1193.15 1.539095 15.913111 -18009.923251 16.250563 4.387513 H2O
500.00 1183.15 1.556565 16.056339 -18258.772708 16.251283 4.448471 H2O
500.00 1173.15 1.572588 16.183417 -18491.723552 16.231746 4.506545 H2O
500.00 1163.15 1.587288 16.295703 -18710.136361 16.193652 4.562166 H2O
500.00 1153.15 1.600729 16.393908 -18914.657276 16.138017 4.615594 H2O
500.00 1143.15 1.613050 16.479506 -19106.827390 16.066579 4.667313 H2O
500.00 1133.15 1.624368 16.553763 -19287.979846 15.980817 4.717764 H2O
500.00 1123.15 1.634787 16.617771 -19459.272811 15.882003 4.767355 H2O
500.00 1113.15 1.644396 16.672474 -19621.716567 15.771222 4.816466 H2O
500.00 1103.15 1.653275 16.718690 -19776.195935 15.649408 4.865462 H2O
500.00 1093.15 1.662925 16.771596 -19940.687315 15.530756 4.918936 H2O
500.00 1083.15 1.671881 16.816351 -20097.672181 15.401353 4.972768 H2O
500.00 1073.15 1.680087 16.852404 -20246.435557 15.260820 5.026978 H2O
500.00 1063.15 1.687612 16.880460 -20387.772061 15.109928 5.081978 H2O
500.00 1053.15 1.694517 16.901138 -20522.391967 14.949335 5.138186 H2O
500.00 1043.15 1.700856 16.914978 -20650.930901 14.779601 5.196031 H2O
500.00 1033.15 1.706677 16.922450 -20773.959321 14.601200 5.255960 H2O
500.00 1023.15 1.715376 16.957095 -20932.891831 14.442743 5.328857 H2O

Title: Hr

Phase Masses:
Pressure Temperature mass liquid_0 olivine_0 orthopyroxene_0 clinopyroxene_0 feldspar_0 quartz spinel_0 rhm-oxide_0 apatite water 
500.00 1523.15 100.111287 99.908185 0.000000 0.000000 0.000000 0.000000 0.000000 0.000000 0.000000 0.000000 0.203102 
500.00 1513.15 100.111922 99.913123 0.000000 0.000000 0.000000 0.000000 0.000000 0.000000 0.000000 0.000000 0.198800 
500.00 1503.15 100.112597 99.918180 0.000000 0.000000 0.000000 0.000000 0.000000 0.000000 0.000000 0.000000 0.194417 
500.00 1493.15 100.113312 99.923361 0.000000 0.000000 0.000000 0.000000 0.000000 0.000000 0.000000 0.000000 0.189951 
500.00 1483.15 100.114069 99.928668 0.000000 0.000000 0.000000 0.000000 0.000000 0.000000 0.000000 0.000000 0.185401 
500.00 1473.15 100.114869 99.934106 0.000000 0.000000 0.000000 0.000000 0.000000 0.000000 0.000000 0.000000 0.180763 
500.00 1463.15 100.115713 99.939676 0.000000 0.000000 0.000000 0.000000 0.000000 0.000000 0.000000 0.000000 0.176037 
500.00 1453.15 100.116603 99.945384 0.000000 0.000000 0.000000 0.000000 0.000000 0.000000 0.000000 0.000000 0.171219 
500.00 1443.15 100.117541 99.951233 0.000000 0.000000 0.000000 0.000000 0.000000 0.000000 0.000000 0.000000 0.166308 
500.00 1433.15 100.118527 99.957227 0.000000 0.000000 0.000000 0.000000 0.000000 0.000000 0.000000 0.000000 0.161300 
500.00 1423.15 100.119564 99.963370 0.000000 0.000000 0.000000 0.000000 0.000000 0.000000 0.000000 0.000000 0.156193 
500.00 1413.15 100.120653 99.969667 0.000000 0.000000 0.000000 0.000000 0.000000 0.000000 0.000000 0.000000 0.150986 
500.00 1403.15 100.120832 99.627919 0.345611 0.000000 0.000000 0.000000 0.000000 0.000000 0.000000 0.000000 0.147302 
500.00 1393.15 99.775271 98.596313 0.762614 0.000000 0.267177 0.000000 0.000000 0.000000 0.000000 0.000000 0.149168 
500.00 1383.15 98.750519 93.307199 0.065713 0.000000 5.161494 0.000000 0.000000 0.000000 0.000000 0.000000 0.216114 
500.00 1373.15 93.528585 88.599604 0.072995 0.000000 4.580948 0.000000 0.000000 0.000000 0.000000 0.000000 0.275038 
500.00 1363.15 88.876132 81.382308 0.769315 0.000000 3.403599 2.924319 0.000000 0.000000 0.000000 0.000000 0.396591 
500.00 1353.15 81.779121 73.928801 1.031691 0.000000 2.357701 3.928580 0.000000 0.000000 0.000000 0.000000 0.532348 
500.00 1343.15 74.613367 58.431873 0.374112 0.000000 4.989979 5.371398 0.000000 4.694889 0.000000 0.000000 0.751116 
500.00 1333.15 59.221036 51.910183 0.428336 0.000000 1.727527 3.143417 0.000000 1.148123 0.000000 0.000000 0.863449 
500.00 1323.15 52.803357 46.092039 0.000000 0.838904 0.921925 3.088724 0.000000 0.890981 0.000000 0.000000 0.970785 
500.00 1313.15 47.084937 41.243376 0.000000 0.904614 0.382388 2.825064 0.000000 0.664882 0.000000 0.000000 1.064612 
500.00 1303.15 42.325401 37.392111 0.000000 0.696902 0.239243 2.348498 0.000000 0.507230 0.000000 0.000000 1.141417 
500.00 1293.15 38.547746 34.245701 0.000000 0.548677 0.155075 1.994578 0.000000 0.397851 0.000000 0.000000 1.205864 
500.00 1283.15 35.463521 31.619849 0.000000 0.438537 0.105115 1.720337 0.000000 0.318750 0.000000 0.000000 1.260933 
500.00 1273.15 32.891087 29.392304 0.000000 0.354187 0.075592 1.500726 0.000000 0.259643 0.000000 0.000000 1.308635 
500.00 1263.15 30.710005 27.478566 0.000000 0.288058 0.058553 1.320141 0.000000 0.214311 0.000000 0.000000 1.350376 
500.00 1253.15 28.837061 25.817742 0.000000 0.235356 0.049123 1.168824 0.000000 0.178826 0.000000 0.000000 1.387190 
500.00 1243.15 27.212316 24.364432 0.000000 0.192853 0.044278 1.040296 0.000000 0.150592 0.000000 0.000000 1.419864 
500.00 1233.15 25.791101 23.083814 0.000000 0.158275 0.042128 0.930040 0.000000 0.127829 0.000000 0.000000 1.449015 
500.00 1223.15 24.539171 21.948547 0.000000 0.129956 0.041495 0.834760 0.000000 0.109273 0.000000 0.000000 1.475140 
500.00 1213.15 23.429657 20.936767 0.000000 0.106641 0.041648 0.751951 0.000000 0.094005 0.000000 0.000000 1.498645 
500.00 1203.15 22.441080 20.030724 0.000000 0.087363 0.042144 0.679641 0.000000 0.081339 0.000000 0.000000 1.519869 
500.00 1193.15 21.556015 19.215835 0.000000 0.071362 0.042723 0.616241 0.000000 0.070758 0.000000 0.000000 1.539095 
500.00 1183.15 20.760149 18.479999 0.000000 0.058037 0.043239 0.560448 0.000000 0.061861 0.000000 0.000000 1.556565 
500.00 1173.15 20.041599 17.802632 0.000000 0.048667 0.042116 0.512825 0.000000 0.054425 0.000000 0.008346 1.572588 
500.00 1163.15 19.381106 17.179805 0.000000 0.040282 0.041350 0.469785 0.000000 0.048028 0.000000 0.014569 1.587288 
500.00 1153.15 18.772866 16.613176 0.000000 0.031904 0.041682 0.430230 0.000000 0.042496 0.000000 0.012648 1.600729 
500.00 1143.15 18.219582 16.096088 0.000000 0.024872 0.041817 0.395061 0.000000 0.037763 0.000000 0.010933 1.613050 
500.00 1133.15 17.714734 15.622879 0.000000 0.018951 0.041776 0.363685 0.000000 0.033694 0.000000 0.009382 1.624368 
500.00 1123.15 17.252776 15.188709 0.000000 0.013952 0.041585 0.335599 0.000000 0.030182 0.000000 0.007962 1.634787 
500.00 1113.15 16.828968 14.789422 0.000000 0.009720 0.041268 0.310378 0.000000 0.027139 0.000000 0.006644 1.644396 
500.00 1103.15 16.439241 14.421433 0.000000 0.006130 0.040847 0.287659 0.000000 0.024495 0.000000 0.005404 1.653275 
500.00 1093.15 16.079144 14.041285 0.042595 0.000000 0.020229 0.294538 0.000000 0.000000 0.010016 0.007555 1.662925 
500.00 1083.15 15.708690 13.689494 0.040025 0.000000 0.017753 0.273027 0.000000 0.000000 0.009942 0.006568 1.671881 
500.00 1073.15 15.365900 13.367688 0.035329 0.000000 0.017769 0.250744 0.000000 0.000000 0.008902 0.005381 1.680087 
500.00 1063.15 15.052342 13.072949 0.031197 0.000000 0.017581 0.230742 0.000000 0.000000 0.008008 0.004253 1.687612 
500.00 1053.15 14.765166 12.802721 0.027568 0.000000 0.017225 0.212734 0.000000 0.000000 0.007234 0.003168 1.694517 
500.00 1043.15 14.501878 12.554768 0.024383 0.000000 0.016732 0.196471 0.000000 0.000000 0.006562 0.002107 1.700856 
500.00 1033.15 14.260296 12.327130 0.021589 0.000000 0.016131 0.181741 0.000000 0.000000 0.005974 0.001055 1.706677 
500.00 1023.15 14.038468 11.985778 0.021369 0.000000 0.018220 0.200493 0.087842 0.000000 0.005896 0.003494 1.715376 

Title: Hr

Phase Volumes:
Pressure Temperature mass V liquid_0 olivine_0 orthopyroxene_0 clinopyroxene_0 feldspar_0 quartz spinel_0 rhm-oxide_0 apatite water 
500.00 1523.15 100.111287 42.444265 39.566592 0.000000 0.000000 0.000000 0.000000 0.000000 0.000000 0.000000 0.000000 2.877673 
500.00 1513.15 100.111922 42.322344 39.526275 0.000000 0.000000 0.000000 0.000000 0.000000 0.000000 0.000000 0.000000 2.796069 
500.00 1503.15 100.112597 42.200260 39.486074 0.000000 0.000000 0.000000 0.000000 0.000000 0.000000 0.000000 0.000000 2.714187 
500.00 1493.15 100.113312 42.078014 39.445990 0.000000 0.000000 0.000000 0.000000 0.000000 0.000000 0.000000 0.000000 2.632024 
500.00 1483.15 100.114069 41.955609 39.406027 0.000000 0.000000 0.000000 0.000000 0.000000 0.000000 0.000000 0.000000 2.549581 
500.00 1473.15 100.114869 41.833045 39.366189 0.000000 0.000000 0.000000 0.000000 0.000000 0.000000 0.000000 0.000000 2.466857 
500.00 1463.15 100.115713 41.710326 39.326477 0.000000 0.000000 0.000000 0.000000 0.000000 0.000000 0.000000 0.000000 2.383850 
500.00 1453.15 100.116603 41.587455 39.286895 0.000000 0.000000 0.000000 0.000000 0.000000 0.000000 0.000000 0.000000 2.300560 
500.00 1443.15 100.117541 41.464434 39.247447 0.000000 0.000000 0.000000 0.000000 0.000000 0.000000 0.000000 0.000000 2.216988 
500.00 1433.15 100.118527 41.341268 39.208134 0.000000 0.000000 0.000000 0.000000 0.000000 0.000000 0.000000 0.000000 2.133133 
500.00 1423.15 100.119564 41.217960 39.168962 0.000000 0.000000 0.000000 0.000000 0.000000 0.000000 0.000000 0.000000 2.048998 
500.00 1413.15 100.120653 41.094516 39.129933 0.000000 0.000000 0.000000 0.000000 0.000000 0.000000 0.000000 0.000000 1.964584 
500.00 1403.15 100.120832 40.981552 38.975860 0.104794 0.000000 0.000000 0.000000 0.000000 0.000000 0.000000 0.000000 1.900898 
500.00 1393.15 99.775271 40.804028 38.582206 0.230594 0.000000 0.082258 0.000000 0.000000 0.000000 0.000000 0.000000 1.908969 
500.00 1383.15 98.750519 40.905503 36.559110 0.019776 0.000000 1.584175 0.000000 0.000000 0.000000 0.000000 0.000000 2.742441 
500.00 1373.15 93.528585 39.647377 34.763657 0.021859 0.000000 1.401381 0.000000 0.000000 0.000000 0.000000 0.000000 3.460481 
500.00 1363.15 88.876132 39.242167 31.940687 0.228861 0.000000 1.037592 1.088179 0.000000 0.000000 0.000000 0.000000 4.946849 
500.00 1353.15 81.779121 38.068817 29.002432 0.304530 0.000000 0.716066 1.463493 0.000000 0.000000 0.000000 0.000000 6.582296 
500.00 1343.15 74.613367 37.538046 23.670357 0.110349 0.000000 1.522217 2.006316 0.000000 1.023511 0.000000 0.000000 9.205296 
500.00 1333.15 59.221036 33.820900 21.255477 0.125809 0.000000 0.526804 1.176424 0.000000 0.249023 0.000000 0.000000 10.487363 
500.00 1323.15 52.803357 32.620927 19.051182 0.000000 0.253949 0.280938 1.158369 0.000000 0.192235 0.000000 0.000000 11.684254 
500.00 1313.15 47.084937 31.477753 17.187798 0.000000 0.273165 0.116417 1.061724 0.000000 0.142695 0.000000 0.000000 12.695953 
500.00 1303.15 42.325401 30.455868 15.695040 0.000000 0.209939 0.072773 0.884469 0.000000 0.108363 0.000000 0.000000 13.485283 
500.00 1293.15 38.547746 29.627280 14.465519 0.000000 0.164900 0.047132 0.752720 0.000000 0.084654 0.000000 0.000000 14.112355 
500.00 1283.15 35.463521 28.928754 13.431495 0.000000 0.131495 0.031923 0.650510 0.000000 0.067579 0.000000 0.000000 14.615753 
500.00 1273.15 32.891087 28.321844 12.547961 0.000000 0.105962 0.022940 0.568541 0.000000 0.054869 0.000000 0.000000 15.021571 
500.00 1263.15 30.710005 27.781879 11.783759 0.000000 0.085985 0.017756 0.501025 0.000000 0.045155 0.000000 0.000000 15.348200 
500.00 1253.15 28.837061 27.292463 11.116368 0.000000 0.070097 0.014886 0.444347 0.000000 0.037575 0.000000 0.000000 15.609190 
500.00 1243.15 27.212316 26.842218 10.528932 0.000000 0.057311 0.013408 0.396114 0.000000 0.031564 0.000000 0.000000 15.814889 
500.00 1233.15 25.791101 26.422959 10.008456 0.000000 0.046932 0.012749 0.354661 0.000000 0.026730 0.000000 0.000000 15.973431 
500.00 1223.15 24.539171 26.028613 9.544682 0.000000 0.038451 0.012548 0.318773 0.000000 0.022801 0.000000 0.000000 16.091357 
500.00 1213.15 23.429657 25.654550 9.129357 0.000000 0.031484 0.012586 0.287528 0.000000 0.019575 0.000000 0.000000 16.174019 
500.00 1203.15 22.441080 25.297160 8.755740 0.000000 0.025736 0.012728 0.260200 0.000000 0.016906 0.000000 0.000000 16.225850 
500.00 1193.15 21.556015 24.953574 8.418257 0.000000 0.020977 0.012895 0.236202 0.000000 0.014681 0.000000 0.000000 16.250563 
500.00 1183.15 20.760149 24.621475 8.112260 0.000000 0.017023 0.013042 0.215053 0.000000 0.012814 0.000000 0.000000 16.251283 
500.00 1173.15 20.041599 24.299562 7.829910 0.000000 0.014244 0.012695 0.196984 0.000000 0.011256 0.000000 0.002725 16.231746 
500.00 1163.15 19.381106 23.982817 7.569638 0.000000 0.011764 0.012456 0.180631 0.000000 0.009919 0.000000 0.004757 16.193652 
500.00 1153.15 18.772866 23.670291 7.331955 0.000000 0.009297 0.012549 0.165578 0.000000 0.008765 0.000000 0.004130 16.138017 
500.00 1143.15 18.219582 23.364174 7.114255 0.000000 0.007232 0.012581 0.152179 0.000000 0.007778 0.000000 0.003570 16.066579 
500.00 1133.15 17.714734 23.063396 6.914310 0.000000 0.005499 0.012561 0.140213 0.000000 0.006932 0.000000 0.003064 15.980817 
500.00 1123.15 17.252776 22.767043 6.730212 0.000000 0.004039 0.012496 0.129491 0.000000 0.006202 0.000000 0.002600 15.882003 
500.00 1113.15 16.828968 22.474329 6.560311 0.000000 0.002808 0.012393 0.119854 0.000000 0.005571 0.000000 0.002170 15.771222 
500.00 1103.15 16.439241 22.184570 6.403183 0.000000 0.001767 0.012259 0.111165 0.000000 0.005023 0.000000 0.001765 15.649408 
500.00 1093.15 16.079144 21.907749 6.241593 0.010830 0.000000 0.006065 0.113892 0.000000 0.000000 0.002145 0.002467 15.530756 
500.00 1083.15 15.708690 21.618616 6.091911 0.010128 0.000000 0.005318 0.105633 0.000000 0.000000 0.002128 0.002145 15.401353 
500.00 1073.15 15.365900 21.330298 5.954535 0.008900 0.000000 0.005319 0.097063 0.000000 0.000000 0.001904 0.001757 15.260820 
500.00 1063.15 15.052342 21.043754 5.828275 0.007827 0.000000 0.005258 0.089366 0.000000 0.000000 0.001711 0.001389 15.109928 
500.00 1053.15 14.765166 20.758471 5.712088 0.006890 0.000000 0.005146 0.082432 0.000000 0.000000 0.001545 0.001034 14.949335 
500.00 1043.15 14.501878 20.473986 5.605063 0.006072 0.000000 0.004994 0.076167 0.000000 0.000000 0.001401 0.000688 14.779601 
500.00 1033.15 14.260296 20.189872 5.506395 0.005358 0.000000 0.004810 0.070489 0.000000 0.000000 0.001274 0.000344 14.601200 
500.00 1023.15 14.038468 19.924318 5.356029 0.005286 0.000000 0.005426 0.077808 0.034627 0.000000 0.001257 0.001141 14.442743 

Title: Hr

Solid Composition:
Pressure Temperature mass SiO2 TiO2 Al2O3 Fe2O3 FeO MnO MgO CaO Na2O K2O P2O5 H2O 
500.00 1523.15 0.203102 -4.2569e-011 5.45942e-012 1.88542e-011 -3.25985e-011 7.86454e-010 1.0603e-013 0 -5.3167e-011 6.35245e-013 -4.02302e-014 6.97112e-013 100
500.00 1513.15 0.198800 -2.33311e-012 0 6.22799e-013 0 0 0 0 -1.10103e-013 0 0 0 100
500.00 1503.15 0.194417 3.67239e-012 0 5.00374e-013 0 0 0 0 7.5057e-014 0 0 0 100
500.00 1493.15 0.189951 2.38693e-012 0 2.79348e-013 0 0 0 0 3.96912e-013 0 0 0 100
500.00 1483.15 0.185401 -1.99576e-012 0 1.43102e-013 0 0 0 0 -2.36121e-013 0 0 0 100
500.00 1473.15 0.180763 -1.9893e-012 0 0 0 0 0 0 -4.03631e-014 0 0 0 100
500.00 1463.15 0.176037 -2.93084e-012 0 -1.50714e-013 0 0 0 0 1.65787e-013 0 0 0 100
500.00 1453.15 0.171219 -6.39187e-013 0 -4.13212e-013 0 0 0 0 -3.83517e-013 0 0 0 100
500.00 1443.15 0.166308 1.78618e-012 0 -6.913e-013 0 0 0 0 -2.92477e-014 0 0 0 100
500.00 1433.15 0.161300 -3.26324e-012 0 8.77246e-013 0 0 0 0 1.96012e-013 0 0 0 100
500.00 1423.15 0.156193 1.70164e-012 0 6.79445e-013 0 0 0 0 -4.82695e-013 0 0 0 100
500.00 1413.15 0.150986 1.13904e-012 0 4.10013e-013 0 0 0 0 -9.66471e-014 0 0 0 100
500.00 1403.15 0.492913 27.6798 0 1.79418e-014 0 11.6884 0.199091 30.2511 0.297566 0 0 0 29.884
500.00 1393.15 1.178958 36.6966 0.196234 1.18761 0.614445 12.241 0.18893 31.0291 5.16078 0.0327284 0 0 12.6525
500.00 1383.15 5.443320 46.9437 0.968627 5.36031 2.76591 5.04423 0.00383602 14.4708 20.3239 0.148412 0 0 3.97025
500.00 1373.15 4.928981 45.5804 1.11524 5.65065 2.91248 5.26516 0.00511102 13.9179 19.8158 0.157188 0 0 5.58003
500.00 1363.15 7.493824 44.0891 0.637619 16.1537 1.51594 4.73841 0.0400128 10.433 16.3216 0.765506 0.0129405 0 5.29224
500.00 1353.15 7.850320 43.0446 0.492407 18.8241 1.0644 4.81171 0.0586218 9.13898 14.7297 1.03501 0.0193295 0 6.78122
500.00 1343.15 16.181494 32.082 3.16718 14.7949 13.9137 11.6298 0.0146063 7.33103 11.5538 0.855753 0.0154078 0 4.64182
500.00 1333.15 7.310852 35.0483 1.78362 16.2778 7.72134 8.05211 0.0445976 6.70377 11.3134 1.22134 0.0232295 0 11.8105
500.00 1323.15 6.711318 36.4847 1.47964 16.5366 6.5026 7.22931 0 6.09863 9.72369 1.45067 0.0293136 0 14.4649
500.00 1313.15 5.841561 36.0626 1.24825 16.5355 5.49104 6.72132 0 5.56908 8.42858 1.68264 0.0362702 0 18.2248
500.00 1303.15 4.933290 34.4832 1.13268 15.7943 4.93314 6.17787 0 4.80476 7.67155 1.82382 0.0416435 0 23.137
500.00 1293.15 4.302045 32.8487 1.02311 14.9679 4.4168 5.64142 0 4.13706 6.95077 1.93731 0.0469071 0 28.03
500.00 1283.15 3.843671 31.1939 0.921479 14.0927 3.94633 5.12728 0 3.55967 6.2794 2.02183 0.0519632 0 32.8054
500.00 1273.15 3.498783 29.5428 0.828563 13.1982 3.522 4.64403 0 3.06372 5.66353 2.07788 0.0567279 0 37.4026
500.00 1263.15 3.231439 27.9111 0.744458 12.3057 3.14194 4.19585 0 2.63947 5.10454 2.1071 0.0611275 0 41.7887
500.00 1253.15 3.019319 26.3125 0.668819 11.4323 2.80303 3.78406 0 2.27734 4.60083 2.11225 0.0651136 0 45.9438
500.00 1243.15 2.847883 24.7587 0.601092 10.5904 2.50163 3.40824 0 1.9685 4.14919 2.09674 0.0686619 0 49.8568
500.00 1233.15 2.707287 23.2601 0.540634 9.78881 2.23408 3.06698 0 1.70509 3.74556 2.06419 0.0717701 0 53.5228
500.00 1223.15 2.590624 21.8248 0.486782 9.03329 1.99685 2.75832 0 1.4803 3.38559 2.01815 0.0744538 0 56.9415
500.00 1213.15 2.492890 20.4589 0.438888 8.32694 1.78666 2.47995 0 1.28826 3.06495 1.96189 0.0767419 0 60.1168
500.00 1203.15 2.410356 19.1666 0.396336 7.67087 1.6005 2.22949 0 1.12398 2.77948 1.8983 0.078672 0 63.0558
500.00 1193.15 2.340180 17.9498 0.358556 7.06468 1.43564 2.0045 0 0.983208 2.5253 1.82982 0.0802868 0 65.7683
500.00 1183.15 2.280150 16.8087 0.325022 6.50681 1.28963 1.80263 0 0.862366 2.29886 1.75845 0.0816306 0 68.2659
500.00 1173.15 2.238967 15.7201 0.294098 5.98467 1.15557 1.62726 0 0.762749 2.28776 1.68321 0.0826904 0.158007 70.2439
500.00 1163.15 2.201301 14.7009 0.26691 5.50642 1.0371 1.46746 0 0.674451 2.25601 1.60795 0.0835911 0.280521 72.1187
500.00 1153.15 2.159690 13.7741 0.243826 5.07874 0.935828 1.31993 0 0.594833 2.05474 1.5363 0.0844624 0.248228 74.129
500.00 1143.15 2.123494 12.9141 0.223294 4.68839 0.846118 1.18782 0 0.526104 1.8733 1.4662 0.0852174 0.218223 75.9713
500.00 1133.15 2.091855 12.1167 0.205023 4.3323 0.766592 1.06944 0 0.466626 1.70915 1.39817 0.0858908 0.190105 77.6601
500.00 1123.15 2.064067 11.3777 0.188753 4.00746 0.69604 0.963279 0 0.415021 1.56007 1.33253 0.0865145 0.163506 79.2091
500.00 1113.15 2.039546 10.693 0.174256 3.71106 0.633398 0.867993 0 0.370131 1.42406 1.26948 0.0871179 0.138084 80.6314
500.00 1103.15 2.017809 10.0584 0.161332 3.44043 0.577738 0.782374 0 0.330983 1.29938 1.20913 0.0877282 0.113515 81.939
500.00 1093.15 2.037859 10.211 0.239099 3.41888 0.0717483 1.15167 0.316524 0.375421 1.11817 1.23695 0.0951378 0.157143 81.6082
500.00 1083.15 2.019196 9.56928 0.239268 3.1708 0.0684293 1.10386 0.31472 0.330354 0.994681 1.17053 0.0950395 0.137864 82.8052
500.00 1073.15 1.998212 8.92499 0.217613 2.91998 0.0617805 1.00477 0.293652 0.29178 0.894415 1.09843 0.0941071 0.11414 84.0843
500.00 1063.15 1.979393 8.32865 0.19863 2.6921 0.0558281 0.913559 0.273757 0.258197 0.801085 1.03098 0.0932327 0.0910839 85.2629
500.00 1053.15 1.962445 7.77639 0.181921 2.48481 0.0504842 0.830011 0.255119 0.228837 0.713577 0.967884 0.0924395 0.0684211 86.3501
500.00 1043.15 1.947110 7.26454 0.167155 2.29595 0.0456745 0.753765 0.237761 0.20305 0.630883 0.908838 0.0917503 0.0458666 87.3548
500.00 1033.15 1.933166 6.78971 0.154058 2.12362 0.0413361 0.684374 0.221669 0.180289 0.552075 0.85354 0.0911898 0.0231225 88.285
500.00 1023.15 2.052690 11.3292 0.144478 2.18804 0.0388679 0.649579 0.217852 0.171519 0.621525 0.892894 0.103681 0.0721531 83.5703
Title: Hr

Bulk Composition:
Pressure Temperature mass SiO2 TiO2 Al2O3 Fe2O3 FeO MnO MgO CaO Na2O K2O P2O5 H2O 
500.00 1523.15 100.111287 48.0781 1.38737 15.4215 2.44082 9.50897 0.192924 7.07781 11.1014 2.26569 0.332702 0.155415 2.03731
500.00 1513.15 100.111922 48.0778 1.38736 15.4214 2.44714 9.50321 0.192923 7.07777 11.1013 2.26568 0.3327 0.155414 2.0373
500.00 1503.15 100.112597 48.0775 1.38735 15.4213 2.45385 9.49709 0.192922 7.07772 11.1012 2.26566 0.332698 0.155413 2.03728
500.00 1493.15 100.113312 48.0771 1.38734 15.4212 2.46096 9.49061 0.19292 7.07767 11.1011 2.26565 0.332696 0.155412 2.03727
500.00 1483.15 100.114069 48.0768 1.38733 15.4211 2.46848 9.48374 0.192919 7.07761 11.1011 2.26563 0.332693 0.155411 2.03725
500.00 1473.15 100.114869 48.0764 1.38732 15.421 2.47644 9.47649 0.192917 7.07756 11.101 2.26561 0.332691 0.15541 2.03724
500.00 1463.15 100.115713 48.076 1.38731 15.4208 2.48484 9.46884 0.192916 7.0775 11.1009 2.26559 0.332688 0.155408 2.03722
500.00 1453.15 100.116603 48.0756 1.3873 15.4207 2.49369 9.46077 0.192914 7.07743 11.1008 2.26557 0.332685 0.155407 2.0372
500.00 1443.15 100.117541 48.0751 1.38729 15.4205 2.50301 9.45227 0.192912 7.07737 11.1007 2.26555 0.332682 0.155406 2.03718
500.00 1433.15 100.118527 48.0746 1.38727 15.4204 2.51282 9.44333 0.19291 7.0773 11.1006 2.26553 0.332678 0.155404 2.03716
500.00 1423.15 100.119564 48.0741 1.38726 15.4202 2.52313 9.43393 0.192908 7.07722 11.1005 2.26551 0.332675 0.155402 2.03714
500.00 1413.15 100.120653 48.0736 1.38724 15.4201 2.53395 9.42406 0.192906 7.07715 11.1003 2.26548 0.332671 0.155401 2.03712
500.00 1403.15 100.120832 48.0735 1.38724 15.42 2.53574 9.42244 0.192906 7.07714 11.1003 2.26548 0.332671 0.1554 2.03711
500.00 1393.15 99.775271 48.1037 1.39204 15.4734 2.53502 9.40604 0.192593 6.95263 11.1373 2.27332 0.333823 0.155939 2.04417
500.00 1383.15 98.750519 48.1656 1.40416 15.6199 2.58473 9.3301 0.192339 6.65492 11.1915 2.29652 0.337287 0.157557 2.06538
500.00 1373.15 93.528585 48.1237 1.42619 16.1801 2.60302 9.52627 0.202858 6.18489 10.6337 2.41611 0.356119 0.166354 2.1807
500.00 1363.15 88.876132 48.116 1.43901 16.7138 2.57207 9.73838 0.213198 5.7374 10.0916 2.53387 0.374761 0.175062 2.29485
500.00 1353.15 81.779121 48.2532 1.50548 16.6845 2.6225 10.1801 0.228038 5.27993 9.47227 2.68364 0.406098 0.190254 2.49401
500.00 1343.15 74.613367 48.3603 1.59828 16.3068 4.75854 8.85581 0.243776 4.82617 8.83273 2.83251 0.443066 0.208526 2.73353
500.00 1333.15 59.221036 52.166 1.14848 16.5034 2.76822 7.46453 0.303157 4.07843 7.97215 3.33494 0.554015 0.262725 3.44401
500.00 1323.15 52.803357 53.6562 1.04132 16.2563 2.52279 6.82054 0.333842 3.64707 7.37536 3.57122 0.618134 0.294656 3.86259
500.00 1313.15 47.084937 54.9755 0.957126 15.8745 2.28734 6.27411 0.374387 3.22172 6.88588 3.79824 0.689029 0.330442 4.3317
500.00 1303.15 42.325401 56.184 0.892744 15.3785 2.10416 5.76872 0.416487 2.81648 6.49777 3.99321 0.761507 0.3676 4.8188
500.00 1293.15 38.547746 57.2809 0.83557 14.8654 1.94486 5.30687 0.457302 2.47875 6.15366 4.15124 0.830807 0.403625 5.29104
500.00 1283.15 35.463521 58.2821 0.784452 14.3436 1.80352 4.88423 0.497073 2.19371 5.84661 4.27738 0.897374 0.438728 5.75119
500.00 1273.15 32.891087 59.1998 0.738472 13.8198 1.6762 4.49677 0.53595 1.95061 5.5711 4.37579 0.96149 0.473041 6.201
500.00 1263.15 30.710005 60.0436 0.696903 13.2989 1.56023 4.14091 0.574014 1.74148 5.32261 4.45 1.02332 0.506637 6.64141
500.00 1253.15 28.837061 60.8212 0.65915 12.785 1.45375 3.81357 0.611296 1.56027 5.09744 4.50309 1.08294 0.539543 7.07276
500.00 1243.15 27.212316 61.5389 0.624731 12.2812 1.35544 3.51211 0.647794 1.40226 4.8925 4.5378 1.14038 0.571757 7.49505
500.00 1233.15 25.791101 62.2023 0.593244 11.79 1.26429 3.2342 0.68349 1.26374 4.70518 4.55657 1.19564 0.603263 7.90806
500.00 1223.15 24.539171 62.8161 0.564349 11.313 1.17954 2.97783 0.71836 1.14172 4.53328 4.56156 1.24873 0.63404 8.31151
500.00 1213.15 23.429657 63.3844 0.537761 10.8514 1.10059 2.74122 0.752378 1.03379 4.37494 4.5547 1.29964 0.664065 8.7051
500.00 1203.15 22.441080 63.9111 0.513232 10.4059 1.02696 2.52276 0.785522 0.937951 4.22856 4.53771 1.34838 0.693319 9.08858
500.00 1193.15 21.556015 64.3995 0.490547 9.97696 0.958223 2.32103 0.817775 0.852552 4.09279 4.51209 1.39496 0.721786 9.46175
500.00 1183.15 20.760149 64.8528 0.469519 9.56464 0.894024 2.13472 0.849125 0.776217 3.96647 4.47915 1.4394 0.749456 9.82448
500.00 1173.15 20.041599 65.2737 0.449982 9.16887 0.833323 1.9633 0.879569 0.707787 3.84861 4.44006 1.48174 0.776326 10.1767
500.00 1163.15 19.381106 65.6906 0.431974 8.79158 0.776341 1.80485 0.909544 0.645681 3.71988 4.39732 1.5227 0.786716 10.5228
500.00 1153.15 18.772866 66.1038 0.415329 8.43238 0.723498 1.65816 0.939013 0.589438 3.58038 4.35166 1.56226 0.78157 10.8625
500.00 1143.15 18.219582 66.4875 0.39972 8.08809 0.674248 1.5227 0.967529 0.538782 3.45018 4.30215 1.59971 0.778207 11.1912
500.00 1133.15 17.714734 66.8435 0.38505 7.75825 0.62835 1.39764 0.995102 0.493055 3.32871 4.24946 1.63511 0.776619 11.5091
500.00 1123.15 17.252776 67.1737 0.371231 7.44239 0.585585 1.28219 1.02175 0.451688 3.21547 4.19421 1.66851 0.77682 11.8164
500.00 1113.15 16.828968 67.4797 0.358183 7.14001 0.545752 1.17564 1.04748 0.414193 3.11007 4.13691 1.69994 0.778848 12.1133
500.00 1103.15 16.439241 67.7629 0.345831 6.85058 0.508661 1.07735 1.07231 0.380144 3.0122 4.07802 1.72947 0.782759 12.3998
500.00 1093.15 16.079144 68.0285 0.334131 6.57397 0.415461 1.03959 1.09633 0.349192 2.92176 4.01816 1.75723 0.78868 12.677
500.00 1083.15 15.708690 68.3174 0.314047 6.2871 0.383728 0.950118 1.0822 0.310361 2.85082 3.95302 1.78637 0.789592 12.9752
500.00 1073.15 15.365900 68.5935 0.292741 6.01234 0.353278 0.859856 1.06614 0.275474 2.78904 3.88798 1.81378 0.791848 13.2641
500.00 1063.15 15.052342 68.8473 0.273153 5.75161 0.324545 0.776222 1.0506 0.244042 2.73383 3.82377 1.83912 0.796007 13.5398
500.00 1053.15 14.765166 69.0797 0.255112 5.50426 0.297513 0.699003 1.03565 0.215701 2.68514 3.76055 1.86245 0.80215 13.8028
500.00 1043.15 14.501878 69.2916 0.238468 5.26963 0.272147 0.627927 1.02133 0.190139 2.64296 3.6985 1.88381 0.810377 14.0531
500.00 1033.15 14.260296 69.4838 0.223094 5.04711 0.248398 0.562687 1.00765 0.167084 2.6073 3.63772 1.90326 0.820815 14.291
500.00 1023.15 14.038468 69.6572 0.208878 4.83614 0.223319 0.505556 0.994616 0.146307 2.57828 3.57835 1.92085 0.83362 14.5169
