Title: Hr

Phase Masses:
Pressure Temperature mass liquid_0 olivine_0 clinopyroxene_0 clinopyroxene_1 feldspar_0 feldspar_1 quartz spinel_0 rhm-oxide_0 whitlockite 
500.00 1523.15 98.131533 98.131533 0.000000 0.000000 0.000000 0.000000 0.000000 0.000000 0.000000 0.000000 0.000000 
500.00 1513.15 98.132185 98.132185 0.000000 0.000000 0.000000 0.000000 0.000000 0.000000 0.000000 0.000000 0.000000 
500.00 1503.15 98.132876 98.132876 0.000000 0.000000 0.000000 0.000000 0.000000 0.000000 0.000000 0.000000 0.000000 
500.00 1493.15 98.133609 98.133609 0.000000 0.000000 0.000000 0.000000 0.000000 0.000000 0.000000 0.000000 0.000000 
500.00 1483.15 98.134385 98.134385 0.000000 0.000000 0.000000 0.000000 0.000000 0.000000 0.000000 0.000000 0.000000 
500.00 1473.15 98.135163 97.997965 0.000000 0.000000 0.000000 0.137198 0.000000 0.000000 0.000000 0.000000 0.000000 
500.00 1463.15 98.134868 94.379422 0.000000 0.000000 0.000000 3.755446 0.000000 0.000000 0.000000 0.000000 0.000000 
500.00 1453.15 98.133957 90.051175 0.000000 0.532999 0.000000 7.549783 0.000000 0.000000 0.000000 0.000000 0.000000 
500.00 1443.15 98.126560 76.011158 0.000000 4.974492 2.877643 14.263267 0.000000 0.000000 0.000000 0.000000 0.000000 
500.00 1433.15 98.120006 64.924400 0.000000 8.292155 5.409227 19.494224 0.000000 0.000000 0.000000 0.000000 0.000000 
500.00 1423.15 98.114039 55.890455 0.000000 11.061500 7.417386 23.744698 0.000000 0.000000 0.000000 0.000000 0.000000 
500.00 1413.15 98.108519 48.289149 0.000000 13.458526 9.080350 27.280494 0.000000 0.000000 0.000000 0.000000 0.000000 
500.00 1403.15 98.103351 41.730465 0.000000 15.600074 10.505430 30.267382 0.000000 0.000000 0.000000 0.000000 0.000000 
500.00 1393.15 98.098462 35.962463 0.000000 17.565685 11.758691 32.811624 0.000000 0.000000 0.000000 0.000000 0.000000 
500.00 1383.15 98.093794 30.825642 0.000000 19.407353 12.880616 34.980183 0.000000 0.000000 0.000000 0.000000 0.000000 
500.00 1373.15 98.089301 26.229945 0.000000 21.153016 13.895207 36.811134 0.000000 0.000000 0.000000 0.000000 0.000000 
500.00 1363.15 98.084981 22.140293 0.000000 22.807522 14.816904 38.320261 0.000000 0.000000 0.000000 0.000000 0.000000 
500.00 1353.15 98.212640 15.616150 0.000000 19.119116 19.604315 38.641096 0.000000 0.000000 5.231962 0.000000 0.000000 
500.00 1343.15 98.205439 13.947444 0.000000 19.563736 19.923847 39.451047 0.000000 0.000000 5.319366 0.000000 0.000000 
500.00 1333.15 98.197280 12.620132 0.000000 19.959871 20.146215 40.118309 0.000000 0.000000 5.352753 0.000000 0.000000 
500.00 1323.15 98.188752 11.537745 0.000000 20.315520 20.304493 40.677449 0.000000 0.000000 5.353545 0.000000 0.000000 
500.00 1313.15 98.180168 10.637202 0.000000 20.637336 20.418688 41.152920 0.000000 0.000000 5.334022 0.000000 0.000000 
500.00 1303.15 98.171395 9.839225 0.000000 20.938899 20.506095 41.567609 0.000000 0.000000 5.299937 0.000000 0.019630 
500.00 1293.15 98.162862 9.157212 0.000000 21.215128 20.569058 41.927808 0.000000 0.000000 5.257200 0.000000 0.036456 
500.00 1283.15 98.154616 8.567655 0.000000 21.469997 20.613857 42.243689 0.000000 0.000000 5.208874 0.000000 0.050544 
500.00 1273.15 98.146669 8.052293 0.000000 21.707031 20.644998 42.523111 0.000000 0.000000 5.156826 0.000000 0.062409 
500.00 1263.15 98.127592 6.963622 0.169689 22.413316 20.605832 43.032318 0.000000 0.000000 4.476651 0.364049 0.102115 
500.00 1253.15 98.106037 5.831715 0.300824 23.306804 20.525029 43.550857 0.000000 0.000000 3.650607 0.798539 0.141663 
500.00 1243.15 98.084339 4.807053 0.405429 24.189087 20.429956 44.022031 0.000000 0.000000 2.869068 1.185534 0.176181 
500.00 1233.15 98.062584 3.869963 0.490028 25.051881 20.326751 44.455712 0.000000 0.000000 2.130363 1.530989 0.206899 
500.00 1223.15 98.040858 3.004860 0.559360 25.889394 20.219589 44.860191 0.000000 0.000000 1.433163 1.839559 0.234742 
500.00 1213.15 98.019232 2.198834 0.616953 26.697989 20.111288 45.242595 0.000000 0.000000 0.775999 2.115126 0.260448 
500.00 1203.15 97.997749 1.440655 0.665484 27.476125 20.003662 45.609183 0.000000 0.000000 0.156853 2.361155 0.284634 
500.00 1193.15 97.988468 1.135175 0.676532 27.683411 19.953069 45.817000 0.000000 0.000000 0.000000 2.429105 0.294177 
500.00 1183.15 97.983719 0.993673 0.675117 27.693630 19.922552 45.962004 0.000000 0.000000 0.000000 2.438347 0.298397 
500.00 1173.15 97.979197 0.863786 0.673027 27.703586 19.892241 46.097943 0.000000 0.000000 0.000000 2.446335 0.302278 
500.00 1163.15 97.975084 0.560576 0.687577 27.692519 19.869585 46.298766 0.000000 0.096611 0.000000 2.457263 0.312187 
500.00 1153.15 97.972532 0.000000 0.742528 27.616212 19.887108 46.571366 0.000000 0.353431 0.000000 2.470386 0.331501 
500.00 1143.15 97.970152 0.000000 0.758963 27.575837 19.905548 46.592277 0.000000 0.336198 0.000000 2.469829 0.331501 
500.00 1133.15 97.967799 0.000000 0.775527 27.537137 19.921963 46.613256 0.000000 0.319186 0.000000 2.469229 0.331501 
500.00 1123.15 97.965474 0.000000 0.792223 27.500004 19.936459 46.634299 0.000000 0.302402 0.000000 2.468587 0.331501 
500.00 1113.15 97.963293 0.347380 0.777492 27.487744 19.948639 46.612397 0.040571 0.282025 0.000000 2.467046 0.000000 
