Title: Hr

Solid Composition:
Pressure Temperature mass SiO2 TiO2 Al2O3 Fe2O3 FeO MnO MgO CaO Na2O K2O P2O5 H2O 
500.00 1523.15 0.000000 ---
500.00 1513.15 0.000000 ---
500.00 1503.15 0.000000 ---
500.00 1493.15 0.000000 ---
500.00 1483.15 0.000000 ---
500.00 1473.15 0.137198 49.0517 0 32.6921 0 0 0 0 15.5258 2.68055 0.0498904 0 0
500.00 1463.15 3.755446 49.4408 0 32.4285 0 0 0 0 15.2175 2.8565 0.0567807 0 0
500.00 1453.15 8.082782 50.0352 0.00903502 30.2431 0.103997 0.771624 0 1.56857 14.3647 2.84276 0.0609608 0 0
500.00 1443.15 22.115402 50.9739 0.079775 21.6953 0.673178 3.8223 0 7.40369 13.1222 2.1758 0.0537724 0 0
500.00 1433.15 33.195606 51.257 0.110197 19.8409 0.844123 4.70119 0 8.27805 12.7609 2.14636 0.0613073 0 0
500.00 1423.15 42.223584 51.4356 0.134802 18.9434 0.954994 5.29992 0 8.48861 12.4737 2.19664 0.0723306 0 0
500.00 1413.15 49.819370 51.5637 0.158625 18.3525 1.04752 5.81654 0 8.49326 12.219 2.26319 0.0856103 0 0
500.00 1403.15 56.372886 51.6541 0.18331 17.8955 1.13274 6.30579 0 8.41307 11.9861 2.32867 0.100808 0 0
500.00 1393.15 62.135999 51.7106 0.209806 17.5079 1.21438 6.78861 0 8.29379 11.7711 2.38616 0.117683 0 0
500.00 1383.15 67.268152 51.7342 0.238934 17.1617 1.29335 7.27301 0 8.15709 11.5737 2.43215 0.135873 0 0
500.00 1373.15 71.859357 51.7246 0.271626 16.8446 1.36909 7.75953 0 8.01565 11.3956 2.46456 0.154744 0 0
500.00 1363.15 75.944688 51.6813 0.309183 16.5521 1.44046 8.24292 0 7.87855 11.24 2.4823 0.173265 0 0
500.00 1353.15 82.596490 48.6627 1.13829 15.4851 3.61224 9.63631 0 7.81742 11.2473 2.28348 0.117123 0 0
500.00 1343.15 84.257995 48.7199 1.16696 15.4216 3.52798 9.78855 0 7.7451 11.2051 2.3016 0.123132 0 0
500.00 1333.15 85.577148 48.7874 1.18875 15.3752 3.43156 9.91457 0 7.68524 11.1726 2.31591 0.128864 0 0
500.00 1323.15 86.651007 48.8574 1.20618 15.3396 3.33109 10.0226 0 7.63484 11.1468 2.32708 0.134322 0 0
500.00 1313.15 87.542966 48.9265 1.22066 15.3116 3.23056 10.1177 0 7.59179 11.126 2.33574 0.139525 0 0
500.00 1303.15 88.332170 48.9832 1.23369 15.2842 3.12822 10.203 0 7.55272 11.1186 2.34158 0.144712 0.0101696 0
500.00 1293.15 89.005650 49.0385 1.24502 15.2616 3.02931 10.2803 0 7.51858 11.1123 2.34595 0.149692 0.0187435 0
500.00 1283.15 89.586961 49.0921 1.25504 15.2427 2.93433 10.3512 0 7.48849 11.1066 2.34917 0.154483 0.0258179 0
500.00 1273.15 90.094375 49.1437 1.26401 15.2267 2.8433 10.4169 0 7.4617 11.1014 2.35148 0.159104 0.0316996 0
500.00 1263.15 91.163970 49.2785 1.29298 15.1849 2.61901 10.5405 0.0408542 7.39883 11.0796 2.34346 0.170129 0.0512587 0
500.00 1253.15 92.274322 49.4539 1.31895 15.1401 2.36963 10.6722 0.0771401 7.33077 11.0492 2.33331 0.184506 0.0702548 0
500.00 1243.15 93.277286 49.6326 1.33762 15.0999 2.12408 10.8047 0.106524 7.26788 11.0167 2.32322 0.200347 0.0864341 0
500.00 1233.15 94.192621 49.8119 1.35091 15.0634 1.88257 10.9374 0.130371 7.20946 10.9827 2.31302 0.217819 0.100517 0
500.00 1223.15 95.035999 49.9899 1.36017 15.0303 1.6454 11.0694 0.149725 7.15488 10.9474 2.30263 0.237092 0.113033 0
500.00 1213.15 95.820398 50.1654 1.36636 15.0002 1.41282 11.2003 0.165406 7.10358 10.9113 2.29202 0.258329 0.124384 0
500.00 1203.15 96.557094 50.3377 1.37017 14.9727 1.18491 11.3294 0.178073 7.05503 10.8743 2.28115 0.281685 0.134897 0
500.00 1193.15 96.853293 50.4047 1.37178 14.9629 1.08773 11.387 0.182887 7.03564 10.8595 2.27684 0.292073 0.138994 0
500.00 1183.15 96.990046 50.4341 1.37276 14.9589 1.03839 11.4181 0.18518 7.02679 10.853 2.27498 0.297088 0.140789 0
500.00 1173.15 97.115411 50.4623 1.37345 14.9552 0.991437 11.4477 0.187169 7.01861 10.8467 2.27316 0.301836 0.142436 0
500.00 1163.15 97.414508 50.5343 1.3735 14.9437 0.947586 11.4543 0.190884 6.99858 10.8291 2.26799 0.313405 0.146653 0
500.00 1153.15 97.972532 50.6699 1.37232 14.9211 0.918091 11.4176 0.196688 6.96103 10.7943 2.25767 0.336421 0.154839 0
500.00 1143.15 97.970152 50.6711 1.37236 14.9215 0.893866 11.4397 0.196693 6.9612 10.7945 2.25773 0.336429 0.154843 0
500.00 1133.15 97.967799 50.6724 1.37239 14.9218 0.869917 11.4616 0.196697 6.96137 10.7948 2.25778 0.336437 0.154847 0
500.00 1123.15 97.965474 50.6736 1.37242 14.9222 0.846251 11.4832 0.196702 6.96153 10.795 2.25784 0.336445 0.15485 0
500.00 1113.15 97.615914 50.8493 1.37685 14.9756 0.826724 11.5443 0.192244 6.98208 10.6494 2.26592 0.337607 0 0