Title: Mr2

liquid_0 thermodynamic data and composition:
Pressure Temperature mass S H V Cp viscosity SiO2 TiO2 Al2O3 Fe2O3 Cr2O3 FeO MnO MgO CaO Na2O K2O P2O5 H2O Mg#
500.00 1523.15 99.949423 286.653972 -1197914.481786 39.687106 151.892303 1.617 48.5714 1.13572 15.8217 2.3104 0.019461 9.04326 0.195813 7.28424 11.318 1.99729 0.332882 0.127278 1.84258 58.9
500.00 1513.15 99.954285 285.700548 -1199489.634064 39.647063 151.900998 1.654 48.569 1.13566 15.8209 2.31629 0.0194601 9.03741 0.195803 7.28389 11.3174 1.9972 0.332866 0.127272 1.84675 58.9
500.00 1503.15 99.959263 284.741257 -1201066.457120 39.607135 151.910067 1.691 48.5666 1.1356 15.8201 2.32255 0.0194591 9.03123 0.195794 7.28353 11.3169 1.9971 0.332849 0.127266 1.851 59.0
500.00 1493.15 99.964362 283.776022 -1202645.001928 39.567322 151.919521 1.728 48.5641 1.13555 15.8193 2.32919 0.0194581 9.02469 0.195784 7.28315 11.3163 1.99699 0.332832 0.127259 1.85533 59.0
500.00 1483.15 99.969585 282.804768 -1204225.321294 39.527629 151.929371 1.766 48.5616 1.13549 15.8185 2.33621 0.0194571 9.01779 0.195773 7.28277 11.3157 1.99689 0.332815 0.127253 1.85974 59.0
500.00 1473.15 99.974934 281.842798 -1205784.759990 39.488058 148.621631 1.804 48.559 1.13543 15.8177 2.34364 0.0194561 9.0105 0.195763 7.28238 11.3151 1.99678 0.332797 0.127246 1.86423 59.0
500.00 1463.15 99.980414 280.881903 -1207335.568322 39.448612 148.623763 1.843 48.5564 1.13536 15.8168 2.35149 0.019455 9.00283 0.195752 7.28198 11.3145 1.99667 0.332779 0.127239 1.86881 59.0
500.00 1453.15 99.986027 279.914970 -1208888.229316 39.409294 148.625769 1.883 48.5536 1.1353 15.8159 2.35977 0.0194539 8.99476 0.195741 7.28158 11.3138 1.99656 0.33276 0.127232 1.87348 59.1
500.00 1443.15 99.991779 278.941924 -1210442.797822 39.370108 148.627652 1.923 48.5508 1.13523 15.815 2.36848 0.0194528 8.98628 0.19573 7.28116 11.3132 1.99645 0.332741 0.127225 1.87824 59.1
500.00 1433.15 99.997672 277.962686 -1211999.330803 39.331056 148.629414 1.963 48.548 1.13517 15.8141 2.37766 0.0194516 8.97737 0.195718 7.28073 11.3125 1.99633 0.332721 0.127217 1.88309 59.1
500.00 1423.15 100.003710 276.977179 -1213557.887424 39.292141 148.631060 2.004 48.545 1.1351 15.8131 2.3873 0.0194505 8.96802 0.195707 7.28029 11.3118 1.99621 0.332701 0.127209 1.88803 59.1
500.00 1413.15 100.009899 275.985322 -1215118.529147 39.253368 148.632591 2.046 48.542 1.13503 15.8121 2.39744 0.0194493 8.95821 0.195695 7.27984 11.3111 1.99608 0.332681 0.127201 1.89307 59.1
500.00 1403.15 99.277145 273.007108 -1207916.401710 38.969985 147.334022 2.110 48.6084 1.14341 15.9288 2.40534 0.0195928 8.91121 0.195048 7.01377 11.3915 2.01082 0.335136 0.12814 1.90879 58.4
500.00 1393.15 97.315210 266.750439 -1185364.769770 38.218194 144.132105 2.180 48.6578 1.15717 16.1786 2.41434 0.0199878 8.92004 0.197141 6.67833 11.3239 2.04952 0.341893 0.130724 1.93053 57.1
500.00 1383.15 91.987117 251.564959 -1121191.491669 36.187289 135.775859 2.265 48.7025 1.17568 16.7871 2.4178 0.0123491 9.07083 0.208513 6.212 10.7846 2.16014 0.361696 0.138296 1.96848 55.0
500.00 1373.15 85.156831 232.303152 -1036969.609667 33.551429 125.128015 2.358 48.9244 1.21463 17.0769 2.45323 0.00505368 9.32553 0.223402 5.74345 10.1979 2.29313 0.39008 0.149388 2.00297 52.3
500.00 1363.15 75.925201 206.536680 -921405.208370 29.958505 110.839166 2.466 49.4888 1.29095 16.8156 2.53823 0.000497774 9.7311 0.244583 5.2552 9.53753 2.46295 0.435447 0.167552 2.03154 49.0
500.00 1353.15 65.953490 179.253391 -805482.672395 26.283620 95.698181 2.684 51.0072 1.23111 16.7371 2.43694 1.87269e-007 9.25328 0.275796 4.70829 8.85813 2.70348 0.498768 0.192884 2.09699 47.6
500.00 1343.15 57.393099 155.915282 -708321.090029 23.169901 82.812352 2.950 52.9224 1.11482 16.6821 2.25211 0 8.39165 0.311475 4.19595 8.20805 2.95897 0.570294 0.221654 2.17061 47.1
500.00 1333.15 50.531210 137.131443 -629319.826408 20.628162 72.535862 3.194 54.6537 1.01557 16.5462 2.08901 0 7.63005 0.353784 3.75639 7.62823 3.19797 0.644462 0.251753 2.23286 46.7
500.00 1323.15 44.560920 120.722410 -558938.754295 18.368220 63.597877 3.427 56.3185 0.951612 16.1863 1.96121 0 6.9777 0.401184 3.26886 7.21841 3.41897 0.726338 0.285483 2.28548 45.5
500.00 1313.15 40.012572 108.158929 -505119.101428 16.631865 56.807921 3.644 57.8511 0.895039 15.7923 1.84313 0 6.39615 0.446788 2.86826 6.85419 3.60172 0.804261 0.317935 2.32908 44.4
500.00 1303.15 36.411684 98.165305 -462345.457990 15.245874 51.446303 3.847 59.273 0.844673 15.3762 1.73335 0 5.87393 0.490972 2.53384 6.52819 3.7518 0.878933 0.349377 2.36572 43.5
500.00 1293.15 33.476714 89.983246 -427346.559445 14.107263 47.086635 4.037 60.6003 0.799543 14.9466 1.6307 0 5.40191 0.534017 2.25102 6.23454 3.8736 0.950869 0.380008 2.39689 42.6
500.00 1283.15 31.030519 83.134757 -398064.848541 13.151120 43.460961 4.217 61.8457 0.758871 14.5096 1.53428 0 4.97293 0.576114 2.00927 5.96852 3.97067 1.02042 0.409964 2.42365 41.9
500.00 1273.15 28.955949 77.303087 -373139.820724 12.334444 40.392246 4.388 63.0186 0.722036 14.0702 1.44342 0 4.58135 0.617391 1.80075 5.72629 4.04599 1.08784 0.439337 2.44683 41.2
500.00 1263.15 27.172417 72.269871 -351635.934105 11.627609 37.758807 4.551 64.1264 0.688529 13.6321 1.35759 0 4.22266 0.657915 1.61955 5.50467 4.10213 1.15325 0.468174 2.46704 40.6
500.00 1253.15 25.622263 67.878496 -332883.617020 11.009371 35.473657 4.706 65.175 0.657931 13.1983 1.27641 0 3.8932 0.697719 1.46106 5.30098 4.14135 1.21674 0.496498 2.48477 40.1
500.00 1243.15 24.262855 64.012888 -316387.403581 10.463976 33.472551 4.855 66.1693 0.629892 12.7712 1.19954 0 3.58994 0.736811 1.32165 5.11298 4.16566 1.27835 0.524316 2.50042 39.6
500.00 1233.15 23.061776 60.584549 -301769.968158 9.979402 31.706695 4.996 67.1131 0.604118 12.3524 1.12675 0 3.31033 0.775184 1.19842 4.93877 4.17688 1.33809 0.551623 2.51431 39.2
500.00 1223.15 21.993780 57.524388 -288736.869456 9.546242 30.138144 5.133 68.0101 0.580356 11.9433 1.05782 0 3.05222 0.812827 1.08902 4.77671 4.17661 1.39599 0.578409 2.52671 38.9
500.00 1213.15 21.038812 54.777385 -277053.637919 9.156989 28.736802 5.263 68.8631 0.558389 11.5448 0.992562 0 2.81372 0.849722 0.991512 4.62543 4.16629 1.45203 0.604664 2.53782 38.6
500.00 1203.15 20.180676 52.299005 -266530.420293 8.805549 27.478409 5.389 69.675 0.538031 11.1575 0.930818 0 2.59317 0.885854 0.904296 4.48375 4.14721 1.50623 0.630376 2.54784 38.3
500.00 1193.15 19.406116 50.052717 -257011.373487 8.486907 26.343141 5.509 70.4482 0.519118 10.7817 0.872434 0 2.38914 0.921211 0.826036 4.35066 4.1205 1.55859 0.655536 2.55693 38.1
500.00 1183.15 18.704160 48.008222 -248367.123903 8.196890 25.314618 5.626 71.1849 0.501505 10.4177 0.817267 0 2.20031 0.955784 0.755607 4.22529 4.08718 1.60914 0.680138 2.5652 38.0
500.00 1173.15 18.065638 46.140153 -240489.260632 7.931993 24.379177 5.738 71.8873 0.485064 10.0654 0.76518 0 2.02553 0.989565 0.692056 4.10692 4.04814 1.65788 0.704177 2.57278 37.9
500.00 1163.15 17.482827 44.427110 -233286.216180 7.689248 23.525327 5.846 72.5572 0.469684 9.72492 0.716039 0 1.86373 1.02255 0.634571 3.9949 4.00417 1.70484 0.727652 2.57975 37.8
500.00 1153.15 16.949176 42.850908 -226680.119928 7.466128 22.743341 5.951 73.1965 0.455261 9.39594 0.669715 0 1.71395 1.05475 0.582455 3.88869 3.95596 1.75004 0.750562 2.5862 37.7
500.00 1143.15 16.459094 41.396006 -220604.351306 7.260464 22.024926 6.052 73.8067 0.441705 9.0783 0.626081 0 1.57533 1.08616 0.535109 3.78781 3.90414 1.79352 0.77291 2.59219 37.7
500.00 1133.15 16.007784 40.049051 -215001.608143 7.070389 21.362978 6.150 74.3896 0.428934 8.77173 0.585014 0 1.44706 1.11678 0.492014 3.69185 3.84925 1.83529 0.794701 2.59779 37.7
500.00 1123.15 15.591107 38.798507 -209822.362288 6.894284 20.751378 6.245 74.9465 0.416873 8.47595 0.546393 0 1.3284 1.14662 0.452718 3.60045 3.79177 1.8754 0.81594 2.60304 37.8
500.00 1113.15 15.205478 37.634368 -205023.611514 6.730744 20.184832 6.338 75.4787 0.405456 8.19065 0.5101 0 1.21866 1.1757 0.416826 3.51329 3.73212 1.91388 0.836633 2.60798 37.9
500.00 1103.15 14.847777 36.547914 -200567.861544 6.578539 19.658734 6.428 75.9876 0.394619 7.91552 0.476021 0 1.11723 1.20403 0.383995 3.4301 3.6707 1.95074 0.856789 2.61266 38.0
500.00 1093.15 14.512151 35.523556 -196368.890719 6.435224 19.164537 6.515 76.476 0.374791 7.6482 0.447027 0 1.03046 1.23117 0.351791 3.35279 3.60734 1.98638 0.876604 2.6175 37.8
500.00 1083.15 14.174116 34.496176 -192161.572274 6.291395 18.668598 6.613 76.9956 0.34804 7.37629 0.417881 0 0.945034 1.22533 0.316846 3.29474 3.53953 2.02343 0.89751 2.61977 37.4
500.00 1073.15 13.851708 33.513923 -188174.733385 6.154378 18.196192 6.715 77.5161 0.326291 7.10778 0.383768 0 0.850504 1.21182 0.284238 3.2505 3.46973 2.05984 0.9184 2.62103 37.3
500.00 1063.15 13.554220 32.600144 -184495.376881 6.027530 17.759476 6.814 78.0105 0.306119 6.85044 0.351596 0 0.763272 1.19891 0.254648 3.20915 3.40025 2.09438 0.938557 2.62215 37.3
500.00 1053.15 13.278182 31.745852 -181081.080401 5.909499 17.352966 6.912 78.4862 0.287392 6.60431 0.321261 0 0.682919 1.18659 0.227796 3.16676 3.33151 2.12725 0.954825 2.62314 37.3
500.00 1043.15 13.023123 30.948581 -177925.918780 5.800023 16.976592 7.008 78.9348 0.269976 6.36815 0.292853 0 0.609243 1.17493 0.203375 3.12909 3.26328 2.15825 0.971977 2.62404 37.3
500.00 1033.15 11.819757 27.940538 -161585.175676 5.265245 15.376003 7.045 79.0942 0.259332 6.14379 0.255916 0 0.514738 1.22285 0.167951 3.11346 3.26919 2.34655 0.98624 2.62574 36.8

water thermodynamic data and composition:
Pressure Temperature mass S H V Cp formula
500.00 1523.15 0.144853 1.596965 -1560.856755 2.052359 0.406350 H2O
500.00 1513.15 0.140592 1.547397 -1518.891461 1.977395 0.394194 H2O
500.00 1503.15 0.136252 1.497094 -1475.819519 1.902167 0.381838 H2O
500.00 1493.15 0.131830 1.446037 -1431.612679 1.826674 0.369277 H2O
500.00 1483.15 0.127323 1.394212 -1386.241802 1.750916 0.356504 H2O
500.00 1473.15 0.122731 1.341599 -1339.676692 1.674892 0.343513 H2O
500.00 1463.15 0.118050 1.288181 -1291.885908 1.598603 0.330297 H2O
500.00 1453.15 0.113278 1.233940 -1242.837405 1.522047 0.316850 H2O
500.00 1443.15 0.108414 1.178857 -1192.498158 1.445226 0.303164 H2O
500.00 1433.15 0.103454 1.122913 -1140.834099 1.368141 0.289233 H2O
500.00 1423.15 0.098396 1.066089 -1087.810088 1.290793 0.275047 H2O
500.00 1413.15 0.093238 1.008363 -1033.389877 1.213184 0.260599 H2O
500.00 1403.15 0.091502 0.987773 -1016.707739 1.180811 0.255732 H2O
500.00 1393.15 0.107800 1.161554 -1200.809589 1.379563 0.301282 H2O
500.00 1383.15 0.175748 1.890162 -1962.611433 2.230205 0.491217 H2O
500.00 1373.15 0.280832 3.014649 -3143.963429 3.533377 0.785031 H2O
500.00 1363.15 0.444043 4.757591 -4983.546055 5.538734 1.241515 H2O
500.00 1353.15 0.603457 6.453175 -6789.549664 7.461541 1.687690 H2O
500.00 1343.15 0.740715 7.905601 -8354.572743 9.077828 2.072292 H2O
500.00 1333.15 0.858206 9.141620 -9703.767755 10.423681 2.402041 H2O
500.00 1323.15 0.968064 10.291433 -10973.048640 11.651515 2.710949 H2O
500.00 1313.15 1.054573 11.188685 -11983.163897 12.576230 2.955032 H2O
500.00 1303.15 1.125098 11.912829 -12816.085132 13.292480 3.154915 H2O
500.00 1293.15 1.184098 12.511945 -13521.372553 13.857626 3.323091 H2O
500.00 1283.15 1.234424 13.016819 -14130.714565 14.308477 3.467568 H2O
500.00 1273.15 1.277993 13.448148 -14665.378804 14.669843 3.593739 H2O
500.00 1263.15 1.316142 13.820379 -15140.177826 14.959099 3.705378 H2O
500.00 1253.15 1.349841 14.144021 -15565.864144 15.188925 3.805242 H2O
500.00 1243.15 1.379822 14.426983 -15950.518406 15.368888 3.895417 H2O
500.00 1233.15 1.406651 14.675399 -16300.399366 15.506424 3.977533 H2O
500.00 1223.15 1.430778 14.894144 -16620.479845 15.607444 4.052898 H2O
500.00 1213.15 1.452569 15.087171 -16914.794411 15.676744 4.122586 H2O
500.00 1203.15 1.472325 15.257738 -17186.671799 15.718273 4.187499 H2O
500.00 1193.15 1.490296 15.408565 -17438.895304 15.735317 4.248401 H2O
500.00 1183.15 1.506697 15.541943 -17673.817063 15.730641 4.305955 H2O
500.00 1173.15 1.521708 15.659819 -17893.442060 15.706584 4.360740 H2O
500.00 1163.15 1.535484 15.763858 -18099.491616 15.665138 4.413270 H2O
500.00 1153.15 1.548157 15.855491 -18293.452578 15.608005 4.464006 H2O
500.00 1143.15 1.559845 15.935954 -18476.616215 15.536646 4.513368 H2O
500.00 1133.15 1.570648 16.006316 -18650.109501 15.452318 4.561743 H2O
500.00 1123.15 1.580654 16.067509 -18814.920623 15.356104 4.609494 H2O
500.00 1113.15 1.589940 16.120345 -18971.920025 15.248939 4.656963 H2O
500.00 1103.15 1.598574 16.165533 -19121.877930 15.131630 4.704483 H2O
500.00 1093.15 1.606641 16.203938 -19265.767521 15.005097 4.752448 H2O
500.00 1083.15 1.615167 16.245904 -19415.915145 14.878905 4.804081 H2O
500.00 1073.15 1.623439 16.284189 -19563.784213 14.746270 4.857483 H2O
500.00 1063.15 1.631084 16.315043 -19704.876693 14.603816 4.911755 H2O
500.00 1053.15 1.638172 16.339159 -19840.002783 14.452255 4.967336 H2O
500.00 1043.15 1.644738 16.356885 -19969.573534 14.291963 5.024593 H2O
500.00 1033.15 1.675689 16.615192 -20396.769925 14.336089 5.160528 H2O

apatite thermodynamic data and composition:
Pressure Temperature mass S H V Cp formula
500.00 1053.15 0.001016 0.002044 -12.760430 0.000332 0.001132 Ca5(PO4)3OH
500.00 1043.15 0.001475 0.002953 -18.545364 0.000482 0.001641 Ca5(PO4)3OH
500.00 1033.15 0.024618 0.049001 -309.691725 0.008038 0.027326 Ca5(PO4)3OH

clinopyroxene_0 thermodynamic data and composition:
Pressure Temperature mass S H V Cp structure formula SiO2 TiO2 Al2O3 Fe2O3 Cr2O3 FeO MnO MgO CaO Na2O K2O P2O5 H2O
500.00 1393.15 1.337513 3.053408 -17190.114038 0.412226 1.573035 cpx Na0.01Ca0.85Fe''0.15Mg0.84Fe'''0.07Ti0.02Al0.23Si1.84O6 49.8116 0.676051 5.19043 2.6099 0 4.87835 0 15.2664 21.4339 0.133359 0 0 0
500.00 1383.15 5.162021 11.740129 -66157.688931 1.586444 6.054261 cpx Na0.01Ca0.84Fe''0.16Mg0.82Fe'''0.08Ti0.02Al0.24Si1.82O6 49.3342 0.787477 5.57325 2.79192 0 5.15136 0 14.9161 21.3014 0.144239 0 0 0
500.00 1373.15 4.329790 9.810250 -55299.896257 1.326796 5.064147 cpx Na0.01Ca0.84Fe''0.17Mg0.81Fe'''0.08Ti0.03Al0.25Si1.81O6 48.9274 0.906663 5.82306 2.95915 0 5.50804 0 14.6116 21.1081 0.156005 0 0 0
500.00 1363.15 3.121328 7.045974 -39687.103253 0.953724 3.641296 cpx Na0.01Ca0.83Fe''0.19Mg0.80Fe'''0.09Ti0.03Al0.25Si1.81O6 48.6987 1.01547 5.80327 3.07963 0 6.02351 0 14.4174 20.7935 0.168544 0 0 0
500.00 1353.15 3.407959 7.668628 -43220.085331 1.039957 3.972578 cpx Na0.01Ca0.81Fe''0.20Mg0.80Fe'''0.08Ti0.03Al0.24Si1.82O6 48.8743 0.977137 5.55077 3.00678 0 6.54231 0 14.5134 20.3571 0.178175 0 0 0
500.00 1343.15 2.745449 6.160489 -34764.958969 0.837401 3.201347 cpx Na0.01Ca0.79Fe''0.22Mg0.82Fe'''0.08Ti0.02Al0.23Si1.83O6 49.2546 0.864661 5.19486 2.829 0 7.06972 0 14.7895 19.8127 0.184928 0 0 0
500.00 1333.15 1.839186 4.115167 -23249.987260 0.560633 2.145165 cpx Na0.01Ca0.77Fe''0.24Mg0.83Fe'''0.07Ti0.02Al0.21Si1.84O6 49.5928 0.766465 4.87668 2.66445 0 7.60666 0 15.0605 19.2414 0.190986 0 0 0
500.00 1323.15 0.679597 1.513646 -8578.725983 0.206927 0.791037 cpx Na0.01Ca0.77Fe''0.25Mg0.83Fe'''0.07Ti0.02Al0.21Si1.85O6 49.6752 0.751091 4.68671 2.62493 0 7.89427 0 14.901 19.2647 0.202111 0 0 0
500.00 1313.15 0.424787 0.941738 -5355.955201 0.129207 0.493453 cpx Na0.02Ca0.77Fe''0.25Mg0.82Fe'''0.07Ti0.02Al0.20Si1.85O6 49.7544 0.737095 4.51013 2.5829 0 8.1497 0 14.7444 19.3086 0.212828 0 0 0
500.00 1303.15 0.275887 0.608774 -3475.247539 0.083836 0.319855 cpx Na0.02Ca0.77Fe''0.26Mg0.81Fe'''0.07Ti0.02Al0.19Si1.86O6 49.831 0.72431 4.34411 2.53907 0 8.38025 0 14.5912 19.3668 0.223187 0 0 0
500.00 1293.15 0.185840 0.408142 -2339.149101 0.056421 0.215042 cpx Na0.02Ca0.78Fe''0.27Mg0.80Fe'''0.07Ti0.02Al0.18Si1.86O6 49.9054 0.712599 4.18682 2.49386 0 8.59122 0 14.4417 19.4352 0.233217 0 0 0
500.00 1283.15 0.130231 0.284652 -1638.156534 0.039504 0.150409 cpx Na0.02Ca0.78Fe''0.27Mg0.80Fe'''0.07Ti0.02Al0.18Si1.87O6 49.9778 0.701875 4.03702 2.44759 0 8.78643 0 14.2959 19.5104 0.242937 0 0 0
500.00 1273.15 0.095521 0.207784 -1200.922056 0.028951 0.110115 cpx Na0.02Ca0.78Fe''0.28Mg0.79Fe'''0.07Ti0.02Al0.17Si1.87O6 50.0481 0.692093 3.8939 2.40051 0 8.9687 0 14.154 19.5903 0.252364 0 0 0
500.00 1263.15 0.073888 0.159948 -928.549165 0.022376 0.085019 cpx Na0.02Ca0.79Fe''0.29Mg0.78Fe'''0.07Ti0.02Al0.17Si1.87O6 50.1164 0.683243 3.75697 2.35283 0 9.14007 0 14.0158 19.6732 0.261518 0 0 0
500.00 1253.15 0.060516 0.130362 -760.236718 0.018312 0.069505 cpx Na0.02Ca0.79Fe''0.29Mg0.77Fe'''0.06Ti0.02Al0.16Si1.88O6 50.1824 0.675333 3.62586 2.30475 0 9.30207 0 13.8811 19.758 0.270419 0 0 0
500.00 1243.15 0.052378 0.112276 -657.824887 0.015838 0.060049 cpx Na0.02Ca0.80Fe''0.30Mg0.77Fe'''0.06Ti0.02Al0.15Si1.88O6 50.2462 0.668381 3.50032 2.25644 0 9.45584 0 13.75 19.8437 0.279093 0 0 0
500.00 1233.15 0.047539 0.101400 -596.937270 0.014364 0.054404 cpx Na0.02Ca0.80Fe''0.30Mg0.76Fe'''0.06Ti0.02Al0.15Si1.89O6 50.3077 0.662405 3.38014 2.20804 0 9.60226 0 13.6223 19.9296 0.287565 0 0 0
500.00 1223.15 0.044752 0.094979 -561.860771 0.013512 0.051124 cpx Na0.02Ca0.80Fe''0.31Mg0.75Fe'''0.06Ti0.02Al0.14Si1.89O6 50.3668 0.657423 3.2651 2.1597 0 9.74202 0 13.4977 20.0154 0.295865 0 0 0
500.00 1213.15 0.043210 0.091244 -542.448120 0.013038 0.049275 cpx Na0.02Ca0.81Fe''0.31Mg0.75Fe'''0.06Ti0.02Al0.14Si1.89O6 50.4234 0.653449 3.15502 2.11154 0 9.87569 0 13.3763 20.1006 0.304022 0 0 0
500.00 1203.15 0.042394 0.089066 -532.173532 0.012782 0.048259 cpx Na0.02Ca0.81Fe''0.31Mg0.74Fe'''0.06Ti0.02Al0.14Si1.90O6 50.4776 0.650496 3.0497 2.06366 0 10.0037 0 13.2578 20.1849 0.312066 0 0 0
500.00 1193.15 0.041972 0.087729 -526.881269 0.012647 0.047695 cpx Na0.02Ca0.82Fe''0.32Mg0.74Fe'''0.06Ti0.02Al0.13Si1.90O6 50.5294 0.64857 2.94896 2.01617 0 10.1266 0 13.1422 20.2681 0.320025 0 0 0
500.00 1183.15 0.041739 0.086791 -523.967820 0.012568 0.047347 cpx Na0.02Ca0.82Fe''0.32Mg0.73Fe'''0.06Ti0.02Al0.13Si1.90O6 50.5788 0.647681 2.85261 1.96916 0 10.2446 0 13.0292 20.3501 0.327931 0 0 0
500.00 1173.15 0.041567 0.085983 -521.843105 0.012507 0.047069 cpx Na0.02Ca0.82Fe''0.33Mg0.72Fe'''0.05Ti0.02Al0.12Si1.91O6 50.6258 0.647834 2.76046 1.92273 0 10.3581 0 12.9187 20.4306 0.335812 0 0 0
500.00 1163.15 0.041382 0.085151 -519.574357 0.012443 0.046778 cpx Na0.03Ca0.83Fe''0.33Mg0.72Fe'''0.05Ti0.02Al0.12Si1.91O6 50.6704 0.649038 2.67234 1.87695 0 10.4673 0 12.8107 20.5096 0.343698 0 0 0
500.00 1153.15 0.041143 0.084213 -516.650742 0.012364 0.046428 cpx Na0.03Ca0.83Fe''0.33Mg0.71Fe'''0.05Ti0.02Al0.11Si1.91O6 50.7126 0.6513 2.5881 1.83191 0 10.5727 0 12.7048 20.587 0.351617 0 0 0
500.00 1143.15 0.040833 0.083130 -512.828152 0.012262 0.045997 cpx Na0.03Ca0.83Fe''0.34Mg0.71Fe'''0.05Ti0.02Al0.11Si1.91O6 50.7524 0.654635 2.50756 1.78769 0 10.6745 0 12.6009 20.6627 0.3596 0 0 0
500.00 1133.15 0.040443 0.081892 -508.027317 0.012137 0.045479 cpx Na0.03Ca0.84Fe''0.34Mg0.70Fe'''0.05Ti0.02Al0.11Si1.92O6 50.7898 0.659057 2.4306 1.74436 0 10.7729 0 12.4989 20.7366 0.367676 0 0 0
500.00 1123.15 0.039977 0.080507 -502.267347 0.011990 0.044876 cpx Na0.03Ca0.84Fe''0.34Mg0.70Fe'''0.05Ti0.02Al0.10Si1.92O6 50.8249 0.664586 2.35709 1.70199 0 10.8683 0 12.3986 20.8087 0.375875 0 0 0
500.00 1113.15 0.039439 0.078988 -495.622794 0.011821 0.044195 cpx Na0.03Ca0.84Fe''0.35Mg0.69Fe'''0.05Ti0.02Al0.10Si1.92O6 50.8575 0.671248 2.28689 1.66065 0 10.961 0 12.2997 20.8788 0.384226 0 0 0
500.00 1103.15 0.038840 0.077355 -488.196258 0.011634 0.043446 cpx Na0.03Ca0.85Fe''0.35Mg0.69Fe'''0.05Ti0.02Al0.10Si1.92O6 50.8876 0.679071 2.21992 1.62041 0 11.0513 0 12.202 20.947 0.392763 0 0 0
500.00 1093.15 0.036314 0.071914 -456.241873 0.010868 0.040537 cpx Na0.03Ca0.85Fe''0.35Mg0.68Fe'''0.05Ti0.02Al0.10Si1.93O6 50.9154 0.669792 2.14645 1.58757 0 11.2178 0 12.0692 20.9934 0.400438 0 0 0
500.00 1083.15 0.024063 0.047372 -302.079568 0.007194 0.026798 cpx Na0.03Ca0.85Fe''0.36Mg0.67Fe'''0.04Ti0.02Al0.09Si1.93O6 50.9298 0.652718 2.07501 1.56324 0 11.4138 0 11.8845 21.0735 0.407435 0 0 0
500.00 1073.15 0.016116 0.031536 -202.370027 0.004815 0.017910 cpx Na0.03Ca0.86Fe''0.36Mg0.66Fe'''0.04Ti0.02Al0.09Si1.93O6 50.9575 0.647501 2.01214 1.52717 0 11.4844 0 11.7399 21.2172 0.414246 0 0 0
500.00 1063.15 0.016103 0.031319 -202.266724 0.004808 0.017858 cpx Na0.03Ca0.87Fe''0.37Mg0.66Fe'''0.04Ti0.02Al0.09Si1.93O6 50.9845 0.643364 1.95194 1.49054 0 11.5526 0 11.601 21.3551 0.420987 0 0 0
500.00 1053.15 0.015811 0.030564 -198.678748 0.004719 0.017498 cpx Na0.03Ca0.87Fe''0.37Mg0.65Fe'''0.04Ti0.02Al0.08Si1.93O6 51.0112 0.640247 1.89419 1.45319 0 11.6177 0 11.4685 21.4874 0.427642 0 0 0
500.00 1043.15 0.015511 0.029799 -194.976467 0.004626 0.017130 cpx Na0.03Ca0.88Fe''0.37Mg0.64Fe'''0.04Ti0.02Al0.08Si1.94O6 51.0359 0.638312 1.83922 1.41604 0 11.6833 0 11.3388 21.6141 0.434282 0 0 0
500.00 1033.15 0.032034 0.061132 -403.047320 0.009549 0.035291 cpx Na0.03Ca0.89Fe''0.37Mg0.63Fe'''0.04Ti0.02Al0.08Si1.94O6 51.0076 0.679477 1.81039 1.40743 0 11.6201 0 11.1259 21.8967 0.452393 0 0 0

rhm-oxide_0 thermodynamic data and composition:
Pressure Temperature mass S H V Cp formula SiO2 TiO2 Al2O3 Fe2O3 Cr2O3 FeO MnO MgO CaO Na2O K2O P2O5 H2O
500.00 1093.15 0.004386 0.007949 -32.274276 0.000939 0.003966 Mn0.05Fe''0.78Mg0.06Fe'''0.22Ti0.89O3 0 47.2813 0 11.5074 0 37.2631 2.31868 1.62947 0 0 0 0 0
500.00 1083.15 0.011617 0.020948 -85.514631 0.002485 0.010490 Mn0.05Fe''0.79Mg0.06Fe'''0.21Ti0.89O3 0 47.3449 0 11.3059 0 37.4255 2.39864 1.52505 0 0 0 0 0
500.00 1073.15 0.009497 0.017037 -69.998655 0.002030 0.008562 Mn0.05Fe''0.79Mg0.05Fe'''0.21Ti0.90O3 0 47.4901 0 10.9656 0 37.6179 2.48543 1.44099 0 0 0 0 0
500.00 1063.15 0.008569 0.015291 -63.247519 0.001831 0.007712 Mn0.05Fe''0.79Mg0.05Fe'''0.20Ti0.90O3 0 47.6426 0 10.615 0 37.8023 2.57836 1.3617 0 0 0 0 0
500.00 1053.15 0.007768 0.013788 -57.423816 0.001659 0.006980 Mn0.06Fe''0.80Mg0.05Fe'''0.19Ti0.90O3 0 47.802 0 10.255 0 37.9777 2.67855 1.28678 0 0 0 0 0
500.00 1043.15 0.007060 0.012464 -52.277687 0.001507 0.006333 Mn0.06Fe''0.80Mg0.05Fe'''0.19Ti0.91O3 0 47.9659 0 9.88914 0 38.1435 2.78626 1.21526 0 0 0 0 0
500.00 1033.15 0.009902 0.017387 -73.514744 0.002113 0.008864 Mn0.07Fe''0.80Mg0.04Fe'''0.18Ti0.91O3 0 48.2257 0 9.32541 0 38.1665 3.16315 1.11929 0 0 0 0 0

orthopyroxene_0 thermodynamic data and composition:
Pressure Temperature mass S H V Cp structure formula SiO2 TiO2 Al2O3 Fe2O3 Cr2O3 FeO MnO MgO CaO Na2O K2O P2O5 H2O
500.00 1333.15 0.615891 1.413935 -7617.116090 0.186565 0.755988 opx Na0.00Ca0.07Fe''0.44Mg1.41Fe'''0.03Ti0.00Al0.11Si1.93O6 53.401 0.118087 2.49423 1.16378 0 14.7059 0 26.2682 1.83068 0.0181548 0 0 0
500.00 1323.15 1.137404 2.597036 -13993.798712 0.343606 1.390995 opx Na0.00Ca0.07Fe''0.47Mg1.39Fe'''0.03Ti0.00Al0.10Si1.93O6 53.3372 0.104984 2.34743 1.11377 0 15.4259 0 25.7922 1.85966 0.0188864 0 0 0
500.00 1313.15 0.847499 1.924669 -10376.601141 0.255362 1.032832 opx Na0.00Ca0.07Fe''0.49Mg1.37Fe'''0.03Ti0.00Al0.09Si1.94O6 53.273 0.0939812 2.21714 1.06733 0 16.1011 0 25.35 1.87798 0.0194987 0 0 0
500.00 1303.15 0.652559 1.474004 -7953.378723 0.196130 0.792594 opx Na0.00Ca0.07Fe''0.51Mg1.35Fe'''0.03Ti0.00Al0.09Si1.94O6 53.2081 0.0845887 2.09969 1.02388 0 16.7425 0 24.9338 1.88739 0.0200041 0 0 0
500.00 1293.15 0.514359 1.155603 -6241.754254 0.154216 0.622709 opx Na0.00Ca0.07Fe''0.53Mg1.34Fe'''0.03Ti0.00Al0.09Si1.94O6 53.1425 0.0764703 1.99262 0.982951 0 17.3575 0 24.5384 1.88918 0.0204114 0 0 0
500.00 1283.15 0.412269 0.921265 -4981.984051 0.123311 0.497536 opx Na0.00Ca0.07Fe''0.55Mg1.32Fe'''0.03Ti0.00Al0.08Si1.94O6 53.076 0.0693864 1.8942 0.944223 0 17.9515 0 24.1596 1.88431 0.0207278 0 0 0
500.00 1273.15 0.334433 0.743309 -4025.047086 0.099795 0.402354 opx Na0.00Ca0.07Fe''0.57Mg1.30Fe'''0.03Ti0.00Al0.08Si1.95O6 53.0085 0.0631597 1.80317 0.90743 0 18.5285 0 23.7947 1.87356 0.0209593 0 0 0
500.00 1263.15 0.273571 0.604750 -3279.577021 0.081444 0.328131 opx Na0.00Ca0.07Fe''0.59Mg1.29Fe'''0.02Ti0.00Al0.07Si1.95O6 52.9401 0.0576553 1.71862 0.872371 0 19.0911 0 23.4415 1.85757 0.0211117 0 0 0
500.00 1253.15 0.225090 0.494879 -2688.009537 0.066857 0.269175 opx Na0.00Ca0.07Fe''0.61Mg1.27Fe'''0.02Ti0.00Al0.07Si1.95O6 52.8706 0.0527666 1.6398 0.838877 0 19.6417 0 23.0982 1.83684 0.0211905 0 0 0
500.00 1243.15 0.185933 0.406559 -2212.031717 0.055101 0.221694 opx Na0.00Ca0.07Fe''0.62Mg1.26Fe'''0.02Ti0.00Al0.07Si1.95O6 52.8001 0.0484076 1.56613 0.806809 0 20.1818 0 22.7637 1.81187 0.0212011 0 0 0
500.00 1233.15 0.153975 0.334832 -1825.043520 0.045527 0.183054 opx Na0.00Ca0.07Fe''0.64Mg1.24Fe'''0.02Ti0.00Al0.07Si1.96O6 52.7287 0.0445071 1.4971 0.776048 0 20.7127 0 22.4368 1.78307 0.0211487 0 0 0
500.00 1223.15 0.127682 0.276123 -1507.882949 0.037668 0.151358 opx Na0.00Ca0.07Fe''0.66Mg1.23Fe'''0.02Ti0.00Al0.06Si1.96O6 52.6563 0.0410055 1.43229 0.74649 0 21.2353 0 22.1168 1.75083 0.0210384 0 0 0
500.00 1213.15 0.105914 0.227774 -1246.311510 0.031176 0.125195 opx Na0.00Ca0.07Fe''0.68Mg1.21Fe'''0.02Ti0.00Al0.06Si1.96O6 52.583 0.0378522 1.37131 0.718043 0 21.7506 0 21.8028 1.71549 0.020875 0 0 0
500.00 1203.15 0.087799 0.187760 -1029.482695 0.025787 0.103489 opx Na0.00Ca0.07Fe''0.70Mg1.20Fe'''0.02Ti0.00Al0.06Si1.96O6 52.509 0.035004 1.31381 0.69063 0 22.2591 0 21.4943 1.6774 0.020663 0 0 0
500.00 1193.15 0.072659 0.154506 -848.973154 0.021293 0.085403 opx Na0.00Ca0.07Fe''0.71Mg1.18Fe'''0.02Ti0.00Al0.06Si1.96O6 52.4342 0.032424 1.25949 0.66418 0 22.7616 0 21.1908 1.63686 0.0204068 0 0 0
500.00 1183.15 0.059959 0.126775 -698.144826 0.017533 0.070279 opx Na0.00Ca0.06Fe''0.73Mg1.17Fe'''0.02Ti0.00Al0.05Si1.96O6 52.3588 0.0300803 1.20808 0.638635 0 23.2584 0 20.8918 1.59415 0.0201103 0 0 0
500.00 1173.15 0.049270 0.103577 -571.708090 0.014375 0.057590 opx Na0.00Ca0.06Fe''0.75Mg1.15Fe'''0.02Ti0.00Al0.05Si1.97O6 52.2827 0.0279452 1.15933 0.61394 0 23.75 0 20.5968 1.54956 0.0197774 0 0 0
500.00 1163.15 0.040247 0.084119 -465.411639 0.011717 0.046913 opx Na0.00Ca0.06Fe''0.76Mg1.14Fe'''0.02Ti0.00Al0.05Si1.97O6 52.206 0.0259949 1.113 0.59005 0 24.2366 0 20.3056 1.50333 0.0194114 0 0 0
500.00 1153.15 0.032609 0.067758 -375.815455 0.009473 0.037906 opx Na0.00Ca0.06Fe''0.78Mg1.13Fe'''0.02Ti0.00Al0.05Si1.97O6 52.1288 0.0242088 1.0689 0.566926 0 24.7187 0 20.0177 1.45572 0.0190158 0 0 0
500.00 1143.15 0.026129 0.053974 -300.120481 0.007574 0.030291 opx Na0.00Ca0.06Fe''0.80Mg1.11Fe'''0.02Ti0.00Al0.05Si1.97O6 52.0512 0.0225689 1.02684 0.544532 0 25.1964 0 19.7329 1.40695 0.0185936 0 0 0
500.00 1133.15 0.020619 0.042338 -236.038377 0.005964 0.023838 opx Na0.00Ca0.06Fe''0.81Mg1.10Fe'''0.01Ti0.00Al0.04Si1.97O6 51.9731 0.0210595 0.986649 0.522837 0 25.67 0 19.451 1.35724 0.018148 0 0 0
500.00 1123.15 0.015924 0.032502 -181.690491 0.004596 0.018360 opx Na0.00Ca0.05Fe''0.83Mg1.09Fe'''0.01Ti0.00Al0.04Si1.97O6 51.8946 0.0196669 0.948179 0.501813 0 26.1395 0 19.1718 1.30683 0.0176816 0 0 0
500.00 1113.15 0.011918 0.024178 -135.528632 0.003432 0.013704 opx Na0.00Ca0.05Fe''0.85Mg1.07Fe'''0.01Ti0.00Al0.04Si1.97O6 51.8158 0.0183794 0.911287 0.481436 0 26.605 0 18.8949 1.2559 0.0171973 0 0 0
500.00 1103.15 0.008494 0.017126 -96.272436 0.002441 0.009740 opx Na0.00Ca0.05Fe''0.86Mg1.06Fe'''0.01Ti0.00Al0.04Si1.97O6 51.7368 0.0171862 0.875843 0.461684 0 27.0667 0 18.6204 1.20468 0.0166977 0 0 0
500.00 1093.15 0.008690 0.017409 -98.065335 0.002491 0.009933 opx Na0.00Ca0.05Fe''0.88Mg1.04Fe'''0.01Ti0.00Al0.04Si1.97O6 51.6249 0.0156873 0.845629 0.447085 0 27.6323 0 18.2679 1.15026 0.0161415 0 0 0

feldspar_0 thermodynamic data and composition:
Pressure Temperature mass S H V Cp formula SiO2 TiO2 Al2O3 Fe2O3 Cr2O3 FeO MnO MgO CaO Na2O K2O P2O5 H2O
500.00 1373.15 1.828163 4.285536 -25471.833649 0.679353 2.228728 K0.00Na0.13Ca0.86Al1.86Si2.14O8 46.4873 0 34.4241 0 0 0 0 0 17.553 1.50643 0.029215 0 0
500.00 1363.15 4.585418 10.723663 -63926.361594 1.705670 5.585647 K0.00Na0.15Ca0.85Al1.85Si2.15O8 46.8916 0 34.1506 0 0 0 0 0 17.233 1.69059 0.0341507 0 0
500.00 1353.15 4.183005 9.763253 -58345.599168 1.558134 5.091801 K0.00Na0.17Ca0.83Al1.83Si2.17O8 47.4249 0 33.7901 0 0 0 0 0 16.8113 1.93402 0.0396695 0 0
500.00 1343.15 3.592743 8.370989 -50134.742287 1.340474 4.370423 K0.00Na0.20Ca0.80Al1.80Si2.20O8 48.05 0 33.3677 0 0 0 0 0 16.3169 2.21956 0.0458153 0 0
500.00 1333.15 3.113410 7.242103 -43463.821676 1.163705 3.784951 K0.00Na0.22Ca0.77Al1.77Si2.23O8 48.7236 0 32.9123 0 0 0 0 0 15.784 2.52684 0.0531731 0 0
500.00 1323.15 3.193537 7.416172 -44599.895776 1.195872 3.879968 K0.00Na0.25Ca0.74Al1.74Si2.26O8 49.425 0 32.4378 0 0 0 0 0 15.2289 2.8459 0.0623708 0 0
500.00 1313.15 2.567015 5.951014 -35863.966238 0.963063 3.116863 K0.00Na0.28Ca0.72Al1.72Si2.28O8 50.136 0 31.9567 0 0 0 0 0 14.6661 3.16888 0.0723755 0 0
500.00 1303.15 2.128399 4.925350 -29747.513003 0.800004 2.582703 K0.00Na0.31Ca0.69Al1.69Si2.31O8 50.8495 0 31.4736 0 0 0 0 0 14.101 3.49257 0.083254 0 0
500.00 1293.15 1.805220 4.169587 -25240.438956 0.679785 2.189172 K0.01Na0.34Ca0.66Al1.66Si2.34O8 51.558 0 30.9938 0 0 0 0 0 13.5398 3.81337 0.09504 0 0
500.00 1283.15 1.557019 3.589042 -21778.825693 0.587376 1.895638 K0.01Na0.36Ca0.63Al1.63Si2.37O8 52.2542 0 30.5219 0 0 0 0 0 12.9881 4.12796 0.107743 0 0
500.00 1273.15 1.359993 3.128121 -19030.762819 0.513940 1.655308 K0.01Na0.39Ca0.60Al1.60Si2.40O8 52.9324 0 30.0621 0 0 0 0 0 12.4505 4.43364 0.121355 0 0
500.00 1263.15 1.199212 2.751966 -16788.041318 0.453934 1.459176 K0.01Na0.41Ca0.58Al1.58Si2.42O8 53.588 0 29.6173 0 0 0 0 0 11.9305 4.72838 0.135859 0 0
500.00 1253.15 1.065262 2.438598 -14919.400911 0.403868 1.295762 K0.01Na0.44Ca0.55Al1.55Si2.45O8 54.2183 0 29.1893 0 0 0 0 0 11.4304 5.01088 0.15123 0 0
500.00 1243.15 0.951898 2.173434 -13337.747489 0.361429 1.157454 K0.01Na0.46Ca0.53Al1.53Si2.47O8 54.8219 0 28.7791 0 0 0 0 0 10.9511 5.28054 0.167447 0 0
500.00 1233.15 0.854808 1.946411 -11982.971537 0.325023 1.038996 K0.01Na0.48Ca0.51Al1.51Si2.49O8 55.3985 0 28.3868 0 0 0 0 0 10.4929 5.53725 0.184492 0 0
500.00 1223.15 0.770900 1.750301 -10811.943140 0.293510 0.936621 K0.01Na0.50Ca0.48Al1.48Si2.52O8 55.9487 0 28.0122 0 0 0 0 0 10.0555 5.78126 0.202355 0 0
500.00 1213.15 0.697870 1.579717 -9792.549208 0.266038 0.847522 K0.01Na0.52Ca0.46Al1.46Si2.54O8 56.4737 0 27.6544 0 0 0 0 0 9.6378 6.01309 0.221031 0 0
500.00 1203.15 0.633946 1.430508 -8900.079227 0.241955 0.769539 K0.01Na0.54Ca0.44Al1.44Si2.56O8 56.9747 0 27.3126 0 0 0 0 0 9.23887 6.23336 0.240527 0 0
500.00 1193.15 0.577725 1.299387 -8114.989533 0.220744 0.700963 K0.01Na0.56Ca0.43Al1.43Si2.57O8 57.4533 0 26.9856 0 0 0 0 0 8.85745 6.44279 0.260856 0 0
500.00 1183.15 0.528074 1.183693 -7421.483517 0.201985 0.640413 K0.02Na0.58Ca0.41Al1.41Si2.59O8 57.9112 0 26.6724 0 0 0 0 0 8.49226 6.6421 0.282042 0 0
500.00 1173.15 0.484061 1.081239 -6806.580086 0.185335 0.586755 K0.02Na0.59Ca0.39Al1.39Si2.61O8 58.3498 0 26.372 0 0 0 0 0 8.14207 6.832 0.304117 0 0
500.00 1163.15 0.444912 0.990201 -6259.479124 0.170507 0.539043 K0.02Na0.61Ca0.37Al1.37Si2.63O8 58.7707 0 26.0833 0 0 0 0 0 7.80568 7.01316 0.327123 0 0
500.00 1153.15 0.409975 0.909051 -5771.112006 0.157259 0.496484 K0.02Na0.62Ca0.36Al1.36Si2.64O8 59.1753 0 25.8054 0 0 0 0 0 7.48196 7.18619 0.351112 0 0
500.00 1143.15 0.378699 0.836492 -5333.811029 0.145386 0.458410 K0.02Na0.64Ca0.34Al1.34Si2.66O8 59.565 0 25.5373 0 0 0 0 0 7.16987 7.35168 0.376146 0 0
500.00 1133.15 0.350618 0.771423 -4941.058168 0.134716 0.424249 K0.02Na0.65Ca0.33Al1.33Si2.67O8 59.9408 0 25.2783 0 0 0 0 0 6.86846 7.51014 0.4023 0 0
500.00 1123.15 0.325332 0.712907 -4587.288918 0.125098 0.393517 K0.02Na0.66Ca0.31Al1.31Si2.69O8 60.304 0 25.0275 0 0 0 0 0 6.57682 7.66201 0.42966 0 0
500.00 1113.15 0.302499 0.660136 -4267.735915 0.116405 0.365800 K0.03Na0.67Ca0.30Al1.30Si2.70O8 60.6555 0 24.7843 0 0 0 0 0 6.29417 7.80771 0.458327 0 0
500.00 1103.15 0.281825 0.612420 -3978.302362 0.108527 0.340740 K0.03Na0.69Ca0.29Al1.29Si2.71O8 60.9962 0 24.548 0 0 0 0 0 6.01975 7.94758 0.488418 0 0
500.00 1093.15 0.265530 0.574506 -3750.412808 0.102321 0.321021 K0.03Na0.70Ca0.27Al1.27Si2.73O8 61.3198 0 24.3229 0 0 0 0 0 5.7585 8.07858 0.520172 0 0
500.00 1083.15 0.266042 0.573022 -3759.866774 0.102576 0.321660 K0.03Na0.71Ca0.26Al1.26Si2.74O8 61.6042 0 24.1242 0 0 0 0 0 5.52822 8.19141 0.551917 0 0
500.00 1073.15 0.254417 0.545442 -3597.750444 0.098142 0.307682 K0.03Na0.71Ca0.25Al1.25Si2.75O8 61.864 0 23.9421 0 0 0 0 0 5.31737 8.29293 0.583576 0 0
500.00 1063.15 0.235512 0.502519 -3332.421056 0.090892 0.284971 K0.03Na0.72Ca0.24Al1.24Si2.76O8 62.1156 0 23.7652 0 0 0 0 0 5.11271 8.38988 0.616562 0 0
500.00 1053.15 0.218496 0.463955 -3093.516381 0.084363 0.264622 K0.04Na0.73Ca0.23Al1.23Si2.77O8 62.3599 0 23.5929 0 0 0 0 0 4.91353 8.48254 0.651102 0 0
500.00 1043.15 0.203071 0.429071 -2876.868958 0.078441 0.246289 K0.04Na0.74Ca0.22Al1.22Si2.78O8 62.5968 0 23.4252 0 0 0 0 0 4.71991 8.57082 0.687238 0 0
500.00 1033.15 0.444581 0.934947 -6299.154411 0.171913 0.540338 K0.05Na0.74Ca0.21Al1.21Si2.79O8 62.9878 0 23.1281 0 0 0 0 0 4.38361 8.66328 0.837176 0 0

quartz thermodynamic data and composition:
Pressure Temperature mass S H V Cp formula
500.00 1033.15 0.622690 1.228148 -8930.470525 0.245466 0.721897 SiO2

spinel_0 thermodynamic data and composition:
Pressure Temperature mass S H V Cp formula SiO2 TiO2 Al2O3 Fe2O3 Cr2O3 FeO MnO MgO CaO Na2O K2O P2O5 H2O
500.00 1383.15 0.091008 0.197447 -652.053382 0.020703 0.091153 Fe''0.61Mg0.50Fe'''0.94Al0.62Cr0.23Ti0.11O4 0 4.37028 16.1062 38.1016 8.89114 22.2789 0 10.2518 0 0 0 0 0
500.00 1373.15 0.138839 0.298713 -931.854708 0.031136 0.136493 Fe''0.70Mg0.45Fe'''1.05Al0.53Cr0.14Ti0.14O4 0 5.71178 13.3933 41.8064 5.1462 24.9864 0 8.95598 0 0 0 0 0
500.00 1363.15 0.288295 0.612834 -1786.822560 0.063569 0.277834 Fe''0.82Mg0.39Fe'''1.16Al0.40Cr0.04Ti0.20O4 0 7.82462 9.81913 44.9919 1.37952 28.4453 0 7.53952 0 0 0 0 0
500.00 1353.15 1.531235 3.225258 -9148.944508 0.334678 1.461790 Fe''0.88Mg0.35Fe'''1.20Al0.34Cr0.00Ti0.23O4 0 8.81515 8.25803 45.8811 0.0255746 30.2393 0 6.78077 0 0 0 0 0
500.00 1343.15 1.644301 3.441415 -9636.815064 0.357323 1.560228 Fe''0.91Mg0.33Fe'''1.21Al0.31Cr0.00Ti0.24O4 0 9.03073 7.50474 46.1179 0 31.0453 0 6.30132 0 0 0 0 0
500.00 1333.15 1.218275 2.534765 -7027.540046 0.263449 1.150108 Fe''0.93Mg0.31Fe'''1.23Al0.29Cr0.00Ti0.24O4 0 9.18692 6.89979 46.3098 0 31.7058 0 5.89772 0 0 0 0 0
500.00 1323.15 0.879610 1.818198 -4974.072782 0.189081 0.825374 Fe''0.97Mg0.28Fe'''1.24Al0.26Cr0.00Ti0.25O4 0 9.42887 6.16914 46.4247 0 32.5929 0 5.38432 0 0 0 0 0
500.00 1313.15 0.644865 1.324871 -3588.123234 0.137928 0.602065 Fe''0.99Mg0.26Fe'''1.25Al0.23Cr0.00Ti0.26O4 0 9.62901 5.58379 46.4955 0 33.3357 0 4.956 0 0 0 0 0
500.00 1303.15 0.491082 1.003111 -2695.715286 0.104583 0.456517 Fe''1.02Mg0.25Fe'''1.26Al0.22Cr0.00Ti0.26O4 0 9.79933 5.0974 46.5406 0 33.9734 0 4.58926 0 0 0 0 0
500.00 1293.15 0.384890 0.781845 -2088.512096 0.081658 0.356453 Fe''1.04Mg0.23Fe'''1.26Al0.20Cr0.00Ti0.27O4 0 9.94767 4.68264 46.5692 0 34.5311 0 4.26933 0 0 0 0 0
500.00 1283.15 0.308410 0.623125 -1656.846764 0.065210 0.284667 Fe''1.06Mg0.21Fe'''1.27Al0.18Cr0.00Ti0.27O4 0 10.0795 4.32216 46.5858 0 35.0261 0 3.98637 0 0 0 0 0
500.00 1273.15 0.251449 0.505380 -1339.078358 0.053004 0.231391 Fe''1.08Mg0.20Fe'''1.27Al0.17Cr0.00Ti0.28O4 0 10.1991 4.00428 46.5924 0 35.4709 0 3.73345 0 0 0 0 0
500.00 1263.15 0.207862 0.415635 -1098.479106 0.043694 0.190757 Fe''1.09Mg0.19Fe'''1.28Al0.16Cr0.00Ti0.28O4 0 10.3094 3.72081 46.5897 0 35.8746 0 3.50551 0 0 0 0 0
500.00 1253.15 0.173784 0.345740 -912.170205 0.036438 0.159082 Fe''1.11Mg0.18Fe'''1.28Al0.15Cr0.00Ti0.29O4 0 10.413 3.46577 46.5778 0 36.2446 0 3.29874 0 0 0 0 0
500.00 1243.15 0.146672 0.290351 -765.252667 0.030681 0.133952 Fe''1.12Mg0.17Fe'''1.28Al0.14Cr0.00Ti0.29O4 0 10.5121 3.23461 46.5567 0 36.5865 0 3.11013 0 0 0 0 0
500.00 1233.15 0.124795 0.245828 -647.656265 0.026048 0.113727 Fe''1.13Mg0.16Fe'''1.28Al0.13Cr0.00Ti0.29O4 0 10.6082 3.02382 46.5257 0 36.905 0 2.93728 0 0 0 0 0
500.00 1223.15 0.106933 0.209616 -552.351975 0.022275 0.097253 Fe''1.14Mg0.15Fe'''1.29Al0.12Cr0.00Ti0.30O4 0 10.7028 2.83058 46.4845 0 37.2039 0 2.77824 0 0 0 0 0
500.00 1213.15 0.092203 0.179869 -474.296328 0.019170 0.083699 Fe''1.15Mg0.14Fe'''1.29Al0.12Cr0.00Ti0.30O4 0 10.7971 2.65261 46.4325 0 37.4865 0 2.63137 0 0 0 0 0
500.00 1203.15 0.079953 0.155223 -409.784845 0.016594 0.072451 Fe''1.16Mg0.14Fe'''1.29Al0.11Cr0.00Ti0.30O4 0 10.892 2.48803 46.3693 0 37.7554 0 2.49529 0 0 0 0 0
500.00 1193.15 0.069689 0.134649 -356.042277 0.014440 0.063044 Fe''1.17Mg0.13Fe'''1.29Al0.10Cr0.00Ti0.31O4 0 10.9884 2.33529 46.2945 0 38.013 0 2.36883 0 0 0 0 0
500.00 1183.15 0.061033 0.117362 -310.954579 0.012627 0.055126 Fe''1.18Mg0.12Fe'''1.29Al0.10Cr0.00Ti0.31O4 0 11.0869 2.19308 46.2079 0 38.2611 0 2.25098 0 0 0 0 0
500.00 1173.15 0.053689 0.102750 -272.888431 0.011092 0.048420 Fe''1.19Mg0.12Fe'''1.29Al0.09Cr0.00Ti0.31O4 0 11.1882 2.0603 46.1092 0 38.5015 0 2.14085 0 0 0 0 0
500.00 1163.15 0.047426 0.090333 -240.566506 0.009785 0.042710 Fe''1.20Mg0.11Fe'''1.28Al0.08Cr0.00Ti0.32O4 0 11.2925 1.93599 45.9983 0 38.7355 0 2.03768 0 0 0 0 0
500.00 1153.15 0.042059 0.079729 -212.979273 0.008666 0.037824 Fe''1.21Mg0.11Fe'''1.28Al0.08Cr0.00Ti0.32O4 0 11.4002 1.81937 45.8752 0 38.9644 0 1.94081 0 0 0 0 0
500.00 1143.15 0.037439 0.070635 -189.321377 0.007705 0.033625 Fe''1.22Mg0.10Fe'''1.28Al0.07Cr0.00Ti0.32O4 0 11.5117 1.70974 45.7398 0 39.1892 0 1.84965 0 0 0 0 0
500.00 1133.15 0.033447 0.062802 -168.944946 0.006876 0.030000 Fe''1.23Mg0.10Fe'''1.28Al0.07Cr0.00Ti0.33O4 0 11.627 1.60649 45.5922 0 39.4106 0 1.76367 0 0 0 0 0
500.00 1123.15 0.029983 0.056030 -151.324820 0.006157 0.026861 Fe''1.24Mg0.09Fe'''1.27Al0.07Cr0.00Ti0.33O4 0 11.7462 1.50912 45.4327 0 39.6295 0 1.68242 0 0 0 0 0
500.00 1113.15 0.026969 0.050157 -136.032306 0.005533 0.024132 Fe''1.24Mg0.09Fe'''1.27Al0.06Cr0.00Ti0.33O4 0 11.8694 1.41717 45.2615 0 39.8465 0 1.60548 0 0 0 0 0
500.00 1103.15 0.024338 0.045045 -122.715165 0.004988 0.021752 Fe''1.25Mg0.09Fe'''1.27Al0.06Cr0.00Ti0.34O4 0 11.9966 1.33024 45.0787 0 40.0619 0 1.53248 0 0 0 0 0
500.00 1093.15 0.016889 0.031094 -84.927662 0.003457 0.015076 Fe''1.25Mg0.08Fe'''1.27Al0.06Cr0.00Ti0.33O4 0 11.9052 1.25768 45.2933 0 40.099 0 1.44486 0 0 0 0 0

olivine_0 thermodynamic data and composition:
Pressure Temperature mass S H V Cp formula SiO2 TiO2 Al2O3 Fe2O3 Cr2O3 FeO MnO MgO CaO Na2O K2O P2O5 H2O
500.00 1403.15 0.733516 1.734489 -8982.476543 0.222565 0.903310 (Ca0.01Mg0.82Fe''0.17Mn0.00Co0.00Ni0.00)2SiO4 39.5089 0 0 0 0 16.5022 0.283037 43.2823 0.4236 0 0 0 0
500.00 1393.15 0.608770 1.432822 -7418.171750 0.184142 0.746987 (Ca0.01Mg0.81Fe''0.18Mn0.00Co0.00Ni0.00)2SiO4 39.3875 0 0 0 0 17.1384 0.294453 42.756 0.423572 0 0 0 0
500.00 1383.15 0.014458 0.033852 -174.763047 0.004353 0.017653 (Ca0.01Mg0.80Fe''0.19Mn0.00Co0.00Ni0.00)2SiO4 39.2044 0 0 0 0 18.1028 0.320743 41.9695 0.402606 0 0 0 0
500.00 1373.15 0.436498 1.016277 -5221.496336 0.130697 0.529794 (Ca0.01Mg0.79Fe''0.21Mn0.00Co0.00Ni0.00)2SiO4 38.9752 0 0 0 0 19.3007 0.358658 40.9827 0.382773 0 0 0 0
500.00 1363.15 1.083735 2.507304 -12778.310655 0.322131 1.305308 (Ca0.01Mg0.77Fe''0.23Mn0.00Co0.00Ni0.00)2SiO4 38.6688 0 0 0 0 20.8868 0.41946 39.6605 0.364408 0 0 0 0
500.00 1353.15 0.742652 1.708268 -8660.015477 0.219464 0.888909 (Ca0.00Mg0.75Fe''0.24Mn0.01Co0.00Ni0.00)2SiO4 38.4305 0 0 0 0 22.0799 0.512659 38.6341 0.342887 0 0 0 0
500.00 1343.15 0.496818 1.136719 -5745.506798 0.146144 0.591643 (Ca0.00Mg0.74Fe''0.25Mn0.01Co0.00Ni0.00)2SiO4 38.2479 0 0 0 0 22.9508 0.631444 37.8488 0.321098 0 0 0 0
500.00 1083.15 0.032331 0.062229 -269.951040 0.008164 0.032085 (Ca0.00Mg0.25Fe''0.56Mn0.19Co0.00Ni0.00)2SiO4 32.0113 0 0 0 0 42.5148 14.6432 10.638 0.192653 0 0 0 0
500.00 1073.15 0.037613 0.071902 -311.427439 0.009461 0.037127 (Ca0.00Mg0.24Fe''0.56Mn0.20Co0.00Ni0.00)2SiO4 31.8594 0 0 0 0 42.6773 15.3041 9.97017 0.188972 0 0 0 0
500.00 1063.15 0.033210 0.063057 -272.865031 0.008324 0.032613 (Ca0.00Mg0.22Fe''0.56Mn0.21Co0.00Ni0.00)2SiO4 31.717 0 0 0 0 42.7608 15.9936 9.34324 0.185269 0 0 0 0
500.00 1053.15 0.029449 0.055541 -240.263138 0.007356 0.028777 (Ca0.00Mg0.21Fe''0.57Mn0.22Co0.00Ni0.00)2SiO4 31.5837 0 0 0 0 42.7635 16.7163 8.75492 0.181567 0 0 0 0
500.00 1043.15 0.026002 0.048712 -210.772043 0.006475 0.025287 (Ca0.00Mg0.20Fe''0.57Mn0.24Co0.00Ni0.00)2SiO4 31.458 0 0 0 0 42.6923 17.4728 8.19902 0.177924 0 0 0 0
500.00 1033.15 0.042926 0.079833 -345.208295 0.010651 0.041473 (Ca0.00Mg0.18Fe''0.56Mn0.26Co0.00Ni0.00)2SiO4 31.2767 0 0 0 0 41.6758 19.4845 7.37768 0.185399 0 0 0 0
