Title: Mr2

System Thermodynamic Data:
Pressure Temperature mass F phi S H V dVdP*10^6 dVdT*10^6 Cp logfO2(absolute) logfO2-NNO rhol rhos viscosity aH2O chisqr
500.00 1523.15 100.094276 0.9985528382360656 0.950829 288.250937 -1199475.338541 41.739465 -4575.516434 6342.522444 152.298653 -7.007 0.000 2.518436 0.070579 1.617 0.999904 0.000
500.00 1513.15 100.094877 0.9985954108979596 0.952494 287.247946 -1201008.525525 41.624458 -4428.550172 6302.348044 152.295192 -7.116 0.000 2.521102 0.071100 1.654 0.999902 0.000
500.00 1503.15 100.095515 0.9986387820796094 0.954175 286.238350 -1202542.276639 41.509301 -4280.961378 6261.203139 152.291905 -7.225 0.000 2.523769 0.071630 1.691 0.999899 0.000
500.00 1493.15 100.096192 0.9986829718146770 0.955871 285.222059 -1204076.614608 41.393996 -4132.739891 6219.056595 152.288798 -7.336 0.000 2.526437 0.072169 1.728 0.999897 0.000
500.00 1483.15 100.096908 0.9987280007394188 0.957583 284.198979 -1205611.563095 41.278545 -3983.875433 6175.875802 152.285875 -7.449 0.000 2.529107 0.072718 1.766 0.999894 0.000
500.00 1473.15 100.097665 0.9987738902368164 0.959311 283.184396 -1207124.436683 41.162950 -3834.357285 6131.626477 148.965144 -7.563 0.000 2.531776 0.073277 1.804 0.999891 0.000
500.00 1463.15 100.098463 0.9988206626008278 0.961055 282.170084 -1208627.454230 41.047215 -3684.173922 6086.272433 148.954060 -7.679 0.000 2.534447 0.073846 1.843 0.999887 0.000
500.00 1453.15 100.099306 0.9988683404338800 0.962815 281.148910 -1210131.066721 40.931341 -3533.314698 6039.776051 148.942619 -7.796 0.000 2.537118 0.074425 1.883 0.999884 0.000
500.00 1443.15 100.100192 0.9989169469860039 0.964591 280.120781 -1211635.295980 40.815334 -3381.768994 5992.097889 148.930817 -7.915 0.000 2.539789 0.075015 1.923 0.99988 0.000
500.00 1433.15 100.101126 0.9989665061990433 0.966384 279.085600 -1213140.164902 40.699197 -3229.526156 5943.196542 148.918647 -8.035 0.000 2.542461 0.075616 1.963 0.999877 0.000
500.00 1423.15 100.102106 0.9990170427240193 0.968194 278.043268 -1214645.697513 40.582935 -3076.575532 5893.028528 148.906107 -8.157 0.000 2.545133 0.076229 2.004 0.999873 0.000
500.00 1413.15 100.103137 0.9990685819389911 0.970020 276.993685 -1216151.919024 40.466552 -2922.906488 5841.548161 148.893190 -8.281 0.000 2.547804 0.076854 2.046 0.999869 0.000
500.00 1403.15 100.102163 0.9917582366057041 0.965240 275.729371 -1217915.585993 40.373361 -2858.411423 5806.211769 148.493064 -8.407 0.000 2.547528 0.587881 2.110 0.99988 0.000
500.00 1393.15 99.369293 0.9793287973102240 0.950840 272.398222 -1211173.865147 40.194124 -3251.771173 5915.525882 146.753409 -8.535 0.000 2.546306 1.039552 2.180 0.99988 0.000
500.00 1383.15 97.430352 0.9441320467783545 0.904027 265.426549 -1190138.608462 40.028994 -4939.224570 6457.425780 142.430143 -8.664 0.000 2.541973 1.416880 2.265 0.999857 0.000
500.00 1373.15 92.170953 0.9239009480604669 0.854753 250.728577 -1127038.654045 39.252788 -7528.788805 7293.944350 133.872208 -8.795 0.000 2.538098 1.230254 2.358 0.999837 0.000
500.00 1363.15 85.448020 0.8885542500710251 0.777288 232.184046 -1044567.352487 38.542333 -11520.497538 8648.880604 122.890765 -8.929 0.000 2.534345 1.109391 2.466 0.999815 0.000
500.00 1353.15 76.421799 0.8630193378547313 0.712344 208.071974 -931646.866543 36.897394 -15356.555788 9929.205914 108.800949 -9.064 0.000 2.509300 0.986295 2.684 0.999835 0.000
500.00 1343.15 66.613126 0.8615884362164843 0.663341 182.930496 -816957.685889 34.929069 -18592.167191 11020.289570 94.608286 -9.201 0.000 2.477054 0.784071 2.950 0.999873 0.000
500.00 1333.15 58.176177 0.8685893910985052 0.620840 161.579033 -720382.059234 33.226196 -21297.789556 11985.007676 82.774116 -9.340 0.000 2.449623 0.606838 3.194 0.999906 0.000
500.00 1323.15 51.419134 0.8666213692648267 0.574811 144.358895 -642058.296189 31.955221 -23776.326527 12926.325710 73.196199 -9.481 0.000 2.425979 0.504763 3.427 0.99994 0.000
500.00 1313.15 45.551309 0.8784066176248555 0.541867 129.489907 -572286.911138 30.693655 -25656.637773 13684.810060 65.008166 -9.625 0.000 2.405778 0.393886 3.644 0.999974 0.000
500.00 1303.15 41.084709 0.8862587793746167 0.512933 118.089373 -519033.397672 29.722908 -27126.540501 14325.970185 58.752888 -9.771 0.000 2.388298 0.322789 3.847 1.00001 0.000
500.00 1293.15 37.551121 0.8914970581915943 0.487517 109.010368 -476777.786404 28.936968 -28299.508671 14882.421528 53.793102 -9.919 0.000 2.373013 0.274746 4.037 1.00004 0.000
500.00 1283.15 34.672872 0.8949509382008678 0.465115 101.569659 -442251.376148 28.274998 -29248.357269 15375.622424 49.756778 -10.069 0.000 2.359534 0.240835 4.217 1.00006 0.000
500.00 1273.15 32.275340 0.8971539731705821 0.445287 95.335829 -413401.009846 27.699977 -30022.167729 15819.482930 46.385153 -10.221 0.000 2.347568 0.216028 4.388 1.00008 0.000
500.00 1263.15 30.243093 0.8984668837657711 0.427672 90.022550 -388870.758541 27.188157 -30655.318212 16224.468806 43.527268 -10.376 0.000 2.336888 0.197337 4.551 1.0001 0.000
500.00 1253.15 28.496755 0.8991291209856942 0.411969 85.432096 -367729.298536 26.723770 -31172.896430 16598.091200 41.072423 -10.534 0.000 2.327314 0.182921 4.706 1.00011 0.000
500.00 1243.15 26.979557 0.8993051480989108 0.397932 81.422491 -349310.778747 26.295913 -31593.845249 16946.090205 38.941117 -10.694 0.000 2.318703 0.171596 4.855 1.00012 0.000
500.00 1233.15 25.649544 0.8991105656331764 0.385353 77.888419 -333122.976116 25.896788 -31932.890356 17272.997051 37.074410 -10.857 0.000 2.310938 0.162575 4.996 1.00013 0.000
500.00 1223.15 24.474826 0.8986286795390055 0.374060 74.749551 -318791.388136 25.520650 -32201.759406 17582.490670 35.427398 -11.022 0.000 2.303920 0.155314 5.133 1.00013 0.000
500.00 1213.15 23.430578 0.8979211474962580 0.363905 71.943160 -306024.037496 25.163156 -32409.976894 17877.630081 33.965080 -11.190 0.000 2.297569 0.149428 5.263 1.00013 0.000
500.00 1203.15 22.497093 0.8970348458079505 0.354763 69.419299 -294588.612391 24.820941 -32565.399197 18161.010559 32.659645 -11.361 0.000 2.291813 0.144637 5.389 1.00013 0.000
500.00 1193.15 21.658459 0.8960063209603415 0.346527 67.137554 -284297.155023 24.491348 -32674.586746 18434.872194 31.488648 -11.534 0.000 2.286595 0.140732 5.509 1.00012 0.000
500.00 1183.15 20.901663 0.8948647014781015 0.339103 65.064786 -274995.491708 24.172244 -32743.071422 18701.178098 30.433738 -11.711 0.000 2.281861 0.137556 5.626 1.00012 0.000
500.00 1173.15 20.215934 0.8936336302592450 0.332413 63.173521 -266555.722405 23.861887 -32775.554553 18961.672801 29.479750 -11.890 0.000 2.277566 0.134985 5.738 1.00011 0.000
500.00 1163.15 19.592277 0.8923325732126033 0.326385 61.440772 -258870.739421 23.558838 -32776.057515 19217.927367 28.614041 -12.073 0.000 2.273672 0.132924 5.846 1.0001 0.000
500.00 1153.15 19.023120 0.8909777284100344 0.320960 59.847150 -251850.129982 23.261894 -32748.038906 19471.375355 27.825989 -12.259 0.000 2.270143 0.131297 5.951 1.00009 0.000
500.00 1143.15 18.502040 0.8895826764114533 0.316084 58.376190 -245417.048559 22.970038 -32694.487440 19723.342334 27.106616 -12.448 0.000 2.266948 0.130045 6.052 1.00009 0.000
500.00 1133.15 18.023559 0.8881588597978551 0.311713 57.013823 -239505.786453 22.682399 -32617.996709 19975.070751 26.448287 -12.641 0.000 2.264060 0.129117 6.150 1.00008 0.000
500.00 1123.15 17.582977 0.8867159472281263 0.307805 55.747963 -234059.854488 22.398229 -32520.826083 20227.741428 25.844486 -12.837 0.000 2.261454 0.128475 6.245 1.00007 0.000
500.00 1113.15 17.176243 0.8852621169678556 0.304326 54.568172 -229030.451187 22.116874 -32404.950809 20482.492620 25.289625 -13.036 0.000 2.259108 0.128087 6.338 1.00006 0.000
500.00 1103.15 16.799847 0.8838042823024247 0.301246 53.465393 -224375.225695 21.837759 -32272.103548 20740.437346 24.778895 -13.239 0.000 2.257002 0.127927 6.428 1.00005 0.000
500.00 1093.15 16.450601 0.8821654515202493 0.298474 52.430366 -220056.580194 21.560395 -32124.273315 21002.878240 24.307519 -13.446 0.000 2.255112 0.128160 6.515 1.00005 0.000
500.00 1083.15 16.123337 0.8791056160301902 0.295499 51.445650 -215994.899431 21.290720 -31981.872434 21281.931640 23.863711 -13.656 0.000 2.252937 0.129954 6.613 1.00004 0.000
500.00 1073.15 15.792791 0.8770905979019161 0.292855 50.464028 -211920.064164 21.015097 -31830.754131 21570.271238 23.424954 -13.871 0.000 2.250708 0.130618 6.715 1.00003 0.000
500.00 1063.15 15.478699 0.8756692186195458 0.290663 49.527373 -208071.053904 20.737201 -31663.882854 21864.614336 23.014385 -14.089 0.000 2.248719 0.130831 6.814 1.00003 0.000
500.00 1053.15 15.188894 0.8742032985983064 0.288829 48.650903 -204523.725698 20.460182 -31482.893989 22166.562449 22.639311 -14.312 0.000 2.246922 0.131314 6.912 1.00002 0.000
500.00 1043.15 14.920981 0.8728060889801190 0.287364 47.828465 -201248.932833 20.183517 -31288.732162 22477.402213 22.297865 -14.539 0.000 2.245357 0.131947 7.008 1.00002 0.000
500.00 1033.15 14.672197 0.8055887363351530 0.262618 46.926178 -198343.032622 20.049064 -31543.375474 23101.811682 21.911722 -14.770 0.000 2.244863 0.192943 7.045 1.00001 0.000
