Title: Hr

liquid_0 thermodynamic data and composition:
Pressure Temperature mass S H V Cp viscosity SiO2 TiO2 Al2O3 Fe2O3 FeO MnO MgO CaO Na2O K2O P2O5 H2O Mg#
500.00 1523.15 99.862135 286.589082 -1184470.622934 39.476001 151.421841 1.540 48.2775 1.39403 14.7952 2.5106 9.7548 0.195205 7.44562 10.9635 2.33199 0.353231 0.156012 1.8224 57.6
500.00 1513.15 99.866988 285.638228 -1186041.198865 39.435555 151.430704 1.576 48.2751 1.39397 14.7944 2.51699 9.74847 0.195196 7.44525 10.9629 2.33187 0.353214 0.156005 1.82652 57.7
500.00 1503.15 99.871960 284.681515 -1187613.479371 39.395224 151.439955 1.612 48.2727 1.3939 14.7937 2.52378 9.74176 0.195186 7.44488 10.9624 2.33176 0.353196 0.155997 1.83072 57.7
500.00 1493.15 99.877054 283.718867 -1189187.516558 39.355009 151.449602 1.649 48.2703 1.39383 14.7929 2.53098 9.73467 0.195176 7.4445 10.9618 2.33164 0.353178 0.155989 1.83499 57.7
500.00 1483.15 99.882272 282.750207 -1190763.364397 39.314915 151.459659 1.686 48.2678 1.39375 14.7922 2.5386 9.72718 0.195166 7.44411 10.9613 2.33152 0.35316 0.155981 1.83934 57.7
500.00 1473.15 99.887620 281.790426 -1192318.977884 39.274943 148.241114 1.724 48.2652 1.39368 14.7914 2.54666 9.71928 0.195156 7.44372 10.9607 2.33139 0.353141 0.155972 1.84377 57.7
500.00 1463.15 99.893099 280.831533 -1193866.280915 39.235096 148.243664 1.762 48.2625 1.3936 14.7906 2.55517 9.71097 0.195145 7.44331 10.9601 2.33126 0.353121 0.155964 1.84829 57.7
500.00 1453.15 99.898714 279.866602 -1195415.478081 39.195379 148.246115 1.801 48.2598 1.39352 14.7897 2.56415 9.70221 0.195134 7.44289 10.9594 2.33113 0.353101 0.155955 1.85289 57.8
500.00 1443.15 99.904469 278.895558 -1196966.625666 39.155794 148.248469 1.840 48.257 1.39344 14.7889 2.57361 9.69301 0.195123 7.44246 10.9588 2.331 0.353081 0.155946 1.85759 57.8
500.00 1433.15 99.910368 277.918322 -1198519.782114 39.116343 148.250730 1.880 48.2542 1.39336 14.788 2.58356 9.68335 0.195111 7.44202 10.9582 2.33086 0.35306 0.155937 1.86237 57.8
500.00 1423.15 99.916413 276.934815 -1200075.008121 39.077031 148.252902 1.920 48.2513 1.39328 14.7871 2.59402 9.67321 0.195099 7.44157 10.9575 2.33072 0.353039 0.155927 1.86724 57.8
500.00 1413.15 99.321631 274.328695 -1194501.873742 38.838526 147.196849 1.978 48.3027 1.40162 14.8757 2.60467 9.63765 0.194562 7.22517 11.0206 2.34468 0.355153 0.156861 1.88068 57.2
500.00 1403.15 98.506146 271.140790 -1186334.188590 38.528059 145.756324 2.044 48.3759 1.41322 14.9988 2.61488 9.58831 0.193762 6.92885 11.1083 2.36409 0.358093 0.15816 1.89764 56.3
500.00 1393.15 96.712397 265.346945 -1165924.510386 37.841697 142.817880 2.112 48.4268 1.42929 15.2171 2.62744 9.59725 0.195374 6.59928 11.0567 2.4062 0.364735 0.161093 1.9187 55.1
500.00 1383.15 91.598872 250.728840 -1104050.932258 35.884913 134.787400 2.189 48.4272 1.45404 15.7695 2.64596 9.81204 0.20606 6.13389 10.5092 2.53185 0.385096 0.170086 1.95511 52.7
500.00 1373.15 87.046995 237.703066 -1049237.544955 34.148055 127.651214 2.269 48.4581 1.46966 16.2956 2.65993 10.0017 0.216551 5.69032 9.97665 2.65549 0.405234 0.17898 1.99185 50.4
500.00 1363.15 82.970789 226.025633 -1000407.720280 32.597669 121.271890 2.351 48.5198 1.47556 16.7962 2.66974 10.166 0.226821 5.26768 9.45914 2.77711 0.425142 0.187773 2.02895 48.0
500.00 1353.15 75.430064 204.825808 -904804.574531 29.624261 109.585471 2.429 48.8368 1.57127 16.4982 2.78778 10.7099 0.243387 4.83294 8.85307 2.94495 0.465528 0.206545 2.04966 44.6
500.00 1343.15 59.720957 162.930120 -738172.458493 24.211950 86.277730 2.925 52.8594 1.13151 16.7463 2.22961 8.0768 0.303172 4.09966 8.01524 3.4794 0.583501 0.260875 2.21462 47.5
500.00 1333.15 53.064101 144.614792 -661428.502861 21.744326 76.268055 3.159 54.5585 1.02797 16.5469 2.07913 7.37697 0.33483 3.67705 7.43605 3.74059 0.653243 0.293602 2.27522 47.0
500.00 1323.15 47.266530 128.624921 -593347.897526 19.549844 67.598898 3.374 56.1123 0.943134 16.2508 1.9503 6.75871 0.375915 3.28334 6.94596 3.99273 0.729058 0.329614 2.32814 46.4
500.00 1313.15 42.266631 114.789856 -533698.419279 17.625910 60.135903 3.578 57.6014 0.881824 15.8107 1.84225 6.21221 0.420384 2.88252 6.57643 4.22031 0.809828 0.368605 2.37355 45.3
500.00 1303.15 38.290345 103.738700 -486071.240852 16.082571 54.218780 3.767 58.987 0.827301 15.3471 1.74102 5.71916 0.464039 2.54742 6.24935 4.41075 0.888038 0.406884 2.41189 44.3
500.00 1293.15 35.038462 94.663933 -446965.977693 14.809955 49.393252 3.945 60.2841 0.778484 14.869 1.64563 5.27159 0.507106 2.2637 5.95809 4.56883 0.964109 0.444646 2.44464 43.4
500.00 1283.15 32.322484 87.055842 -414179.369538 13.738770 45.373432 4.112 61.504 0.734512 14.3833 1.55532 4.86325 0.549717 2.02093 5.69732 4.69849 1.03828 0.482008 2.47287 42.6
500.00 1273.15 30.017319 80.575409 -386249.920794 12.822962 41.969760 4.269 62.6551 0.694696 13.8953 1.46955 4.48917 0.591932 1.81138 5.46269 4.80306 1.11067 0.519024 2.4974 41.8
500.00 1263.15 28.036421 74.987500 -362166.881115 12.030616 39.051203 4.418 63.744 0.658478 13.4094 1.38791 4.14541 0.633755 1.62918 5.25058 4.88545 1.1813 0.555695 2.51886 41.2
500.00 1253.15 26.317317 70.121928 -341200.142512 11.338627 36.523283 4.560 64.7756 0.6254 12.9291 1.3101 3.82874 0.675153 1.46976 5.05797 4.94828 1.25012 0.591995 2.53777 40.6
500.00 1243.15 24.813330 65.851165 -322803.300513 10.729656 34.315511 4.694 65.7543 0.595083 12.4571 1.23592 3.53649 0.716076 1.32948 4.88229 4.99385 1.31706 0.627877 2.55453 40.1
500.00 1233.15 23.488569 62.076881 -306555.237557 10.190305 32.373785 4.821 66.6834 0.567207 11.9954 1.16519 3.2664 0.756462 1.20547 4.72138 5.02428 1.38206 0.663289 2.56947 39.7
500.00 1223.15 22.314792 58.721490 -292123.607394 9.709966 30.655621 4.942 67.566 0.541501 11.5456 1.0978 3.01654 0.796253 1.09534 4.57339 5.04144 1.44504 0.698179 2.58288 39.3
500.00 1213.15 21.269362 55.722649 -279241.157316 9.280085 29.127039 5.057 68.4049 0.517732 11.1087 1.03363 2.78523 0.83539 0.997183 4.43675 5.04703 1.50592 0.732495 2.59499 39.0
500.00 1203.15 20.333868 53.029533 -267689.790542 8.893660 27.760467 5.166 69.2026 0.495699 10.6854 0.97258 2.57096 0.873824 0.909375 4.31014 5.04254 1.56468 0.766195 2.606 38.7
500.00 1193.15 19.493161 50.600237 -257289.441505 8.544891 26.533267 5.271 69.9614 0.475224 10.276 0.914569 2.37243 0.91151 0.830577 4.1924 5.0293 1.62126 0.79924 2.61607 38.4
500.00 1183.15 18.734655 48.399883 -247890.046460 8.228935 25.426674 5.370 70.6833 0.456153 9.88082 0.859501 2.18844 0.948415 0.759659 4.08257 5.00851 1.67564 0.831598 2.62535 38.2
500.00 1173.15 18.038372 46.377249 -239248.815042 7.938160 24.408187 5.470 71.4019 0.438552 9.5027 0.806895 2.01815 0.985023 0.695148 3.95962 4.9832 1.72868 0.846135 2.63404 38.0
500.00 1163.15 17.397555 44.513116 -231285.200034 7.669927 23.468205 5.570 72.1174 0.422266 9.14119 0.756753 1.86053 1.02131 0.636396 3.82383 4.95409 1.78032 0.843686 2.64224 37.9
500.00 1153.15 16.815091 42.810774 -224037.389180 7.425203 22.614135 5.665 72.7972 0.406946 8.79281 0.70942 1.71441 1.05668 0.583271 3.69682 4.91982 1.82963 0.843052 2.64991 37.8
500.00 1143.15 16.284043 41.250965 -217421.707263 7.201266 21.835636 5.755 73.443 0.3925 8.45732 0.664778 1.57897 1.09114 0.535124 3.57807 4.88114 1.87661 0.844244 2.65714 37.7
500.00 1133.15 15.798510 39.817280 -211366.815716 6.995792 21.123924 5.842 74.056 0.378845 8.13445 0.622711 1.45346 1.12468 0.491398 3.46718 4.83871 1.92128 0.847297 2.664 37.6
500.00 1123.15 15.353447 38.495661 -205811.609214 6.806782 20.471506 5.925 74.6377 0.365906 7.82386 0.583106 1.33719 1.15728 0.451611 3.3638 4.79312 1.96364 0.852267 2.67055 37.6
500.00 1113.15 14.944522 37.274015 -200703.522820 6.632517 19.871960 6.004 75.1892 0.353613 7.5252 0.54585 1.22951 1.18895 0.415344 3.2677 4.74489 2.00371 0.859235 2.67684 37.6
500.00 1103.15 14.550900 36.096614 -195802.895185 6.464668 19.295441 6.090 75.7463 0.348124 7.2287 0.50832 1.12372 1.19805 0.37782 3.18608 4.69324 2.04335 0.865506 2.68082 37.5
500.00 1093.15 14.165241 34.944816 -190997.879866 6.300029 18.731183 6.182 76.314 0.339878 6.93048 0.47436 1.02824 1.18125 0.334631 3.124 4.6383 2.08328 0.868889 2.68269 36.7
500.00 1083.15 13.807729 33.872048 -186556.975315 6.147624 18.208253 6.273 76.8708 0.317102 6.64504 0.439868 0.934446 1.16596 0.296235 3.06697 4.58341 2.12129 0.87353 2.68537 36.1
500.00 1073.15 13.481674 32.885281 -182511.636958 6.008211 17.731011 6.360 77.3943 0.296261 6.37342 0.406436 0.84578 1.15206 0.261904 3.0163 4.52853 2.15659 0.88031 2.68807 35.6
500.00 1063.15 13.183419 31.974268 -178814.102402 5.880246 17.294047 6.444 77.8855 0.276985 6.11477 0.374707 0.763426 1.13853 0.230866 2.97218 4.47385 2.18926 0.889155 2.69074 35.0
500.00 1053.15 12.910318 31.131535 -175431.459221 5.762649 16.893470 6.526 78.345 0.259127 5.86856 0.344691 0.687184 1.12543 0.20281 2.93467 4.41956 2.21934 0.900189 2.69342 34.5
500.00 1043.15 12.660048 30.350505 -172334.897286 5.654465 16.525875 6.606 78.7734 0.242564 5.6343 0.316376 0.61681 1.1128 0.177472 2.90386 4.36587 2.24684 0.913563 2.69614 33.9
500.00 1033.15 12.430565 29.625376 -169499.121460 5.554857 16.188279 6.685 79.1713 0.227187 5.4115 0.289729 0.552027 1.10066 0.154621 2.87992 4.31291 2.27178 0.929458 2.69892 33.3
500.00 1023.15 12.220062 28.951003 -166901.815850 5.463081 15.878057 6.762 79.5392 0.212903 5.19965 0.264705 0.492545 1.08901 0.134057 2.86304 4.26085 2.29417 0.948091 2.70178 32.7

feldspar_0 thermodynamic data and composition:
Pressure Temperature mass S H V Cp formula SiO2 TiO2 Al2O3 Fe2O3 FeO MnO MgO CaO Na2O K2O P2O5 H2O
500.00 1353.15 3.963837 9.254015 -55285.865742 1.476815 4.825257 K0.00Na0.17Ca0.82Al1.82Si2.18O8 47.4972 0 33.7413 0 0 0 0 16.7541 1.96713 0.0402556 0 0
500.00 1343.15 5.510610 12.858175 -76875.228542 2.058701 6.705466 K0.00Na0.21Ca0.78Al1.78Si2.22O8 48.4844 0 33.0745 0 0 0 0 15.9736 2.4189 0.0485691 0 0
500.00 1333.15 3.237341 7.542886 -45178.656348 1.211861 3.937033 K0.00Na0.24Ca0.75Al1.75Si2.25O8 49.2342 0 32.5676 0 0 0 0 15.3805 2.761 0.0566881 0 0
500.00 1323.15 3.049898 7.096260 -42576.894744 1.144137 3.707061 K0.00Na0.28Ca0.72Al1.72Si2.28O8 50.0329 0 32.0274 0 0 0 0 14.7484 3.1245 0.0668086 0 0
500.00 1313.15 2.931582 6.811095 -40938.325341 1.102136 3.561328 K0.00Na0.31Ca0.69Al1.69Si2.31O8 50.8449 0 31.4777 0 0 0 0 14.1054 3.49299 0.0789376 0 0
500.00 1303.15 2.440537 5.661449 -34092.049670 0.919500 2.963183 K0.01Na0.34Ca0.65Al1.65Si2.35O8 51.6556 0 30.9286 0 0 0 0 13.4633 3.86008 0.0923923 0 0
500.00 1293.15 2.075015 4.805457 -28995.564853 0.783430 2.517976 K0.01Na0.37Ca0.62Al1.62Si2.38O8 52.454 0 30.3875 0 0 0 0 12.8306 4.22066 0.107226 0 0
500.00 1283.15 1.791013 4.140103 -25035.628099 0.677576 2.183124 K0.01Na0.40Ca0.59Al1.59Si2.41O8 53.231 0 29.8605 0 0 0 0 12.2145 4.57052 0.123462 0 0
500.00 1273.15 1.562948 3.605634 -21855.487189 0.592438 1.904777 K0.01Na0.43Ca0.56Al1.56Si2.44O8 53.9801 0 29.3519 0 0 0 0 11.6201 4.90668 0.141108 0 0
500.00 1263.15 1.374914 3.164919 -19233.373397 0.522120 1.675249 K0.01Na0.46Ca0.53Al1.53Si2.47O8 54.6974 0 28.8646 0 0 0 0 11.0507 5.22725 0.16016 0 0
500.00 1253.15 1.217000 2.794813 -17031.081580 0.462952 1.482457 K0.01Na0.48Ca0.51Al1.51Si2.49O8 55.3808 0 28.3996 0 0 0 0 10.5076 5.53134 0.18061 0 0
500.00 1243.15 1.082631 2.479959 -15156.926444 0.412507 1.318387 K0.01Na0.51Ca0.48Al1.48Si2.52O8 56.0301 0 27.9574 0 0 0 0 9.99125 5.81883 0.202458 0 0
500.00 1233.15 0.967217 2.209631 -13546.933551 0.369093 1.177448 K0.01Na0.53Ca0.46Al1.46Si2.54O8 56.6462 0 27.5371 0 0 0 0 9.5008 6.09015 0.225711 0 0
500.00 1223.15 0.867398 1.975964 -12154.248878 0.331475 1.055546 K0.01Na0.55Ca0.43Al1.43Si2.57O8 57.2307 0 27.1379 0 0 0 0 9.03502 6.34599 0.250388 0 0
500.00 1213.15 0.780605 1.772934 -10943.066815 0.298708 0.949551 K0.02Na0.57Ca0.41Al1.41Si2.59O8 57.7856 0 26.7583 0 0 0 0 8.59238 6.58726 0.276521 0 0
500.00 1203.15 0.704805 1.595773 -9885.083693 0.270042 0.856988 K0.02Na0.59Ca0.39Al1.39Si2.61O8 58.3129 0 26.3969 0 0 0 0 8.17117 6.8149 0.30416 0 0
500.00 1193.15 0.638354 1.440610 -8957.363271 0.244873 0.775849 K0.02Na0.61Ca0.37Al1.37Si2.63O8 58.8148 0 26.0522 0 0 0 0 7.76973 7.02987 0.333369 0 0
500.00 1183.15 0.579893 1.304251 -8140.995671 0.222696 0.704481 K0.02Na0.63Ca0.35Al1.35Si2.65O8 59.2934 0 25.7229 0 0 0 0 7.38639 7.23306 0.364231 0 0
500.00 1173.15 0.529836 1.187499 -7441.915277 0.203690 0.643381 K0.02Na0.64Ca0.34Al1.34Si2.66O8 59.7521 0 25.4066 0 0 0 0 7.01833 7.42588 0.397134 0 0
500.00 1163.15 0.485032 1.083155 -6815.976920 0.186655 0.588714 K0.02Na0.66Ca0.32Al1.32Si2.68O8 60.1924 0 25.1021 0 0 0 0 6.66439 7.60887 0.432246 0 0
500.00 1153.15 0.443646 0.987042 -6237.491122 0.170894 0.538248 K0.03Na0.67Ca0.30Al1.30Si2.70O8 60.6142 0 24.8096 0 0 0 0 6.3247 7.78205 0.469427 0 0
500.00 1143.15 0.406875 0.901760 -5723.360512 0.156874 0.493435 K0.03Na0.69Ca0.29Al1.29Si2.71O8 61.019 0 24.5281 0 0 0 0 5.99801 7.94605 0.508861 0 0
500.00 1133.15 0.374095 0.825840 -5264.882077 0.144362 0.453513 K0.03Na0.70Ca0.27Al1.27Si2.73O8 61.4081 0 24.2566 0 0 0 0 5.68317 8.10138 0.550763 0 0
500.00 1123.15 0.344776 0.758037 -4854.685214 0.133161 0.417838 K0.03Na0.71Ca0.26Al1.26Si2.74O8 61.7829 0 23.9941 0 0 0 0 5.37916 8.24845 0.595391 0 0
500.00 1113.15 0.318471 0.697293 -4486.510747 0.123101 0.385865 K0.04Na0.72Ca0.24Al1.24Si2.76O8 62.1445 0 23.7398 0 0 0 0 5.08506 8.3876 0.643048 0 0
500.00 1103.15 0.307025 0.669347 -4327.459308 0.118764 0.371934 K0.04Na0.73Ca0.23Al1.23Si2.77O8 62.4764 0 23.5052 0 0 0 0 4.81403 8.51217 0.692206 0 0
500.00 1093.15 0.300558 0.652324 -4238.567792 0.116333 0.364067 K0.04Na0.74Ca0.22Al1.22Si2.78O8 62.7623 0 23.3015 0 0 0 0 4.57923 8.61509 0.74195 0 0
500.00 1083.15 0.277461 0.599445 -3914.905141 0.107456 0.336114 K0.04Na0.75Ca0.21Al1.21Si2.79O8 63.0361 0 23.1049 0 0 0 0 4.35317 8.71013 0.795647 0 0
500.00 1073.15 0.253969 0.546128 -3585.287997 0.098413 0.307744 K0.05Na0.76Ca0.20Al1.20Si2.80O8 63.3007 0 22.9139 0 0 0 0 4.13381 8.79875 0.852898 0 0
500.00 1063.15 0.233321 0.499333 -3295.485190 0.090462 0.282888 K0.05Na0.76Ca0.19Al1.19Si2.81O8 63.5556 0 22.7284 0 0 0 0 3.92131 8.88054 0.914186 0 0
500.00 1053.15 0.214750 0.457348 -3034.714383 0.083306 0.260622 K0.06Na0.77Ca0.18Al1.18Si2.82O8 63.8015 0 22.5479 0 0 0 0 3.71502 8.95541 0.98017 0 0
500.00 1043.15 0.198004 0.419580 -2799.431675 0.076850 0.240650 K0.06Na0.77Ca0.17Al1.17Si2.83O8 64.0391 0 22.3717 0 0 0 0 3.51426 9.02316 1.0517 0 0
500.00 1033.15 0.182866 0.385524 -2586.628498 0.071011 0.222729 K0.06Na0.78Ca0.16Al1.16Si2.84O8 64.2692 0 22.1992 0 0 0 0 3.31826 9.08346 1.12989 0 0
500.00 1023.15 0.169156 0.354757 -2393.788959 0.065721 0.206667 K0.07Na0.78Ca0.15Al1.15Si2.85O8 64.4924 0 22.0295 0 0 0 0 3.12611 9.13579 1.21628 0 0

olivine_0 thermodynamic data and composition:
Pressure Temperature mass S H V Cp formula SiO2 TiO2 Al2O3 Fe2O3 FeO MnO MgO CaO Na2O K2O P2O5 H2O
500.00 1413.15 0.596540 1.416237 -7311.486800 0.181238 0.735966 (Ca0.01Mg0.82Fe''0.17Mn0.00Co0.00Ni0.00)2SiO4 39.5474 0 0 0 16.2965 0.283901 43.4493 0.422899 0 0 0 0
500.00 1403.15 0.816729 1.930361 -9971.020096 0.247485 1.004430 (Ca0.01Mg0.82Fe''0.18Mn0.00Co0.00Ni0.00)2SiO4 39.446 0 0 0 16.8256 0.291171 43.0071 0.430172 0 0 0 0
500.00 1393.15 0.634482 1.492629 -7707.445936 0.191661 0.777468 (Ca0.01Mg0.81Fe''0.19Mn0.00Co0.00Ni0.00)2SiO4 39.3235 0 0 0 17.4668 0.302483 42.4759 0.431331 0 0 0 0
500.00 1383.15 0.062548 0.146368 -753.332061 0.018804 0.076250 (Ca0.01Mg0.80Fe''0.20Mn0.00Co0.00Ni0.00)2SiO4 39.1309 0 0 0 18.4814 0.329231 41.6481 0.41044 0 0 0 0
500.00 1373.15 0.070107 0.163163 -836.620089 0.020970 0.085002 (Ca0.01Mg0.79Fe''0.21Mn0.00Co0.00Ni0.00)2SiO4 38.9267 0 0 0 19.5549 0.357739 40.7698 0.390841 0 0 0 0
500.00 1363.15 0.079534 0.184067 -939.724225 0.023663 0.095881 (Ca0.01Mg0.77Fe''0.22Mn0.00Co0.00Ni0.00)2SiO4 38.7097 0 0 0 20.6941 0.388203 39.8355 0.372497 0 0 0 0
500.00 1353.15 1.038445 2.387479 -12079.878430 0.306572 1.241734 (Ca0.00Mg0.75Fe''0.24Mn0.00Co0.00Ni0.00)2SiO4 38.3844 0 0 0 22.3843 0.444177 38.4305 0.356664 0 0 0 0
500.00 1343.15 0.403496 0.924238 -4697.013585 0.119032 0.481842 (Ca0.00Mg0.75Fe''0.24Mn0.01Co0.00Ni0.00)2SiO4 38.3749 0 0 0 22.2749 0.628094 38.398 0.32405 0 0 0 0
500.00 1333.15 0.447727 1.020214 -5172.882102 0.131521 0.532111 (Ca0.00Mg0.74Fe''0.25Mn0.01Co0.00Ni0.00)2SiO4 38.2072 0 0 0 23.0548 0.756855 37.6761 0.304953 0 0 0 0
500.00 1103.15 0.024062 0.047046 -206.524215 0.006148 0.024215 (Ca0.00Mg0.29Fe''0.53Mn0.18Co0.00Ni0.00)2SiO4 32.4544 0 0 0 40.8293 13.946 12.565 0.205342 0 0 0 0
500.00 1093.15 0.048149 0.093429 -407.968684 0.012234 0.048119 (Ca0.00Mg0.27Fe''0.54Mn0.19Co0.00Ni0.00)2SiO4 32.2359 0 0 0 41.3823 14.5698 11.6086 0.20337 0 0 0 0
500.00 1083.15 0.041004 0.078979 -343.484659 0.010367 0.040714 (Ca0.00Mg0.25Fe''0.55Mn0.20Co0.00Ni0.00)2SiO4 32.0394 0 0 0 41.7777 15.235 10.7467 0.201227 0 0 0 0
500.00 1073.15 0.035286 0.067474 -292.550493 0.008881 0.034824 (Ca0.00Mg0.24Fe''0.55Mn0.21Co0.00Ni0.00)2SiO4 31.859 0 0 0 42.0559 15.9317 9.9545 0.198895 0 0 0 0
500.00 1063.15 0.031168 0.059173 -255.952156 0.007811 0.030581 (Ca0.00Mg0.22Fe''0.56Mn0.22Co0.00Ni0.00)2SiO4 31.6902 0 0 0 42.2512 16.6499 9.21221 0.196511 0 0 0 0
500.00 1053.15 0.027551 0.051933 -224.257914 0.006877 0.026881 (Ca0.00Mg0.20Fe''0.56Mn0.23Co0.00Ni0.00)2SiO4 31.532 0 0 0 42.3662 17.3923 8.51537 0.194121 0 0 0 0
500.00 1043.15 0.024376 0.045623 -196.806519 0.006062 0.023656 (Ca0.00Mg0.19Fe''0.56Mn0.25Co0.00Ni0.00)2SiO4 31.3836 0 0 0 42.4029 18.1616 7.86021 0.191767 0 0 0 0
500.00 1033.15 0.021590 0.040125 -173.015868 0.005350 0.020844 (Ca0.00Mg0.18Fe''0.57Mn0.26Co0.00Ni0.00)2SiO4 31.2441 0 0 0 42.3627 18.9601 7.24358 0.189483 0 0 0 0
500.00 1023.15 0.019145 0.035332 -152.377684 0.004729 0.018392 (Ca0.00Mg0.16Fe''0.57Mn0.27Co0.00Ni0.00)2SiO4 31.1131 0 0 0 42.2466 19.7901 6.66287 0.1873 0 0 0 0

water thermodynamic data and composition:
Pressure Temperature mass S H V Cp formula
500.00 1523.15 0.259836 2.864631 -2799.860595 3.681516 0.728910 H2O
500.00 1513.15 0.255635 2.813587 -2761.755671 3.595439 0.716752 H2O
500.00 1503.15 0.251355 2.761809 -2722.562567 3.509079 0.704408 H2O
500.00 1493.15 0.246994 2.709280 -2682.253930 3.422436 0.691873 H2O
500.00 1483.15 0.242552 2.655984 -2640.801561 3.335509 0.679142 H2O
500.00 1473.15 0.238025 2.601904 -2598.176241 3.248295 0.666210 H2O
500.00 1463.15 0.233411 2.547022 -2554.347512 3.160795 0.653071 H2O
500.00 1453.15 0.228709 2.491321 -2509.284419 3.073008 0.639719 H2O
500.00 1443.15 0.223915 2.434781 -2462.955087 2.984933 0.626148 H2O
500.00 1433.15 0.219028 2.377385 -2415.326660 2.896572 0.612352 H2O
500.00 1423.15 0.214046 2.319113 -2366.365272 2.807924 0.598323 H2O
500.00 1413.15 0.211802 2.290627 -2347.478240 2.755905 0.591984 H2O
500.00 1403.15 0.210437 2.271692 -2338.235821 2.715642 0.588136 H2O
500.00 1393.15 0.224101 2.414717 -2496.323609 2.867927 0.626326 H2O
500.00 1383.15 0.288871 3.106798 -3225.880295 3.665715 0.807397 H2O
500.00 1373.15 0.345880 3.712917 -3872.183721 4.351795 0.966864 H2O
500.00 1363.15 0.396288 4.245934 -4447.588801 4.943069 1.107995 H2O
500.00 1353.15 0.533666 5.706849 -6004.320733 6.598595 1.492505 H2O
500.00 1343.15 0.757132 8.080819 -8539.741435 9.279026 2.118222 H2O
500.00 1333.15 0.872401 9.292828 -9864.273720 10.596095 2.441773 H2O
500.00 1323.15 0.979294 10.410812 -11100.335242 11.786671 2.742396 H2O
500.00 1313.15 1.076507 11.421405 -12232.409011 12.837811 3.016495 H2O
500.00 1303.15 1.156205 12.242191 -13170.420516 13.659986 3.242141 H2O
500.00 1293.15 1.223162 12.924723 -13967.452208 14.314799 3.432723 H2O
500.00 1283.15 1.280433 13.501977 -14657.388968 14.841777 3.596810 H2O
500.00 1273.15 1.330074 13.996183 -15263.017796 15.267664 3.740190 H2O
500.00 1263.15 1.373527 14.422960 -15800.302432 15.611329 3.866935 H2O
500.00 1253.15 1.411853 14.793801 -16280.963697 15.886708 3.980055 H2O
500.00 1243.15 1.445863 15.117487 -16713.941674 16.104474 4.081859 H2O
500.00 1233.15 1.476195 15.400934 -17106.273224 16.273044 4.174177 H2O
500.00 1223.15 1.503362 15.649723 -17463.636034 16.399209 4.258501 H2O
500.00 1213.15 1.527788 15.868434 -17790.698182 16.488538 4.336068 H2O
500.00 1203.15 1.549825 16.060882 -18091.351988 16.545659 4.407922 H2O
500.00 1193.15 1.569771 16.230273 -18368.877225 16.574451 4.474960 H2O
500.00 1183.15 1.587876 16.379323 -18626.059768 16.578188 4.537954 H2O
500.00 1173.15 1.604453 16.511347 -18866.427478 16.560656 4.597862 H2O
500.00 1163.15 1.619660 16.628046 -19091.720849 16.523914 4.655209 H2O
500.00 1153.15 1.633548 16.730019 -19302.449290 16.468882 4.710223 H2O
500.00 1143.15 1.646262 16.818813 -19500.229562 16.397383 4.763411 H2O
500.00 1133.15 1.657926 16.895756 -19686.460286 16.310973 4.815231 H2O
500.00 1123.15 1.668650 16.961995 -19862.356327 16.210986 4.866107 H2O
500.00 1113.15 1.678527 17.018521 -20028.977134 16.098563 4.916435 H2O
500.00 1103.15 1.688379 17.073683 -20196.109480 15.981697 4.968772 H2O
500.00 1093.15 1.698332 17.128704 -20365.273840 15.861444 5.023673 H2O
500.00 1083.15 1.707449 17.174112 -20525.241444 15.729010 5.078562 H2O
500.00 1073.15 1.715759 17.210224 -20676.319605 15.584847 5.133713 H2O
500.00 1063.15 1.723363 17.238061 -20819.673815 15.430022 5.189636 H2O
500.00 1053.15 1.730323 17.258268 -20956.041404 15.265222 5.246759 H2O
500.00 1043.15 1.736696 17.271407 -21086.083595 15.091034 5.305521 H2O
500.00 1033.15 1.742533 17.277971 -21210.395658 14.907954 5.366382 H2O
500.00 1023.15 1.747878 17.278389 -21329.516869 14.716397 5.429826 H2O

apatite thermodynamic data and composition:
Pressure Temperature mass S H V Cp formula
500.00 1173.15 0.007474 0.015944 -92.853526 0.002441 0.008480 Ca5(PO4)3OH
500.00 1163.15 0.014798 0.031422 -183.997756 0.004832 0.016764 Ca5(PO4)3OH
500.00 1153.15 0.012845 0.027150 -159.865864 0.004194 0.014531 Ca5(PO4)3OH
500.00 1143.15 0.011104 0.023361 -138.325390 0.003626 0.012544 Ca5(PO4)3OH
500.00 1133.15 0.009533 0.019961 -118.858951 0.003113 0.010753 Ca5(PO4)3OH
500.00 1123.15 0.008096 0.016872 -101.038783 0.002644 0.009119 Ca5(PO4)3OH
500.00 1113.15 0.006765 0.014030 -84.504504 0.002209 0.007608 Ca5(PO4)3OH
500.00 1103.15 0.006826 0.014088 -85.344553 0.002229 0.007665 Ca5(PO4)3OH
500.00 1093.15 0.007744 0.015903 -96.907163 0.002529 0.008682 Ca5(PO4)3OH
500.00 1083.15 0.006817 0.013928 -85.376851 0.002226 0.007630 Ca5(PO4)3OH
500.00 1073.15 0.005563 0.011309 -69.735494 0.001817 0.006217 Ca5(PO4)3OH
500.00 1063.15 0.004443 0.008986 -55.749300 0.001451 0.004957 Ca5(PO4)3OH
500.00 1053.15 0.003368 0.006776 -42.295871 0.001100 0.003751 Ca5(PO4)3OH
500.00 1043.15 0.002321 0.004644 -29.167266 0.000758 0.002580 Ca5(PO4)3OH
500.00 1033.15 0.001285 0.002557 -16.160955 0.000419 0.001426 Ca5(PO4)3OH
500.00 1023.15 0.000244 0.000483 -3.074414 0.000080 0.000271 Ca5(PO4)3OH

clinopyroxene_0 thermodynamic data and composition:
Pressure Temperature mass S H V Cp structure formula SiO2 TiO2 Al2O3 Fe2O3 FeO MnO MgO CaO Na2O K2O P2O5 H2O
500.00 1393.15 1.146215 2.615384 -14709.187015 0.352921 1.346546 cpx Na0.01Ca0.85Fe''0.15Mg0.84Fe'''0.07Ti0.02Al0.22Si1.83O6 49.677 0.856066 5.05493 2.69393 4.90165 0 15.176 21.4936 0.146799 0 0 0
500.00 1383.15 4.990942 11.344182 -63849.942521 1.531945 5.845531 cpx Na0.01Ca0.85Fe''0.16Mg0.82Fe'''0.08Ti0.03Al0.24Si1.82O6 49.1371 1.01026 5.45372 2.89961 5.17161 0 14.7923 21.3762 0.159173 0 0 0
500.00 1373.15 4.429743 10.028633 -56483.192578 1.355224 5.171635 cpx Na0.01Ca0.85Fe''0.17Mg0.80Fe'''0.09Ti0.03Al0.26Si1.80O6 48.5587 1.18748 5.86759 3.11709 5.44758 0 14.3869 21.2626 0.172115 0 0 0
500.00 1363.15 3.951469 8.909176 -50206.927532 1.204689 4.597563 cpx Na0.01Ca0.84Fe''0.18Mg0.77Fe'''0.09Ti0.04Al0.28Si1.78O6 47.935 1.3924 6.29902 3.34815 5.72763 0 13.9563 21.1559 0.185619 0 0 0
500.00 1353.15 2.400366 5.389187 -30344.272156 0.729072 2.782888 cpx Na0.01Ca0.84Fe''0.19Mg0.76Fe'''0.10Ti0.05Al0.28Si1.77O6 47.4577 1.62843 6.41633 3.55722 6.18286 0 13.6066 20.9492 0.201691 0 0 0
500.00 1343.15 4.985829 11.178148 -63295.022961 1.521028 5.809543 cpx Na0.01Ca0.81Fe''0.21Mg0.81Fe'''0.08Ti0.03Al0.24Si1.82O6 49.0242 1.02703 5.37575 2.89384 6.61633 0 14.6029 20.2559 0.204092 0 0 0
500.00 1333.15 1.728154 3.862842 -21914.341133 0.527030 2.014109 cpx Na0.02Ca0.79Fe''0.22Mg0.82Fe'''0.08Ti0.03Al0.22Si1.83O6 49.3922 0.914435 5.03731 2.72919 7.07513 0 14.8508 19.789 0.211907 0 0 0
500.00 1323.15 1.027476 2.288670 -13013.940437 0.313162 1.196992 cpx Na0.02Ca0.77Fe''0.23Mg0.83Fe'''0.07Ti0.02Al0.21Si1.84O6 49.6621 0.836621 4.75844 2.60672 7.47553 0 14.985 19.4547 0.220872 0 0 0
500.00 1313.15 0.374770 0.830976 -4742.054906 0.114120 0.435790 cpx Na0.02Ca0.78Fe''0.24Mg0.82Fe'''0.07Ti0.02Al0.20Si1.85O6 49.7662 0.815965 4.56457 2.56155 7.7177 0 14.8514 19.4893 0.233277 0 0 0
500.00 1303.15 0.230696 0.509162 -2916.686079 0.070189 0.267770 cpx Na0.02Ca0.78Fe''0.25Mg0.82Fe'''0.07Ti0.02Al0.19Si1.86O6 49.8686 0.795881 4.37989 2.5143 7.93888 0 14.7209 19.5364 0.245247 0 0 0
500.00 1293.15 0.146745 0.322366 -1854.060029 0.044611 0.170022 cpx Na0.02Ca0.78Fe''0.25Mg0.81Fe'''0.07Ti0.02Al0.18Si1.86O6 49.9689 0.776446 4.2031 2.46555 8.14354 0 14.5932 19.5924 0.256814 0 0 0
500.00 1283.15 0.097590 0.213373 -1232.324943 0.029644 0.112869 cpx Na0.02Ca0.78Fe''0.26Mg0.80Fe'''0.07Ti0.02Al0.18Si1.87O6 50.067 0.757739 4.03347 2.41575 8.33483 0 14.4682 19.655 0.267998 0 0 0
500.00 1273.15 0.069136 0.150442 -872.630622 0.020986 0.079820 cpx Na0.02Ca0.79Fe''0.27Mg0.80Fe'''0.07Ti0.02Al0.17Si1.87O6 50.1626 0.739853 3.8706 2.36526 8.51503 0 14.3458 19.7221 0.278821 0 0 0
500.00 1263.15 0.053241 0.115299 -671.761223 0.016149 0.061362 cpx Na0.02Ca0.79Fe''0.27Mg0.79Fe'''0.07Ti0.02Al0.16Si1.88O6 50.2552 0.722883 3.71429 2.31437 8.68577 0 14.2257 19.7925 0.289305 0 0 0
500.00 1253.15 0.044918 0.096803 -566.576100 0.013615 0.051680 cpx Na0.02Ca0.80Fe''0.28Mg0.79Fe'''0.06Ti0.02Al0.16Si1.88O6 50.3446 0.706917 3.56444 2.26334 8.84823 0 14.1078 19.8652 0.299481 0 0 0
500.00 1243.15 0.041083 0.088105 -518.076184 0.012444 0.047186 cpx Na0.02Ca0.80Fe''0.28Mg0.78Fe'''0.06Ti0.02Al0.15Si1.89O6 50.4307 0.692027 3.42094 2.21238 9.0033 0 13.992 19.9393 0.309377 0 0 0
500.00 1233.15 0.039818 0.084972 -502.038736 0.012053 0.045655 cpx Na0.02Ca0.80Fe''0.29Mg0.77Fe'''0.06Ti0.02Al0.14Si1.89O6 50.5132 0.678265 3.28368 2.16166 9.15167 0 13.8782 20.0143 0.319028 0 0 0
500.00 1223.15 0.039938 0.084804 -503.485745 0.012081 0.045714 cpx Na0.02Ca0.81Fe''0.29Mg0.77Fe'''0.06Ti0.02Al0.14Si1.89O6 50.5921 0.665665 3.15251 2.11135 9.29391 0 13.7662 20.0898 0.328467 0 0 0
500.00 1213.15 0.040719 0.086028 -513.283751 0.012309 0.046528 cpx Na0.02Ca0.81Fe''0.30Mg0.76Fe'''0.06Ti0.02Al0.13Si1.90O6 50.6675 0.654241 3.02724 2.06156 9.43047 0 13.6561 20.1652 0.33773 0 0 0
500.00 1203.15 0.041729 0.087717 -525.998163 0.012606 0.047602 cpx Na0.03Ca0.81Fe''0.30Mg0.76Fe'''0.06Ti0.02Al0.13Si1.90O6 50.7393 0.643996 2.90765 2.01242 9.56175 0 13.5477 20.2403 0.346851 0 0 0
500.00 1193.15 0.042723 0.089348 -538.521898 0.012898 0.048653 cpx Na0.03Ca0.82Fe''0.30Mg0.75Fe'''0.06Ti0.02Al0.12Si1.91O6 50.8076 0.634923 2.79353 1.96402 9.68813 0 13.4411 20.3148 0.355863 0 0 0
500.00 1183.15 0.043568 0.090647 -549.195683 0.013145 0.049532 cpx Na0.03Ca0.82Fe''0.31Mg0.75Fe'''0.05Ti0.02Al0.12Si1.91O6 50.8725 0.627007 2.68465 1.91646 9.80995 0 13.3361 20.3886 0.3648 0 0 0
500.00 1173.15 0.042843 0.088676 -540.085369 0.012918 0.048625 cpx Na0.03Ca0.82Fe''0.31Mg0.74Fe'''0.05Ti0.02Al0.11Si1.91O6 50.9339 0.620539 2.58052 1.86974 9.92813 0 13.2322 20.4613 0.373707 0 0 0
500.00 1163.15 0.042068 0.086614 -530.350661 0.012676 0.047663 cpx Na0.03Ca0.83Fe''0.32Mg0.74Fe'''0.05Ti0.02Al0.11Si1.92O6 50.9917 0.615482 2.481 1.82396 10.0428 0 13.1295 20.5329 0.382613 0 0 0
500.00 1153.15 0.042564 0.087171 -536.651506 0.012817 0.048142 cpx Na0.03Ca0.83Fe''0.32Mg0.73Fe'''0.05Ti0.02Al0.11Si1.92O6 51.0464 0.611457 2.38615 1.77927 10.1537 0 13.0282 20.6033 0.391534 0 0 0
500.00 1143.15 0.042821 0.087228 -539.953156 0.012886 0.048349 cpx Na0.03Ca0.83Fe''0.32Mg0.72Fe'''0.05Ti0.02Al0.10Si1.92O6 51.0981 0.608451 2.29574 1.73576 10.2611 0 12.9282 20.6722 0.4005 0 0 0
500.00 1133.15 0.042869 0.086854 -540.632215 0.012893 0.048320 cpx Na0.03Ca0.84Fe''0.33Mg0.72Fe'''0.05Ti0.02Al0.10Si1.92O6 51.1467 0.606452 2.20956 1.69348 10.3653 0 12.8293 20.7397 0.409543 0 0 0
500.00 1123.15 0.042739 0.086119 -539.076832 0.012845 0.048090 cpx Na0.03Ca0.84Fe''0.33Mg0.71Fe'''0.05Ti0.02Al0.09Si1.93O6 51.1923 0.60545 2.1274 1.65251 10.4668 0 12.7314 20.8055 0.41869 0 0 0
500.00 1113.15 0.042461 0.085089 -535.659101 0.012754 0.047693 cpx Na0.03Ca0.84Fe''0.33Mg0.71Fe'''0.05Ti0.02Al0.09Si1.93O6 51.235 0.605439 2.04908 1.61292 10.5658 0 12.6342 20.8696 0.427973 0 0 0
500.00 1103.15 0.033032 0.065816 -416.755304 0.009914 0.037028 cpx Na0.03Ca0.85Fe''0.34Mg0.70Fe'''0.05Ti0.02Al0.09Si1.93O6 51.2376 0.626085 1.99209 1.58782 10.6447 0 12.4939 20.9783 0.439591 0 0 0
500.00 1093.15 0.017596 0.034847 -221.773219 0.005274 0.019669 cpx Na0.03Ca0.85Fe''0.34Mg0.69Fe'''0.05Ti0.02Al0.09Si1.93O6 51.1754 0.655449 1.955 1.59411 10.8123 0 12.2352 21.1189 0.453656 0 0 0
500.00 1083.15 0.018323 0.036067 -230.779873 0.005487 0.020430 cpx Na0.03Ca0.86Fe''0.35Mg0.68Fe'''0.04Ti0.02Al0.08Si1.93O6 51.1714 0.649749 1.89297 1.57942 10.9741 0 12.0204 21.2485 0.463414 0 0 0
500.00 1073.15 0.018593 0.036375 -234.032578 0.005562 0.020679 cpx Na0.03Ca0.87Fe''0.35Mg0.67Fe'''0.04Ti0.02Al0.08Si1.94O6 51.1681 0.645653 1.83373 1.56267 11.1301 0 11.8141 21.3725 0.473154 0 0 0
500.00 1063.15 0.018323 0.035626 -230.474466 0.005476 0.020327 cpx Na0.04Ca0.87Fe''0.36Mg0.66Fe'''0.04Ti0.02Al0.08Si1.94O6 51.1594 0.643263 1.77806 1.54696 11.296 0 11.6051 21.4881 0.483106 0 0 0
500.00 1053.15 0.017888 0.034563 -224.813112 0.005340 0.019792 cpx Na0.04Ca0.88Fe''0.36Mg0.64Fe'''0.04Ti0.02Al0.08Si1.94O6 51.1446 0.64262 1.72592 1.53268 11.4745 0 11.3911 21.5952 0.493329 0 0 0
500.00 1043.15 0.017320 0.033254 -217.463286 0.005164 0.019112 cpx Na0.04Ca0.88Fe''0.37Mg0.63Fe'''0.04Ti0.02Al0.08Si1.94O6 51.1227 0.643791 1.67724 1.52023 11.6688 0 11.1701 21.6932 0.503886 0 0 0
500.00 1033.15 0.016649 0.031761 -208.787991 0.004958 0.018320 cpx Na0.04Ca0.89Fe''0.38Mg0.62Fe'''0.04Ti0.02Al0.07Si1.94O6 51.0928 0.64687 1.63198 1.50994 11.8819 0 10.9398 21.7819 0.514847 0 0 0
500.00 1023.15 0.015898 0.030133 -199.103820 0.004728 0.017444 cpx Na0.04Ca0.89Fe''0.39Mg0.61Fe'''0.04Ti0.02Al0.07Si1.94O6 51.0538 0.651973 1.59008 1.50216 12.1171 0 10.6978 21.8608 0.526281 0 0 0

rhm-oxide_0 thermodynamic data and composition:
Pressure Temperature mass S H V Cp formula SiO2 TiO2 Al2O3 Fe2O3 FeO MnO MgO CaO Na2O K2O P2O5 H2O
500.00 1093.15 0.005082 0.009214 -37.424699 0.001088 0.004596 Mn0.05Fe''0.78Mg0.06Fe'''0.22Ti0.89O3 0 47.2657 0 11.5656 37.0629 2.44187 1.66394 0 0 0 0 0
500.00 1083.15 0.010213 0.018421 -75.242099 0.002185 0.009222 Mn0.05Fe''0.78Mg0.06Fe'''0.21Ti0.89O3 0 47.3661 0 11.288 37.2692 2.52496 1.55162 0 0 0 0 0
500.00 1073.15 0.008853 0.015884 -65.271796 0.001893 0.007981 Mn0.06Fe''0.79Mg0.05Fe'''0.21Ti0.90O3 0 47.4842 0 10.9846 37.4664 2.61595 1.4489 0 0 0 0 0
500.00 1063.15 0.007957 0.014201 -58.721611 0.001700 0.007162 Mn0.06Fe''0.79Mg0.05Fe'''0.20Ti0.90O3 0 47.6117 0 10.668 37.6558 2.71231 1.35217 0 0 0 0 0
500.00 1053.15 0.007183 0.012751 -53.066772 0.001534 0.006454 Mn0.06Fe''0.80Mg0.05Fe'''0.20Ti0.90O3 0 47.7472 0 10.3403 37.8371 2.8147 1.26063 0 0 0 0 0
500.00 1043.15 0.006510 0.011495 -48.159682 0.001389 0.005841 Mn0.06Fe''0.80Mg0.04Fe'''0.19Ti0.91O3 0 47.8894 0 10.0035 38.0095 2.92383 1.17367 0 0 0 0 0
500.00 1033.15 0.005924 0.010402 -43.880535 0.001263 0.005305 Mn0.06Fe''0.80Mg0.04Fe'''0.18Ti0.91O3 0 48.0375 0 9.65905 38.1722 3.04048 1.09082 0 0 0 0 0
500.00 1023.15 0.005410 0.009447 -40.131707 0.001153 0.004837 Mn0.07Fe''0.81Mg0.04Fe'''0.18Ti0.91O3 0 48.1904 0 9.30831 38.3241 3.16547 1.01172 0 0 0 0 0

orthopyroxene_0 thermodynamic data and composition:
Pressure Temperature mass S H V Cp structure formula SiO2 TiO2 Al2O3 Fe2O3 FeO MnO MgO CaO Na2O K2O P2O5 H2O
500.00 1323.15 0.736107 1.682700 -9107.643988 0.222887 0.902576 opx Na0.00Ca0.07Fe''0.45Mg1.41Fe'''0.03Ti0.00Al0.10Si1.93O6 53.4941 0.119251 2.35699 1.09934 14.8214 0 26.2667 1.82169 0.0205523 0 0 0
500.00 1313.15 0.936639 2.129683 -11535.876374 0.282910 1.144575 opx Na0.00Ca0.07Fe''0.47Mg1.40Fe'''0.03Ti0.00Al0.09Si1.94O6 53.4472 0.106011 2.21398 1.04987 15.4712 0 25.8446 1.84582 0.0213311 0 0 0
500.00 1303.15 0.722250 1.633471 -8856.956737 0.217635 0.879714 opx Na0.00Ca0.07Fe''0.49Mg1.38Fe'''0.03Ti0.00Al0.09Si1.94O6 53.3981 0.0946479 2.08416 1.00354 16.0908 0 25.4455 1.86133 0.0219916 0 0 0
500.00 1293.15 0.568910 1.279817 -6947.683578 0.171030 0.690750 opx Na0.00Ca0.07Fe''0.51Mg1.36Fe'''0.03Ti0.00Al0.08Si1.94O6 53.3467 0.0847963 1.96519 0.95995 16.687 0 25.0644 1.86931 0.0225415 0 0 0
500.00 1283.15 0.454719 1.017471 -5530.952794 0.136388 0.550396 opx Na0.00Ca0.07Fe''0.53Mg1.34Fe'''0.03Ti0.00Al0.08Si1.95O6 53.2932 0.0761929 1.85546 0.918773 17.2648 0 24.698 1.87058 0.0229871 0 0 0
500.00 1273.15 0.367098 0.817013 -4447.840298 0.109858 0.442991 opx Na0.00Ca0.07Fe''0.55Mg1.33Fe'''0.02Ti0.00Al0.08Si1.95O6 53.2374 0.0686387 1.75381 0.879761 17.8277 0 24.3435 1.86577 0.0233342 0 0 0
500.00 1263.15 0.298304 0.660333 -3600.604249 0.089070 0.358900 opx Na0.00Ca0.07Fe''0.56Mg1.31Fe'''0.02Ti0.00Al0.07Si1.95O6 53.1794 0.0619786 1.65935 0.842711 18.3783 0 23.9992 1.85544 0.0235885 0 0 0
500.00 1253.15 0.243425 0.535938 -2927.274729 0.072522 0.292011 opx Na0.00Ca0.07Fe''0.58Mg1.30Fe'''0.02Ti0.00Al0.07Si1.95O6 53.1193 0.0560875 1.57138 0.807452 18.9185 0 23.6635 1.84004 0.0237558 0 0 0
500.00 1243.15 0.199147 0.436069 -2386.060486 0.059200 0.238200 opx Na0.00Ca0.07Fe''0.60Mg1.28Fe'''0.02Ti0.00Al0.06Si1.96O6 53.0572 0.0508614 1.4893 0.773832 19.4497 0 23.3353 1.82001 0.0238418 0 0 0
500.00 1233.15 0.163127 0.355240 -1947.440118 0.048385 0.194553 opx Na0.00Ca0.07Fe''0.62Mg1.27Fe'''0.02Ti0.00Al0.06Si1.96O6 52.9931 0.046213 1.41258 0.74172 19.973 0 23.0138 1.79575 0.0238523 0 0 0
500.00 1223.15 0.133641 0.289425 -1589.752743 0.039552 0.158931 opx Na0.00Ca0.07Fe''0.63Mg1.25Fe'''0.02Ti0.00Al0.06Si1.96O6 52.9272 0.0420676 1.34076 0.710996 20.4894 0 22.6982 1.76763 0.0237929 0 0 0
500.00 1213.15 0.109385 0.235580 -1296.633204 0.032303 0.129717 opx Na0.00Ca0.07Fe''0.65Mg1.24Fe'''0.02Ti0.00Al0.06Si1.96O6 52.8595 0.0383614 1.27339 0.681555 20.9997 0 22.3877 1.73602 0.023669 0 0 0
500.00 1203.15 0.089350 0.191356 -1055.450402 0.026329 0.105659 opx Na0.00Ca0.07Fe''0.67Mg1.22Fe'''0.02Ti0.00Al0.05Si1.96O6 52.7904 0.0350393 1.21011 0.653302 21.5045 0 22.0819 1.70125 0.0234856 0 0 0
500.00 1193.15 0.072743 0.154911 -856.306636 0.021388 0.085780 opx Na0.00Ca0.07Fe''0.69Mg1.21Fe'''0.02Ti0.00Al0.05Si1.97O6 52.7197 0.0320538 1.15054 0.626156 22.0044 0 21.7803 1.66364 0.0232476 0 0 0
500.00 1183.15 0.058934 0.124790 -691.362841 0.017290 0.069302 opx Na0.00Ca0.07Fe''0.70Mg1.20Fe'''0.02Ti0.00Al0.05Si1.97O6 52.6477 0.0293638 1.09438 0.600043 22.4998 0 21.4823 1.62349 0.0229595 0 0 0
500.00 1173.15 0.049008 0.103178 -572.952632 0.014347 0.057470 opx Na0.00Ca0.06Fe''0.72Mg1.18Fe'''0.02Ti0.00Al0.05Si1.97O6 52.5742 0.0269421 1.0411 0.57482 22.9925 0 21.1867 1.58109 0.0226242 0 0 0
500.00 1163.15 0.040565 0.084908 -472.622449 0.011849 0.047437 opx Na0.00Ca0.06Fe''0.74Mg1.17Fe'''0.02Ti0.00Al0.04Si1.97O6 52.4994 0.0247566 0.9905 0.550445 23.4825 0 20.8935 1.53669 0.0222455 0 0 0
500.00 1153.15 0.031931 0.066446 -370.763426 0.009307 0.037238 opx Na0.00Ca0.06Fe''0.75Mg1.16Fe'''0.01Ti0.00Al0.04Si1.97O6 52.4235 0.0227706 0.942596 0.526961 23.9687 0 20.603 1.49054 0.0218284 0 0 0
500.00 1143.15 0.024697 0.051089 -285.795621 0.007183 0.028722 opx Na0.00Ca0.06Fe''0.77Mg1.14Fe'''0.01Ti0.00Al0.04Si1.97O6 52.3466 0.0209614 0.897163 0.504322 24.4517 0 20.315 1.44289 0.0213767 0 0 0
500.00 1133.15 0.018619 0.038286 -214.729869 0.005403 0.021594 opx Na0.00Ca0.06Fe''0.79Mg1.13Fe'''0.01Ti0.00Al0.04Si1.97O6 52.2687 0.0193096 0.853997 0.482488 24.9315 0 20.0291 1.39399 0.0208936 0 0 0
500.00 1123.15 0.013498 0.027590 -155.147805 0.003909 0.015612 opx Na0.00Ca0.05Fe''0.80Mg1.11Fe'''0.01Ti0.00Al0.04Si1.98O6 52.1898 0.0177981 0.812914 0.461423 25.4085 0 19.7451 1.34406 0.0203825 0 0 0
500.00 1113.15 0.009173 0.018636 -105.083973 0.002651 0.010581 opx Na0.00Ca0.05Fe''0.82Mg1.10Fe'''0.01Ti0.00Al0.03Si1.98O6 52.11 0.0164121 0.773749 0.441097 25.8829 0 19.4626 1.29332 0.0198464 0 0 0

spinel_0 thermodynamic data and composition:
Pressure Temperature mass S H V Cp formula SiO2 TiO2 Al2O3 Fe2O3 FeO MnO MgO CaO Na2O K2O P2O5 H2O
500.00 1343.15 4.740217 9.940940 -28100.244973 1.033255 4.508452 Fe''0.91Mg0.35Fe'''1.19Al0.31Cr0.00Ti0.25O4 0 9.66773 7.45336 45.1304 31.1107 0 6.63779 0 0 0 0 0
500.00 1333.15 1.167205 2.433057 -6804.116590 0.253112 1.104150 Fe''0.93Mg0.32Fe'''1.20Al0.28Cr0.00Ti0.26O4 0 9.81575 6.82418 45.351 31.8039 0 6.20521 0 0 0 0 0
500.00 1323.15 0.907901 1.881183 -5208.180404 0.195905 0.854475 Fe''0.96Mg0.30Fe'''1.21Al0.26Cr0.00Ti0.26O4 0 9.94948 6.24093 45.5528 32.4698 0 5.78695 0 0 0 0 0
500.00 1313.15 0.682483 1.405243 -3847.157640 0.146476 0.638851 Fe''0.99Mg0.28Fe'''1.22Al0.24Cr0.00Ti0.27O4 0 10.1289 5.62312 45.6818 33.2446 0 5.32166 0 0 0 0 0
500.00 1303.15 0.521043 1.066447 -2894.031128 0.111309 0.485473 Fe''1.01Mg0.26Fe'''1.23Al0.22Cr0.00Ti0.28O4 0 10.274 5.11071 45.7885 33.905 0 4.92191 0 0 0 0 0
500.00 1293.15 0.408891 0.832109 -2242.359021 0.086993 0.379433 Fe''1.04Mg0.24Fe'''1.24Al0.20Cr0.00Ti0.28O4 0 10.3933 4.67456 45.8821 34.4778 0 4.57222 0 0 0 0 0
500.00 1283.15 0.327678 0.663139 -1777.095605 0.069459 0.302976 Fe''1.06Mg0.23Fe'''1.25Al0.18Cr0.00Ti0.28O4 0 10.4929 4.29632 45.9673 34.9812 0 4.26226 0 0 0 0 0
500.00 1273.15 0.266923 0.537263 -1433.450734 0.056393 0.246001 Fe''1.07Mg0.22Fe'''1.25Al0.17Cr0.00Ti0.29O4 0 10.5773 3.96364 46.0458 35.4285 0 3.98478 0 0 0 0 0
500.00 1263.15 0.220281 0.441032 -1172.690470 0.046398 0.202417 Fe''1.09Mg0.20Fe'''1.26Al0.16Cr0.00Ti0.29O4 0 10.6499 3.66788 46.1184 35.8294 0 3.73449 0 0 0 0 0
500.00 1253.15 0.183744 0.365963 -970.594715 0.038595 0.168388 Fe''1.10Mg0.19Fe'''1.27Al0.15Cr0.00Ti0.29O4 0 10.7135 3.40267 46.1846 36.1918 0 3.50734 0 0 0 0 0
500.00 1243.15 0.154660 0.306455 -811.295036 0.032402 0.141384 Fe''1.12Mg0.18Fe'''1.27Al0.14Cr0.00Ti0.30O4 0 10.7707 3.16316 46.2441 36.5219 0 3.30015 0 0 0 0 0
500.00 1233.15 0.131207 0.258665 -683.986947 0.027424 0.119669 Fe''1.13Mg0.17Fe'''1.28Al0.13Cr0.00Ti0.30O4 0 10.8232 2.94557 46.2961 36.8248 0 3.11035 0 0 0 0 0
500.00 1223.15 0.112090 0.219867 -581.070513 0.023376 0.102015 Fe''1.14Mg0.16Fe'''1.28Al0.12Cr0.00Ti0.30O4 0 10.8728 2.74683 46.3398 37.1047 0 2.93583 0 0 0 0 0
500.00 1213.15 0.096365 0.188079 -497.053174 0.020055 0.087528 Fe''1.15Mg0.15Fe'''1.28Al0.11Cr0.00Ti0.30O4 0 10.9209 2.56449 46.3745 37.3653 0 2.7748 0 0 0 0 0
500.00 1203.15 0.083326 0.161825 -427.876059 0.017308 0.075544 Fe''1.16Mg0.14Fe'''1.29Al0.10Cr0.00Ti0.30O4 0 10.9686 2.39649 46.3995 37.6096 0 2.62576 0 0 0 0 0
500.00 1193.15 0.072439 0.139988 -370.484501 0.015020 0.065557 Fe''1.17Mg0.14Fe'''1.29Al0.10Cr0.00Ti0.31O4 0 11.0168 2.24114 46.4144 37.8402 0 2.48742 0 0 0 0 0
500.00 1183.15 0.063290 0.121709 -322.544634 0.013100 0.057183 Fe''1.18Mg0.13Fe'''1.29Al0.09Cr0.00Ti0.31O4 0 11.0663 2.09701 46.4187 38.0593 0 2.35864 0 0 0 0 0
500.00 1173.15 0.055640 0.106474 -282.675474 0.011499 0.050191 Fe''1.19Mg0.12Fe'''1.29Al0.09Cr0.00Ti0.31O4 0 11.1239 1.96206 46.4015 38.274 0 2.23852 0 0 0 0 0
500.00 1163.15 0.049085 0.093472 -248.703519 0.010129 0.044211 Fe''1.19Mg0.12Fe'''1.30Al0.08Cr0.00Ti0.31O4 0 11.1895 1.83551 46.363 38.4857 0 2.12626 0 0 0 0 0
500.00 1153.15 0.043409 0.082262 -219.431165 0.008945 0.039043 Fe''1.20Mg0.11Fe'''1.30Al0.08Cr0.00Ti0.31O4 0 11.2566 1.71743 46.3156 38.6894 0 2.021 0 0 0 0 0
500.00 1143.15 0.038556 0.072710 -194.504289 0.007934 0.034631 Fe''1.21Mg0.11Fe'''1.30Al0.07Cr0.00Ti0.32O4 0 11.3254 1.607 46.2592 38.8864 0 1.92205 0 0 0 0 0
500.00 1133.15 0.034388 0.064534 -173.175982 0.007068 0.030846 Fe''1.22Mg0.10Fe'''1.30Al0.07Cr0.00Ti0.32O4 0 11.3962 1.50352 46.1939 39.0776 0 1.82884 0 0 0 0 0
500.00 1123.15 0.030794 0.057506 -154.846436 0.006322 0.027587 Fe''1.22Mg0.10Fe'''1.29Al0.06Cr0.00Ti0.32O4 0 11.469 1.40639 46.12 39.2638 0 1.74083 0 0 0 0 0
500.00 1113.15 0.027683 0.051443 -139.030499 0.005676 0.024770 Fe''1.23Mg0.09Fe'''1.29Al0.06Cr0.00Ti0.32O4 0 11.5439 1.31509 46.0378 39.4456 0 1.65755 0 0 0 0 0
500.00 1103.15 0.017885 0.033079 -89.854661 0.003664 0.015983 Fe''1.24Mg0.09Fe'''1.28Al0.05Cr0.00Ti0.33O4 0 11.7729 1.21945 45.6653 39.7645 0 1.57784 0 0 0 0 0
500.00 1093.15 0.000983 0.001809 -4.934981 0.000201 0.000878 Fe''1.25Mg0.08Fe'''1.28Al0.05Cr0.00Ti0.34O4 0 11.9184 1.12915 45.4347 40.0437 0 1.47412 0 0 0 0 0
