Title: Hr

System Thermodynamic Data:
Pressure Temperature mass F phi S H V dVdP*10^6 dVdT*10^6 Cp logfO2(absolute) logfO2-NNO rhol rhos viscosity aH2O chisqr
500.00 1523.15 100.121971 0.9974048032405903 0.914696 289.453714 -1187270.483529 43.157517 -7792.283969 7569.226263 152.150751 -7.007 0.000 2.529692 0.070579 1.540 0.999758 0.000
500.00 1513.15 100.122623 0.9974467846841136 0.916445 288.451816 -1188802.954535 43.030994 -7625.500688 7532.398133 152.147456 -7.116 0.000 2.532410 0.071100 1.576 0.999754 0.000
500.00 1503.15 100.123314 0.9974895494113887 0.918211 287.443324 -1190336.041938 42.904303 -7458.111061 7494.700613 152.144362 -7.225 0.000 2.535129 0.071630 1.612 0.99975 0.000
500.00 1493.15 100.124048 0.9975331168487410 0.919994 286.428147 -1191869.770488 42.777446 -7290.105512 7456.106571 152.141475 -7.336 0.000 2.537849 0.072169 1.649 0.999746 0.000
500.00 1483.15 100.124824 0.9975775069949812 0.921794 285.406191 -1193404.165958 42.650423 -7121.474379 7416.587606 152.138801 -7.449 0.000 2.540569 0.072718 1.686 0.999742 0.000
500.00 1473.15 100.125644 0.9976227405803225 0.923611 284.392330 -1194917.154124 42.523238 -6952.207537 7376.113838 148.907324 -7.563 0.000 2.543291 0.073277 1.724 0.999737 0.000
500.00 1463.15 100.126510 0.9976688392478132 0.925446 283.378555 -1196420.628426 42.395891 -6782.293985 7334.653683 148.896735 -7.679 0.000 2.546014 0.073846 1.762 0.999733 0.000
500.00 1453.15 100.127423 0.9977158248694082 0.927298 282.357923 -1197924.762501 42.268387 -6611.723756 7292.174406 148.885834 -7.796 0.000 2.548737 0.074425 1.801 0.999728 0.000
500.00 1443.15 100.128384 0.9977637199241698 0.929167 281.330339 -1199429.580754 42.140727 -6440.486940 7248.641713 148.874617 -7.915 0.000 2.551461 0.075015 1.840 0.999723 0.000
500.00 1433.15 100.129396 0.9978125475437210 0.931055 280.295707 -1200935.108774 42.012915 -6268.573628 7204.019618 148.863082 -8.035 0.000 2.554185 0.075616 1.880 0.999718 0.000
500.00 1423.15 100.130459 0.9978623315273342 0.932961 279.253928 -1202441.373394 41.884956 -6095.973938 7158.270357 148.851225 -8.157 0.000 2.556909 0.076229 1.920 0.999712 0.000
500.00 1413.15 100.129973 0.9919270768458905 0.929692 278.035559 -1204160.838782 41.775669 -5995.542417 7125.240672 148.524799 -8.281 0.000 2.557297 0.275214 1.978 0.999717 0.000
500.00 1403.15 99.533313 0.9896801733807940 0.928584 275.342843 -1198643.444507 41.491186 -5918.208193 7087.362432 147.348890 -8.407 0.000 2.556738 0.346649 2.044 0.999727 0.000
500.00 1393.15 98.717194 0.9796915033812100 0.917281 271.869675 -1190837.466945 41.254206 -6222.498280 7176.682869 145.568220 -8.535 0.000 2.555710 0.587485 2.112 0.999728 0.000
500.00 1383.15 96.941233 0.9448907275328526 0.873083 265.326188 -1171880.087135 41.101376 -7808.187461 7698.155349 141.516578 -8.664 0.000 2.552573 1.024135 2.189 0.999707 0.000
500.00 1373.15 91.892725 0.9472675341984979 0.856355 251.607779 -1110429.541343 39.876044 -9175.045505 8116.137826 133.874716 -8.795 0.000 2.549106 0.845974 2.269 0.999706 0.000
500.00 1363.15 87.398080 0.9493433779212160 0.840816 239.364809 -1056001.960838 38.769089 -10357.127724 8488.926229 127.073330 -8.929 0.000 2.545298 0.717386 2.351 0.999722 0.000
500.00 1353.15 83.366378 0.9048019822412269 0.764787 227.563338 -1008518.911591 38.735315 -13662.026052 9661.304515 119.927855 -9.064 0.000 2.546226 0.871064 2.429 0.999708 0.000
500.00 1343.15 76.118241 0.7845814091956419 0.633439 205.912439 -919679.709989 38.222992 -19016.475534 11440.381326 105.901255 -9.201 0.000 2.466590 1.170312 2.925 0.999832 0.000
500.00 1333.15 60.516930 0.8768472061573042 0.630930 168.766618 -750362.772754 34.463945 -21663.417426 12311.136984 86.297231 -9.340 0.000 2.440365 0.585932 3.159 0.999871 0.000
500.00 1323.15 53.967206 0.8758380096458118 0.588627 151.984546 -674354.892341 33.212606 -24067.991967 13227.418814 77.002398 -9.481 0.000 2.417745 0.490433 3.374 0.999906 0.000
500.00 1313.15 48.268612 0.8756545615339356 0.548934 137.388260 -606994.242551 32.109364 -26201.695410 14086.298818 68.932942 -9.625 0.000 2.397983 0.414403 3.578 0.999943 0.000
500.00 1303.15 43.361076 0.8830579961076581 0.517771 124.851419 -548001.384982 31.061190 -27884.382894 14809.362228 62.057062 -9.771 0.000 2.380860 0.338531 3.767 0.999978 0.000
500.00 1293.15 39.461185 0.8879221801129482 0.490220 114.828404 -500973.097382 30.210818 -29238.219617 15438.279514 56.584157 -9.919 0.000 2.365872 0.287174 3.945 1.00001 0.000
500.00 1283.15 36.273918 0.8910668236760830 0.465822 106.591905 -462412.759949 29.493614 -30341.370178 15996.076571 52.119606 -10.069 0.000 2.352648 0.250808 4.112 1.00004 0.000
500.00 1273.15 33.613498 0.8930138572117345 0.444158 99.681944 -430122.347432 28.870300 -31246.708244 16497.556405 48.383539 -10.221 0.000 2.340904 0.224098 4.269 1.00006 0.000
500.00 1263.15 31.356687 0.8941129652468531 0.424875 93.792043 -402645.612886 28.315682 -31991.537060 16954.052628 45.216067 -10.376 0.000 2.330423 0.203884 4.418 1.00008 0.000
500.00 1253.15 29.418257 0.8945913008823272 0.407673 88.709246 -378976.633332 27.813018 -32603.406425 17373.756398 42.497874 -10.534 0.000 2.321032 0.188228 4.560 1.0001 0.000
500.00 1243.15 27.736714 0.8946023644057801 0.392299 84.279240 -358389.600336 27.350682 -33103.422985 17763.023504 40.142526 -10.694 0.000 2.312593 0.175885 4.694 1.00011 0.000
500.00 1233.15 26.266132 0.8942530399333454 0.378536 80.386324 -340341.910133 26.920303 -33508.243272 18126.952838 38.085288 -10.857 0.000 2.304992 0.166023 4.821 1.00012 0.000
500.00 1223.15 24.971221 0.8936203809166374 0.366197 76.941273 -324415.801308 26.515660 -33831.317529 18469.745734 36.276329 -11.022 0.000 2.298133 0.158067 4.942 1.00013 0.000
500.00 1213.15 23.824223 0.8927620433089930 0.355123 73.873704 -310281.892442 26.131998 -34083.696457 18794.937282 34.676431 -11.190 0.000 2.291936 0.151607 5.057 1.00013 0.000
500.00 1203.15 22.802904 0.8917227383295127 0.345176 71.127086 -297675.550847 25.765604 -34274.576940 19105.551687 33.254182 -11.361 0.000 2.286333 0.146340 5.166 1.00013 0.000
500.00 1193.15 21.889191 0.8905382273975758 0.336234 68.655368 -286380.995036 25.413521 -34411.687205 19404.211556 31.984067 -11.534 0.000 2.281265 0.142041 5.271 1.00013 0.000
500.00 1183.15 21.068217 0.8892378199572617 0.328194 66.420603 -276220.205056 25.073355 -34501.569561 19693.218378 30.845126 -11.711 0.000 2.276681 0.138536 5.370 1.00012 0.000
500.00 1173.15 20.327627 0.8873820476726292 0.320815 64.390366 -267045.724799 24.743710 -34551.854140 19975.454646 29.814195 -11.890 0.000 2.272362 0.136220 5.470 1.00011 0.000
500.00 1163.15 19.648763 0.8854274925857012 0.314084 62.520733 -258628.572187 24.419982 -34566.693090 20252.511436 28.868203 -12.073 0.000 2.268282 0.134400 5.570 1.00011 0.000
500.00 1153.15 19.023034 0.8839331659437586 0.308097 60.790864 -250864.041553 24.100242 -34547.926009 20525.142097 28.001561 -12.259 0.000 2.264597 0.132410 5.665 1.0001 0.000
500.00 1143.15 18.454358 0.8823955209261482 0.302738 59.205927 -243803.875794 23.787153 -34499.262220 20794.958828 27.216727 -12.448 0.000 2.261275 0.130853 5.755 1.00009 0.000
500.00 1133.15 17.935940 0.8808297793476542 0.297952 57.748512 -237365.555096 23.479604 -34423.894396 21063.425835 26.504180 -12.641 0.000 2.258288 0.129668 5.842 1.00008 0.000
500.00 1123.15 17.462001 0.8792490165094801 0.293691 56.403781 -231478.760611 23.176648 -34324.581553 21331.913765 25.855858 -12.837 0.000 2.255610 0.128807 5.925 1.00007 0.000
500.00 1113.15 17.027602 0.8776644978248216 0.289915 55.159028 -226083.288779 22.877471 -34203.716144 21601.724081 25.264912 -13.036 0.000 2.253220 0.128229 6.004 1.00006 0.000
500.00 1103.15 16.628109 0.8750784765778580 0.286211 53.999673 -221124.942707 22.587084 -34078.164108 21882.361971 24.721039 -13.239 0.000 2.250835 0.128840 6.090 1.00005 0.000
500.00 1093.15 16.243685 0.8720460130234926 0.282523 52.881047 -216370.730244 22.299134 -33950.346686 22175.732536 24.200867 -13.446 0.000 2.248441 0.129910 6.182 1.00005 0.000
500.00 1083.15 15.868996 0.8701072892706386 0.279382 51.793000 -211732.005383 22.004355 -33801.829852 22471.768235 23.700926 -13.656 0.000 2.246027 0.129993 6.273 1.00004 0.000
500.00 1073.15 15.519697 0.8686815573613954 0.276753 50.772674 -207434.834922 21.709623 -33633.646146 22771.805525 23.242170 -13.871 0.000 2.243875 0.129799 6.360 1.00003 0.000
500.00 1063.15 15.201994 0.8672164522317111 0.274558 49.829648 -203530.158941 21.417167 -33448.137632 23077.689286 22.829599 -14.089 0.000 2.241984 0.129921 6.444 1.00003 0.000
500.00 1053.15 14.911381 0.8658030091698687 0.272775 48.953174 -199966.648678 21.126027 -33246.873108 23390.875290 22.457730 -14.312 0.000 2.240345 0.130249 6.526 1.00002 0.000
500.00 1043.15 14.645275 0.8644459292562936 0.271383 48.136509 -196712.009309 20.835723 -33031.239286 23712.878322 22.123236 -14.539 0.000 2.238947 0.130768 6.606 1.00001 0.000
500.00 1033.15 14.401411 0.8631491376428677 0.270364 47.373715 -193737.990965 20.545814 -32802.463243 24045.280523 21.823286 -14.770 0.000 2.237783 0.131469 6.685 1.00001 0.000
500.00 1023.15 14.177793 0.8619156544530204 0.269703 46.659544 -191019.809303 20.255889 -32561.633648 24389.756025 21.555493 -15.006 0.000 2.236845 0.132343 6.762 1 0.000
