Title: Mr2

System Thermodynamic Data:
Pressure Temperature mass F phi S H V dVdP*10^6 dVdT*10^6 Cp logfO2(absolute) logfO2-NNO rhol rhos viscosity aH2O chisqr
500.00 1523.15 100.094276 0.9985528382360656 0.950829 288.250937 -1199475.338541 41.739465 -4575.516434 6342.522444 152.298653 -7.007 0.000 2.518436 0.070579 1.617 0.999904 0.000
500.00 1513.15 100.094877 0.9985954108980546 0.952494 287.247946 -1201008.525525 41.624458 -4428.550171 6302.348044 152.295192 -7.116 0.000 2.521102 0.071100 1.654 0.999902 0.000
500.00 1503.15 100.095515 0.9986387820796657 0.954175 286.238350 -1202542.276639 41.509301 -4280.961378 6261.203139 152.291905 -7.225 0.000 2.523769 0.071630 1.691 0.999899 0.000
500.00 1493.15 100.096192 0.9986829718146667 0.955871 285.222059 -1204076.614608 41.393996 -4132.739891 6219.056595 152.288798 -7.336 0.000 2.526437 0.072169 1.728 0.999897 0.000
500.00 1483.15 100.096908 0.9987280007394188 0.957583 284.198979 -1205611.563095 41.278545 -3983.875433 6175.875802 152.285875 -7.449 0.000 2.529107 0.072718 1.766 0.999894 0.000
500.00 1473.15 100.097665 0.9987738902368165 0.959311 283.184396 -1207124.436683 41.162950 -3834.357285 6131.626477 148.965144 -7.563 0.000 2.531776 0.073277 1.804 0.999891 0.000
500.00 1463.15 100.098463 0.9988206626008278 0.961055 282.170084 -1208627.454230 41.047215 -3684.173922 6086.272433 148.954060 -7.679 0.000 2.534447 0.073846 1.843 0.999887 0.000
500.00 1453.15 100.099306 0.9988683404338798 0.962815 281.148910 -1210131.066721 40.931341 -3533.314698 6039.776051 148.942619 -7.796 0.000 2.537118 0.074425 1.883 0.999884 0.000
500.00 1443.15 100.100192 0.9989169469860023 0.964591 280.120781 -1211635.295980 40.815334 -3381.768994 5992.097889 148.930817 -7.915 0.000 2.539789 0.075015 1.923 0.99988 0.000
500.00 1433.15 100.101126 0.9989665061989992 0.966384 279.085600 -1213140.164902 40.699197 -3229.526156 5943.196542 148.918647 -8.035 0.000 2.542461 0.075616 1.963 0.999877 0.000
500.00 1423.15 100.102106 0.9990170427240244 0.968194 278.043268 -1214645.697513 40.582935 -3076.575532 5893.028528 148.906107 -8.157 0.000 2.545133 0.076229 2.004 0.999873 0.000
500.00 1413.15 100.103137 0.9990685819388742 0.970020 276.993685 -1216151.919024 40.466552 -2922.906489 5841.548162 148.893190 -8.281 0.000 2.547804 0.076854 2.046 0.999869 0.000
500.00 1403.15 100.102163 0.9917582366068575 0.965240 275.729371 -1217915.585993 40.373361 -2858.411423 5806.211769 148.493064 -8.407 0.000 2.547528 0.587881 2.110 0.99988 0.000
500.00 1393.15 100.101696 0.9719871410872757 0.945435 274.119087 -1220157.894453 40.417853 -3257.101830 5927.347580 147.648907 -8.535 0.000 2.546227 1.271482 2.180 0.99988 0.000
500.00 1383.15 100.106833 0.9178222593462809 0.884843 271.582553 -1223766.879313 40.856747 -4973.018988 6503.794508 145.610035 -8.664 0.000 2.541514 1.748486 2.267 0.999858 0.000
500.00 1373.15 100.113650 0.8449900801867705 0.799062 268.672552 -1227892.230140 41.747432 -7724.755541 7460.147223 143.054536 -8.795 0.000 2.535916 1.849950 2.368 0.999842 0.000
500.00 1363.15 100.128770 0.7397758458453499 0.675951 265.103758 -1233032.526258 43.376651 -12185.868227 9048.091991 139.619542 -8.929 0.000 2.526316 1.853703 2.505 0.999828 0.000
500.00 1353.15 100.170818 0.6329806231205840 0.563922 261.538019 -1238590.431544 44.948608 -16479.130570 10596.129502 136.194225 -9.064 0.000 2.501476 1.875641 2.724 0.999849 0.000
500.00 1343.15 100.211512 0.5388135502107189 0.471033 258.320711 -1243619.283279 46.367595 -20341.057970 12036.335860 133.276754 -9.201 0.000 2.472237 1.884305 2.975 0.999886 0.000
500.00 1333.15 100.241911 0.4557193834244624 0.391686 255.442513 -1247986.050833 47.679036 -23947.338783 13442.491735 130.885376 -9.340 0.000 2.446142 1.881121 3.214 0.999922 0.000
500.00 1323.15 100.284925 0.3485391409858036 0.291681 252.238077 -1252971.460169 49.429578 -28975.029562 15465.336981 128.431007 -9.481 0.000 2.424332 1.865985 3.368 0.999951 0.000
500.00 1313.15 100.289842 0.2931574934272573 0.242597 250.029670 -1255965.877958 50.354062 -31552.797986 16588.891226 126.969862 -9.625 0.000 2.406794 1.858736 3.567 0.999996 0.000
500.00 1303.15 100.289323 0.2488959227491393 0.204279 248.076409 -1258512.467304 51.073328 -33611.148082 17545.960704 125.825369 -9.771 0.000 2.392512 1.853531 3.752 1.00004 0.000
500.00 1293.15 100.285253 0.2132829653980050 0.174028 246.317792 -1260726.915518 51.620346 -35237.507310 18361.788496 124.914567 -9.919 0.000 2.380960 1.850417 3.923 1.00007 0.000
500.00 1283.15 100.278842 0.1845873847542990 0.150027 244.709959 -1262690.186230 52.021903 -36499.843233 19061.479238 124.358971 -10.069 0.000 2.371671 1.849250 4.082 1.0001 0.000
500.00 1273.15 100.270963 0.1613962451215941 0.130872 243.219596 -1264462.670814 52.303271 -37461.348301 19654.546484 123.773680 -10.221 0.000 2.364245 1.849777 4.230 1.00013 0.000
500.00 1263.15 100.262235 0.1425458951796794 0.115459 241.819771 -1266091.329783 52.487332 -38179.222789 20164.606738 123.287322 -10.376 0.000 2.358348 1.851723 4.366 1.00014 0.000
500.00 1253.15 100.253079 0.1270945110604443 0.102929 240.488913 -1267612.242966 52.593737 -38702.700361 20608.531425 122.875631 -10.534 0.000 2.353709 1.854830 4.490 1.00015 0.000
500.00 1243.15 100.243776 0.1142992216612863 0.092621 239.210227 -1269052.431750 52.638556 -39072.195483 21000.593039 122.520576 -10.694 0.000 2.350113 1.858881 4.605 1.00016 0.000
500.00 1233.15 100.234135 0.1031760364577706 0.083724 237.964588 -1270433.477748 52.637902 -39331.464023 21357.075330 122.190055 -10.857 0.000 2.346645 1.863794 4.729 1.00016 0.000
500.00 1223.15 100.224539 0.0936572534747635 0.076147 236.748394 -1271766.882505 52.597970 -39493.780615 21682.610748 121.890505 -11.022 0.000 2.343659 1.869367 4.851 1.00015 0.000
500.00 1213.15 100.213009 0.0849651112820266 0.069264 235.539045 -1273047.694984 52.542799 -39617.583636 22002.172111 121.600659 -11.190 0.000 2.339625 1.875089 5.004 1.00014 0.000
500.00 1203.15 100.199927 0.0768984802633476 0.062898 234.333700 -1274286.008163 52.474573 -39711.289299 22319.567822 121.319504 -11.361 0.000 2.334526 1.880967 5.189 1.00013 0.000
500.00 1193.15 100.187234 0.0697687058473653 0.057276 233.142951 -1275501.530873 52.382141 -39748.420974 22622.548297 121.061183 -11.534 0.000 2.329777 1.887277 5.376 1.00012 0.000
500.00 1183.15 100.174948 0.0634223563655991 0.052272 231.963144 -1276699.197945 52.268996 -39737.713684 22914.563107 120.822067 -11.711 0.000 2.325370 1.893978 5.564 1.00011 0.000
500.00 1173.15 100.163067 0.0577321231211397 0.047779 230.791194 -1277882.788603 52.138019 -39686.476950 23198.625830 120.599246 -11.890 0.000 2.321298 1.901034 5.752 1.0001 0.000
500.00 1163.15 100.151571 0.0525918782451719 0.043713 229.624477 -1279055.193177 51.991577 -39600.830660 23477.389468 120.390399 -12.073 0.000 2.317549 1.908419 5.940 1.00009 0.000
500.00 1153.15 100.139237 0.0470226047005932 0.039253 228.439431 -1280223.474783 51.846117 -39530.711533 23776.621906 120.181012 -12.259 0.000 2.313805 1.915850 6.135 1.00009 0.000
500.00 1143.15 100.124260 0.0398636304598934 0.033411 227.209992 -1281387.529403 51.719375 -39532.305638 24127.395644 119.955816 -12.448 0.000 2.309761 1.922991 6.343 1.00008 0.000
500.00 1133.15 100.109551 0.0332894987349879 0.028018 225.989124 -1282534.277835 51.575593 -39495.116982 24472.698684 119.746018 -12.641 0.000 2.306239 1.930498 6.549 1.00008 0.000
500.00 1123.15 100.095166 0.0272106675273094 0.022999 224.774593 -1283667.338195 51.416773 -39424.109439 24814.925956 119.549820 -12.837 0.000 2.303229 1.938350 6.752 1.00007 0.000
500.00 1113.15 100.081146 0.0215474638829076 0.018291 223.564401 -1284789.710512 51.244653 -39323.702116 25156.389832 119.365874 -13.036 0.000 2.300718 1.946528 6.951 1.00007 0.000
500.00 1103.15 100.067511 0.0162276825360512 0.013835 222.356728 -1285903.814670 51.060748 -39197.882843 25499.374967 119.193232 -13.239 0.000 2.298684 1.955019 7.147 1.00006 0.000
500.00 1093.15 100.052299 0.0103932721600300 0.008898 221.131300 -1286999.669331 50.875943 -39083.868592 25865.540845 119.020335 -13.446 0.000 2.296950 1.963627 7.338 1.00006 0.000
500.00 1083.15 100.024387 0.0000000000000000 0.000000 219.786021 -1288005.897158 50.737614 -39154.090354 26358.490437 118.792982 -13.656 0.000 0.000000 1.971405 7.450 1 0.000
500.00 1073.15 100.024180 0.0000000000000000 0.000000 218.654617 -1289222.328581 50.471723 -38773.008030 26603.000989 118.716773 -13.871 0.000 0.000000 1.981787 7.450 1 0.000
500.00 1063.15 100.025515 0.0029311391970178 0.002021 217.472812 -1290515.173530 50.248408 -38480.046206 26922.158279 118.869084 -14.089 0.000 2.887315 1.988805 -2.530 0.998865 0.000

Title: Mr2

Liquid Composition:
Pressure Temperature mass SiO2 TiO2 Al2O3 Fe2O3 Cr2O3 FeO MnO MgO CaO Na2O K2O P2O5 H2O 
500.00 1523.15 99.949423 48.5714 1.13572 15.8217 2.3104 0.019461 9.04326 0.195813 7.28424 11.318 1.99729 0.332882 0.127278 1.84258
500.00 1513.15 99.954285 48.569 1.13566 15.8209 2.31629 0.0194601 9.03741 0.195803 7.28389 11.3174 1.9972 0.332866 0.127272 1.84675
500.00 1503.15 99.959263 48.5666 1.1356 15.8201 2.32255 0.0194591 9.03123 0.195794 7.28353 11.3169 1.9971 0.332849 0.127266 1.851
500.00 1493.15 99.964362 48.5641 1.13555 15.8193 2.32919 0.0194581 9.02469 0.195784 7.28315 11.3163 1.99699 0.332832 0.127259 1.85533
500.00 1483.15 99.969585 48.5616 1.13549 15.8185 2.33621 0.0194571 9.01779 0.195773 7.28277 11.3157 1.99689 0.332815 0.127253 1.85974
500.00 1473.15 99.974934 48.559 1.13543 15.8177 2.34364 0.0194561 9.0105 0.195763 7.28238 11.3151 1.99678 0.332797 0.127246 1.86423
500.00 1463.15 99.980414 48.5564 1.13536 15.8168 2.35149 0.019455 9.00283 0.195752 7.28198 11.3145 1.99667 0.332779 0.127239 1.86881
500.00 1453.15 99.986027 48.5536 1.1353 15.8159 2.35977 0.0194539 8.99476 0.195741 7.28158 11.3138 1.99656 0.33276 0.127232 1.87348
500.00 1443.15 99.991779 48.5508 1.13523 15.815 2.36848 0.0194528 8.98628 0.19573 7.28116 11.3132 1.99645 0.332741 0.127225 1.87824
500.00 1433.15 99.997672 48.548 1.13517 15.8141 2.37766 0.0194516 8.97737 0.195718 7.28073 11.3125 1.99633 0.332721 0.127217 1.88309
500.00 1423.15 100.003710 48.545 1.1351 15.8131 2.3873 0.0194505 8.96802 0.195707 7.28029 11.3118 1.99621 0.332701 0.127209 1.88803
500.00 1413.15 100.009899 48.542 1.13503 15.8121 2.39744 0.0194493 8.95821 0.195695 7.27984 11.3111 1.99608 0.332681 0.127201 1.89307
500.00 1403.15 99.277145 48.6084 1.14341 15.9288 2.40534 0.0195928 8.91121 0.195048 7.01377 11.3915 2.01082 0.335136 0.12814 1.90879
500.00 1393.15 97.297561 48.6596 1.15732 16.1811 2.4134 0.0199914 8.91593 0.197064 6.6781 11.3242 2.04988 0.341955 0.130747 1.93067
500.00 1383.15 91.880280 48.717 1.17495 16.7973 2.41323 0.0124219 9.05026 0.208143 6.21009 10.7843 2.1624 0.362117 0.138456 1.96934
500.00 1373.15 84.595042 49.0137 1.20537 17.0995 2.43537 0.00540188 9.24194 0.223291 5.73167 10.189 2.30475 0.392632 0.15038 2.00709
500.00 1363.15 74.072846 49.8259 1.25261 16.8951 2.47206 0.001159 9.41793 0.246764 5.21533 9.50774 2.50143 0.445939 0.171742 2.04635
500.00 1353.15 63.406187 51.3324 1.20882 16.8215 2.36439 0.000189872 8.91426 0.277646 4.67817 8.8378 2.73713 0.51726 0.200634 2.10979
500.00 1343.15 53.995321 53.0995 1.13145 16.7605 2.19243 7.06539e-005 8.1227 0.312759 4.1882 8.2184 2.96099 0.601969 0.235602 2.17543
500.00 1333.15 45.682182 54.7418 1.06077 16.6537 2.02378 4.01306e-005 7.35275 0.359401 3.76607 7.67203 3.15632 0.703061 0.278476 2.23184
500.00 1323.15 34.953222 55.8307 0.977059 16.5059 1.88987 2.34057e-005 6.64218 0.559097 3.34753 7.2086 3.48184 0.896124 0.363955 2.29709
500.00 1313.15 29.400719 57.1491 0.948535 16.2008 1.75746 2.02303e-005 6.0367 0.665677 2.96659 6.92913 3.54013 1.04132 0.43269 2.33187
500.00 1303.15 24.961604 58.3216 0.930614 15.9037 1.62945 1.86955e-005 5.48467 0.78406 2.6515 6.71345 3.5194 1.19497 0.509639 2.35701
500.00 1293.15 21.389136 59.3539 0.921019 15.6255 1.50673 1.80884e-005 4.9817 0.915016 2.38783 6.54941 3.43434 1.3551 0.59476 2.37475
500.00 1283.15 18.510209 60.2554 0.917585 15.3708 1.39035 1.80858e-005 4.52444 1.05733 2.16451 6.42549 3.3011 1.51868 0.687264 2.38707
500.00 1273.15 16.183357 61.0366 0.9183 15.1402 1.28122 1.85132e-005 4.10982 1.20935 1.97311 6.33148 3.13543 1.68275 0.78608 2.39564
500.00 1263.15 14.291970 61.7087 0.921475 14.9319 1.17987 1.92687e-005 3.73465 1.3694 1.80727 6.25917 2.9508 1.8448 0.890109 2.40182
500.00 1253.15 12.741616 62.2827 0.92581 14.7433 1.08643 2.02919e-005 3.39561 1.53602 1.6621 6.20248 2.75755 2.00301 0.998414 2.40663
500.00 1243.15 11.457786 62.7687 0.930371 14.5713 1.00071 2.15481e-005 3.08937 1.70813 1.53388 6.15727 2.56301 2.15613 1.11028 2.41081
500.00 1233.15 10.341761 63.3051 0.934911 14.4423 0.920375 2.30033e-005 2.81587 1.89246 1.41504 6.02766 2.3756 2.30981 1.14513 2.4158
500.00 1223.15 9.386755 63.8203 0.938667 14.3363 0.846624 2.46576e-005 2.57009 2.085 1.30733 5.868 2.19602 2.45952 1.15065 2.42145
500.00 1213.15 8.514609 64.4434 0.942023 14.2224 0.774706 2.66489e-005 2.33201 2.17888 1.20103 5.69564 2.02281 2.61769 1.1485 2.42085
500.00 1203.15 7.705222 65.1723 0.944176 14.1027 0.704907 2.89681e-005 2.10244 2.17086 1.09691 5.50817 1.85781 2.78789 1.13816 2.4136
500.00 1193.15 6.989934 65.8633 0.944184 13.9917 0.641177 3.15196e-005 1.89383 2.14769 1.00254 5.32103 1.70311 2.95825 1.12788 2.4053
500.00 1183.15 6.353331 66.5161 0.942035 13.8886 0.583113 3.43268e-005 1.70462 2.11223 0.916899 5.13522 1.55861 3.12836 1.11795 2.39616
500.00 1173.15 5.782627 67.1312 0.937761 13.7928 0.530295 3.74222e-005 1.53328 2.06693 0.839086 4.95171 1.42402 3.29787 1.10863 2.38636
500.00 1163.15 5.267159 67.709 0.931413 13.7037 0.4823 4.08492e-005 1.37831 2.01384 0.768298 4.77142 1.29895 3.46652 1.10018 2.37603
500.00 1153.15 4.708808 68.2567 0.907832 13.6335 0.439289 4.51745e-005 1.23917 1.93957 0.699998 4.58407 1.18096 3.66495 1.09056 2.36345
500.00 1143.15 3.991317 68.7649 0.849546 13.6067 0.400906 5.15331e-005 1.11359 1.8265 0.629653 4.37544 1.06572 3.94416 1.0774 2.34539
500.00 1133.15 3.332597 69.2084 0.795597 13.5958 0.365238 5.90593e-005 0.997838 1.71431 0.566667 4.17396 0.957501 4.23192 1.06665 2.3261
500.00 1123.15 2.723656 69.5887 0.745603 13.5993 0.332233 6.80329e-005 0.89172 1.60448 0.510305 3.98066 0.856486 4.5262 1.0584 2.30587
500.00 1113.15 2.156495 69.9085 0.699202 13.6156 0.301822 7.88266e-005 0.794954 1.49821 0.459908 3.79656 0.762807 4.82453 1.05277 2.28497
500.00 1103.15 1.623864 70.1718 0.656053 13.6428 0.273916 9.19547e-005 0.707179 1.39644 0.414876 3.62267 0.676529 5.12412 1.04986 2.2637
500.00 1093.15 1.039871 70.4382 0.61433 13.6423 0.249808 0.00011224 0.632155 1.30671 0.375117 3.47099 0.600817 5.37397 1.04973 2.24575
500.00 1083.15 0.000000 ---
500.00 1073.15 0.000000 ---
500.00 1063.15 0.293189 1.75294 0.0946432 0.0173032 0.076873 0.000502521 0.023996 1.54283 1.36818 51.4453 4.57117e-006 0.0154016 43.3898 0.272224
Title: Mr2

liquid_0 thermodynamic data and composition:
Pressure Temperature mass S H V Cp viscosity SiO2 TiO2 Al2O3 Fe2O3 Cr2O3 FeO MnO MgO CaO Na2O K2O P2O5 H2O Mg#
500.00 1523.15 99.949423 286.653972 -1197914.481786 39.687106 151.892303 1.617 48.5714 1.13572 15.8217 2.3104 0.019461 9.04326 0.195813 7.28424 11.318 1.99729 0.332882 0.127278 1.84258 58.9
500.00 1513.15 99.954285 285.700548 -1199489.634065 39.647063 151.900998 1.654 48.569 1.13566 15.8209 2.31629 0.0194601 9.03741 0.195803 7.28389 11.3174 1.9972 0.332866 0.127272 1.84675 58.9
500.00 1503.15 99.959263 284.741257 -1201066.457120 39.607135 151.910067 1.691 48.5666 1.1356 15.8201 2.32255 0.0194591 9.03123 0.195794 7.28353 11.3169 1.9971 0.332849 0.127266 1.851 59.0
500.00 1493.15 99.964362 283.776022 -1202645.001928 39.567322 151.919521 1.728 48.5641 1.13555 15.8193 2.32919 0.0194581 9.02469 0.195784 7.28315 11.3163 1.99699 0.332832 0.127259 1.85533 59.0
500.00 1483.15 99.969585 282.804768 -1204225.321294 39.527629 151.929371 1.766 48.5616 1.13549 15.8185 2.33621 0.0194571 9.01779 0.195773 7.28277 11.3157 1.99689 0.332815 0.127253 1.85974 59.0
500.00 1473.15 99.974934 281.842798 -1205784.759991 39.488058 148.621631 1.804 48.559 1.13543 15.8177 2.34364 0.0194561 9.0105 0.195763 7.28238 11.3151 1.99678 0.332797 0.127246 1.86423 59.0
500.00 1463.15 99.980414 280.881903 -1207335.568322 39.448612 148.623763 1.843 48.5564 1.13536 15.8168 2.35149 0.019455 9.00283 0.195752 7.28198 11.3145 1.99667 0.332779 0.127239 1.86881 59.0
500.00 1453.15 99.986027 279.914970 -1208888.229316 39.409294 148.625769 1.883 48.5536 1.1353 15.8159 2.35977 0.0194539 8.99476 0.195741 7.28158 11.3138 1.99656 0.33276 0.127232 1.87348 59.1
500.00 1443.15 99.991779 278.941924 -1210442.797822 39.370108 148.627652 1.923 48.5508 1.13523 15.815 2.36848 0.0194528 8.98628 0.19573 7.28116 11.3132 1.99645 0.332741 0.127225 1.87824 59.1
500.00 1433.15 99.997672 277.962686 -1211999.330803 39.331056 148.629414 1.963 48.548 1.13517 15.8141 2.37766 0.0194516 8.97737 0.195718 7.28073 11.3125 1.99633 0.332721 0.127217 1.88309 59.1
500.00 1423.15 100.003710 276.977179 -1213557.887424 39.292141 148.631060 2.004 48.545 1.1351 15.8131 2.3873 0.0194505 8.96802 0.195707 7.28029 11.3118 1.99621 0.332701 0.127209 1.88803 59.1
500.00 1413.15 100.009899 275.985322 -1215118.529147 39.253368 148.632591 2.046 48.542 1.13503 15.8121 2.39744 0.0194493 8.95821 0.195695 7.27984 11.3111 1.99608 0.332681 0.127201 1.89307 59.1
500.00 1403.15 99.277145 273.007108 -1207916.401712 38.969985 147.334022 2.110 48.6084 1.14341 15.9288 2.40534 0.0195928 8.91121 0.195048 7.01377 11.3915 2.01082 0.335136 0.12814 1.90879 58.4
500.00 1393.15 97.297561 266.704788 -1185203.255972 38.212446 144.107316 2.180 48.6596 1.15732 16.1811 2.4134 0.0199914 8.91593 0.197064 6.6781 11.3242 2.04988 0.341955 0.130747 1.93067 57.2
500.00 1383.15 91.880280 251.286643 -1120144.260295 36.151788 135.622167 2.267 48.717 1.17495 16.7973 2.41323 0.0124219 9.05026 0.208143 6.21009 10.7843 2.1624 0.362117 0.138456 1.96934 55.0
500.00 1373.15 84.595042 230.826549 -1031071.053116 33.358768 124.304086 2.368 49.0137 1.20537 17.0995 2.43537 0.00540188 9.24194 0.223291 5.73167 10.189 2.30475 0.392632 0.15038 2.00709 52.5
500.00 1363.15 74.072846 201.669880 -902012.630021 29.320498 108.140735 2.505 49.8259 1.25261 16.8951 2.47206 0.001159 9.41793 0.246764 5.21533 9.50774 2.50143 0.445939 0.171742 2.04635 49.7
500.00 1353.15 63.406187 172.467562 -777178.266595 25.347511 92.018596 2.724 51.3324 1.20882 16.8215 2.36439 0.000189872 8.91426 0.277646 4.67817 8.8378 2.73713 0.51726 0.200634 2.10979 48.3
500.00 1343.15 53.995321 146.742772 -668196.191233 21.840674 77.936966 2.975 53.0995 1.13145 16.7605 2.19243 7.06539e-005 8.1227 0.312759 4.1882 8.2184 2.96099 0.601969 0.235602 2.17543 47.9
500.00 1333.15 45.682182 123.981106 -570439.191631 18.675198 65.614456 3.214 54.7418 1.06077 16.6537 2.02378 4.01306e-005 7.35275 0.359401 3.76607 7.67203 3.15632 0.703061 0.278476 2.23184 47.7
500.00 1323.15 34.953222 94.833731 -439032.874688 14.417670 50.007762 3.368 55.8307 0.977059 16.5059 1.88987 2.34057e-005 6.64218 0.559097 3.34753 7.2086 3.48184 0.896124 0.363955 2.29709 47.3
500.00 1313.15 29.400719 79.532825 -371568.870694 12.215720 41.863484 3.567 57.1491 0.948535 16.2008 1.75746 2.02303e-005 6.0367 0.665677 2.96659 6.92913 3.54013 1.04132 0.43269 2.33187 46.7
500.00 1303.15 24.961604 67.275830 -317236.525046 10.433218 35.389684 3.752 58.3216 0.930614 15.9037 1.62945 1.86955e-005 5.48467 0.78406 2.6515 6.71345 3.5194 1.19497 0.509639 2.35701 46.3
500.00 1293.15 21.389136 57.401379 -273214.596876 8.983407 30.206525 3.923 59.3539 0.921019 15.6255 1.50673 1.80884e-005 4.9817 0.915016 2.38783 6.54941 3.43434 1.3551 0.59476 2.37475 46.1
500.00 1283.15 18.510209 49.440609 -237522.711683 7.804711 26.048273 4.082 60.2554 0.917585 15.3708 1.39035 1.80858e-005 4.52444 1.05733 2.16451 6.42549 3.3011 1.51868 0.687264 2.38707 46.0
500.00 1273.15 16.183357 43.006897 -208516.394816 6.845041 22.700582 4.230 61.0366 0.9183 15.1402 1.28122 1.85132e-005 4.10982 1.20935 1.97311 6.33148 3.13543 1.68275 0.78608 2.39564 46.1
500.00 1263.15 14.291970 37.779545 -184819.831784 6.060161 19.988858 4.366 61.7087 0.921475 14.9319 1.17987 1.92687e-005 3.73465 1.3694 1.80727 6.25917 2.9508 1.8448 0.890109 2.40182 46.3
500.00 1253.15 12.741616 33.497844 -165305.288257 5.413421 17.773057 4.490 62.2827 0.92581 14.7433 1.08643 2.02919e-005 3.39561 1.53602 1.6621 6.20248 2.75755 2.00301 0.998414 2.40663 46.6
500.00 1243.15 11.457786 29.955626 -149074.684737 4.875419 15.943487 4.605 62.7687 0.930371 14.5713 1.00071 2.15481e-005 3.08937 1.70813 1.53388 6.15727 2.56301 2.15613 1.11028 2.41081 47.0
500.00 1233.15 10.341761 26.892173 -134910.667893 4.407041 14.348207 4.729 63.3051 0.934911 14.4423 0.920375 2.30033e-005 2.81587 1.89246 1.41504 6.02766 2.3756 2.30981 1.14513 2.4158 47.3
500.00 1223.15 9.386755 24.278915 -122743.201946 4.005171 12.983722 4.851 63.8203 0.938667 14.3363 0.846624 2.46576e-005 2.57009 2.085 1.30733 5.868 2.19602 2.45952 1.15065 2.42145 47.6
500.00 1213.15 8.514609 21.900187 -111668.969949 3.639305 11.739564 5.004 64.4434 0.942023 14.2224 0.774706 2.66489e-005 2.33201 2.17888 1.20103 5.69564 2.02281 2.61769 1.1485 2.42085 47.9
500.00 1203.15 7.705222 19.702679 -101412.664715 3.300550 10.587634 5.189 65.1723 0.944176 14.1027 0.704907 2.89681e-005 2.10244 2.17086 1.09691 5.50817 1.85781 2.78789 1.13816 2.4136 48.2
500.00 1193.15 6.989934 17.768619 -92310.855184 3.000258 9.573344 5.376 65.8633 0.944184 13.9917 0.641177 3.15196e-005 1.89383 2.14769 1.00254 5.32103 1.70311 2.95825 1.12788 2.4053 48.6
500.00 1183.15 6.353331 16.054945 -84175.574275 2.732180 8.673969 5.564 66.5161 0.942035 13.8886 0.583113 3.43268e-005 1.70462 2.11223 0.916899 5.13522 1.55861 3.12836 1.11795 2.39616 48.9
500.00 1173.15 5.782627 14.526033 -76850.557564 2.491118 7.870722 5.752 67.1312 0.937761 13.7928 0.530295 3.74222e-005 1.53328 2.06693 0.839086 4.95171 1.42402 3.29787 1.10863 2.38636 49.4
500.00 1163.15 5.267159 13.152296 -70205.209174 2.272729 7.148006 5.940 67.709 0.931413 13.7037 0.4823 4.08492e-005 1.37831 2.01384 0.768298 4.77142 1.29895 3.46652 1.10018 2.37603 49.8
500.00 1153.15 4.708808 11.686917 -62939.360482 2.035092 6.371579 6.135 68.2567 0.907832 13.6335 0.439289 4.51745e-005 1.23917 1.93957 0.699998 4.58407 1.18096 3.66495 1.09056 2.36345 50.2
500.00 1143.15 3.991317 9.844186 -53493.235953 1.728021 5.384613 6.343 68.7649 0.849546 13.6067 0.400906 5.15331e-005 1.11359 1.8265 0.629653 4.37544 1.06572 3.94416 1.0774 2.34539 50.2
500.00 1133.15 3.332597 8.167666 -44776.775219 1.445036 4.483268 6.549 69.2084 0.795597 13.5958 0.365238 5.90593e-005 0.997838 1.71431 0.566667 4.17396 0.957501 4.23192 1.06665 2.3261 50.3
500.00 1123.15 2.723656 6.632827 -36679.705072 1.182538 3.654340 6.752 69.5887 0.745603 13.5993 0.332233 6.80329e-005 0.89172 1.60448 0.510305 3.98066 0.856486 4.5262 1.0584 2.30587 50.5
500.00 1113.15 2.156495 5.218052 -29103.400554 0.937314 2.886157 6.951 69.9085 0.699202 13.6156 0.301822 7.88266e-005 0.794954 1.49821 0.459908 3.79656 0.762807 4.82453 1.05277 2.28497 50.8
500.00 1103.15 1.623864 3.903985 -21957.800932 0.706432 2.168228 7.147 70.1718 0.656053 13.6428 0.273916 9.19547e-005 0.707179 1.39644 0.414876 3.62267 0.676529 5.12412 1.04986 2.2637 51.1
500.00 1093.15 1.039871 2.484058 -14087.195585 0.452718 1.385355 7.338 70.4382 0.61433 13.6423 0.249808 0.00011224 0.632155 1.30671 0.375117 3.47099 0.600817 5.37397 1.04973 2.24575 51.4
500.00 1063.15 0.293189 0.516559 -3719.571868 0.101544 0.539697 -2.530 1.75294 0.0946432 0.0173032 0.076873 0.000502521 0.023996 1.54283 1.36818 51.4453 4.57117e-006 0.0154016 43.3898 0.272224 99.0

olivine_0 thermodynamic data and composition:
Pressure Temperature mass S H V Cp formula SiO2 TiO2 Al2O3 Fe2O3 Cr2O3 FeO MnO MgO CaO Na2O K2O P2O5 H2O
500.00 1403.15 0.733516 1.734489 -8982.476542 0.222565 0.903310 (Ca0.01Mg0.82Fe''0.17Mn0.00Co0.00Ni0.00)2SiO4 39.5089 0 0 0 0 16.5022 0.283037 43.2823 0.4236 0 0 0 0
500.00 1393.15 1.350642 3.178934 -16458.766477 0.408551 1.657320 (Ca0.01Mg0.81Fe''0.18Mn0.00Co0.00Ni0.00)2SiO4 39.3881 0 0 0 0 17.1353 0.294326 42.7587 0.423545 0 0 0 0
500.00 1383.15 1.396648 3.270174 -16884.432473 0.420558 1.705403 (Ca0.01Mg0.80Fe''0.19Mn0.00Co0.00Ni0.00)2SiO4 39.2071 0 0 0 0 18.0886 0.32017 41.9816 0.402449 0 0 0 0
500.00 1373.15 1.900292 4.424664 -22741.543674 0.569095 2.306882 (Ca0.01Mg0.79Fe''0.21Mn0.00Co0.00Ni0.00)2SiO4 38.9838 0 0 0 0 19.2548 0.358935 41.0203 0.382117 0 0 0 0
500.00 1363.15 3.039935 7.035086 -35902.167572 0.904229 3.663991 (Ca0.01Mg0.77Fe''0.22Mn0.00Co0.00Ni0.00)2SiO4 38.7008 0 0 0 0 20.712 0.425296 39.7998 0.36224 0 0 0 0
500.00 1353.15 3.795567 8.734234 -44365.136454 1.122789 4.547632 (Ca0.00Mg0.76Fe''0.24Mn0.01Co0.00Ni0.00)2SiO4 38.4768 0 0 0 0 21.8291 0.518207 38.8354 0.340513 0 0 0 0
500.00 1343.15 4.232140 9.687591 -49074.314847 1.246356 5.045609 (Ca0.00Mg0.75Fe''0.25Mn0.01Co0.00Ni0.00)2SiO4 38.2997 0 0 0 0 22.6732 0.634169 38.0739 0.31908 0 0 0 0
500.00 1333.15 3.988675 9.083674 -45923.688572 1.169902 4.733366 (Ca0.00Mg0.73Fe''0.26Mn0.01Co0.00Ni0.00)2SiO4 38.1397 0 0 0 0 23.385 0.79053 37.3844 0.300427 0 0 0 0
500.00 1323.15 0.021665 0.049091 -247.190234 0.006324 0.025559 (Ca0.00Mg0.72Fe''0.26Mn0.02Co0.00Ni0.00)2SiO4 37.9311 0 0 0 0 23.9548 1.34521 36.4734 0.295424 0 0 0 0
500.00 1213.15 0.098149 0.207170 -959.626157 0.026610 0.105972 (Ca0.00Mg0.49Fe''0.39Mn0.13Co0.00Ni0.00)2SiO4 34.7399 0 0 0 0 32.1043 10.3828 22.5054 0.267732 0 0 0 0
500.00 1203.15 0.258611 0.542357 -2500.909918 0.069749 0.277428 (Ca0.00Mg0.47Fe''0.40Mn0.13Co0.00Ni0.00)2SiO4 34.5263 0 0 0 0 32.6411 10.9989 21.5718 0.261931 0 0 0 0
500.00 1193.15 0.393951 0.820941 -3771.002164 0.105731 0.420046 (Ca0.00Mg0.45Fe''0.40Mn0.14Co0.00Ni0.00)2SiO4 34.3281 0 0 0 0 33.1375 11.573 20.7058 0.255607 0 0 0 0
500.00 1183.15 0.508005 1.051954 -4816.610480 0.135714 0.538529 (Ca0.00Mg0.44Fe''0.41Mn0.15Co0.00Ni0.00)2SiO4 34.1436 0 0 0 0 33.5982 12.1095 19.8998 0.248855 0 0 0 0
500.00 1173.15 0.604114 1.243170 -5676.965062 0.160689 0.636894 (Ca0.00Mg0.42Fe''0.42Mn0.16Co0.00Ni0.00)2SiO4 33.9712 0 0 0 0 34.0279 12.612 19.1472 0.24176 0 0 0 0
500.00 1163.15 0.685136 1.401172 -6384.604675 0.181491 0.718520 (Ca0.00Mg0.41Fe''0.43Mn0.16Co0.00Ni0.00)2SiO4 33.8095 0 0 0 0 34.4308 13.0838 18.4415 0.2344 0 0 0 0
500.00 1153.15 0.761364 1.547265 -7034.029037 0.200840 0.794264 (Ca0.00Mg0.40Fe''0.43Mn0.17Co0.00Ni0.00)2SiO4 33.6476 0 0 0 0 34.9126 13.4769 17.7357 0.227232 0 0 0 0
500.00 1143.15 0.841296 1.698498 -7697.597522 0.220914 0.872825 (Ca0.00Mg0.38Fe''0.44Mn0.17Co0.00Ni0.00)2SiO4 33.4751 0 0 0 0 35.603 13.7144 16.9868 0.220696 0 0 0 0
500.00 1133.15 0.906066 1.817438 -8216.783177 0.236913 0.935164 (Ca0.00Mg0.37Fe''0.45Mn0.18Co0.00Ni0.00)2SiO4 33.317 0 0 0 0 36.2474 13.9211 16.3006 0.213844 0 0 0 0
500.00 1123.15 0.958372 1.910087 -8620.364489 0.249601 0.984332 (Ca0.00Mg0.36Fe''0.46Mn0.18Co0.00Ni0.00)2SiO4 33.1718 0 0 0 0 36.8487 14.1019 15.6708 0.206754 0 0 0 0
500.00 1113.15 1.000411 1.981279 -8931.044413 0.259589 1.022773 (Ca0.00Mg0.34Fe''0.47Mn0.18Co0.00Ni0.00)2SiO4 33.038 0 0 0 0 37.4098 14.2617 15.091 0.199499 0 0 0 0
500.00 1103.15 1.033968 2.034917 -9166.776072 0.267370 1.052448 (Ca0.00Mg0.33Fe''0.48Mn0.19Co0.00Ni0.00)2SiO4 32.9142 0 0 0 0 37.9338 14.4049 14.555 0.192143 0 0 0 0
500.00 1093.15 1.062899 2.078499 -9355.115213 0.273873 1.077018 (Ca0.00Mg0.32Fe''0.49Mn0.19Co0.00Ni0.00)2SiO4 32.7864 0 0 0 0 38.4728 14.5547 14.0011 0.184992 0 0 0 0
500.00 1083.15 1.099190 2.133640 -9560.663911 0.281742 1.106798 (Ca0.00Mg0.30Fe''0.50Mn0.19Co0.00Ni0.00)2SiO4 32.5895 0 0 0 0 39.2707 14.815 13.1456 0.179235 0 0 0 0
500.00 1073.15 1.101010 2.126060 -9569.827406 0.281896 1.106419 (Ca0.00Mg0.30Fe''0.51Mn0.19Co0.00Ni0.00)2SiO4 32.5631 0 0 0 0 39.4147 14.8171 13.0346 0.170424 0 0 0 0
500.00 1063.15 1.074080 2.063183 -9329.991491 0.274707 1.077212 (Ca0.00Mg0.30Fe''0.51Mn0.19Co0.00Ni0.00)2SiO4 32.5379 0 0 0 0 39.5522 14.8196 12.9284 0.161878 0 0 0 0

apatite thermodynamic data and composition:
Pressure Temperature mass S H V Cp formula
500.00 1233.15 0.020733 0.045404 -256.145695 0.006770 0.023712 Ca5(PO4)3OH
500.00 1223.15 0.045310 0.098805 -560.304363 0.014795 0.051753 Ca5(PO4)3OH
500.00 1213.15 0.069418 0.150725 -859.212929 0.022667 0.079185 Ca5(PO4)3OH
500.00 1203.15 0.093228 0.201543 -1154.984536 0.030442 0.106203 Ca5(PO4)3OH
500.00 1193.15 0.114130 0.245647 -1415.243345 0.037267 0.129839 Ca5(PO4)3OH
500.00 1183.15 0.132559 0.284043 -1645.270504 0.043285 0.150597 Ca5(PO4)3OH
500.00 1173.15 0.148882 0.317586 -1849.560416 0.048615 0.168906 Ca5(PO4)3OH
500.00 1163.15 0.163415 0.347001 -2031.954442 0.053361 0.185132 Ca5(PO4)3OH
500.00 1153.15 0.178976 0.378294 -2227.469945 0.058442 0.202470 Ca5(PO4)3OH
500.00 1143.15 0.198675 0.417974 -2474.878970 0.064874 0.224428 Ca5(PO4)3OH
500.00 1133.15 0.216264 0.452833 -2696.426777 0.070618 0.243938 Ca5(PO4)3OH
500.00 1123.15 0.232118 0.483711 -2896.713075 0.075794 0.261429 Ca5(PO4)3OH
500.00 1113.15 0.246567 0.511339 -3079.802799 0.080512 0.277281 Ca5(PO4)3OH
500.00 1103.15 0.259907 0.536369 -3249.355709 0.084869 0.291834 Ca5(PO4)3OH
500.00 1093.15 0.274375 0.563423 -3433.312080 0.089593 0.307597 Ca5(PO4)3OH
500.00 1083.15 0.300128 0.613217 -3758.928531 0.098002 0.335935 Ca5(PO4)3OH
500.00 1073.15 0.300128 0.610104 -3762.285185 0.098002 0.335394 Ca5(PO4)3OH

rhm-oxide_0 thermodynamic data and composition:
Pressure Temperature mass S H V Cp formula SiO2 TiO2 Al2O3 Fe2O3 Cr2O3 FeO MnO MgO CaO Na2O K2O P2O5 H2O
500.00 1153.15 0.067919 0.126995 -505.853992 0.014668 0.061905 Mn0.06Fe''0.73Mg0.10Fe'''0.22Ti0.89O3 0 47.5312 0 11.8515 0 35.333 2.61354 2.67074 0 0 0 0 0
500.00 1143.15 0.285195 0.530670 -2121.939082 0.061519 0.259617 Mn0.05Fe''0.74Mg0.09Fe'''0.22Ti0.89O3 0 47.5264 0 11.7532 0 35.5806 2.60645 2.53343 0 0 0 0 0
500.00 1133.15 0.479867 0.888552 -3567.877600 0.103401 0.436287 Mn0.05Fe''0.75Mg0.09Fe'''0.22Ti0.89O3 0 47.5333 0 11.6438 0 35.8178 2.59423 2.41085 0 0 0 0 0
500.00 1123.15 0.654165 1.205354 -4861.739450 0.140822 0.594014 Mn0.05Fe''0.75Mg0.09Fe'''0.22Ti0.89O3 0 47.5506 0 11.5246 0 36.0459 2.57802 2.30078 0 0 0 0 0
500.00 1113.15 0.810120 1.485343 -6019.643815 0.174240 0.734708 Mn0.05Fe''0.76Mg0.08Fe'''0.21Ti0.89O3 0 47.577 0 11.3965 0 36.2664 2.5588 2.20131 0 0 0 0 0
500.00 1103.15 0.949624 1.732456 -7056.310342 0.204077 0.860141 Mn0.05Fe''0.76Mg0.08Fe'''0.21Ti0.89O3 0 47.6113 0 11.2603 0 36.4802 2.5374 2.11083 0 0 0 0 0
500.00 1093.15 1.089633 1.977852 -8097.000857 0.233975 0.985683 Mn0.05Fe''0.77Mg0.08Fe'''0.21Ti0.90O3 0 47.6495 0 11.1165 0 36.697 2.51686 2.02019 0 0 0 0 0
500.00 1083.15 1.309320 2.364114 -9723.699119 0.280850 1.182710 Mn0.05Fe''0.77Mg0.07Fe'''0.21Ti0.90O3 0 47.6812 0 10.9552 0 36.962 2.51041 1.89117 0 0 0 0 0
500.00 1073.15 1.317528 2.367140 -9797.002347 0.282505 1.188725 Mn0.05Fe''0.78Mg0.07Fe'''0.20Ti0.90O3 0 47.7496 0 10.8039 0 37.1096 2.47249 1.86444 0 0 0 0 0
500.00 1063.15 1.314955 2.350660 -9790.279930 0.281849 1.184991 Mn0.05Fe''0.78Mg0.07Fe'''0.20Ti0.90O3 0 47.8182 0 10.6527 0 37.2561 2.4348 1.83823 0 0 0 0 0

clinopyroxene_0 thermodynamic data and composition:
Pressure Temperature mass S H V Cp structure formula SiO2 TiO2 Al2O3 Fe2O3 Cr2O3 FeO MnO MgO CaO Na2O K2O P2O5 H2O
500.00 1393.15 1.345489 3.071616 -17292.792789 0.414685 1.582419 cpx Na0.01Ca0.85Fe''0.15Mg0.84Fe'''0.07Ti0.02Al0.23Si1.84O6 49.8115 0.676282 5.19095 2.60958 0 4.87739 0 15.2666 21.4343 0.133366 0 0 0
500.00 1383.15 6.562843 14.926132 -84115.318343 2.017002 7.697395 cpx Na0.01Ca0.84Fe''0.16Mg0.82Fe'''0.08Ti0.02Al0.24Si1.82O6 49.3368 0.787372 5.57312 2.7893 0 5.14773 0 14.9193 21.3021 0.144254 0 0 0
500.00 1373.15 11.118736 25.193435 -142037.821155 3.407641 13.006564 cpx Na0.01Ca0.84Fe''0.17Mg0.81Fe'''0.08Ti0.03Al0.25Si1.81O6 48.9592 0.898072 5.804 2.94239 0 5.50137 0 14.6364 21.1026 0.155956 0 0 0
500.00 1363.15 14.759973 33.324680 -187820.065968 4.512451 17.229478 cpx Na0.01Ca0.83Fe''0.19Mg0.80Fe'''0.08Ti0.03Al0.25Si1.81O6 48.8274 0.976064 5.72824 3.01459 0 6.00232 0 14.5156 20.7677 0.16804 0 0 0
500.00 1353.15 18.358516 41.317236 -233056.205473 5.605376 21.413632 cpx Na0.01Ca0.81Fe''0.20Mg0.81Fe'''0.08Ti0.03Al0.24Si1.82O6 48.9836 0.953664 5.49201 2.94183 0 6.49344 0 14.6113 20.3465 0.177652 0 0 0
500.00 1343.15 21.338330 47.882389 -270471.576942 6.510866 24.890717 cpx Na0.01Ca0.79Fe''0.22Mg0.82Fe'''0.08Ti0.02Al0.23Si1.83O6 49.284 0.880483 5.1877 2.79109 0 6.98111 0 14.841 19.85 0.184644 0 0 0
500.00 1333.15 23.651117 52.916319 -299378.812940 7.212105 27.593468 cpx Na0.01Ca0.77Fe''0.23Mg0.84Fe'''0.07Ti0.02Al0.21Si1.84O6 49.5804 0.807479 4.90196 2.63626 0 7.45995 0 15.0918 19.3317 0.19042 0 0 0
500.00 1323.15 24.481865 54.531702 -310055.961534 7.461938 28.520879 cpx Na0.01Ca0.77Fe''0.23Mg0.83Fe'''0.07Ti0.02Al0.21Si1.84O6 49.659 0.807073 4.78102 2.59621 0 7.51122 0 14.9898 19.4494 0.206258 0 0 0
500.00 1313.15 24.669519 54.696263 -312205.950653 7.512040 28.684743 cpx Na0.02Ca0.78Fe''0.24Mg0.82Fe'''0.07Ti0.02Al0.20Si1.85O6 49.715 0.809153 4.63212 2.5539 0 7.71232 0 14.8448 19.5182 0.214465 0 0 0
500.00 1303.15 24.743476 54.604406 -312982.228619 7.527846 28.716737 cpx Na0.02Ca0.78Fe''0.25Mg0.82Fe'''0.07Ti0.02Al0.20Si1.85O6 49.7608 0.814558 4.50081 2.50975 0 7.8888 0 14.7019 19.6024 0.220919 0 0 0
500.00 1293.15 24.749257 54.360025 -312958.456015 7.523237 28.670384 cpx Na0.02Ca0.79Fe''0.25Mg0.81Fe'''0.07Ti0.02Al0.19Si1.85O6 49.7957 0.823725 4.38719 2.46464 0 8.04187 0 14.5618 19.6992 0.225807 0 0 0
500.00 1283.15 24.708793 54.013519 -312408.320466 7.504898 28.571550 cpx Na0.02Ca0.79Fe''0.25Mg0.80Fe'''0.07Ti0.02Al0.19Si1.86O6 49.8202 0.836788 4.29038 2.41912 0 8.17289 0 14.4253 19.806 0.229376 0 0 0
500.00 1273.15 24.634944 53.594604 -311490.847471 7.476751 28.435474 cpx Na0.02Ca0.80Fe''0.26Mg0.79Fe'''0.07Ti0.02Al0.19Si1.86O6 49.8353 0.853646 4.20891 2.37349 0 8.28309 0 14.2933 19.9204 0.231912 0 0 0
500.00 1263.15 24.536814 53.124244 -310316.800474 7.441567 28.272914 cpx Na0.02Ca0.80Fe''0.26Mg0.79Fe'''0.07Ti0.02Al0.18Si1.86O6 49.8424 0.87408 4.14105 2.32794 0 8.37389 0 14.1666 20.0403 0.233689 0 0 0
500.00 1253.15 24.421582 52.618795 -308971.877735 7.401521 28.092283 cpx Na0.02Ca0.81Fe''0.26Mg0.78Fe'''0.06Ti0.03Al0.18Si1.86O6 49.8429 0.897844 4.08505 2.28257 0 8.44696 0 14.0458 20.1639 0.234938 0 0 0
500.00 1243.15 24.295043 52.091263 -307523.859276 7.358351 27.900282 cpx Na0.02Ca0.81Fe''0.27Mg0.78Fe'''0.06Ti0.03Al0.18Si1.86O6 49.8377 0.924722 4.03933 2.23748 0 8.50409 0 13.9311 20.2897 0.235842 0 0 0
500.00 1233.15 24.158354 51.544122 -305969.080963 7.312254 27.697701 cpx Na0.02Ca0.82Fe''0.27Mg0.77Fe'''0.06Ti0.03Al0.18Si1.86O6 49.8267 0.955011 4.00157 2.1928 0 8.55165 0 13.8202 20.4157 0.236458 0 0 0
500.00 1223.15 24.017330 50.990245 -304386.528263 7.265063 27.491524 cpx Na0.02Ca0.82Fe''0.27Mg0.76Fe'''0.06Ti0.03Al0.18Si1.86O6 49.8107 0.988417 3.97175 2.14861 0 8.58746 0 13.7144 20.5417 0.236945 0 0 0
500.00 1213.15 23.865020 50.413614 -302637.388850 7.214131 27.271670 cpx Na0.02Ca0.83Fe''0.27Mg0.76Fe'''0.06Ti0.03Al0.17Si1.86O6 49.7838 1.0283 3.94709 2.10534 0 8.62905 0 13.604 20.6653 0.237071 0 0 0
500.00 1203.15 23.704737 49.821653 -300769.440465 7.160505 27.042145 cpx Na0.02Ca0.83Fe''0.27Mg0.75Fe'''0.06Ti0.03Al0.17Si1.86O6 49.7454 1.07532 3.9286 2.06321 0 8.67383 0 13.4895 20.7872 0.236975 0 0 0
500.00 1193.15 23.547973 49.239887 -298969.196836 7.108105 26.817862 cpx Na0.02Ca0.84Fe''0.27Mg0.75Fe'''0.06Ti0.03Al0.17Si1.86O6 49.7004 1.12695 3.91839 2.02213 0 8.70718 0 13.379 20.9089 0.23702 0 0 0
500.00 1183.15 23.396361 48.671513 -297253.503975 7.057381 26.600506 cpx Na0.02Ca0.84Fe''0.27Mg0.74Fe'''0.06Ti0.03Al0.17Si1.86O6 49.6483 1.18348 3.91638 1.98224 0 8.73024 0 13.2719 21.0302 0.237248 0 0 0
500.00 1173.15 23.251189 48.118932 -295635.014753 7.008673 26.391343 cpx Na0.02Ca0.85Fe''0.27Mg0.74Fe'''0.05Ti0.04Al0.17Si1.86O6 49.5884 1.24537 3.92265 1.94375 0 8.74409 0 13.1675 21.1506 0.237695 0 0 0
500.00 1163.15 23.113501 47.583969 -294123.447315 6.962242 26.191338 cpx Na0.02Ca0.85Fe''0.27Mg0.73Fe'''0.05Ti0.04Al0.17Si1.86O6 49.5196 1.31322 3.93754 1.90685 0 8.74975 0 13.0648 21.2698 0.238395 0 0 0
500.00 1153.15 22.978535 47.057546 -292581.070326 6.916849 25.994636 cpx Na0.02Ca0.86Fe''0.28Mg0.73Fe'''0.05Ti0.04Al0.17Si1.86O6 49.4795 1.35391 3.93477 1.87012 0 8.78879 0 12.9642 21.3702 0.238492 0 0 0
500.00 1143.15 22.836039 46.520192 -290791.879805 6.869952 25.789819 cpx Na0.02Ca0.86Fe''0.28Mg0.72Fe'''0.05Ti0.04Al0.17Si1.86O6 49.5267 1.31863 3.87494 1.8299 0 8.91295 0 12.8702 21.43 0.23667 0 0 0
500.00 1133.15 22.698408 45.994831 -289104.479304 6.824805 25.591884 cpx Na0.02Ca0.87Fe''0.28Mg0.72Fe'''0.05Ti0.04Al0.17Si1.86O6 49.5696 1.28859 3.82165 1.78934 0 9.01986 0 12.7825 21.4934 0.235033 0 0 0
500.00 1123.15 22.565681 45.481435 -287518.527004 6.781439 25.400903 cpx Na0.02Ca0.87Fe''0.29Mg0.71Fe'''0.05Ti0.04Al0.17Si1.86O6 49.6094 1.263 3.77396 1.74828 0 9.11 0 12.7017 21.56 0.233552 0 0 0
500.00 1113.15 22.437812 44.979772 -286031.997278 6.739846 25.216811 cpx Na0.02Ca0.87Fe''0.29Mg0.71Fe'''0.05Ti0.04Al0.17Si1.87O6 49.6473 1.24117 3.73102 1.70662 0 9.18402 0 12.6283 21.6294 0.232199 0 0 0
500.00 1103.15 22.314682 44.489428 -284641.330222 6.699989 25.039420 cpx Na0.02Ca0.87Fe''0.29Mg0.70Fe'''0.05Ti0.03Al0.16Si1.87O6 49.6841 1.2225 3.69208 1.66427 0 9.24279 0 12.5624 21.7009 0.230947 0 0 0
500.00 1093.15 22.188865 43.994422 -283185.935345 6.659139 24.858092 cpx Na0.02Ca0.88Fe''0.29Mg0.70Fe'''0.05Ti0.03Al0.16Si1.87O6 49.7208 1.20261 3.65058 1.62197 0 9.31339 0 12.4922 21.7689 0.22955 0 0 0
500.00 1083.15 22.026476 43.422185 -280889.703844 6.604428 24.622723 cpx Na0.02Ca0.88Fe''0.30Mg0.69Fe'''0.04Ti0.03Al0.16Si1.87O6 49.7589 1.16161 3.5749 1.58333 0 9.53852 0 12.3517 21.8039 0.227217 0 0 0
500.00 1073.15 21.963226 43.062229 -280737.150530 6.586304 24.529623 cpx Na0.02Ca0.88Fe''0.30Mg0.69Fe'''0.04Ti0.03Al0.16Si1.87O6 49.791 1.17501 3.58538 1.53718 0 9.39615 0 12.3765 21.9085 0.230328 0 0 0
500.00 1063.15 21.988823 42.875327 -281728.848432 6.594900 24.535839 cpx Na0.02Ca0.89Fe''0.29Mg0.70Fe'''0.04Ti0.03Al0.16Si1.87O6 49.8228 1.18936 3.59718 1.49126 0 9.24979 0 12.4051 22.0109 0.233566 0 0 0

orthopyroxene_0 thermodynamic data and composition:
Pressure Temperature mass S H V Cp structure formula SiO2 TiO2 Al2O3 Fe2O3 Cr2O3 FeO MnO MgO CaO Na2O K2O P2O5 H2O
500.00 1333.15 0.764303 1.755305 -9470.638292 0.231700 0.938988 opx Na0.00Ca0.07Fe''0.44Mg1.42Fe'''0.03Ti0.00Al0.11Si1.93O6 53.4548 0.124876 2.49777 1.15007 0 14.5083 0 26.4272 1.81899 0.0180506 0 0 0
500.00 1323.15 7.917679 18.098490 -97933.112913 2.396960 9.706602 opx Na0.00Ca0.07Fe''0.45Mg1.41Fe'''0.03Ti0.00Al0.10Si1.93O6 53.4636 0.116292 2.39042 1.10507 0 14.854 0 26.2304 1.82101 0.0191962 0 0 0
500.00 1313.15 9.261424 21.059424 -114083.328749 2.797262 11.317796 opx Na0.00Ca0.07Fe''0.47Mg1.40Fe'''0.03Ti0.00Al0.10Si1.93O6 53.4132 0.106494 2.26934 1.05805 0 15.4531 0 25.8431 1.83704 0.0195588 0 0 0
500.00 1303.15 10.356191 23.426193 -127079.897486 3.120915 12.617013 opx Na0.00Ca0.07Fe''0.49Mg1.38Fe'''0.03Ti0.00Al0.09Si1.94O6 53.3596 0.0983212 2.16469 1.01432 0 16.0192 0 25.4798 1.8444 0.0196942 0 0 0
500.00 1293.15 11.288787 25.403282 -138029.422546 3.394607 13.712945 opx Na0.00Ca0.07Fe''0.50Mg1.36Fe'''0.03Ti0.00Al0.09Si1.94O6 53.3034 0.0915134 2.07481 0.97366 0 16.5536 0 25.1394 1.84389 0.0196344 0 0 0
500.00 1283.15 12.100682 27.089444 -147466.070630 3.631165 14.657903 opx Na0.00Ca0.07Fe''0.52Mg1.35Fe'''0.03Ti0.00Al0.09Si1.94O6 53.2458 0.085826 1.99781 0.935732 0 17.0581 0 24.8209 1.83643 0.019417 0 0 0
500.00 1273.15 12.821309 28.554585 -155768.316715 3.839689 15.488957 opx Na0.00Ca0.07Fe''0.54Mg1.34Fe'''0.02Ti0.00Al0.08Si1.94O6 53.1879 0.0810415 1.93175 0.900178 0 17.5339 0 24.5232 1.82293 0.019081 0 0 0
500.00 1263.15 13.471262 29.847565 -163200.421313 4.026550 16.232016 opx Na0.00Ca0.07Fe''0.55Mg1.32Fe'''0.02Ti0.00Al0.08Si1.95O6 53.1305 0.0769735 1.87484 0.866661 0 17.9825 0 24.2455 1.80429 0.0186618 0 0 0
500.00 1253.15 14.064992 31.002666 -169947.016509 4.196213 16.905229 opx Na0.00Ca0.07Fe''0.56Mg1.31Fe'''0.02Ti0.00Al0.08Si1.95O6 53.0744 0.0734683 1.82546 0.834881 0 18.406 0 23.9863 1.78133 0.0181881 0 0 0
500.00 1243.15 14.612825 32.044380 -176139.036588 4.351863 17.521525 opx Na0.00Ca0.07Fe''0.58Mg1.30Fe'''0.02Ti0.00Al0.08Si1.95O6 53.0198 0.070403 1.78228 0.804595 0 18.8067 0 23.7438 1.75478 0.0176812 0 0 0
500.00 1233.15 15.136340 33.020661 -182025.455991 4.499851 18.106486 opx Na0.00Ca0.07Fe''0.59Mg1.29Fe'''0.02Ti0.00Al0.08Si1.95O6 52.9652 0.067663 1.74352 0.775514 0 19.1955 0 23.51 1.72544 0.0171469 0 0 0
500.00 1223.15 15.629906 33.920392 -187550.523684 4.638644 18.654018 opx Na0.00Ca0.07Fe''0.60Mg1.28Fe'''0.02Ti0.00Al0.07Si1.95O6 52.9117 0.0651961 1.70896 0.747583 0 19.5681 0 23.2883 1.69358 0.0166028 0 0 0
500.00 1213.15 16.044537 34.636428 -192071.410652 4.753190 19.103544 opx Na0.00Ca0.07Fe''0.62Mg1.27Fe'''0.02Ti0.00Al0.07Si1.95O6 52.8524 0.0629514 1.6758 0.7203 0 19.9586 0 23.0539 1.66 0.0160175 0 0 0
500.00 1203.15 16.420086 35.257168 -196075.499672 4.855446 19.503315 opx Na0.00Ca0.06Fe''0.63Mg1.26Fe'''0.02Ti0.00Al0.07Si1.95O6 52.7883 0.0609105 1.64412 0.693672 0 20.363 0 22.8101 1.62461 0.0154036 0 0 0
500.00 1193.15 16.803668 35.886548 -200179.829592 4.959910 19.911726 opx Na0.00Ca0.06Fe''0.64Mg1.25Fe'''0.02Ti0.00Al0.07Si1.95O6 52.7258 0.059034 1.61554 0.668009 0 20.7523 0 22.5772 1.58721 0.0148026 0 0 0
500.00 1183.15 17.192070 36.517302 -204343.764300 5.065606 20.324836 opx Na0.00Ca0.06Fe''0.66Mg1.24Fe'''0.02Ti0.00Al0.07Si1.96O6 52.6649 0.0572827 1.58969 0.643264 0 21.1285 0 22.354 1.54813 0.0142167 0 0 0
500.00 1173.15 17.583198 37.144663 -208539.984750 5.171891 20.740049 opx Na0.00Ca0.06Fe''0.67Mg1.23Fe'''0.02Ti0.00Al0.07Si1.96O6 52.605 0.0556252 1.56626 0.619406 0 21.4934 0 22.139 1.50761 0.0136473 0 0 0
500.00 1163.15 17.975942 37.766016 -212752.754750 5.278412 21.155940 opx Na0.00Ca0.06Fe''0.68Mg1.22Fe'''0.02Ti0.00Al0.07Si1.96O6 52.546 0.0540361 1.54503 0.596414 0 21.8489 0 21.9306 1.46587 0.0130947 0 0 0
500.00 1153.15 18.414577 38.469493 -217385.706493 5.396908 21.619478 opx Na0.00Ca0.06Fe''0.69Mg1.21Fe'''0.02Ti0.00Al0.07Si1.96O6 52.4711 0.051557 1.52803 0.577068 0 22.2509 0 21.6857 1.42314 0.0125457 0 0 0
500.00 1143.15 18.956589 39.367298 -222954.806702 5.542477 22.191124 opx Na0.00Ca0.06Fe''0.71Mg1.19Fe'''0.02Ti0.00Al0.07Si1.96O6 52.3592 0.0471913 1.5187 0.564872 0 22.7667 0 21.3523 1.37903 0.0119843 0 0 0
500.00 1133.15 19.487122 40.228745 -228393.755119 5.684439 22.748165 opx Na0.00Ca0.05Fe''0.73Mg1.18Fe'''0.02Ti0.00Al0.07Si1.96O6 52.2521 0.0433389 1.5117 0.552717 0 23.2587 0 21.0366 1.33344 0.0114435 0 0 0
500.00 1123.15 20.003063 41.047853 -233670.871155 5.821950 23.287231 opx Na0.00Ca0.05Fe''0.75Mg1.16Fe'''0.02Ti0.00Al0.07Si1.96O6 52.1496 0.039918 1.50674 0.540541 0 23.7273 0 20.7382 1.28677 0.0109226 0 0 0
500.00 1113.15 20.502367 41.820920 -238766.155918 5.954467 23.806175 opx Na0.00Ca0.05Fe''0.76Mg1.15Fe'''0.01Ti0.00Al0.07Si1.96O6 52.0518 0.0368613 1.5036 0.528304 0 24.1735 0 20.4561 1.23939 0.0104208 0 0 0
500.00 1103.15 20.983990 42.546333 -243670.207308 6.081732 24.303976 opx Na0.00Ca0.05Fe''0.78Mg1.13Fe'''0.01Ti0.00Al0.07Si1.96O6 51.9585 0.0341133 1.50208 0.515982 0 24.5983 0 20.1895 1.19159 0.00993672 0 0 0
500.00 1093.15 21.507889 43.341349 -248967.658679 6.219970 24.845595 opx Na0.00Ca0.05Fe''0.79Mg1.12Fe'''0.01Ti0.00Al0.07Si1.96O6 51.8573 0.0314882 1.50198 0.504343 0 25.0488 0 19.904 1.14259 0.00944848 0 0 0
500.00 1083.15 22.409930 44.853914 -257902.358673 6.459549 25.792531 opx Na0.00Ca0.04Fe''0.82Mg1.10Fe'''0.01Ti0.00Al0.07Si1.96O6 51.6835 0.0283241 1.5029 0.497389 0 25.7687 0 19.4238 1.08645 0.00886399 0 0 0
500.00 1073.15 22.467649 44.720370 -258652.666153 6.471293 25.827956 opx Na0.00Ca0.04Fe''0.82Mg1.10Fe'''0.01Ti0.00Al0.07Si1.96O6 51.6745 0.0270524 1.50684 0.480327 0 25.8633 0 19.3945 1.04482 0.00866189 0 0 0
500.00 1063.15 22.457236 44.449180 -258631.410420 6.463526 25.785388 opx Na0.00Ca0.04Fe''0.82Mg1.09Fe'''0.01Ti0.00Al0.07Si1.96O6 51.6661 0.0258345 1.51152 0.463544 0 25.9525 0 19.3683 1.00368 0.00846299 0 0 0

feldspar_0 thermodynamic data and composition:
Pressure Temperature mass S H V Cp formula SiO2 TiO2 Al2O3 Fe2O3 Cr2O3 FeO MnO MgO CaO Na2O K2O P2O5 H2O
500.00 1373.15 1.933938 4.533679 -26945.380438 0.718685 2.357697 K0.00Na0.13Ca0.86Al1.86Si2.14O8 46.4988 0 34.4163 0 0 0 0 0 17.5439 1.51172 0.0292983 0 0
500.00 1363.15 6.937539 16.226800 -96715.060216 2.580924 8.451078 K0.00Na0.15Ca0.85Al1.85Si2.15O8 46.9329 0 34.1227 0 0 0 0 0 17.2004 1.70948 0.0345076 0 0
500.00 1353.15 11.683710 27.274049 -162962.354856 4.352628 14.222488 K0.00Na0.17Ca0.82Al1.82Si2.18O8 47.4666 0 33.7618 0 0 0 0 0 16.7782 1.95281 0.0405579 0 0
500.00 1343.15 16.100735 37.515828 -224673.636270 6.007502 19.585946 K0.00Na0.20Ca0.80Al1.80Si2.20O8 48.062 0 33.3592 0 0 0 0 0 16.3071 2.22402 0.047691 0 0
500.00 1333.15 20.299221 47.212789 -283383.887946 7.586516 24.676762 K0.00Na0.22Ca0.77Al1.77Si2.23O8 48.6889 0 32.9349 0 0 0 0 0 15.8107 2.50862 0.0568493 0 0
500.00 1323.15 25.551337 59.340541 -356820.318619 9.568715 31.042712 K0.00Na0.25Ca0.74Al1.74Si2.26O8 49.4435 0 32.4223 0 0 0 0 0 15.2117 2.84624 0.0762758 0 0
500.00 1313.15 29.060685 67.344659 -406014.495618 10.898745 35.280381 K0.01Na0.27Ca0.72Al1.72Si2.28O8 50.0102 0 32.0371 0 0 0 0 0 14.7617 3.09951 0.091393 0 0
500.00 1303.15 31.978501 73.924256 -447005.177671 12.007779 38.791794 K0.01Na0.29Ca0.70Al1.70Si2.30O8 50.5035 0 31.7012 0 0 0 0 0 14.3695 3.31811 0.107666 0 0
500.00 1293.15 34.388738 79.276877 -480961.092135 12.925656 41.679580 K0.01Na0.31Ca0.68Al1.68Si2.32O8 50.9184 0 31.418 0 0 0 0 0 14.039 3.5 0.124661 0 0
500.00 1283.15 36.365918 83.579119 -508919.040460 13.679299 44.213853 K0.01Na0.32Ca0.67Al1.67Si2.33O8 51.2578 0 31.1854 0 0 0 0 0 13.768 3.64686 0.141897 0 0
500.00 1273.15 37.982859 87.006710 -531888.392638 14.295640 46.141956 K0.01Na0.33Ca0.66Al1.66Si2.34O8 51.5306 0 30.9979 0 0 0 0 0 13.5496 3.76298 0.15899 0 0
500.00 1263.15 39.306860 89.722469 -550801.492531 14.799922 47.707701 K0.01Na0.34Ca0.65Al1.65Si2.35O8 51.7476 0 30.8479 0 0 0 0 0 13.3753 3.85353 0.175682 0 0
500.00 1253.15 40.396443 91.868033 -566468.961461 15.214294 48.983287 K0.01Na0.35Ca0.64Al1.64Si2.36O8 51.9197 0 30.7284 0 0 0 0 0 13.2365 3.92359 0.191843 0 0
500.00 1243.15 41.299870 93.560279 -579558.979237 15.557139 50.028325 K0.01Na0.35Ca0.64Al1.64Si2.36O8 52.0562 0 30.6329 0 0 0 0 0 13.1259 3.97758 0.207431 0 0
500.00 1233.15 42.068625 94.922150 -590785.152019 15.848143 50.906131 K0.01Na0.35Ca0.63Al1.63Si2.37O8 52.1664 0 30.5552 0 0 0 0 0 13.036 4.01935 0.22306 0 0
500.00 1223.15 42.719364 95.995512 -600376.767603 16.093715 51.637599 K0.01Na0.36Ca0.63Al1.63Si2.37O8 52.2548 0 30.4922 0 0 0 0 0 12.9634 4.05119 0.238404 0 0
500.00 1213.15 43.315831 96.926773 -609225.606093 16.317969 52.300291 K0.01Na0.36Ca0.63Al1.63Si2.37O8 52.3245 0 30.4418 0 0 0 0 0 12.9056 4.07449 0.253551 0 0
500.00 1203.15 43.864683 97.733077 -617421.861407 16.523567 52.902647 K0.02Na0.36Ca0.62Al1.62Si2.38O8 52.3792 0 30.4015 0 0 0 0 0 12.8596 4.09083 0.268783 0 0
500.00 1193.15 44.339995 98.359263 -624597.482523 16.700929 53.413960 K0.02Na0.36Ca0.62Al1.62Si2.38O8 52.4233 0 30.3684 0 0 0 0 0 12.822 4.10225 0.284018 0 0
500.00 1183.15 44.753391 98.833683 -630912.911496 16.854552 53.848746 K0.02Na0.36Ca0.62Al1.62Si2.38O8 52.4593 0 30.3407 0 0 0 0 0 12.7908 4.10987 0.299326 0 0
500.00 1173.15 45.114275 99.179254 -636497.921483 16.988074 54.218787 K0.02Na0.36Ca0.62Al1.62Si2.38O8 52.4892 0 30.3171 0 0 0 0 0 12.7643 4.11459 0.314779 0 0
500.00 1163.15 45.430215 99.414420 -641456.868235 17.104427 54.533619 K0.02Na0.36Ca0.62Al1.62Si2.38O8 52.5146 0 30.2965 0 0 0 0 0 12.7413 4.1171 0.330455 0 0
500.00 1153.15 45.767996 99.685955 -646723.998224 17.228807 54.873146 K0.02Na0.36Ca0.62Al1.62Si2.38O8 52.5358 0 30.2778 0 0 0 0 0 12.721 4.11545 0.349892 0 0
500.00 1143.15 46.210749 100.173226 -653461.360183 17.392575 55.336080 K0.02Na0.36Ca0.62Al1.62Si2.38O8 52.553 0 30.2597 0 0 0 0 0 12.702 4.10603 0.379326 0 0
500.00 1133.15 46.613631 100.561312 -659637.701479 17.541298 55.750432 K0.02Na0.36Ca0.62Al1.62Si2.38O8 52.5696 0 30.2413 0 0 0 0 0 12.683 4.09493 0.411212 0 0
500.00 1123.15 46.984233 100.867776 -665358.348676 17.677880 56.125819 K0.03Na0.36Ca0.62Al1.62Si2.38O8 52.5865 0 30.2222 0 0 0 0 0 12.6633 4.08236 0.445757 0 0
500.00 1113.15 47.329149 101.107708 -670714.938555 17.804843 56.470719 K0.03Na0.36Ca0.61Al1.61Si2.39O8 52.6042 0 30.2018 0 0 0 0 0 12.6423 4.06852 0.483154 0 0
500.00 1103.15 47.654164 101.294175 -675788.027524 17.924398 56.792731 K0.03Na0.36Ca0.61Al1.61Si2.39O8 52.6233 0 30.1798 0 0 0 0 0 12.6197 4.05353 0.523574 0 0
500.00 1093.15 47.953780 101.412872 -680520.351665 18.033850 57.086214 K0.03Na0.36Ca0.61Al1.61Si2.39O8 52.6331 0 30.1652 0 0 0 0 0 12.6054 4.03682 0.559587 0 0
500.00 1083.15 48.113545 101.202999 -683446.052254 18.085808 57.217474 K0.03Na0.35Ca0.62Al1.62Si2.38O8 52.5614 0 30.219 0 0 0 0 0 12.6665 4.01826 0.534828 0 0
500.00 1073.15 48.032238 100.496505 -682920.274278 18.049764 57.071521 K0.03Na0.35Ca0.62Al1.62Si2.38O8 52.5408 0 30.2377 0 0 0 0 0 12.6868 4.02135 0.513373 0 0
500.00 1063.15 47.943962 99.773180 -682290.749791 18.011212 56.924145 K0.03Na0.35Ca0.62Al1.62Si2.38O8 52.5216 0 30.2553 0 0 0 0 0 12.7057 4.02479 0.492526 0 0

feldspar_1 thermodynamic data and composition:
Pressure Temperature mass S H V Cp formula SiO2 TiO2 Al2O3 Fe2O3 Cr2O3 FeO MnO MgO CaO Na2O K2O P2O5 H2O
500.00 1093.15 0.062237 0.131310 -842.597919 0.024750 0.073026 K0.80Na0.18Ca0.02Al1.02Si2.98O8 64.9597 0 18.9211 0 0 0 0 0 0.45261 2.02813 13.6385 0 0
500.00 1083.15 0.549624 1.153281 -7445.879845 0.218528 0.644415 K0.80Na0.18Ca0.02Al1.02Si2.98O8 64.9694 0 18.897 0 0 0 0 0 0.430536 1.98667 13.7164 0 0
500.00 1073.15 0.624923 1.304097 -8471.676691 0.248419 0.732195 K0.81Na0.17Ca0.02Al1.02Si2.98O8 64.9803 0 18.8748 0 0 0 0 0 0.409642 1.95288 13.7823 0 0
500.00 1063.15 0.697096 1.446628 -9456.464831 0.277055 0.816224 K0.81Na0.17Ca0.02Al1.02Si2.98O8 64.9905 0 18.8532 0 0 0 0 0 0.389474 1.91903 13.8477 0 0

water thermodynamic data and composition:
Pressure Temperature mass S H V Cp formula
500.00 1523.15 0.144853 1.596965 -1560.856755 2.052359 0.406350 H2O
500.00 1513.15 0.140592 1.547397 -1518.891461 1.977395 0.394194 H2O
500.00 1503.15 0.136252 1.497094 -1475.819519 1.902167 0.381838 H2O
500.00 1493.15 0.131830 1.446037 -1431.612679 1.826674 0.369277 H2O
500.00 1483.15 0.127323 1.394212 -1386.241802 1.750916 0.356504 H2O
500.00 1473.15 0.122731 1.341599 -1339.676692 1.674892 0.343513 H2O
500.00 1463.15 0.118050 1.288181 -1291.885908 1.598603 0.330297 H2O
500.00 1453.15 0.113278 1.233940 -1242.837405 1.522047 0.316850 H2O
500.00 1443.15 0.108414 1.178857 -1192.498158 1.445226 0.303164 H2O
500.00 1433.15 0.103454 1.122913 -1140.834099 1.368141 0.289233 H2O
500.00 1423.15 0.098396 1.066089 -1087.810088 1.290793 0.275047 H2O
500.00 1413.15 0.093238 1.008363 -1033.389877 1.213184 0.260599 H2O
500.00 1403.15 0.091502 0.987773 -1016.707739 1.180811 0.255732 H2O
500.00 1393.15 0.108003 1.163750 -1203.079215 1.382170 0.301852 H2O
500.00 1383.15 0.177065 1.904329 -1977.321460 2.246921 0.494898 H2O
500.00 1373.15 0.288597 3.098004 -3230.894511 3.631075 0.806738 H2O
500.00 1363.15 0.470710 5.043314 -5282.839121 5.871369 1.316075 H2O
500.00 1353.15 0.648762 6.937646 -7299.273242 8.021715 1.814393 H2O
500.00 1343.15 0.811866 8.664991 -9157.089277 9.949818 2.271351 H2O
500.00 1333.15 0.966941 10.299876 -10933.248087 11.744376 2.706383 H2O
500.00 1323.15 1.183590 12.582667 -13416.034929 14.245551 3.314501 H2O
500.00 1313.15 1.300909 13.802236 -14782.296452 15.513897 3.645294 H2O
500.00 1303.15 1.398150 14.803969 -15926.437467 16.518449 3.920586 H2O
500.00 1293.15 1.478557 15.623394 -16883.844763 17.303718 4.149472 H2O
500.00 1283.15 1.544645 16.288048 -17681.874276 17.904310 4.338995 H2O
500.00 1273.15 1.598801 16.823960 -18346.745276 18.352330 4.495854 H2O
500.00 1263.15 1.643228 17.255006 -18902.799663 18.676720 4.626235 H2O
500.00 1253.15 1.679852 17.601971 -19371.428376 18.902334 4.735553 H2O
500.00 1243.15 1.710271 17.882054 -19770.455662 19.049533 4.828317 H2O
500.00 1233.15 1.736288 18.114455 -20120.260549 19.140223 4.909634 H2O
500.00 1223.15 1.758388 18.304504 -20426.125095 19.181131 4.980903 H2O
500.00 1213.15 1.779125 18.478960 -20717.456863 19.201077 5.049397 H2O
500.00 1203.15 1.798852 18.641547 -20998.273203 19.204218 5.116188 H2O
500.00 1193.15 1.816321 18.779420 -21253.915734 19.177655 5.177803 H2O
500.00 1183.15 1.831883 18.896313 -21488.302857 19.125737 5.235296 H2O
500.00 1173.15 1.845832 18.995364 -21704.749489 19.052090 5.289579 H2O
500.00 1163.15 1.858417 19.079214 -21906.062966 18.959731 5.341441 H2O
500.00 1153.15 1.871997 19.172099 -22120.026309 18.872844 5.397774 H2O
500.00 1143.15 1.889322 19.302005 -22379.315225 18.818353 5.466698 H2O
500.00 1133.15 1.905099 19.414664 -22621.420158 18.742698 5.533110 H2O
500.00 1123.15 1.919530 19.512216 -22848.643769 18.648293 5.597721 H2O
500.00 1113.15 1.932800 19.596584 -23063.081436 18.537266 5.661205 H2O
500.00 1103.15 1.945076 19.669524 -23266.676142 18.411514 5.724212 H2O
500.00 1093.15 1.958223 19.749862 -23481.714159 18.288677 5.792431 H2O
500.00 1083.15 1.981114 19.926731 -23814.970405 18.250012 5.892540 H2O
500.00 1073.15 1.981114 19.871915 -23874.069122 17.995162 5.927681 H2O
500.00 1063.15 1.985698 19.862093 -23988.909613 17.778828 5.979619 H2O

spinel_0 thermodynamic data and composition:
Pressure Temperature mass S H V Cp formula SiO2 TiO2 Al2O3 Fe2O3 Cr2O3 FeO MnO MgO CaO Na2O K2O P2O5 H2O
500.00 1383.15 0.089997 0.195275 -645.546743 0.020478 0.090171 Fe''0.61Mg0.50Fe'''0.93Al0.62Cr0.23Ti0.11O4 0 4.35947 16.1551 38.0356 8.93134 22.2453 0 10.2731 0 0 0 0 0
500.00 1373.15 0.277047 0.596220 -1865.537246 0.062168 0.272569 Fe''0.69Mg0.45Fe'''1.04Al0.53Cr0.14Ti0.14O4 0 5.63266 13.5274 41.6013 5.37147 24.8578 0 9.00931 0 0 0 0 0
500.00 1363.15 0.847767 1.803998 -5299.763361 0.187178 0.818185 Fe''0.80Mg0.39Fe'''1.15Al0.41Cr0.06Ti0.19O4 0 7.45871 10.1763 44.5229 2.19314 27.9776 0 7.67135 0 0 0 0 0
500.00 1353.15 2.278077 4.807293 -13729.194924 0.498590 2.177484 Fe''0.86Mg0.36Fe'''1.18Al0.35Cr0.02Ti0.22O4 0 8.4982 8.55544 45.3878 0.848557 29.7801 0 6.92992 0 0 0 0 0
500.00 1343.15 3.733120 7.827140 -22046.474711 0.812379 3.546165 Fe''0.90Mg0.34Fe'''1.20Al0.32Cr0.01Ti0.24O4 0 9.00939 7.65386 45.5385 0.520022 30.8233 0 6.45493 0 0 0 0 0
500.00 1333.15 4.889472 10.193444 -28456.583364 1.059238 4.621953 Fe''0.93Mg0.32Fe'''1.20Al0.29Cr0.01Ti0.25O4 0 9.3799 6.99308 45.5263 0.397443 31.6159 0 6.08734 0 0 0 0 0
500.00 1323.15 6.175569 12.801856 -35465.967252 1.332421 5.812991 Fe''0.95Mg0.30Fe'''1.22Al0.27Cr0.01Ti0.25O4 0 9.50249 6.4813 45.8009 0.314837 32.1363 0 5.76418 0 0 0 0 0
500.00 1313.15 6.596586 13.594262 -37310.935793 1.416398 6.178163 Fe''0.98Mg0.28Fe'''1.22Al0.25Cr0.01Ti0.26O4 0 9.80489 5.87322 45.7278 0.294777 32.9514 0 5.3479 0 0 0 0 0
500.00 1303.15 6.851402 14.041756 -38282.201014 1.465121 6.389554 Fe''1.00Mg0.27Fe'''1.22Al0.23Cr0.01Ti0.27O4 0 10.0872 5.37804 45.5856 0.283833 33.6709 0 4.99449 0 0 0 0 0
500.00 1293.15 6.990778 14.252836 -38679.503183 1.489720 6.495660 Fe''1.03Mg0.25Fe'''1.22Al0.21Cr0.01Ti0.28O4 0 10.3557 4.96761 45.3917 0.278185 34.3158 0 4.69101 0 0 0 0 0
500.00 1283.15 7.048595 14.299221 -38692.168715 1.497521 6.528397 Fe''1.05Mg0.24Fe'''1.22Al0.20Cr0.01Ti0.29O4 0 10.6141 4.62221 45.1592 0.275911 34.9008 0 4.42775 0 0 0 0 0
500.00 1273.15 7.049693 14.232841 -38451.973899 1.493820 6.510856 Fe''1.07Mg0.23Fe'''1.22Al0.18Cr0.01Ti0.29O4 0 10.8635 4.32766 44.8999 0.275873 35.4358 0 4.19731 0 0 0 0 0
500.00 1263.15 7.012102 14.090942 -38049.984017 1.482413 6.459600 Fe''1.09Mg0.22Fe'''1.21Al0.17Cr0.01Ti0.30O4 0 11.1037 4.0733 44.6239 0.277355 35.928 0 3.99374 0 0 0 0 0
500.00 1253.15 6.948593 13.899603 -37547.670628 1.465954 6.386224 Fe''1.10Mg0.21Fe'''1.21Al0.16Cr0.01Ti0.31O4 0 11.3343 3.85098 44.3396 0.279893 36.3829 0 3.81223 0 0 0 0 0
500.00 1243.15 6.867982 13.676625 -36985.416249 1.446251 6.298640 Fe''1.12Mg0.20Fe'''1.20Al0.16Cr0.01Ti0.32O4 0 11.5549 3.65442 44.0534 0.283179 36.8052 0 3.64884 0 0 0 0 0
500.00 1233.15 6.772035 13.425622 -36366.714638 1.423619 6.198183 Fe''1.13Mg0.19Fe'''1.20Al0.15Cr0.01Ti0.32O4 0 11.7763 3.47525 43.7516 0.287193 37.211 0 3.49863 0 0 0 0 0
500.00 1223.15 6.667485 13.160021 -35723.431551 1.399451 6.090985 Fe''1.15Mg0.18Fe'''1.19Al0.14Cr0.01Ti0.33O4 0 11.9903 3.31296 43.4505 0.291697 37.5938 0 3.36078 0 0 0 0 0
500.00 1213.15 6.526321 12.825189 -34908.023490 1.367850 5.951036 Fe''1.16Mg0.18Fe'''1.18Al0.14Cr0.01Ti0.34O4 0 12.2493 3.15214 43.0619 0.298007 38.0101 0 3.2286 0 0 0 0 0
500.00 1203.15 6.354509 12.433676 -33952.374248 1.330096 5.783945 Fe''1.18Mg0.17Fe'''1.17Al0.13Cr0.01Ti0.35O4 0 12.5499 2.99425 42.5912 0.306065 38.4557 0 3.10285 0 0 0 0 0
500.00 1193.15 6.181261 12.042627 -33004.005494 1.292284 5.616603 Fe''1.19Mg0.16Fe'''1.16Al0.12Cr0.01Ti0.35O4 0 12.8429 2.84966 42.1245 0.314644 38.8815 0 2.98681 0 0 0 0 0
500.00 1183.15 6.007348 11.653390 -32063.260058 1.254540 5.449588 Fe''1.20Mg0.16Fe'''1.15Al0.12Cr0.01Ti0.36O4 0 13.1264 2.71662 41.6661 0.323754 39.2882 0 2.8789 0 0 0 0 0
500.00 1173.15 5.832950 11.266192 -31128.035087 1.216868 5.282966 Fe''1.22Mg0.15Fe'''1.14Al0.11Cr0.01Ti0.37O4 0 13.3992 2.59369 41.2198 0.333434 39.6761 0 2.77779 0 0 0 0 0
500.00 1163.15 5.657786 10.880391 -30194.291620 1.179185 5.116404 Fe''1.23Mg0.15Fe'''1.13Al0.11Cr0.01Ti0.38O4 0 13.6597 2.47968 40.789 0.343757 40.0455 0 2.68236 0 0 0 0 0
500.00 1153.15 5.389066 10.314868 -28705.959975 1.121667 4.865760 Fe''1.24Mg0.14Fe'''1.13Al0.10Cr0.01Ti0.38O4 0 13.7224 2.38675 40.6986 0.360898 40.2625 0 2.56883 0 0 0 0 0
500.00 1143.15 4.915079 9.355942 -26012.515961 1.020690 4.430611 Fe''1.24Mg0.13Fe'''1.15Al0.10Cr0.01Ti0.37O4 0 13.339 2.33173 41.3835 0.395703 40.1376 0 2.41248 0 0 0 0 0
500.00 1133.15 4.470498 8.463084 -23519.059003 0.926385 4.023770 Fe''1.23Mg0.13Fe'''1.17Al0.10Cr0.01Ti0.36O4 0 12.9649 2.2814 42.0487 0.435057 39.9984 0 2.27155 0 0 0 0 0
500.00 1123.15 4.054347 7.633333 -21212.425505 0.838456 3.644031 Fe''1.23Mg0.12Fe'''1.19Al0.10Cr0.01Ti0.35O4 0 12.5984 2.23525 42.696 0.479715 39.8466 0 2.14399 0 0 0 0 0
500.00 1113.15 3.665427 6.863403 -19079.645743 0.756575 3.290045 Fe''1.23Mg0.11Fe'''1.21Al0.10Cr0.02Ti0.34O4 0 12.2383 2.19285 43.3268 0.53062 39.6835 0 2.02803 0 0 0 0 0
500.00 1103.15 3.302237 6.149541 -17107.330420 0.680366 2.960242 Fe''1.23Mg0.11Fe'''1.23Al0.09Cr0.02Ti0.33O4 0 11.883 2.15382 43.9419 0.588985 39.5102 0 1.92214 0 0 0 0 0
500.00 1093.15 2.914526 5.397652 -15028.787829 0.599399 2.609325 Fe''1.22Mg0.10Fe'''1.24Al0.09Cr0.02Ti0.32O4 0 11.5261 2.11516 44.5411 0.667348 39.3311 0 1.81921 0 0 0 0 0
500.00 1083.15 2.235060 4.115940 -11463.640575 0.458694 1.997855 Fe''1.22Mg0.09Fe'''1.26Al0.09Cr0.03Ti0.31O4 0 11.1241 2.06572 45.0998 0.870276 39.1488 0 1.69129 0 0 0 0 0
500.00 1073.15 2.236365 4.096196 -11437.376869 0.458378 1.997260 Fe''1.21Mg0.09Fe'''1.28Al0.09Cr0.03Ti0.30O4 0 10.8157 2.05034 45.6868 0.869768 38.936 0 1.64144 0 0 0 0 0
500.00 1063.15 2.270476 4.136002 -11578.947154 0.464788 2.025970 Fe''1.21Mg0.09Fe'''1.30Al0.09Cr0.03Ti0.29O4 0 10.5153 2.03437 46.2726 0.856636 38.7278 0 1.59324 0 0 0 0 0

Title: Mr2

Phase Masses:
Pressure Temperature mass liquid_0 olivine_0 orthopyroxene_0 clinopyroxene_0 feldspar_0 feldspar_1 spinel_0 rhm-oxide_0 apatite water 
500.00 1523.15 100.094276 99.949423 0.000000 0.000000 0.000000 0.000000 0.000000 0.000000 0.000000 0.000000 0.144853 
500.00 1513.15 100.094877 99.954285 0.000000 0.000000 0.000000 0.000000 0.000000 0.000000 0.000000 0.000000 0.140592 
500.00 1503.15 100.095515 99.959263 0.000000 0.000000 0.000000 0.000000 0.000000 0.000000 0.000000 0.000000 0.136252 
500.00 1493.15 100.096192 99.964362 0.000000 0.000000 0.000000 0.000000 0.000000 0.000000 0.000000 0.000000 0.131830 
500.00 1483.15 100.096908 99.969585 0.000000 0.000000 0.000000 0.000000 0.000000 0.000000 0.000000 0.000000 0.127323 
500.00 1473.15 100.097665 99.974934 0.000000 0.000000 0.000000 0.000000 0.000000 0.000000 0.000000 0.000000 0.122731 
500.00 1463.15 100.098463 99.980414 0.000000 0.000000 0.000000 0.000000 0.000000 0.000000 0.000000 0.000000 0.118050 
500.00 1453.15 100.099306 99.986027 0.000000 0.000000 0.000000 0.000000 0.000000 0.000000 0.000000 0.000000 0.113278 
500.00 1443.15 100.100192 99.991779 0.000000 0.000000 0.000000 0.000000 0.000000 0.000000 0.000000 0.000000 0.108414 
500.00 1433.15 100.101126 99.997672 0.000000 0.000000 0.000000 0.000000 0.000000 0.000000 0.000000 0.000000 0.103454 
500.00 1423.15 100.102106 100.003710 0.000000 0.000000 0.000000 0.000000 0.000000 0.000000 0.000000 0.000000 0.098396 
500.00 1413.15 100.103137 100.009899 0.000000 0.000000 0.000000 0.000000 0.000000 0.000000 0.000000 0.000000 0.093238 
500.00 1403.15 100.102163 99.277145 0.733516 0.000000 0.000000 0.000000 0.000000 0.000000 0.000000 0.000000 0.091502 
500.00 1393.15 100.101696 97.297561 1.350642 0.000000 1.345489 0.000000 0.000000 0.000000 0.000000 0.000000 0.108003 
500.00 1383.15 100.106833 91.880280 1.396648 0.000000 6.562843 0.000000 0.000000 0.089997 0.000000 0.000000 0.177065 
500.00 1373.15 100.113650 84.595042 1.900292 0.000000 11.118736 1.933938 0.000000 0.277047 0.000000 0.000000 0.288597 
500.00 1363.15 100.128770 74.072846 3.039935 0.000000 14.759973 6.937539 0.000000 0.847767 0.000000 0.000000 0.470710 
500.00 1353.15 100.170818 63.406187 3.795567 0.000000 18.358516 11.683710 0.000000 2.278077 0.000000 0.000000 0.648762 
500.00 1343.15 100.211512 53.995321 4.232140 0.000000 21.338330 16.100735 0.000000 3.733120 0.000000 0.000000 0.811866 
500.00 1333.15 100.241911 45.682182 3.988675 0.764303 23.651117 20.299221 0.000000 4.889472 0.000000 0.000000 0.966941 
500.00 1323.15 100.284925 34.953222 0.021665 7.917679 24.481865 25.551337 0.000000 6.175569 0.000000 0.000000 1.183590 
500.00 1313.15 100.289842 29.400719 0.000000 9.261424 24.669519 29.060685 0.000000 6.596586 0.000000 0.000000 1.300909 
500.00 1303.15 100.289323 24.961604 0.000000 10.356191 24.743476 31.978501 0.000000 6.851402 0.000000 0.000000 1.398150 
500.00 1293.15 100.285253 21.389136 0.000000 11.288787 24.749257 34.388738 0.000000 6.990778 0.000000 0.000000 1.478557 
500.00 1283.15 100.278842 18.510209 0.000000 12.100682 24.708793 36.365918 0.000000 7.048595 0.000000 0.000000 1.544645 
500.00 1273.15 100.270963 16.183357 0.000000 12.821309 24.634944 37.982859 0.000000 7.049693 0.000000 0.000000 1.598801 
500.00 1263.15 100.262235 14.291970 0.000000 13.471262 24.536814 39.306860 0.000000 7.012102 0.000000 0.000000 1.643228 
500.00 1253.15 100.253079 12.741616 0.000000 14.064992 24.421582 40.396443 0.000000 6.948593 0.000000 0.000000 1.679852 
500.00 1243.15 100.243776 11.457786 0.000000 14.612825 24.295043 41.299870 0.000000 6.867982 0.000000 0.000000 1.710271 
500.00 1233.15 100.234135 10.341761 0.000000 15.136340 24.158354 42.068625 0.000000 6.772035 0.000000 0.020733 1.736288 
500.00 1223.15 100.224539 9.386755 0.000000 15.629906 24.017330 42.719364 0.000000 6.667485 0.000000 0.045310 1.758388 
500.00 1213.15 100.213009 8.514609 0.098149 16.044537 23.865020 43.315831 0.000000 6.526321 0.000000 0.069418 1.779125 
500.00 1203.15 100.199927 7.705222 0.258611 16.420086 23.704737 43.864683 0.000000 6.354509 0.000000 0.093228 1.798852 
500.00 1193.15 100.187234 6.989934 0.393951 16.803668 23.547973 44.339995 0.000000 6.181261 0.000000 0.114130 1.816321 
500.00 1183.15 100.174948 6.353331 0.508005 17.192070 23.396361 44.753391 0.000000 6.007348 0.000000 0.132559 1.831883 
500.00 1173.15 100.163067 5.782627 0.604114 17.583198 23.251189 45.114275 0.000000 5.832950 0.000000 0.148882 1.845832 
500.00 1163.15 100.151571 5.267159 0.685136 17.975942 23.113501 45.430215 0.000000 5.657786 0.000000 0.163415 1.858417 
500.00 1153.15 100.139237 4.708808 0.761364 18.414577 22.978535 45.767996 0.000000 5.389066 0.067919 0.178976 1.871997 
500.00 1143.15 100.124260 3.991317 0.841296 18.956589 22.836039 46.210749 0.000000 4.915079 0.285195 0.198675 1.889322 
500.00 1133.15 100.109551 3.332597 0.906066 19.487122 22.698408 46.613631 0.000000 4.470498 0.479867 0.216264 1.905099 
500.00 1123.15 100.095166 2.723656 0.958372 20.003063 22.565681 46.984233 0.000000 4.054347 0.654165 0.232118 1.919530 
500.00 1113.15 100.081146 2.156495 1.000411 20.502367 22.437812 47.329149 0.000000 3.665427 0.810120 0.246567 1.932800 
500.00 1103.15 100.067511 1.623864 1.033968 20.983990 22.314682 47.654164 0.000000 3.302237 0.949624 0.259907 1.945076 
500.00 1093.15 100.052299 1.039871 1.062899 21.507889 22.188865 47.953780 0.062237 2.914526 1.089633 0.274375 1.958223 
500.00 1083.15 100.024387 0.000000 1.099190 22.409930 22.026476 48.113545 0.549624 2.235060 1.309320 0.300128 1.981114 
500.00 1073.15 100.024180 0.000000 1.101010 22.467649 21.963226 48.032238 0.624923 2.236365 1.317528 0.300128 1.981114 
500.00 1063.15 100.025515 0.293189 1.074080 22.457236 21.988823 47.943962 0.697096 2.270476 1.314955 0.000000 1.985698 

Title: Mr2

Phase Volumes:
Pressure Temperature mass V liquid_0 olivine_0 orthopyroxene_0 clinopyroxene_0 feldspar_0 feldspar_1 spinel_0 rhm-oxide_0 apatite water 
500.00 1523.15 100.094276 41.739465 39.687106 0.000000 0.000000 0.000000 0.000000 0.000000 0.000000 0.000000 0.000000 2.052359 
500.00 1513.15 100.094877 41.624458 39.647063 0.000000 0.000000 0.000000 0.000000 0.000000 0.000000 0.000000 0.000000 1.977395 
500.00 1503.15 100.095515 41.509301 39.607135 0.000000 0.000000 0.000000 0.000000 0.000000 0.000000 0.000000 0.000000 1.902167 
500.00 1493.15 100.096192 41.393996 39.567322 0.000000 0.000000 0.000000 0.000000 0.000000 0.000000 0.000000 0.000000 1.826674 
500.00 1483.15 100.096908 41.278545 39.527629 0.000000 0.000000 0.000000 0.000000 0.000000 0.000000 0.000000 0.000000 1.750916 
500.00 1473.15 100.097665 41.162950 39.488058 0.000000 0.000000 0.000000 0.000000 0.000000 0.000000 0.000000 0.000000 1.674892 
500.00 1463.15 100.098463 41.047215 39.448612 0.000000 0.000000 0.000000 0.000000 0.000000 0.000000 0.000000 0.000000 1.598603 
500.00 1453.15 100.099306 40.931341 39.409294 0.000000 0.000000 0.000000 0.000000 0.000000 0.000000 0.000000 0.000000 1.522047 
500.00 1443.15 100.100192 40.815334 39.370108 0.000000 0.000000 0.000000 0.000000 0.000000 0.000000 0.000000 0.000000 1.445226 
500.00 1433.15 100.101126 40.699197 39.331056 0.000000 0.000000 0.000000 0.000000 0.000000 0.000000 0.000000 0.000000 1.368141 
500.00 1423.15 100.102106 40.582935 39.292141 0.000000 0.000000 0.000000 0.000000 0.000000 0.000000 0.000000 0.000000 1.290793 
500.00 1413.15 100.103137 40.466552 39.253368 0.000000 0.000000 0.000000 0.000000 0.000000 0.000000 0.000000 0.000000 1.213184 
500.00 1403.15 100.102163 40.373361 38.969985 0.222565 0.000000 0.000000 0.000000 0.000000 0.000000 0.000000 0.000000 1.180811 
500.00 1393.15 100.101696 40.417853 38.212446 0.408551 0.000000 0.414685 0.000000 0.000000 0.000000 0.000000 0.000000 1.382170 
500.00 1383.15 100.106833 40.856747 36.151788 0.420558 0.000000 2.017002 0.000000 0.000000 0.020478 0.000000 0.000000 2.246921 
500.00 1373.15 100.113650 41.747432 33.358768 0.569095 0.000000 3.407641 0.718685 0.000000 0.062168 0.000000 0.000000 3.631075 
500.00 1363.15 100.128770 43.376651 29.320498 0.904229 0.000000 4.512451 2.580924 0.000000 0.187178 0.000000 0.000000 5.871369 
500.00 1353.15 100.170818 44.948608 25.347511 1.122789 0.000000 5.605376 4.352628 0.000000 0.498590 0.000000 0.000000 8.021715 
500.00 1343.15 100.211512 46.367595 21.840674 1.246356 0.000000 6.510866 6.007502 0.000000 0.812379 0.000000 0.000000 9.949818 
500.00 1333.15 100.241911 47.679036 18.675198 1.169902 0.231700 7.212105 7.586516 0.000000 1.059238 0.000000 0.000000 11.744376 
500.00 1323.15 100.284925 49.429578 14.417670 0.006324 2.396960 7.461938 9.568715 0.000000 1.332421 0.000000 0.000000 14.245551 
500.00 1313.15 100.289842 50.354062 12.215720 0.000000 2.797262 7.512040 10.898745 0.000000 1.416398 0.000000 0.000000 15.513897 
500.00 1303.15 100.289323 51.073328 10.433218 0.000000 3.120915 7.527846 12.007779 0.000000 1.465121 0.000000 0.000000 16.518449 
500.00 1293.15 100.285253 51.620346 8.983407 0.000000 3.394607 7.523237 12.925656 0.000000 1.489720 0.000000 0.000000 17.303718 
500.00 1283.15 100.278842 52.021903 7.804711 0.000000 3.631165 7.504898 13.679299 0.000000 1.497521 0.000000 0.000000 17.904310 
500.00 1273.15 100.270963 52.303271 6.845041 0.000000 3.839689 7.476751 14.295640 0.000000 1.493820 0.000000 0.000000 18.352330 
500.00 1263.15 100.262235 52.487332 6.060161 0.000000 4.026550 7.441567 14.799922 0.000000 1.482413 0.000000 0.000000 18.676720 
500.00 1253.15 100.253079 52.593737 5.413421 0.000000 4.196213 7.401521 15.214294 0.000000 1.465954 0.000000 0.000000 18.902334 
500.00 1243.15 100.243776 52.638556 4.875419 0.000000 4.351863 7.358351 15.557139 0.000000 1.446251 0.000000 0.000000 19.049533 
500.00 1233.15 100.234135 52.637902 4.407041 0.000000 4.499851 7.312254 15.848143 0.000000 1.423619 0.000000 0.006770 19.140223 
500.00 1223.15 100.224539 52.597970 4.005171 0.000000 4.638644 7.265063 16.093715 0.000000 1.399451 0.000000 0.014795 19.181131 
500.00 1213.15 100.213009 52.542799 3.639305 0.026610 4.753190 7.214131 16.317969 0.000000 1.367850 0.000000 0.022667 19.201077 
500.00 1203.15 100.199927 52.474573 3.300550 0.069749 4.855446 7.160505 16.523567 0.000000 1.330096 0.000000 0.030442 19.204218 
500.00 1193.15 100.187234 52.382141 3.000258 0.105731 4.959910 7.108105 16.700929 0.000000 1.292284 0.000000 0.037267 19.177655 
500.00 1183.15 100.174948 52.268996 2.732180 0.135714 5.065606 7.057381 16.854552 0.000000 1.254540 0.000000 0.043285 19.125737 
500.00 1173.15 100.163067 52.138019 2.491118 0.160689 5.171891 7.008673 16.988074 0.000000 1.216868 0.000000 0.048615 19.052090 
500.00 1163.15 100.151571 51.991577 2.272729 0.181491 5.278412 6.962242 17.104427 0.000000 1.179185 0.000000 0.053361 18.959731 
500.00 1153.15 100.139237 51.846117 2.035092 0.200840 5.396908 6.916849 17.228807 0.000000 1.121667 0.014668 0.058442 18.872844 
500.00 1143.15 100.124260 51.719375 1.728021 0.220914 5.542477 6.869952 17.392575 0.000000 1.020690 0.061519 0.064874 18.818353 
500.00 1133.15 100.109551 51.575593 1.445036 0.236913 5.684439 6.824805 17.541298 0.000000 0.926385 0.103401 0.070618 18.742698 
500.00 1123.15 100.095166 51.416773 1.182538 0.249601 5.821950 6.781439 17.677880 0.000000 0.838456 0.140822 0.075794 18.648293 
500.00 1113.15 100.081146 51.244653 0.937314 0.259589 5.954467 6.739846 17.804843 0.000000 0.756575 0.174240 0.080512 18.537266 
500.00 1103.15 100.067511 51.060748 0.706432 0.267370 6.081732 6.699989 17.924398 0.000000 0.680366 0.204077 0.084869 18.411514 
500.00 1093.15 100.052299 50.875943 0.452718 0.273873 6.219970 6.659139 18.033850 0.024750 0.599399 0.233975 0.089593 18.288677 
500.00 1083.15 100.024387 50.737614 0.000000 0.281742 6.459549 6.604428 18.085808 0.218528 0.458694 0.280850 0.098002 18.250012 
500.00 1073.15 100.024180 50.471723 0.000000 0.281896 6.471293 6.586304 18.049764 0.248419 0.458378 0.282505 0.098002 17.995162 
500.00 1063.15 100.025515 50.248408 0.101544 0.274707 6.463526 6.594900 18.011212 0.277055 0.464788 0.281849 0.000000 17.778828 

Title: Mr2

Solid Composition:
Pressure Temperature mass SiO2 TiO2 Al2O3 Fe2O3 Cr2O3 FeO MnO MgO CaO Na2O K2O P2O5 H2O 
500.00 1523.15 0.144853 -6.36088e-011 6.31521e-012 2.62835e-011 -4.30299e-011 -2.84407e-015 1.04764e-009 1.69906e-013 0 -7.58398e-011 8.90696e-013 -5.6408e-014 7.96827e-013 100
500.00 1513.15 0.140592 -1.40859e-012 0 7.2339e-013 0 0 0 0 0 5.1896e-014 0 0 0 100
500.00 1503.15 0.136252 -9.17974e-013 0 4.21897e-013 0 0 0 0 0 5.17642e-013 0 0 0 100
500.00 1493.15 0.131830 -8.69704e-013 0 2.34796e-013 0 0 0 0 0 9.22425e-014 0 0 0 100
500.00 1483.15 0.127323 4.91174e-013 0 3.47295e-014 0 0 0 0 0 -3.43826e-013 0 0 0 100
500.00 1473.15 0.122731 -4.84075e-012 0 -1.80145e-013 0 0 0 0 0 4.55773e-013 0 0 0 100
500.00 1463.15 0.118050 -4.9444e-012 0 -4.12034e-013 0 0 0 0 0 0 0 0 0 100
500.00 1453.15 0.113278 -3.58847e-012 0 -6.63602e-013 0 0 0 0 0 -5.15274e-013 0 0 0 100
500.00 1443.15 0.108414 -6.72984e-012 0 -9.38099e-013 0 0 0 0 0 3.81362e-013 0 0 0 100
500.00 1433.15 0.103454 2.72025e-012 0 -1.23953e-012 0 0 0 0 0 -1.41052e-013 0 0 0 100
500.00 1423.15 0.098396 -3.17786e-012 0 1.12349e-012 0 0 0 0 0 4.69623e-013 0 0 0 100
500.00 1413.15 0.093238 1.0061e-012 0 7.11385e-013 0 0 0 0 0 -5.21689e-013 0 0 0 100
500.00 1403.15 0.825018 35.127 0 5.35972e-015 0 0 14.6719 0.251646 38.4819 0.376619 0 0 0 11.0909
500.00 1393.15 2.804135 42.8724 0.324496 2.49074 1.25214 0 10.5937 0.141765 27.9205 10.4887 0.0639921 0 0 3.85158
500.00 1383.15 8.226553 46.0154 0.675829 4.62277 2.64131 0.0977074 7.421 0.0543563 19.1418 17.0624 0.115081 0 0 2.15236
500.00 1373.15 15.518609 45.6465 0.744006 8.68891 2.85085 0.0958943 6.74318 0.0439525 15.6705 17.3527 0.300131 0.00365117 0 1.85968
500.00 1363.15 26.055925 44.6708 0.795594 12.6614 3.1563 0.0713568 6.7269 0.0496192 13.1157 16.3863 0.550348 0.00918785 0 1.80654
500.00 1353.15 36.764631 43.5172 1.0028 14.002 4.28141 0.0525799 7.34143 0.0534995 11.7349 15.5273 0.709308 0.0128892 0 1.76463
500.00 1343.15 46.216192 43.0058 1.13426 14.6351 4.96704 0.0420048 7.78923 0.0580726 10.8601 14.8751 0.860053 0.0166145 0 1.75667
500.00 1333.15 54.559729 43.1447 1.19238 15.0402 5.23883 0.0356176 7.97997 0.0577929 10.1909 14.31 1.01614 0.0211511 0 1.77226
500.00 1323.15 65.331704 44.4382 1.21477 15.3744 5.4362 0.0297604 7.66056 0.000446089 9.35302 13.4584 1.19279 0.0298316 0 1.81166
500.00 1313.15 70.889123 44.7806 1.20789 15.5885 5.28219 0.0274305 7.76909 0 9.03997 13.0839 1.34782 0.0374662 0 1.83513
500.00 1303.15 75.327720 45.1213 1.19856 15.7231 5.11006 0.0258159 7.85617 0 8.78654 12.7927 1.4839 0.0457067 0 1.85609
500.00 1293.15 78.896117 45.4415 1.18909 15.8075 4.9345 0.0246493 7.93188 0 8.58068 12.5626 1.5992 0.0543362 0 1.87406
500.00 1283.15 81.768633 45.7308 1.18052 15.86 4.76229 0.023784 8.00256 0 8.41387 12.3799 1.6941 0.0631076 0 1.88904
500.00 1273.15 84.087606 45.9866 1.17322 15.8924 4.59691 0.0231285 8.07101 0 8.27856 12.2344 1.77061 0.0718167 0 1.90135
500.00 1263.15 85.970265 46.2107 1.1672 15.912 4.43994 0.0226223 8.13824 0 8.16825 12.1178 1.83151 0.0803245 0 1.91139
500.00 1253.15 87.511463 46.4065 1.16234 15.9238 4.29183 0.0222241 8.2044 0 8.07755 12.0235 1.87967 0.0885571 0 1.91958
500.00 1243.15 88.785990 46.5782 1.15845 15.9306 4.1524 0.0219052 8.26936 0 8.00217 11.9465 1.91767 0.096489 0 1.92629
500.00 1233.15 89.892374 46.7225 1.15522 15.9303 4.01592 0.0216357 8.33372 0 7.9364 11.8908 1.94744 0.10439 0.00977604 1.93193
500.00 1223.15 90.837784 46.8485 1.15264 15.9273 3.88598 0.0214106 8.39685 0 7.87981 11.8469 1.97071 0.112117 0.0211424 1.93664
500.00 1213.15 91.698400 46.958 1.15044 15.9247 3.73874 0.0212097 8.47753 0.0111131 7.82816 11.8075 1.98918 0.119771 0.0320875 1.94155
500.00 1203.15 92.494705 47.0569 1.1486 15.922 3.57798 0.0210271 8.5711 0.0307523 7.77995 11.7713 2.0035 0.127468 0.0427224 1.94662
500.00 1193.15 93.197300 47.1506 1.14718 15.9186 3.42525 0.0208686 8.66059 0.04892 7.73679 11.7389 2.01426 0.135126 0.051907 1.95109
500.00 1183.15 93.821617 47.2395 1.1461 15.9146 3.28004 0.0207298 8.74622 0.065568 7.69791 11.7095 2.0222 0.14278 0.0598872 1.95505
500.00 1173.15 94.380441 47.3243 1.14527 15.9102 3.14173 0.020607 8.82831 0.0807275 7.66264 11.6824 2.02789 0.150466 0.0668635 1.95856
500.00 1163.15 94.884412 47.4056 1.14464 15.9056 3.00967 0.0204976 8.90716 0.0944749 7.63043 11.6573 2.0318 0.158221 0.0730005 1.9617
500.00 1153.15 95.430430 47.5035 1.1447 15.8982 2.86839 0.0203804 8.9872 0.109382 7.59464 11.6277 2.0336 0.167806 0.0794944 1.965
500.00 1143.15 96.132944 47.6447 1.14553 15.8849 2.6968 0.0202315 9.07591 0.127753 7.54728 11.5857 2.03234 0.182341 0.0875989 1.96903
500.00 1133.15 96.776954 47.7804 1.14555 15.8722 2.5311 0.0200969 9.16359 0.143198 7.50352 11.5453 2.02979 0.198064 0.0947197 1.97255
500.00 1123.15 97.371510 47.9108 1.14493 15.8602 2.3714 0.0199744 9.24952 0.156117 7.46282 11.5063 2.02621 0.215089 0.101043 1.97562
500.00 1113.15 97.924651 48.0362 1.1438 15.849 2.2177 0.0198617 9.33315 0.166868 7.42473 11.4684 2.02179 0.233519 0.106726 1.97828
500.00 1103.15 98.443647 48.1568 1.14227 15.8387 2.06986 0.0197572 9.41409 0.175773 7.38882 11.4314 2.01668 0.253449 0.111907 1.98056
500.00 1093.15 99.012428 48.2913 1.14001 15.8281 1.90649 0.019644 9.50295 0.183942 7.34924 11.3886 2.00988 0.279592 0.117458 1.98272
500.00 1083.15 100.024387 48.535 1.13486 15.8098 1.61127 0.0194464 9.66401 0.195666 7.27878 11.3095 1.9958 0.332633 0.127183 1.98601
500.00 1073.15 100.024180 48.5351 1.13487 15.8099 1.60921 0.0194465 9.66588 0.195667 7.2788 11.3095 1.9958 0.332633 0.127183 1.98602
500.00 1063.15 99.732326 48.672 1.13791 15.8561 1.62705 0.0195019 9.68208 0.191704 7.29608 11.1914 2.00164 0.333561 0 1.99103
Title: Mr2

Bulk Composition:
Pressure Temperature mass SiO2 TiO2 Al2O3 Fe2O3 Cr2O3 FeO MnO MgO CaO Na2O K2O P2O5 H2O 
500.00 1523.15 100.094276 48.5011 1.13407 15.7988 2.30706 0.0194329 9.03017 0.19553 7.2737 11.3016 1.9944 0.3324 0.127094 1.98463
500.00 1513.15 100.094877 48.5008 1.13406 15.7987 2.31304 0.0194327 9.02472 0.195528 7.27366 11.3015 1.99439 0.332398 0.127093 1.98461
500.00 1503.15 100.095515 48.5005 1.13406 15.7986 2.31939 0.0194326 9.01894 0.195527 7.27361 11.3015 1.99438 0.332396 0.127093 1.9846
500.00 1493.15 100.096192 48.5002 1.13405 15.7985 2.32612 0.0194325 9.0128 0.195526 7.27356 11.3014 1.99436 0.332394 0.127092 1.98459
500.00 1483.15 100.096908 48.4998 1.13404 15.7984 2.33324 0.0194324 9.00631 0.195524 7.27351 11.3013 1.99435 0.332392 0.127091 1.98457
500.00 1473.15 100.097665 48.4995 1.13403 15.7983 2.34077 0.0194322 8.99946 0.195523 7.27345 11.3012 1.99433 0.332389 0.12709 1.98456
500.00 1463.15 100.098463 48.4991 1.13402 15.7981 2.34872 0.0194321 8.99222 0.195521 7.2734 11.3011 1.99432 0.332386 0.127089 1.98454
500.00 1453.15 100.099306 48.4987 1.13401 15.798 2.3571 0.0194319 8.98459 0.19552 7.27334 11.301 1.9943 0.332384 0.127088 1.98453
500.00 1443.15 100.100192 48.4982 1.134 15.7979 2.36592 0.0194317 8.97655 0.195518 7.27327 11.3009 1.99428 0.332381 0.127087 1.98451
500.00 1433.15 100.101126 48.4978 1.13399 15.7977 2.3752 0.0194315 8.96809 0.195516 7.2732 11.3008 1.99427 0.332378 0.127086 1.98449
500.00 1423.15 100.102106 48.4973 1.13398 15.7976 2.38496 0.0194313 8.9592 0.195514 7.27313 11.3007 1.99425 0.332374 0.127084 1.98447
500.00 1413.15 100.103137 48.4968 1.13397 15.7974 2.3952 0.0194311 8.94987 0.195512 7.27306 11.3006 1.99423 0.332371 0.127083 1.98445
500.00 1403.15 100.102163 48.4973 1.13398 15.7975 2.38552 0.0194313 8.95869 0.195514 7.27313 11.3007 1.99424 0.332374 0.127084 1.98447
500.00 1393.15 100.101696 48.4975 1.13399 15.7976 2.38087 0.0194314 8.96292 0.195515 7.27316 11.3008 1.99425 0.332376 0.127085 1.98448
500.00 1383.15 100.106833 48.495 1.13393 15.7968 2.43198 0.0194304 8.91637 0.195505 7.27279 11.3002 1.99415 0.332359 0.127078 1.98438
500.00 1373.15 100.113650 48.4917 1.13385 15.7957 2.49977 0.0194291 8.85461 0.195492 7.27229 11.2994 1.99402 0.332336 0.12707 1.98424
500.00 1363.15 100.128770 48.4844 1.13368 15.7933 2.65011 0.0194262 8.71766 0.195462 7.27119 11.2977 1.99371 0.332286 0.12705 1.98394
500.00 1353.15 100.170818 48.4641 1.13321 15.7867 3.06797 0.019418 8.337 0.19538 7.26814 11.293 1.99288 0.332146 0.126997 1.98311
500.00 1343.15 100.211512 48.4444 1.13274 15.7803 3.47204 0.0194101 7.96891 0.195301 7.26519 11.2884 1.99207 0.332011 0.126946 1.9823
500.00 1333.15 100.241911 48.4297 1.1324 15.7755 3.77367 0.0194042 7.69414 0.195242 7.26299 11.285 1.99146 0.331911 0.126907 1.9817
500.00 1323.15 100.284925 48.4089 1.13192 15.7688 4.20017 0.0193959 7.30561 0.195158 7.25987 11.2801 1.99061 0.331768 0.126853 1.98085
500.00 1313.15 100.289842 48.4065 1.13186 15.768 4.24889 0.019395 7.26123 0.195148 7.25952 11.2796 1.99051 0.331752 0.126846 1.98076
500.00 1303.15 100.289323 48.4068 1.13187 15.7681 4.24375 0.0193951 7.26591 0.195149 7.25955 11.2796 1.99052 0.331754 0.126847 1.98077
500.00 1293.15 100.285253 48.4088 1.13191 15.7687 4.20341 0.0193959 7.30266 0.195157 7.25985 11.2801 1.9906 0.331767 0.126852 1.98085
500.00 1283.15 100.278842 48.4118 1.13198 15.7697 4.13987 0.0193971 7.36054 0.19517 7.26031 11.2808 1.99073 0.331788 0.12686 1.98097
500.00 1273.15 100.270963 48.4157 1.13207 15.771 4.06177 0.0193986 7.43169 0.195185 7.26088 11.2817 1.99089 0.331815 0.12687 1.98113
500.00 1263.15 100.262235 48.4199 1.13217 15.7723 3.97523 0.0194003 7.51052 0.195202 7.26152 11.2827 1.99106 0.331843 0.126881 1.9813
500.00 1253.15 100.253079 48.4243 1.13228 15.7738 3.88444 0.0194021 7.59323 0.19522 7.26218 11.2837 1.99124 0.331874 0.126893 1.98148
500.00 1243.15 100.243776 48.4288 1.13238 15.7752 3.79217 0.0194039 7.67729 0.195238 7.26285 11.2848 1.99143 0.331905 0.126905 1.98167
500.00 1233.15 100.234135 48.4334 1.13249 15.7767 3.69653 0.0194057 7.76441 0.195257 7.26355 11.2858 1.99162 0.331936 0.126917 1.98186
500.00 1223.15 100.224539 48.4381 1.1326 15.7783 3.60133 0.0194076 7.85114 0.195275 7.26425 11.2869 1.99181 0.331968 0.126929 1.98205
500.00 1213.15 100.213009 48.4437 1.13273 15.7801 3.4869 0.0194098 7.95537 0.195298 7.26508 11.2882 1.99204 0.332006 0.126944 1.98227
500.00 1203.15 100.199927 48.45 1.13288 15.7821 3.35705 0.0194124 8.07367 0.195323 7.26603 11.2897 1.9923 0.33205 0.12696 1.98253
500.00 1193.15 100.187234 48.4561 1.13302 15.7841 3.23101 0.0194148 8.18848 0.195348 7.26695 11.2911 1.99255 0.332092 0.126976 1.98278
500.00 1183.15 100.174948 48.4621 1.13316 15.7861 3.109 0.0194172 8.29963 0.195372 7.26784 11.2925 1.9928 0.332133 0.126992 1.98303
500.00 1173.15 100.163067 48.4678 1.13329 15.7879 2.99097 0.0194195 8.40715 0.195395 7.26871 11.2938 1.99303 0.332172 0.127007 1.98326
500.00 1163.15 100.151571 48.4734 1.13342 15.7898 2.87675 0.0194217 8.5112 0.195418 7.26954 11.2951 1.99326 0.33221 0.127022 1.98349
500.00 1153.15 100.139237 48.4793 1.13356 15.7917 2.75417 0.0194241 8.62287 0.195442 7.27043 11.2965 1.99351 0.332251 0.127037 1.98373
500.00 1143.15 100.124260 48.4866 1.13373 15.7941 2.60527 0.019427 8.7585 0.195471 7.27152 11.2982 1.9938 0.332301 0.127056 1.98403
500.00 1133.15 100.109551 48.4937 1.1339 15.7964 2.459 0.0194299 8.89175 0.1955 7.27259 11.2999 1.9941 0.33235 0.127075 1.98432
500.00 1123.15 100.095166 48.5007 1.13406 15.7987 2.31592 0.0194327 9.0221 0.195528 7.27364 11.3015 1.99438 0.332397 0.127093 1.98461
500.00 1113.15 100.081146 48.5075 1.13422 15.8009 2.17642 0.0194354 9.14917 0.195555 7.27465 11.3031 1.99466 0.332444 0.127111 1.98489
500.00 1103.15 100.067511 48.5141 1.13437 15.803 2.04072 0.0194381 9.2728 0.195582 7.27565 11.3046 1.99494 0.332489 0.127128 1.98516
500.00 1093.15 100.052299 48.5215 1.13455 15.8054 1.88927 0.019441 9.41076 0.195612 7.27675 11.3064 1.99524 0.33254 0.127148 1.98546
500.00 1083.15 100.024387 48.535 1.13486 15.8098 1.61127 0.0194464 9.66401 0.195666 7.27878 11.3095 1.9958 0.332633 0.127183 1.98601
500.00 1073.15 100.024180 48.5351 1.13487 15.8099 1.60921 0.0194465 9.66588 0.195667 7.2788 11.3095 1.9958 0.332633 0.127183 1.98602
500.00 1063.15 100.025515 48.5345 1.13485 15.8097 1.62251 0.0194462 9.65377 0.195664 7.2787 11.3094 1.99577 0.332629 0.127182 1.98599
